490.29623121  678.392974527  762.081741499  804.114514311  827.129984864  840.451217028  848.415691083  853.256186255  856.21335057  858.013859435  859.097015533  859.731497184  860.079430315  860.232658431  
283.383086838  462.358202429  567.522542021  629.440502831  666.582448397  689.259461509  703.264809295  711.954227985  717.336220565  720.644445298  722.648153571  723.827591506  724.476545298  724.762919151  
182.006217218  322.356463054  419.460360015  483.730516058  525.516351664  552.46595933  569.746561254  580.751798392  587.69588239  592.022201519  594.668668724  596.237840519  597.105664492  597.489810597  
123.8510553  228.684874762  308.742789229  366.316486142  406.247796554  433.288121554  451.26920426  463.035719643  470.613197483  475.407706917  478.375291891  480.15051267  481.138522137  481.57756446  
86.585464642  163.476852403  225.903596999  273.494458651  308.19461153  332.672157958  349.488209905  360.779264132  368.199487031  372.970079019  375.960100613  377.76609371  378.778305214  379.230056668  
61.04906438  116.741727338  163.763383838  201.116885966  229.412018202  250.0462925  264.625033506  274.643748184  281.354361918  285.736174053  288.517108428  290.213439571  291.171126803  291.600488587  
42.9282213369  82.7332071284  117.223655047  145.44059413  167.445024087  183.926370258  195.84899137  204.210760048  209.909117151  213.684291522  216.109118243  217.602532047  218.451757001  218.834223968  
29.8950898116  57.9083379307  82.6169620705  103.268220066  119.73476999  132.334835027  141.630553165  148.265266093  152.856569674  155.93878496  157.940759683  159.185049533  159.897525341  160.21981798  
20.5246144225  39.8954676874  57.1980090263  71.890193928  83.8079789224  93.0849830481  100.041416081  105.081347346  108.616254257  111.017588363  112.593330256  113.581039909  114.150288106  114.408864106  
13.8496309612  26.9873915965  38.8309712434  49.008745856  57.3758983856  63.9794867702  68.99843547  72.6811937063  75.2945850941  77.0886858745  78.2768724489  79.0274544086  79.462646555  79.661095158  
9.1657763281  17.893023654  25.8151106678  32.6858483583  38.3943225253  42.9502303332  46.4518250511  49.049067759  50.9108992135  52.2009557386  53.0624072238  53.6104271154  53.9299228158  54.0761325444  
5.94046107076  11.6127409555  16.7890840403  21.3108847763  25.0996438766  28.1511373708  30.5184225935  32.290475871  33.5719338495  34.4671072614  35.0692762314  35.4547800984  35.6806507835  35.7843505087  
3.76643645314  7.37073404528  10.6735875058  13.5753427001  16.0233454559  18.009831896  19.5629753265  20.7346970556  21.5884569745  22.1891260685  22.5958257951  22.8576687811  23.0117752145  23.082734844  
2.33439487771  4.57217307153  6.62958991899  8.44550357214  9.98603219542  11.2439302166  12.2339013154  12.9857432853  13.5371584486  13.9275405649  14.1933866518  14.365410757  14.4670633155  14.5139938641  
