491.796575989  681.351486634  766.417615335  809.714910134  833.858756737  848.158629539  856.947947838  862.463747711  865.957305728  868.169961305  869.557321566  870.403819393  870.884970168  871.102281972  
286.257324951  468.025884308  575.828877458  640.169336254  679.472976962  704.024847403  719.610431791  729.593616824  736.003261799  740.101112208  742.687649873  744.273298813  745.177493185  745.586650254  
186.019235352  330.269707478  431.057736829  498.71025993  543.514362588  573.081784045  592.568872496  605.380638249  613.759702875  619.188658761  622.64901291  624.785448362  626.009716742  626.565332378  
128.691148419  238.229045599  322.730448744  384.383729025  427.95553906  458.153428996  478.796014249  492.741664885  502.050156285  508.174822486  512.124269366  514.583852557  516.001898495  516.647816118  
91.9045598905  173.96559854  241.275673983  293.350022149  332.05120334  359.999121671  379.74044447  393.426694337  402.749644841  408.982411966  413.051796347  415.610143415  417.095132763  417.77432638  
66.503859531  127.498100492  179.527783255  221.479360292  253.877900372  278.071478197  295.65058309  308.126100458  316.788487875  322.67025107  326.558497543  329.026705499  330.469460109  331.132183129  
48.2155535688  93.1594036528  132.504259317  165.178347298  191.160558985  211.092389449  225.923792236  236.667511239  244.258297291  249.487913804  252.986528899  255.228498014  256.548158932  257.156955934  
34.7767682079  67.5346656728  96.7253947582  121.492090661  141.631609638  157.417910505  169.399804434  178.234326263  184.573477708  188.999119879  191.99299916  193.928811542  195.075906449  195.607305678  
24.8395970561  48.404359063  69.6688303163  87.9989560387  103.163697464  115.257536392  124.588876118  131.573852505  136.654313301  140.243690848  142.69668803  144.296040129  145.249728867  145.693277503  
17.5140713226  34.2134971974  49.4218199887  62.6893009119  73.8142346444  82.8104316449  89.8467646787  95.1818953916  99.1083998911  101.911967827  103.845620353  105.116004892  105.877936992  106.233603514  
12.1634959181  23.8044275664  34.4791797711  43.877682539  51.8424897377  58.3560905958  63.508492906  67.4579807516  70.3945267909  72.5108668448  73.9825723755  74.9561553996  75.5431753319  75.8181170437  
8.30749029984  16.2804791467  23.6304525919  30.1483822879  35.7190319245  40.3166856251  43.9878706118  46.828108261  48.9586121229  50.5066407804  51.5910331725  52.3128533555  52.750163162  52.9556128326  
5.57337877386  10.9340197536  15.8962597298  20.3219678308  24.1304497343  27.2975282923  29.8463759049  31.8338881464  33.3361546446  34.4355401453  35.2106559934  35.7294722951  36.0451509019  36.1938681241  
3.6697280966  7.20546942192  10.4892394792  13.4314739042  15.9775724237  18.1081546734  19.8342160563  21.189212907  22.2201614063  22.979364147  23.5177044674  23.8798188019  24.1010028108  24.2054624673  
