485.232132651  668.459137737  747.64422306  785.670202322  805.25521812  815.74875988  821.467996894  824.590379301  826.280217164  827.180286488  827.649374134  827.886651429  828.000208362  828.045394593  
273.837826307  443.633732944  540.308315374  594.672461792  625.346312176  642.690894777  652.461403042  657.90951746  660.900063804  662.508719262  663.353070517  663.782394934  663.988633919  664.070894862  
169.032376489  296.90564739  382.468482926  436.468266846  469.458041242  489.154091676  500.672365785  507.265600101  510.953198898  512.964185395  514.030554222  514.576950291  514.840910486  514.946574303  
108.775483706  199.110005586  265.754234205  311.388456  341.091185033  359.693560367  370.968513137  377.597841818  381.381484315  383.477004312  384.601531296  385.183055517  385.465923347  385.579660968  
70.7830473505  132.474625585  180.836944869  215.905550852  239.87381198  255.494079037  265.266845994  271.159024392  274.589349324  276.519320745  277.568052209  278.115775564  278.384214644  278.492684156  
45.7394850177  86.7046790727  120.095823982  145.309224744  163.195235834  175.233771336  182.972636918  187.744387108  190.574077547  192.190331606  193.079494582  193.548536771  193.780194724  193.87428141  
29.0358213983  55.4748251022  77.5915027863  94.783228773  107.329425638  115.995120632  121.693759576  125.276773102  127.437028061  128.688265662  129.384715659  129.755661455  129.940262872  130.015618477  
17.9888650082  34.545280901  48.6443042741  59.8379211145  68.1861022268  74.0726700954  78.0173785648  80.5394559187  82.0824365937  82.9874968931  83.4967316922  83.770433585  83.9076281453  83.9639052468  
10.8322284725  20.874927297  29.5361745613  36.521382687  41.8190970276  45.6170684352  48.2021368809  49.8785994894  50.9173866682  51.5335942677  51.8837211557  52.0734869836  52.1692510818  52.2087137136  
6.32336972412  12.2163372891  17.3460654253  21.5325633135  24.74958879  27.0868533908  28.6983329064  29.7560773734  30.4187531564  30.8157716563  31.0433493699  31.167637022  31.2307477727  31.2568650411  
3.57261838245  6.91478894746  9.84443297077  12.2573558948  14.1308316726  15.5067511139  16.4655986851  17.1014216916  17.5035701451  17.7466093946  17.8870191142  17.9642294739  18.0036570005  18.0200368265  
1.95164462412  3.78267370826  5.39630589156  6.7348820349  7.78284632269  8.55930912859  9.10524118706  9.47039831897  9.70325442785  9.8450566565  9.92754972921  9.97319179459  9.99661794075  10.0063844802  
1.03026992069  1.99902669966  2.85634529331  3.57158645383  4.13530871837  4.55602432441  4.8540373921  5.05483806407  5.18379309552  5.26284624252  5.30911790433  5.33485997743  5.34813288218  5.35368408045  
0.52545158443  1.02040135308  1.45987778961  1.82820770373  2.12010228489  2.33926114959  2.49547487823  2.6013917491  2.66982738255  2.71202431863  2.73685697523  2.75073950247  2.75792686134  2.76094147019  
