453.290802784  607.645207908  663.136728628  683.371129805  690.605515479  693.083347311  693.885161395  694.12850579  694.197549209  694.215849554  694.220384147  694.221436104  694.221664768  694.221709964  
219.1423967  339.421908997  395.339980298  418.966768073  428.186181534  431.51856223  432.634687636  432.981261397  433.081152185  433.107925095  433.114612814  433.116173533  433.116514297  433.116581868  
105.189520212  175.12192088  212.763038022  230.369427292  237.734833918  240.527982111  241.49548887  241.803208091  241.893459607  241.917962464  241.924142444  241.925595232  241.925914195  241.925977699  
47.9479948704  82.8959742372  103.43657929  113.7362017  118.276239232  120.066099588  120.704234661  120.911626881  120.973452979  120.990448027  120.994775373  120.995800115  120.996026368  120.996071601  
20.2920416533  35.8275294653  45.4759845119  50.5521811251  52.8782005622  53.8234993045  54.168566035  54.2827791114  54.3173133404  54.3269114509  54.3293764165  54.329964044  54.3300944577  54.3301206294  
7.89756545458  14.119113161  18.1244055776  20.3040565612  21.3319822614  21.7596759498  21.9187719861  21.97222662  21.9885825541  21.9931711631  21.9943583175  21.9946429614  21.9947064154  21.9947191911  
2.81913487483  5.0798000601  6.57091360085  7.4022396029  7.80282275235  7.9725522477  8.03664034063  8.0584358828  8.06517007748  8.06707405213  8.06756967473  8.06768908148  8.06771579841  8.06772119187  
0.923733822716  1.67316667  2.17591654423  2.46119871394  2.60091476248  2.66095196382  2.68389046536  2.69176761941  2.6942206553  2.69491859106  2.69510117705  2.69514533664  2.69515524621  2.69515725083  
0.278530439174  0.506317805476  0.660987294166  0.749908124871  0.79399790516  0.813151567353  0.820537904659  0.823094022046  0.823895039358  0.824124092306  0.824184251379  0.824198845241  0.824202127456  0.82420279242  
0.0775366882432  0.141307630569  0.184993392019  0.210356284832  0.22305148328  0.228613540617  0.230774145217  0.231526398531  0.231763302355  0.231831312395  0.231849229116  0.231853585352  0.231854566647  0.231854765651  
0.0199976778922  0.0365127590212  0.0479008987126  0.0545619028452  0.0579203421417  0.0594014665813  0.0599800920441  0.0601825065199  0.0602464964019  0.0602649216736  0.0602697866317  0.0602709713833  0.0602712385374  0.0602712927443  
0.00479537818145  0.00876769918782  0.0115204220679  0.0131396566992  0.0139606446725  0.014324559867  0.014467354313  0.014517488279  0.0145333831658  0.0145379700393  0.0145391830585  0.014539478764  0.0145395454789  0.0145395590173  
0.00107279873613  0.00196349079135  0.00258303110361  0.00294904284697  0.00313541660655  0.00321835221886  0.00325100360765  0.00326249846329  0.00326615056933  0.00326720608719  0.0032674855014  0.00326755365106  0.00326756902785  0.0032675721475  
0.000224630067732  0.000411448841802  0.000541763346265  0.000619004151367  0.00065846369796  0.00067607475762  0.000683025356793  0.000685477105704  0.00068625719153  0.000686482862813  0.000686542631254  0.000686557209948  0.000686560498393  0.000686561165173  
