489.229199373  676.293188031  759.014454798  800.169890838  822.415204462  835.081912718  842.507847511  846.919412451  849.546097839  851.100784648  852.008373083  852.524231008  852.799544004  852.918446721  
281.351827067  458.360934436  561.683487103  621.931300206  657.60713062  679.038153175  692.018304587  699.891184389  704.644055407  707.484316322  709.153801385  710.107418355  710.618126876  710.839156207  
179.199830126  316.833839564  411.393122743  473.3557998  513.116045776  538.344186179  554.208368802  564.085467181  570.160348228  573.840120585  576.02481817  577.28199036  577.958810998  578.252675253  
120.515634421  222.121176734  299.154786944  353.986013791  391.509879505  416.504209767  432.801848605  443.227543784  449.771949648  453.798017593  456.216772715  457.621169475  458.382163191  458.713901408  
82.9883448961  156.398161349  215.563308012  260.196514569  292.300319647  314.571324044  329.571828163  339.416839521  345.722914242  349.664753322  352.062867306  353.468928628  354.236303935  354.572327762  
57.4438439473  109.647092865  153.39979999  187.7889749  213.481895563  231.904637312  244.663717313  253.233106676  258.827037677  262.378207188  264.56588106  265.861364237  266.573653296  266.887021471  
39.5267902947  76.0396028228  107.445875558  132.866036735  152.415329494  166.810128789  177.015920026  184.010259311  188.655027106  191.646485899  193.5115647  194.626771644  195.244458049  195.517482115  
26.850536752  51.9170236703  73.8650568386  92.0129614989  106.281947768  117.014361731  124.773351465  130.184075805  133.832303346  136.21300364  137.713936322  138.619682934  139.12490105  139.349227386  
17.9259810967  34.7816673227  49.7279399323  62.2834117659  72.3254800695  80.0083544427  85.6531083742  89.648293471  92.3782235091  94.1807639884  95.3288268166  96.0275607049  96.4198954445  96.5948478301  
11.7269036847  22.8101152738  32.7289398798  41.1613011223  47.9962331907  53.2976144337  57.2450762762  60.0743939003  62.0302038245  63.3351487664  64.1739601377  64.6884728911  64.9791403475  65.1092745385  
7.50184378927  14.6185991602  21.0319316831  26.5344901198  31.0418949608  34.5770289535  37.2387007681  39.1669383065  40.5132922425  41.419896153  42.0074672456  42.3704272014  42.5766258301  42.669281621  
4.68624003755  9.14457913111  13.1836650548  16.6741662131  19.5575842499  21.8396346123  23.5737942955  24.8415535869  25.734442351  26.3405643955  26.7362766357  26.9822770141  27.1227403547  27.18606898  
2.85581216468  5.57872957331  8.05587652353  10.2088525709  11.9995250948  13.4273471276  14.5207974674  15.3263632086  15.8979891326  16.2887801502  16.5455713878  16.7061195741  16.7982103349  16.8398556558  
1.69666055246  3.3171838887  4.79633390298  6.08785282305  7.16802858393  8.03467012155  8.70269565957  9.19809802332  9.55191663018  9.79530583873  9.95615876546  10.0572369957  10.1154539483  10.1418526935  
