479.537731897  657.384714288  731.766109817  765.73650498  782.081425164  790.122970026  794.082463049  796.005582792  796.918271087  797.338899656  797.526356708  797.606794259  797.639551645  797.65099638  
263.391731604  423.317876346  511.179319002  558.101999967  582.82980752  595.673789372  602.213610502  605.459467366  607.022503758  607.750230195  608.076944654  608.217903773  608.275539835  608.295730797  
155.458133825  270.505267293  344.613639082  388.939907893  414.198218182  428.04047766  435.355179479  439.081788442  440.910378207  441.773580261  442.165149951  442.335426531  442.405464767  442.430098915  
93.9562396578  170.287004369  224.422895725  259.490828615  280.745644911  292.949063976  299.626665807  303.119041724  304.867075459  305.704907588  306.08948134  306.258264858  306.328183062  306.352894476  
56.4340395432  104.56470389  140.811542757  165.642331074  181.42172238  190.835911351  196.14707642  198.992729665  200.444538481  201.151031094  201.479272992  201.624737436  201.685455517  201.70702848  
33.1064708591  62.1308903295  84.8511498813  101.043852764  111.710739388  118.274602827  122.074690589  124.154589831  125.234423188  125.767471016  126.018048471  126.130163994  126.177320634  126.194165026  
18.7803823891  35.5243930595  48.9744422488  58.8364020343  65.5131394192  69.7243680132  72.2154100994  73.6040920668  74.3363297562  74.7025312265  74.876566335  74.9551459902  74.988441206  75.0003962843  
10.2428325488  19.4752388524  27.0248339649  32.6764213925  36.5836784177  39.0971014712  40.6104667345  41.4673926322  41.9253944  42.1571246145  42.2683518482  42.3189967592  42.3406040273  42.3484006041  
5.35357017394  10.2150973394  14.2413443445  17.3022405635  19.4529729438  20.8584227884  21.7171138402  22.2097874917  22.4762001158  22.6123800703  22.6783280428  22.7085861816  22.7215775526  22.7262866062  
2.67679677327  5.12047377545  7.16323093424  8.73446973556  9.85256655414  10.5925162765  11.0500781376  11.3155330882  11.4605234586  11.5353017611  11.5718009264  11.5886625076  11.5959436813  11.5985938931  
1.27935521682  2.45184513739  3.43885393148  4.20490825672  4.75551723249  5.12365497535  5.35357412317  5.48821343739  5.56238632787  5.60093853796  5.61988656601  5.62869349883  5.63251612327  5.6339127003  
0.584380172771  1.12152226488  1.57612622991  1.93145889314  2.18890814507  2.36247989935  2.47178080794  2.53629243711  2.57209345839  2.59082678789  2.60009002043  2.60441875786  2.60630625951  2.60699815999  
0.255171088902  0.490248122287  0.690039598443  0.847079814395  0.961596974727  1.03933398954  1.08862342571  1.11790898103  1.13426330669  1.14287070612  1.14714945864  1.14915842662  1.15003797667  1.15036135334  
0.106566648329  0.204916745597  0.288783259051  0.355001464397  0.403543844612  0.436682200301  0.457814685055  0.470441450438  0.477530685753  0.48128054161  0.483153208017  0.484036125672  0.484424062249  0.484567067368  
