487.29484995  672.495715052  753.48843494  793.098955803  814.013857678  825.57644502  832.11911521  835.849487467  837.969785702  839.162024149  839.820803156  840.174838654  840.354275175  840.42886976  
277.69675954  451.185374338  551.241706281  608.570258654  641.732122693  661.076750773  672.387818084  678.973438325  682.769360694  684.924665516  686.123937716  686.771726716  687.10123449  687.238522859  
174.211939485  307.041682209  397.143648414  455.122435621  491.451825828  513.83255592  527.418786922  535.538985627  540.307738607  543.052584304  544.595440479  545.435139654  545.864601778  546.044147731  
114.688511783  210.681411882  282.507635942  332.6844748  366.199953342  387.867442268  401.503472625  409.876271823  414.894417891  417.827926835  419.496579198  420.413058343  420.884939607  421.083057986  
76.8404655145  144.3286366  197.999607861  237.721962553  265.596363392  284.356935495  296.548804947  304.227389602  308.922690447  311.711388206  313.31774645  314.208758254  314.670924659  314.865882985  
51.4438686067  97.8678711448  136.258406866  165.854564467  187.419387805  202.415600729  212.433002698  218.887458428  222.90877376  225.334019942  226.74855526  227.541054689  227.955261564  228.130850664  
34.0394376305  65.2667009757  91.7687464931  112.805061484  128.578475624  139.838910156  147.536607737  152.596035863  155.801911523  157.763080759  158.9206139  159.57546188  159.920301832  160.067203213  
22.110209826  42.6106343998  60.3218977466  74.6824267589  85.6890970337  93.7132627138  99.3049503266  103.043510082  105.448101028  106.938215495  107.82746823  108.335182526  108.604469494  108.719729241  
14.0374701776  27.1475345195  38.6181968354  48.0665654938  55.4321088925  60.8928584354  64.7591664253  67.3820560019  69.0912461404  70.1627236722  70.8086024458  71.1805114055  71.3791001391  71.4644800628  
8.68649883522  16.8409770097  24.0420949536  30.0447683199  34.7865664934  38.3500167645  40.9064044497  42.6622033991  43.8194019144  44.5522909084  44.9980842649  45.2567803594  45.3957769418  45.455784526  
5.22938217654  10.1570984792  14.5390411736  18.2253872817  21.1680352383  23.4038250175  25.0253572092  26.1507935348  26.8998404439  27.3785174702  27.6720426437  27.843576446  27.9362647651  27.9764327744  
3.05894741559  5.94969888138  8.53402941707  10.7237896968  12.4864610769  13.8377680815  14.8267653368  15.519311409  15.9841574488  16.2835656696  16.4684849678  16.5772337993  16.636298613  16.6619841788  
1.73726849992  3.38265688672  4.85978818221  6.11855941741  7.13869651243  7.92654299627  8.50755495147  8.91749426068  9.19466658065  9.37442848088  9.48615982055  9.55223916847  9.5882951828  9.60402413207  
0.957477066291  1.86590405378  2.68415145965  3.38465489602  3.95550472469  4.39907087761  4.72828600843  4.96206891336  5.12113671599  5.22492487708  5.28979781703  5.32835784327  5.34948548141  5.358728199  
