490.221714992  678.246220141  761.867096629  803.838011397  826.798836855  840.073264396  847.99887077  852.808081351  855.740859839  857.523003576  858.592877102  859.218276767  859.560593926  859.711149427  
283.240886258  462.078148665  567.11293212  628.912848963  665.950515533  688.538212085  702.469389749  711.099109367  716.43456789  719.707747827  721.686110193  722.848217963  723.486455483  723.767729537  
181.808952967  321.96796573  418.892140152  482.998544462  524.639724318  551.465433267  568.643148536  579.565573886  586.445108893  590.7228169  593.334126979  594.879260569  595.732220466  596.109292921  
123.615273604  228.220520789  308.063622131  365.441596548  405.200010541  432.092250398  449.950363705  461.617904764  469.11823696  473.854650081  476.780218816  478.526712139  479.496958221  479.927547237  
86.3293380465  162.97243155  225.165829803  272.544084951  307.056429007  331.373120545  348.055601764  359.2391514  366.575581813  371.283073606  374.227461301  376.00225426  376.995173831  377.437744702  
60.7901008934  116.231720488  163.01744898  200.155995039  228.261246024  248.732893718  263.176596031  273.086627598  279.712532837  284.030557033  286.76536165  288.430154612  289.368341398  289.788423536  
42.6813765764  82.2470682499  116.512632154  144.524680406  166.348123694  182.674464837  194.46837953  202.72656483  208.344191084  212.058575108  214.439441545  215.902801501  216.733444361  217.10706888  
29.6715425626  57.4680826387  81.9730509793  102.438762146  118.741416181  131.201117313  140.380289857  146.92120994  151.439416207  154.466591596  156.42876621  157.645847491  158.341501015  158.655788817  
20.3312932523  39.514740986  56.6411663534  71.1728984155  82.9489568637  92.1045870955  98.9602457927  103.919079876  107.390786722  109.744535569  111.285869619  112.250058128  112.804764446  113.05642092  
13.6894180924  26.6718694574  38.369497889  48.4143044186  56.6640106568  63.1670220503  68.102467031  71.7180295414  74.2790571137  76.0337337212  77.1934151266  77.9245120186  78.3476581082  78.5403749527  
9.03820260932  17.6417817743  25.4476539288  32.212517083  37.8274785961  42.3033083427  45.7384214433  48.2821688671  50.102315218  51.360989331  52.1997515181  52.7322627418  53.0421711367  53.1838191791  
5.84265915099  11.4201320169  16.5073834295  20.9480215  24.6650968015  27.6552075037  29.9715345501  31.7025859236  32.952095945  33.8232190593  34.408000949  34.7816210768  35.0001457356  35.1003503097  
3.69413338641  7.22834260537  10.4653340655  13.3070904519  15.7021034294  17.6432167281  19.1586946608  20.30011181  21.1302604773  21.71315635  22.1070078958  22.3600699816  22.5087487384  22.5771260429  
2.28278082436  4.4705264134  6.48092854259  8.25401405044  9.75671910786  10.9822317463  11.9453203249  12.6755347518  13.2101003908  13.587800077  13.844478786  14.0102380295  14.1080183658  14.1531067027  
