470.550806426  640.112941548  707.447827406  735.880414958  748.195378753  753.514276869  755.761065985  756.677886738  757.036577204  757.170537011  757.218183051  757.23429912  757.239455841  757.2409171  
247.522054411  392.816859559  468.231489935  505.369486191  522.974138631  531.003502811  534.513040918  535.977395842  536.55902521  536.778566692  536.85725593  536.884025121  536.892627513  536.895072547  
136.086693723  233.27108914  292.178850437  324.549971112  341.099681681  349.05129004  352.655237296  354.198170484  354.822524223  355.061453571  355.14798213  355.17765186  355.187244402  355.189982673  
74.5447725889  132.971921421  171.865726437  194.938121348  207.447534356  213.72934022  216.672253407  217.963951347  218.496621213  218.703446494  218.779197974  218.805403062  218.813934305  218.816381819  
39.548579717  72.1010937552  95.0783195346  109.457443106  117.608959534  121.851622433  123.896351204  124.81407467  125.199247584  125.350904178  125.407070944  125.42667491  125.433102566  125.434956171  
20.0105733946  36.9490377935  49.3676761257  57.4386533613  62.1707379259  64.7048883667  65.9553195066  66.5274491047  66.7713640584  66.8686330178  66.9050326728  66.9178452446  66.9220749858  66.9233009252  
9.57933379534  17.8286992455  24.0328815443  28.1760498117  30.6680028652  32.0329506391  32.7195968861  33.0389205005  33.1769172553  33.2325719245  33.253594501  33.2610519043  33.2635294092  33.264250874  
4.32227003253  8.0864098645  10.967824285  12.9306594208  14.1344666329  14.8057234086  15.1487656172  15.3104810075  15.3811814529  15.4099760908  15.4209428797  15.4248601632  15.4261690192  15.4265517991  
1.83562112927  3.4465119799  4.6953155872  5.55869553429  6.09623156121  6.40025177987  6.55762634916  6.63265903715  6.66578601678  6.6793919549  6.68461126699  6.68648694276  6.68711682595  6.68730173958  
0.733747936987  1.38118372396  1.88776999886  2.24195858429  2.46507618276  2.59270612178  2.6594682141  2.69159908424  2.70590256905  2.71181963296  2.71410352134  2.71492862716  2.71520693672  2.71528891205  
0.276284021053  0.521044649732  0.713896325352  0.84990174072  0.93637215329  0.986288518214  1.01262367284  1.02539715781  1.03112301782  1.03350615112  1.03443087109  1.03476646458  1.03488009255  1.03491365781  
0.0981223000139  0.185310817529  0.254375588064  0.303411841195  0.334818236689  0.35308202889  0.362785543942  0.367522580051  0.369658379894  0.370551889298  0.370900152804  0.371027031575  0.371070131086  0.371082893826  
0.0329196976249  0.0622387309395  0.0855597501274  0.102206143437  0.11293064335  0.119204675407  0.122557312501  0.124202781929  0.124948289108  0.125261520746  0.125384071843  0.125428865483  0.125444123307  0.125448650862  
0.0104508535409  0.0197753914108  0.0272166040501  0.0325506850534  0.0360035429226  0.0380334022975  0.0391232465066  0.0396605203179  0.0399049281581  0.0400079900242  0.0400484407686  0.0400632664212  0.0400683280083  0.0400698325567  
