482.610775286  663.348552795  740.288678365  776.391164501  794.409771791  803.690198145  808.515346541  811.010142342  812.280109618  812.912305944  813.21853698  813.362008363  813.425750904  813.449668237  
268.991356333  434.185060741  526.709020601  577.516848247  605.294541129  620.396129998  628.513470395  632.80114644  635.015307345  636.128620164  636.671810897  636.927659443  637.041773157  637.084699006  
162.653399403  284.469159438  364.568787354  413.887513077  443.06507307  459.80856982  469.150617754  474.216183637  476.881650838  478.240468924  478.910305609  479.228275274  479.370921457  479.424785121  
101.688465877  185.293053168  245.867506134  286.300793805  311.767765982  327.089401305  335.94609882  340.877750979  343.525431522  344.896096892  345.579859915  345.907455738  346.05545506  346.111601432  
63.7697182951  118.801256525  161.156692296  191.078066691  210.854105789  223.227158556  230.606213087  234.817808032  237.123505845  238.335783516  238.948058686  239.244307903  239.379168477  239.430593281  
39.4047686585  74.3542621051  102.319512048  122.883319426  136.982195302  146.087077631  151.663190413  154.916360784  156.729723177  157.697317473  158.191955464  158.433653322  158.54453537  158.587040009  
23.7427193333  45.1550943888  62.7378201756  76.0440831133  85.4253208964  91.6391171241  95.529983161  97.843521357  99.1540556107  99.8628925313  100.229396584  100.41018261  100.493748012  100.525947709  
13.8627777874  26.5007513366  37.0652538132  45.2297138149  51.1102618925  55.0849682064  57.6199113075  59.1518784461  60.0320346435  60.5139281306  60.7657041489  60.8909976695  60.9493270535  60.9719141547  
7.81404114105  14.9903798764  21.0659948077  25.8351190505  29.3273965096  31.7264112059  33.2797896391  34.2315685438  34.7851415338  35.0915193894  35.2531075036  35.3341721683  35.3721615669  35.3869404842  
4.24260241218  8.15942642614  11.5064668843  14.1649568299  16.1370017176  17.5094713991  18.4093448795  18.967161581  19.2950503018  19.4782520363  19.5756905759  19.6249315184  19.6481472726  19.6572173342  
2.21597631551  4.2696851631  6.03694221667  7.45346332786  8.51501466758  9.2616561536  9.75629693283  10.0659433436  10.2496194609  10.3530992494  10.4085477303  10.4367530146  10.4501239839  10.4553680935  
1.1127458644  2.14701437262  3.04180854557  3.76414378881  4.30990572138  4.6970870252  4.95580790725  5.11911860601  5.21675120487  5.27215410908  5.30203662043  5.31732611394  5.32460994472  5.3274766753  
0.537075231838  1.03739692161  1.47206832723  1.82495368224  2.09334208966  2.28509769598  2.41415635367  2.4961965548  2.5455732112  2.57376905198  2.5890649555  2.59693179536  2.60069600825  2.6021821622  
0.249185692035  0.481730731751  0.684437096548  0.849754131573  0.976165586178  1.0670133403  1.1285271156  1.16786481706  1.19167758733  1.20534989969  1.21280460204  1.21665623547  1.21850642533  1.21923895195  
