488.447473767  674.757110717  756.77590085  797.299994036  818.997628325  831.205691804  838.260801062  842.382891403  844.791483934  846.187813405  846.985079336  847.428158444  847.659820864  847.758379737  
279.870479892  455.450114144  557.441497808  616.492941265  651.130944873  671.6928609  683.970322177  691.294669939  695.63427466  698.174464934  699.634901967  700.450612758  700.878609776  701.061090648  
177.168706354  312.842721256  405.576803285  465.899113686  504.236382947  528.272889998  543.17362167  552.298641343  557.806909687  561.075272416  562.973359917  564.041461625  564.604885341  564.845900305  
118.127109212  217.427776561  292.315032597  345.21727461  381.067808787  404.660867545  419.825574406  429.366905092  435.245045377  438.787355468  440.869104853  442.051190048  442.678852157  442.94845105  
80.44719057  151.404854991  208.286512064  250.867503349  281.191097774  301.971348607  315.766593469  324.670799028  330.268100699  333.695329722  335.734953232  336.90453544  337.530084843  337.800011443  
54.9387235058  104.724600249  146.226220369  178.592320879  202.530332444  219.483532187  231.054525262  238.696533886  243.591823172  246.635752142  248.470079125  249.532482419  250.104987466  250.353211071  
37.208739124  71.4847048867  100.808014322  124.356217314  142.281711255  155.316784879  164.423297825  170.559599775  174.557984459  177.080159188  178.618342438  179.517924504  180.006298625  180.219059471  
24.8213762274  47.9297955302  68.054482204  84.5637679636  97.4113867232  106.953611595  113.750410864  118.410123618  121.492612294  123.462592234  124.677434512  125.394478681  125.78653367  125.958123887  
16.2368561787  31.4626051847  44.8911004505  56.0825849297  64.9415294593  71.6337336046  76.4776184144  79.8477278155  82.1068043658  83.5675240311  84.477498885  85.0191986054  85.3173646743  85.4484337704  
10.3848967847  20.1731331558  28.8861061814  36.2348175662  42.1298113805  46.6441713306  49.955416652  52.2881877459  53.8699773274  54.9034105422  55.553114947  55.9429051904  56.1587831892  56.2540658755  
6.48140010391  12.6134799788  18.1099160326  22.7885116669  26.581243156  29.5179905083  31.6959523027  33.246684971  34.308698701  35.0089022212  35.4527234036  35.7208800011  35.8702324905  35.9363990434  
3.94202307098  7.68223588268  11.0526356437  13.9422382032  16.3044735686  18.1501584729  19.5315924971  20.52408389  21.2096483904  21.6652832484  21.9561926757  22.1330790305  22.2321019989  22.2761207944  
2.33432029463  4.55403176404  6.56262303119  8.29455166572  9.72004353564  10.8421248715  11.6884470505  12.3011624484  12.7275463468  13.0129187799  13.1962983266  13.3084366451  13.371502545  13.3996237074  
1.34504064698  2.62627603471  3.78950582481  4.79714292985  5.63111104457  6.29162735385  6.79305047966  7.15844851597  7.41436197396  7.58669460054  7.69806802318  7.76651995244  7.80517633617  7.82246114608  
