461.703558852  623.355098267  684.354884928  708.229008984  717.58427342  721.160683613  722.472400465  722.929442306  723.079926819  723.126634471  723.140291234  723.144053857  723.145029494  723.145257416  
232.632093778  364.612434802  429.36293871  458.826007658  471.446274723  476.540263448  478.474050415  479.163309039  479.393801668  479.46613059  479.487447577  479.493355468  479.494894184  479.495254799  
119.280266912  201.434871221  248.302040568  272.004876363  282.922801259  287.556163954  289.377844341  290.043563327  290.270258398  290.342356604  290.363821182  290.369815963  290.371386571  290.371756252  
59.4020213267  104.285183034  132.32554286  147.580991786  155.008965256  158.294838076  159.627407765  160.125863686  160.298627289  160.354322058  160.371077682  160.375795687  160.377039694  160.377333883  
28.0018919573  50.2249296705  64.9216890441  73.3338862174  77.6039827396  79.5564006392  80.3689864616  80.6791648594  80.7883940568  80.8240500173  80.834883579  80.837958077  80.8387737814  80.8389675764  
12.3374754185  22.4102574965  29.3228378156  33.4237358271  35.5713307091  36.5790935139  37.0074810364  37.1738180846  37.2332027783  37.2528027458  37.2588109126  37.2605281735  37.2609863824  37.2610957078  
5.05336827009  9.25206152871  12.2062264448  14.0044299597  14.9685197061  15.4302020282  15.6298338762  15.7084498504  15.7368437507  15.7463042103  15.7492266172  15.7500671309  15.7502925282  15.750346509  
1.92141996604  3.53628260817  4.69237926026  5.40945200202  5.80083242894  5.99126365778  6.07474253336  6.10799933558  6.12012713378  6.12420028607  6.12546677552  6.12583298016  6.12593160679  6.12595530326  
0.678633881729  1.25349091532  1.67018426411  1.93228077241  2.07730846711  2.14876293771  2.18043268964  2.19316900459  2.19785067514  2.19943349533  2.19992835551  2.20007208642  2.20011093587  2.20012029511  
0.223042205763  0.413033603042  0.552013192537  0.640359284084  0.689766335542  0.71435105896  0.72534402189  0.729798952291  0.731447228726  0.732007548453  0.73218352409  0.732234824946  0.732248732212  0.732252089937  
0.0683729313736  0.126852136288  0.169922905081  0.197524562507  0.213089151868  0.220895044475  0.224410240397  0.225843647319  0.226376815533  0.22655887274  0.22661626135  0.226633041537  0.22663760128  0.226638704061  
0.0195992698688  0.0364136123622  0.0488620575613  0.0568897177558  0.0614461030999  0.0637455056229  0.0647868866339  0.0652136639431  0.0653730897688  0.0654277240365  0.0654449969836  0.0654500594989  0.0654514376817  0.0654517714294  
0.00526739188644  0.00979679121903  0.0131635414502  0.015345303761  0.016590019862  0.0172212970596  0.0175084993642  0.0176266727023  0.0176709689052  0.0176861924236  0.0176910166098  0.0176924331054  0.0176928192487  0.0176929128449  
0.00133069343992  0.00247698688492  0.00333168561211  0.00388768380982  0.00420617604746  0.00436834197773  0.00444238714141  0.00447295108571  0.00448443873738  0.00448839556671  0.00448965166891  0.00449002098569  0.00449012175867  0.00449014619894  
