481.606231968  661.395794632  737.49090156  772.8821556  790.335069019  799.190010192  803.712267161  806.002794013  807.14212408  807.695021386  807.955559602  808.074132634  808.125329391  808.144100254  
267.151178209  430.607900688  521.583936742  571.088937214  597.830422869  612.152653974  619.715209768  623.628755753  625.60365785  626.571743518  627.031257387  627.241512245  627.332653378  627.366155899  
160.268144066  279.832435278  357.925690955  405.555781677  433.390333915  449.123769378  457.746847876  462.327594111  464.683038417  465.853691511  466.41512076  466.674026836  466.786916082  466.828574275  
99.0943030405  180.25026559  238.642713544  277.239623232  301.246164031  315.469498785  323.544479383  327.949047433  330.259712798  331.425853226  331.991797392  332.255209903  332.370876689  332.413762346  
61.2713016382  113.944631487  154.1987076  182.351667911  200.72142299  212.036986121  218.663446584  222.367652266  224.348969397  225.364417375  225.863323745  226.097823508  226.201582224  226.240252513  
37.221034696  70.1093866943  96.2380660923  115.256391914  128.126366977  136.307241891  141.225836634  144.035778051  145.565822084  146.361531848  146.757186778  146.944980887  147.028717627  147.060091815  
21.986754269  41.7417831899  57.8478109082  69.9115172281  78.3048223094  83.7758826025  87.1382963019  89.0956650487  90.1785714327  90.7493374332  91.0363473906  91.1738522957  91.2356263301  91.258892286  
12.5525107252  23.9538392308  33.4165501289  40.6539923193  45.7975666891  49.2182843996  51.3591301656  52.6255293303  53.3359954098  53.7149837767  53.9075264381  54.0005778634  54.0426776481  54.0586123472  
6.90129359553  13.2161973653  18.5243621242  22.6478334649  25.6268825288  27.6401569333  28.9191748845  29.686109236  30.1215984769  30.356384439  30.4767742992  30.5354198977  30.562127203  30.572282589  
3.64630430073  7.00037168095  9.84608732866  12.0828566846  13.7197206596  14.8403105932  15.5610670816  15.9982339038  16.2490670316  16.385563968  16.4561334956  16.4907573291  16.5066192958  16.5126763459  
1.84930492518  3.55698003025  5.01599945453  6.17325514317  7.02877311342  7.6206128944  8.00519358812  8.24072303578  8.3770752572  8.45187944994  8.49083612376  8.51007250861  8.51893264552  8.52232899898  
0.899877500825  1.73326645683  2.44913626689  3.02099155439  3.44718795057  3.74455126026  3.93942784987  4.05975515415  4.1299504401  4.16873300707  4.1890600431  4.19915466177  4.20382662132  4.20562372786  
0.420096727737  0.810032699478  1.14639103847  1.41660261754  1.61931214439  1.76173928931  1.85574250798  1.91418778393  1.94850771852  1.96758581798  1.97764151831  1.98266052692  1.98499340276  1.98589354479  
0.188193850314  0.363186960884  0.514640116728  0.636862607948  0.729044026325  0.794188452254  0.837440526638  0.864490172723  0.88046396527  0.889390933354  0.89411936271  0.896489942188  0.897596013737  0.898023971264  
