486.192818473  670.337468442  750.359895796  789.115918345  809.309255579  820.287430444  826.375962736  829.767630396  831.645439045  832.671103051  833.220371586  833.506164897  833.646672293  833.703752744  
275.630111769  447.13800112  545.374743441  601.100861346  632.909587448  651.158283726  661.617725837  667.568193501  670.90939402  672.752338079  673.746258304  674.266082268  674.522592424  674.627039548  
171.426968167  301.587532506  389.237473752  445.056881811  479.56285092  500.466773723  512.905423759  520.169754808  524.325780338  526.649734384  527.915893443  528.58317207  528.914278575  529.049575377  
111.491603186  204.420524328  273.432059197  321.130160464  352.55257047  372.524886928  384.843674601  392.234091946  396.548953162  398.999377103  400.350454238  401.069045228  401.428045729  401.575381088  
73.5425564514  137.869959976  188.637350637  225.802715458  251.51800364  268.529947178  279.363065948  286.028338657  289.998232729  292.288665612  293.567480364  294.254399285  294.60014901  294.742734674  
48.3120495172  91.7344817313  127.367706112  154.535717159  174.050260364  187.386024157  196.113229076  201.605527815  204.938081006  206.890250613  207.993812875  208.592552208  208.896240271  209.022111268  
31.2656235643  59.8344470861  83.8944153622  102.780220496  116.737824587  126.527738126  133.082852105  137.290236044  139.88619885  141.428467768  142.310653054  142.793946165  143.040937019  143.143821221  
19.8004615542  38.0872234534  53.7650127812  66.3348838044  75.829626473  82.6294053247  87.2697879106  90.298972521  92.1957999165  93.3371898719  93.9972343081  94.3621484592  94.5499909181  94.6286142958  
12.2194409663  23.5871182485  33.4572431982  41.4962228764  47.6717925946  52.1689121513  55.28654398  57.3511817686  58.660801604  59.4578756483  59.9234062979  60.1829623841  60.3174752786  60.3740329173  
7.32857092391  14.1816299806  20.1872969871  25.1373131893  28.9903597983  31.8341338498  33.8314058734  35.1703203662  36.0291496401  36.5571473538  36.8682874074  37.0431029628  37.1342645253  37.1727560922  
4.26403111765  8.26657613652  11.7986937588  14.7367428441  17.0476291579  18.7718638042  19.9959884697  20.8251285574  21.3621258001  21.6951973655  21.8930383373  22.0049711321  22.0636726142  22.0885541645  
2.40421541352  4.66749168404  6.67545903369  8.35772733706  9.69195562304  10.6963553438  11.4158675942  11.907504928  12.2285766438  12.4292683533  12.549321365  12.6176685384  12.6536963158  12.669020887  
1.31276984747  2.55133553584  3.65478962753  4.58454468953  5.32692484563  5.88988399596  6.29620829686  6.57592125747  6.75990762129  6.87569232853  6.94538791663  6.98528763516  7.00641710924  7.01543314214  
0.693924224998  1.34977515325  1.93602956131  2.43227339647  2.83069320476  3.13465738531  3.35543904349  3.50839228171  3.60962523326  3.67370991663  3.71249824198  3.73481432468  3.74668105757  3.75175909774  
