490.369620328  678.537526146  762.293204521  804.386986695  827.4564035  840.823895785  848.826838619  853.698346399  856.679726936  858.498507306  859.594903356  860.238454088  860.592003668  860.747907347  
283.523187559  462.634153078  567.926226929  629.96065458  667.20558306  689.970905853  704.049689321  712.79830966  718.226529525  721.569633137  723.598615225  724.795365034  725.455039928  725.746521075  
182.200686245  322.739500378  420.020699922  484.452517822  526.381297869  553.453481825  570.836013421  581.923422203  588.93166861  593.30639812  595.987943776  597.581143019  598.463846822  598.85508129  
124.083692605  229.143089932  309.413104376  367.180189405  407.282495466  434.469449091  452.572460628  464.437268495  472.091494987  476.943909924  479.953452709  481.75741249  482.76321929  483.210739704  
86.8384493723  163.975144163  226.632537597  274.433697736  309.319796146  333.956788125  350.905424255  362.303358394  369.807033145  374.640586452  377.676228058  379.513467806  380.545029164  381.005998152  
61.3051884336  117.246201472  164.50136615  202.06777127  230.551148938  251.346837736  266.059797035  276.186706035  282.981795419  287.427339282  290.254450411  291.982408581  292.959680721  293.398371851  
43.1727378763  83.2148174283  117.928187802  146.348375391  168.532511077  185.167945649  197.218689787  205.683736107  211.462727225  215.298732795  217.767633037  219.291232268  220.159148869  220.550519493  
30.1169220528  58.3452670944  83.2561294343  104.091774178  120.721349382  133.46119648  142.873138397  149.601533827  154.265977106  157.403367451  159.445315977  160.71698229  161.446409779  161.776777066  
20.7168360705  40.2740735707  57.7518547632  72.6038082872  84.6628490705  94.0609659126  101.118096262  106.239191592  109.83746198  112.286593883  113.896963145  114.908386616  115.492317994  115.757887899  
14.0092858393  27.3018518845  39.2909787707  49.6014481554  58.0859166047  64.7900883232  69.8926622113  73.6428210027  76.3088283004  78.1426174228  79.3595548804  80.1298252718  80.5772076306  80.7814625183  
9.2932146309  18.1440284435  26.1822903039  33.1589417425  38.9610518831  43.5972375923  47.1655726444  49.8166043368  51.7204236072  53.0421498307  53.9265420097  54.4902706756  54.819492104  54.9703341195  
6.03841677189  11.8056755141  17.0713144686  21.6745220956  25.5352489137  28.6484408027  31.0670175867  32.8804067891  34.1941297854  35.1136378507  35.7334330732  36.13100589  36.3643484096  36.471606788  
3.83905870067  7.5137709623  10.8828247388  13.8449301217  16.3462835998  18.3785060187  19.9696691038  21.1720291498  22.0497024778  22.66840612  23.088167861  23.3589540149  23.518596822  23.5921931943  
2.38639399696  4.67459016873  6.77940657621  8.63852989192  10.2172552842  11.5078967657  12.5250855621  13.2988596913  13.8673918847  14.2706820519  14.5458764585  14.7243006313  14.8299149956  14.8787323117  
