483.511306033  665.101799756  742.806617496  779.558759285  798.100481103  807.78038133  812.895043983  815.589132991  816.989512815  817.702887144  818.057170136  818.227561797  818.305229286  818.334974487  
270.649032289  437.412388621  531.343954074  583.347615648  612.088196136  627.925070999  636.575285953  641.229764889  643.683943398  644.946653924  645.578274168  645.883661539  646.023398901  646.077048404  
164.819443022  288.686210225  370.625073729  421.506285562  451.941919774  469.646074745  479.684294198  485.229041044  488.208040703  489.762001933  490.547336605  490.930004116  491.106112457  491.173979478  
104.07062186  189.930824234  252.527946345  294.679491643  321.52989668  337.907852447  347.529993982  352.988466809  355.980820749  357.565990854  358.376698229  358.775396232  358.96016642  359.031699627  
66.0966344655  123.331448907  167.662560523  199.262196274  220.389385565  233.794033778  241.920551082  246.646539962  249.288743564  250.710417404  251.446597496  251.81223718  251.982978868  252.049416749  
41.4735083751  78.3817839225  108.103408178  130.15910782  145.459004289  155.480778087  161.721173354  165.431439458  167.543784337  168.697398015  169.302091003  169.605412997  169.748155422  169.803989274  
25.4393913737  48.4582228913  67.4813435176  82.0110237509  92.3770694721  99.3426175489  103.778057413  106.466267248  108.021832978  108.883096326  109.339764247  109.571027103  109.680684988  109.723799356  
15.157382744  29.0210949599  40.6845772254  49.7824029066  56.4142069268  60.9623169418  63.9125803742  65.7302466803  66.7972143707  67.3952950213  67.7157843143  67.87953771  67.9577437952  67.9886441993  
8.73847217015  16.790043637  23.6503380652  29.0858394406  33.1144206734  35.9227219324  37.7725043757  38.9281442456  39.6149907487  40.004240133  40.2148273586  40.3233111086  40.3754679984  40.3961713784  
4.86306500904  9.36731341965  13.2409716622  16.3466451003  18.6785445286  20.3256027943  21.4242993576  22.1188366651  22.5360870004  22.7748421555  22.9051193039  22.9727314457  23.0054373279  23.0184751728  
2.60877618847  5.03435751581  7.13497216952  8.83454126978  10.123837062  11.0442335381  11.6646635871  12.0607911255  12.3009789278  12.4395814457  12.5157859728  12.5555997668  12.5749658466  12.5827159878  
1.34797728499  2.60493717957  3.6993451906  4.5911520765  5.27325536251  5.76443982411  6.09843894571  6.3134926473  6.44492873635  6.5213352627  6.56362643471  6.5858538198  6.59671965856  6.60108339474  
0.67066240536  1.29744531266  1.8454646879  2.29457200818  2.64036099049  2.89114870991  3.06292654496  3.17432321119  3.24287331772  3.28297907046  3.30530903415  3.31710749546  3.32290098727  3.32523503326  
0.321284784239  0.622080363588  0.885955535917  1.10319346488  1.27136375127  1.39405449036  1.47860682424  1.53377265419  1.56792033487  1.5880104165  1.59925426582  1.60522310411  1.60816573282  1.60935460382  
