480.773239455  659.778910371  735.179659885  769.991735266  786.989428079  795.506952791  799.793125385  801.927553536  802.969234608  803.464275858  803.6923323  803.793675997  803.836411671  803.851780191  
265.632420828  427.659920258  517.369995501  565.819054789  591.73062106  605.437726231  612.569908152  616.198905775  617.995815994  618.858449738  619.258764282  619.437620141  619.513342684  619.540645447  
158.314786415  276.040898713  352.505995082  398.77808567  425.545368166  440.487805422  448.557501006  452.77239998  454.899019237  455.934117906  456.419456987  456.638009823  456.731085618  456.76477757  
96.9926530685  176.170923645  232.811701332  269.947671052  292.806120114  306.178628839  313.658430897  317.669565451  319.734183146  320.754587102  321.238738012  321.458779533  321.553154353  321.587480317  
59.2747103652  110.069252899  148.65933481  175.424572053  192.703869436  203.211405381  209.272698505  212.603363599  214.351111828  215.228239298  215.649529403  215.842881198  215.926443131  215.956995212  
35.5043682636  66.7773853313  91.4754808028  109.300836657  121.233487889  128.719897812  133.152829663  135.641834182  136.971240766  137.648157597  137.977169142  138.129640926  138.196044262  138.220452436  
20.6324170605  39.1130927067  54.0905894948  65.2132964906  72.8673430177  77.7907676734  80.7702691231  82.4746521579  83.3994373451  83.8766065231  84.1111221836  84.2208117333  84.2689397993  84.2867227925  
11.5634468889  22.0341562824  30.6727954865  37.2231765732  41.8270632395  44.8480533265  46.7094614704  47.7912815963  48.3864114622  48.6971478294  48.8514224487  48.9242029418  48.9563609506  48.9683019644  
6.22852596689  11.9104413828  16.6581328575  20.3143695991  22.9264610186  24.6679938495  25.7570873903  26.3986012256  26.7557421963  26.9441786659  27.0385895538  27.0834785814  27.1034412702  27.1108879905  
3.21806015288  6.16922170658  8.65821862933  10.5976494247  12.0010278076  12.9487509733  13.5487172662  13.9061397147  14.1071730478  14.2142191822  14.2682874353  14.2941766642  14.3057577371  14.3100960443  
1.59324125522  3.06001449861  4.30576729717  5.28528128036  6.0012521993  6.48979760344  6.80222030366  6.99012591322  7.09674720224  7.15397535115  7.18308799115  7.19711573808  7.20342406836  7.20579620155  
0.755593784436  1.45324884929  2.04896725362  2.52069982896  2.86830367566  3.10750545703  3.26176354429  3.35529132146  3.40876189547  3.43766111329  3.45245494317  3.45962310612  3.46286193067  3.46408400341  
0.343272285735  0.660939931893  0.933333036033  1.15025022008  1.31113405509  1.4226162137  1.49501454419  1.53920995078  1.56464030517  1.57846730439  1.58558445016  1.58904999003  1.5906224359  1.59121756494  
0.149444904023  0.287989068308  0.407184460606  0.502534806242  0.573631278005  0.623179921836  0.655546797704  0.675419429461  0.686917684612  0.693202066105  0.696452360086  0.698041892756  0.6987658123  0.699040540863  
