488.23398678  674.337945072  756.165817547  796.519151704  818.069601536  830.155385428  837.11256091  841.159031673  843.51134327  844.867345002  845.636900501  846.061943081  846.282913232  846.376529154  
279.466925962  454.6577671  556.288261669  615.016923475  649.376710001  669.707487845  681.799832536  688.981244353  693.21446853  695.678433709  697.086494988  697.868115312  698.275903375  698.449041897  
176.617648075  311.760762494  404.002050383  463.883606586  501.840978816  525.561878627  540.2098479  549.139703786  554.502724342  557.667015058  559.49359459  560.515154239  561.050988288  561.279249099  
117.482789322  216.162708877  290.473777559  342.860685509  378.267048273  401.491110636  416.360304696  425.673469855  431.381806994  434.802455255  436.800613863  437.928294734  438.523707544  438.778398564  
79.7667113654  150.068795296  206.341939736  248.378694956  278.233217672  298.623797077  312.106981841  320.770254951  326.188259898  329.487031046  331.438398667  332.550543025  333.142046349  333.396234934  
54.2738556948  103.41919657  144.326276779  176.16064904  199.64038185  216.212889169  227.479025144  234.885673516  239.605821915  242.524277573  244.272404261  245.278710733  245.817966257  246.050820598  
36.5999396718  70.2893907865  99.0683111938  122.129650328  139.635546151  152.322073315  161.149484794  167.07032251  170.908381523  173.315704377  174.77498972  175.623230622  176.081175767  176.279871697  
24.2948182807  46.8959587551  66.5498099651  82.6380247799  95.1227616689  104.3635662  110.919013746  115.39241643  118.336282567  120.206965548  121.353600812  122.026264112  122.392017136  122.551450599  
15.8044243729  30.6135787585  43.6554159963  54.5011206865  63.0620821055  69.5067854238  74.1525047436  77.3696521653  79.5149274845  80.8941369211  81.7481274132  82.2534024401  82.5299833355  82.6510763014  
10.0464434177  19.5086255493  27.9189816485  34.9970786795  40.6588754558  44.9795560164  48.1357392903  50.3488288023  51.8415849463  52.8112538819  53.4171668149  53.7784680599  53.9774649647  54.0649460837  
6.22823790801  12.1164331765  17.3865211467  21.8627132447  25.4810358406  28.2729386598  30.334944713  31.7961868061  32.7916330727  33.4441669694  33.8552535281  34.1021164993  34.2388526462  34.2991889501  
3.7606517909  7.32614238611  10.5343877453  13.2789955306  15.5162972406  17.2582331622  18.5566172243  19.4850194351  20.1229161491  20.5444194209  20.8118934754  20.9735370185  21.0635296047  21.103375578  
2.20964358031  4.30925073502  6.20638007539  7.83864634029  9.17826984817  10.2290484153  11.0182983527  11.58697575  11.980608979  12.2425337282  12.409815662  12.5114850556  12.5683494487  12.5936051869  
1.26268254798  2.46458147684  3.55418593724  4.49599487796  5.27324942606  5.88667592164  6.35041079034  6.686730907  6.92102190192  7.07787599294  7.17862429086  7.2401671657  7.27473127373  7.29012538452  
