456.476785033  613.568942834  671.089676216  692.629947392  700.599960093  703.443716003  704.407651871  704.715493417  704.807750202  704.833660498  704.840481345  704.842166165  704.842556733  704.842638821  
224.174760631  348.778096844  407.900191583  433.588170158  443.968200774  447.877620042  449.24925834  449.697421661  449.833852303  449.872595829  449.88287734  449.88543214  449.88602703  449.886152466  
110.320800143  184.66113808  225.567359852  245.273096246  253.81980657  257.199817006  258.426959136  258.83780903  258.965117259  259.001747186  259.011563911  259.014021516  259.014597049  259.014718911  
51.9868497442  90.4034410136  113.512084324  125.461701567  130.929376819  133.179609906  134.02118826  134.309291364  134.400080349  134.42654067  134.433702465  134.435509195  134.435934821  134.436025338  
22.9056577488  40.6850587066  51.993848316  58.1359380365  61.0605855918  62.302615208  62.7786336833  62.9447227191  62.9978436323  63.0135061158  63.0177840319  63.0188709563  63.0191284424  63.0191834279  
9.33533215408  16.7908442667  21.7085754101  24.473438248  25.8296463521  26.4198433151  26.6505458991  26.7323206582  26.7588057601  26.7666932253  26.7688647031  26.7694199042  26.7695520782  26.769580407  
3.50628198044  6.35646963882  8.28318232011  9.39360276516  9.95054796091  10.1975637173  10.295651649  10.3308700244  10.3423960253  10.3458574896  10.3468168817  10.3470634916  10.3471224473  10.3471351224  
1.21361309333  2.21164142537  2.89793707823  3.30069106683  3.50613093737  3.59860268548  3.63578477636  3.64927449281  3.653727111  3.65507360012  3.65544887982  3.65554577188  3.65556901529  3.65557402505  
0.387813566866  0.709280648286  0.933060618012  1.06616228896  1.13493529748  1.16624987806  1.17896682295  1.18361923159  1.18516551132  1.18563574949  1.18576740269  1.18580151511  1.1858097208  1.18581149288  
0.114724436326  0.210359438442  0.277532450131  0.317892283888  0.338953610111  0.34863037988  0.352591167924  0.354049886301  0.354537396273  0.354686321614  0.354728166496  0.354739039218  0.354741660139  0.354742226966  
0.0315154206883  0.0578949076623  0.0765478264505  0.0878417650323  0.0937807444152  0.0965287966534  0.0976606057003  0.0980796476198  0.0982203078838  0.098263429487  0.0982755795774  0.0982787432797  0.0982795070708  0.0982796724185  
0.00806511747024  0.0148365063231  0.01964879041  0.0225797924958  0.0241302812201  0.024851693412  0.0251502661788  0.0252612692458  0.0252986571932  0.0253101503119  0.0253133954331  0.0253142417025  0.0253144462195  0.0253144905192  
0.00192877846314  0.00355188279145  0.00470983837605  0.00541832990631  0.00579485631335  0.00597080334127  0.0060439000353  0.00607116309777  0.00608036974803  0.00608320562533  0.00608400753869  0.00608421687314  0.00608426749142  0.00608427845783  
0.000432360340153  0.000796834908175  0.0010576262167  0.00121775179867  0.00130315511742  0.00134319630073  0.00135987981979  0.00136611741364  0.00136822787388  0.0013688788772  0.00136906314271  0.00136911127041  0.00136912290993  0.0013691254313  
