486.485865832  670.911008856  751.190432041  790.171888723  810.554593574  821.685144433  827.891168299  831.36967876  833.309033614  834.376507145  834.952938722  835.255458751  835.40540618  835.466700944  
276.178553349  448.211387108  546.929095643  603.077108291  635.240227117  653.774083643  664.453398429  670.56637953  674.02275195  675.943932495  676.988680447  677.539802743  677.813976261  677.926308697  
172.163550636  303.029135987  391.325027104  447.711041776  482.692952212  503.979828979  516.713746581  524.196309752  528.506988514  530.935994307  532.270399025  532.979699574  533.33452038  533.480403455  
112.33317081  206.067593837  275.817129874  324.162568271  356.128716549  376.538522567  389.194612015  396.834316894  401.325829608  403.896240998  405.325261702  406.091843029  406.477924463  406.637348493  
74.4055021921  139.558861925  191.082980082  228.912089572  255.184877426  272.645362644  283.824285773  290.745114201  294.896089031  297.309508543  298.668208718  299.404309638  299.777810739  299.932783706  
49.1255603137  93.3266240805  129.673201982  157.466892467  177.506940009  191.265480221  200.318604552  206.051745681  209.554939803  211.622994877  212.801822723  213.446895313  213.776725032  213.914264067  
31.9799733435  61.2325099899  85.9188546958  105.354030641  119.773024134  129.934108911  136.77533803  141.19413201  143.939867748  145.583839375  146.532071294  147.056017881  147.325943454  147.439063556  
20.389468614  39.2399681535  55.4342043187  68.4570110229  78.3321296435  85.4378850343  90.3141074202  93.5175363557  95.5377929351  96.7629867397  97.477447092  97.8758513597  98.0825851093  98.1696390695  
12.6779474166  24.4844531236  34.7565807239  43.1481084344  49.6197289861  54.3549740989  57.6561299828  59.8563448335  61.2619911923  62.124254786  62.6321085039  62.9177084245  63.06691035  63.130022618  
7.66686016042  14.8436839332  21.1459349964  26.3560350979  30.4274703506  33.446887399  35.5795135811  37.018407725  37.9480408523  38.5240979647  38.866434695  39.0604443089  39.1624299901  39.2057510595  
4.50130708945  8.73093605622  12.4710652252  15.5915153533  18.0555491045  19.9029433237  21.2219663383  22.1211939626  22.7078185599  23.0745700802  23.2942698493  23.4196491474  23.4859323384  23.5141963112  
2.56281110762  4.97786744452  7.12486115069  8.92903100711  10.3656015202  11.4522951516  12.23520956  12.7736660796  13.1278840336  13.3510667087  13.4857139724  13.5630371648  13.6041251491  13.621706952  
1.41399255771  2.7494287025  3.94160940274  4.94915671208  5.75684129978  6.37230619152  6.81907739951  7.1286537143  7.33377858461  7.46390386254  7.54290310707  7.58852378525  7.61287785453  7.62333211153  
0.755721548017  1.47071127308  2.11113008341  2.65485984794  3.09313895197  3.42914679379  3.67460925887  3.84578223249  3.95990950877  4.03274008398  4.07720123715  4.10300488954  4.1168370013  4.12279151283  
