484.323179632  666.684613476  745.084687163  782.432461283  801.459129726  811.514447695  816.905618234  819.793603919  821.323523105  822.119386041  822.52369847  822.722825577  822.815707751  822.851933658  
272.150023567  440.338687022  535.555623929  588.660460739  618.297570549  634.828471722  643.989847456  649.002759054  651.696392959  653.111579357  653.835672814  654.194171993  654.362029665  654.427656703  
166.794931149  292.537562971  376.168095024  428.498524146  460.114014189  478.731492972  489.442360504  495.458754008  498.752825845  500.507400731  501.414395302  501.866933353  502.080032735  502.16365496  
106.265035653  194.208966486  258.685171773  302.446439404  330.607319861  347.999661186  358.368837029  364.35107908  367.693297848  369.501216324  370.446994917  370.923258654  371.149090407  371.23811142  
68.2675639293  127.563780062  173.753792359  206.945799184  229.369271692  243.777256216  252.64261525  257.886584642  260.874752937  262.51666871  263.386385029  263.828700083  264.040027617  264.123749298  
43.4333388069  82.2025380081  113.602226018  137.095320893  153.565268734  164.492604835  171.399782148  175.577461223  178.001959826  179.354265901  180.079412829  180.451888789  180.631231061  180.702649724  
27.0756004326  51.6480378876  72.0720512331  87.8016421931  99.1443545956  106.865727421  111.857636192  114.935882509  116.75189209  117.778908759  118.336045882  118.624979861  118.765155654  118.821263568  
16.4312739739  31.5045405101  44.2586374958  54.2905528057  61.6825964386  66.818982784  70.2023074063  72.3234704403  73.5930645683  74.3200802661  74.7187077563  74.9273056066  75.0292380166  75.0702390253  
9.66870694935  18.6035119238  26.2601517329  32.3776600341  36.9612646225  40.1989968549  42.3648640398  43.7419877385  44.5766803352  45.0599893487  45.3275678768  45.4687529148  45.5382081102  45.5662745476  
5.50289882097  10.6146372229  15.0359959152  18.6106961959  21.3242558865  23.2665748463  24.5825678374  25.4293415491  25.9481945311  26.2515759748  26.4210019875  26.5110724814  26.5556558806  26.5737486197  
3.02469533441  5.84516010812  8.30177406289  10.3061806358  11.8435045  12.9557553698  13.7173579884  14.212372199  14.5185436453  14.6991069855  14.8007242111  14.855112851  14.8821853632  14.8932146898  
1.6041981257  3.10441297638  4.41810980058  5.49767439733  6.33252732218  6.94184967951  7.36276376953  7.63868672432  7.81072994456  7.91295352422  7.97087628072  8.00206645487  8.0176702082  8.02404962054  
0.8205984246  1.58972549405  2.26605691446  2.82501636471  3.26016422706  3.58005242457  3.80265891745  3.94964515794  4.04193233404  4.09712574167  4.12858843866  4.14562195118  4.15418208581  4.15769293177  
0.404802980806  0.784885287415  1.12022650886  1.39864287596  1.61657215141  1.77773496471  1.89058109359  1.96555358371  2.01290844424  2.0413909812  2.05771343496  2.06659257483  2.07107283463  2.07291560833  
