473.042813197  644.877051456  714.10228914  743.972269365  757.288337469  763.247576791  765.871648222  766.993876937  767.456240596  767.638864143  767.70781864  767.732656512  767.74113119  767.743674104  
251.847175486  401.085350397  479.780655586  519.413064003  538.754861855  547.895253747  552.059322206  553.879984299  554.641423082  554.945353488  555.060988262  555.10287715  555.117230418  555.121549966  
141.216665928  243.078074398  305.876586096  341.205672077  359.815074893  369.083787585  373.463523218  375.42868389  376.266064417  376.604947609  376.735224519  376.782793025  376.799191603  376.804147792  
79.4834385646  142.412965008  185.051880888  210.971113604  225.46247405  233.011387722  236.700449595  238.398127026  239.135561828  239.438432016  239.556205911  239.599597211  239.614661078  239.619236725  
43.6297558813  79.902682983  105.97420413  122.705035157  132.493419415  137.782283994  140.442882891  141.695582093  142.249641849  142.480481584  142.571277868  142.605037947  142.61684395  142.620448954  
22.9842670011  42.6333661246  57.3061418394  67.0899405236  73.0138874323  76.309568676  78.008124764  78.8238906585  79.1905851686  79.3453914381  79.4069410241  79.4300289706  79.4381605077  79.4406564253  
11.5206335252  21.539424394  29.2148089978  34.4756187586  37.7450441894  39.606570014  40.5853057  41.0633573407  41.2813031438  41.3744029488  41.4117833855  41.4259199152  41.4309320666  41.432478082  
5.47029732373  10.2807298446  14.0319394896  16.655369495  18.3185573483  19.2831061381  19.7985838096  20.0539557921  20.1718028814  20.2226657193  20.2432667095  20.2511150909  20.2539147316  20.2547821964  
2.45575545906  4.63177183775  6.35028161103  7.57029611464  8.35574794373  8.81798131053  9.06832753576  9.19382844657  9.25234545218  9.27782797877  9.28822854998  9.29221681202  9.29364725674  9.2940922838  
1.04178182015  1.96989864049  2.70972677093  3.24095669289  3.5870979005  3.79320173447  3.9060531675  3.96318792639  3.99006235267  4.00185552588  4.00670099558  4.00856973299  4.00924321387  4.00945349866  
0.417774193691  0.79144697534  1.09139991717  1.30867469294  1.45159518744  1.53750212699  1.58496335321  1.60919068323  1.62067109095  1.62574210558  1.62783763263  1.628649839  1.62894378667  1.62903585859  
0.158512719879  0.300716920896  0.415478974305  0.499179372716  0.554653446627  0.588254090732  0.606954854715  0.616566674138  0.621149852753  0.623185614858  0.624031018401  0.624360098555  0.624479631626  0.624517175476  
0.0569725172221  0.108201099969  0.149716475887  0.180159696782  0.200459263821  0.212831656677  0.219759657981  0.223340960075  0.225057619962  0.225823746617  0.22614324112  0.226268065556  0.22631354828  0.226327867648  
0.0194242708503  0.0369216415863  0.0511481993265  0.0616258188876  0.0686466956633  0.0729477794697  0.0753683601097  0.076625632449  0.0772309630652  0.0775021999904  0.0776157175798  0.0776602074724  0.0776764617739  0.0776815894497  
