493.443573272  684.60721656  771.208178019  815.935712967  841.381187926  856.837705127  866.630110914  872.994046602  877.18531837  879.954033373  881.766909645  882.919944402  883.598967331  883.913170573  
289.436879841  474.311132824  585.077171824  652.17878132  693.995310416  720.780199038  738.302376857  749.923031155  757.679757285  762.851217963  766.259336039  768.436852936  769.723108574  770.319350152  
190.515767543  339.158338898  444.136775108  515.694237757  564.052245428  596.777834689  619.003932114  634.131714437  644.416137957  651.363698132  655.986203278  658.959879533  660.724614756  661.544885755  
134.212363982  249.143282633  338.790121912  405.238409135  453.17429714  487.250441726  511.256681858  528.046652871  539.695241722  547.685096066  553.06199283  556.549987615  558.631929917  559.602950909  
98.1131212902  186.238622062  259.334851964  316.801431567  360.410412968  392.71996527  416.244371751  433.129791092  445.084940601  453.415846421  459.09105662  462.806389299  465.038308947  466.083277113  
73.0514962074  140.441474048  198.573515088  246.212182983  283.78711216  312.581262004  334.150936797  350.001313965  361.440657044  369.536111442  375.118746363  378.807828875  381.038800953  382.087530237  
54.7748287124  106.125865988  151.584160556  189.955881811  221.124337109  245.665780187  264.495880599  278.621603767  288.995463603  296.443844682  301.640877382  305.106718886  307.216581745  308.212372465  
41.0665876532  79.9685546364  115.021839516  145.252587344  170.366018936  190.57352058  206.39098574  218.469841642  227.479041197  234.033556137  238.657203576  241.767524172  243.673002707  244.575830151  
30.6420030414  59.8748095661  86.5478010268  109.919053606  129.673017048  145.846437745  158.717308333  168.696522358  176.241479623  181.796065331  185.75370386  188.437498873  190.091471997  190.878011894  
22.681543948  44.4288766425  64.454153176  82.211624113  97.4243430693  110.054691189  120.244414886  128.247438555  134.370103821  138.92512981  142.199933801  144.437036338  145.823287005  146.484755318  
16.6175283577  32.6095224591  47.4364337129  60.7054888952  72.1944103611  81.8413475102  89.7128858427  95.9631612734  100.793931201  104.421142873  107.049931437  108.857655442  109.983426698  110.522274687  
12.0303382633  23.6401890251  34.4609220718  44.2144297283  52.7313066171  59.9487659362  65.8937203  70.6581648181  74.3730901785  77.1850774975  79.2376001295  80.6574376819  81.545627733  81.971955441  
8.59547495677  16.9084814086  24.6883801528  31.7410050838  37.9417061835  43.2362044656  47.6317170572  51.1822252881  53.9716916503  56.0980976341  57.6599854743  58.7461415772  59.428331877  59.7566098459  
6.05530401773  11.9216367034  17.4297736509  22.4459524245  26.8808895784  30.6914356115  33.8759635327  36.4655855158  38.5134783741  40.0842141304  41.2443528319  42.0549131153  42.5658366048  42.8122561594  
