482.370065114  662.88034261  739.617217412  775.547992586  793.429353756  802.605926165  807.356617387  809.800791847  811.038092348  811.650263891  811.944835198  812.081884567  812.142358245  812.164924211  
268.549549262  433.325695841  525.476610544  575.969287468  603.49509171  618.406083174  626.386781839  630.581563213  632.735780715  633.812350177  634.33414782  634.578214078  634.686330851  634.726777641  
162.078876283  283.351652995  362.966192008  411.875125747  440.725168445  457.220855334  466.385256811  471.330060379  473.917608183  475.228668611  475.870702089  476.173360643  476.308214538  476.358857209  
101.06083341  184.072253036  244.116800351  284.102456994  309.211692115  324.262673139  332.925365396  337.725148393  340.287752974  341.606281002  342.259695239  342.570580472  342.710076405  342.762708207  
63.1618330425  117.618878069  159.461111647  188.948991012  208.378617613  220.489609487  227.680840152  231.764784389  233.988139956  235.14996377  235.732875201  236.012959109  236.139595165  236.187621102  
38.8698460338  73.3138132579  100.827491975  121.009890675  134.804006041  143.678364234  149.089279021  152.23019373  153.971157459  154.894399312  155.363229934  155.590723398  155.694380072  155.733899218  
23.3092113105  44.3119131318  61.5287108372  74.5259273719  83.6602522136  89.6873062714  93.4443708387  95.6670047608  96.9189229062  97.5918588988  97.9374783369  98.1067723359  98.1844934555  98.214278759  
13.5364499442  25.8660474015  36.1551198949  44.0869861461  49.7817264236  53.6159265141  56.0502147002  57.5138114841  58.3498919891  58.8047971068  59.0408775146  59.1575367706  59.2114763689  59.232250333  
7.5845069322  14.5439461474  20.4258482181  25.0314039661  28.3930326416  30.6932687638  32.1758991442  33.0796331944  33.6022415636  33.8896645867  34.0402325053  34.1152367883  34.150145918  34.1636528656  
4.09106557408  7.86469962678  11.083867056  13.6343951507  15.5202195865  16.827513435  17.6807164042  18.2068472651  18.5143204242  18.6850287528  18.7752061357  18.8204552904  18.8416428256  18.8498755608  
2.12174132643  4.08640951076  5.77415713395  7.12355758111  8.13151379546  8.83764977112  9.30329263657  9.59325696358  9.76425554853  9.85997985181  9.91092246775  9.93665159003  9.948764868  9.95348989422  
1.05738322436  2.03934307095  2.8874320395  3.57034466582  4.08463355497  4.44803363905  4.68973386004  4.84149529382  4.93169125628  4.98254642008  5.00978774814  5.02362637414  5.03017355695  5.03273634032  
0.506268781381  0.97748477828  1.38617082401  1.71712570217  1.96800914967  2.14654091738  2.2661375747  2.34175937243  2.38700460828  2.41267490914  2.42650465403  2.4335664337  2.43692205614  2.43823967354  
0.232912689481  0.450083888723  0.639065954743  0.792802004525  0.909971285087  0.993838861793  1.05035955227  1.08631136889  1.10794549139  1.1202865248  1.12696870571  1.13039633833  1.13203142581  1.13267525482  
