468.35727871  635.935442849  701.645613978  728.871123266  740.370246526  745.185857919  747.148241245  747.917282469  748.205098048  748.307566756  748.34220417  748.353310444  748.356674998  748.357582418  
243.762734651  385.657476292  458.287906625  493.357585281  509.564474774  516.731695893  519.754122583  520.965418554  521.425706255  521.591345216  521.647773144  521.665971308  521.671508324  521.67300626  
131.718708266  224.952754691  280.626049439  310.594733756  325.521210639  332.47184658  335.510400472  336.759697199  337.24329975  337.419727012  337.480452562  337.500191601  337.506233923  337.507875682  
70.4557185945  125.185051161  161.051594564  181.875930534  192.866829335  198.212544121  200.626910146  201.644222389  202.045428591  202.193904508  202.245579804  202.262523793  202.267745999  202.269171981  
36.2846861925  65.8858605183  86.4473664701  99.0330314804  105.973512477  109.469931067  111.093501373  111.792700809  112.073233334  112.178473884  112.21550061  112.227747101  112.231547661  112.232590733  
17.7271505926  32.6010731193  43.3302012189  50.147247271  54.0329445641  56.0457935738  57.0021764512  57.4218267969  57.5927748344  57.6577001116  57.680772496  57.6884660099  57.6908693479  57.6915321779  
8.15560919512  15.1178762952  20.2690126887  23.6308919306  25.5957174013  26.6361720116  27.1398940953  27.3644262952  27.4570953409  27.4926737015  27.5054307154  27.509716053  27.5110628101  27.5114359166  
3.5218627257  6.56249984117  8.85212874356  10.3760635332  11.2838923385  11.7730542739  12.0135139277  12.1221104412  12.1674308439  12.1849940256  12.1913409783  12.1934870076  12.1941650736  12.1943536859  
1.42626552935  2.66718434991  3.61345470167  4.25255006684  4.63891541287  4.84998898171  4.95503991834  5.0030002426  5.02320337972  5.03109544645  5.0339667874  5.0349431722  5.03525312716  5.03533965132  
0.541917516138  1.01600447859  1.38088164058  1.63005845788  1.7824358623  1.86660034049  1.90891250488  1.92840365292  1.93667873986  1.9399331722  1.94112406337  1.94153099959  1.94166070679  1.94169702574  
0.193416489809  0.363305055206  0.494969207651  0.585652782451  0.641610271156  0.672791398025  0.688596148966  0.695930645564  0.699064945226  0.700304622741  0.700760474962  0.700916889894  0.700966917995  0.700980962771  
0.0649511593223  0.122173943605  0.166757749706  0.197669361612  0.216880720236  0.227662073871  0.233163483613  0.235732131397  0.236835784315  0.237274379307  0.237436320926  0.23749208143  0.237509967769  0.237515000112  
0.0205595470605  0.0387147088314  0.0529182650582  0.0628177645419  0.069005505971  0.072498037255  0.0742899430544  0.0751308105164  0.0754937296459  0.0756385259444  0.0756921716514  0.0757106968698  0.0757166535157  0.0757183324416  
0.00614630384839  0.0115835859825  0.0158511894903  0.0188379853887  0.0207134955222  0.0217770269026  0.0223251355119  0.0225834052221  0.0226952894993  0.0227400747947  0.0227567141695  0.0227624738875  0.0227643295155  0.0227648532982  
