486.041477514  670.041375294  749.931368624  788.571472544  808.667715396  819.568039764  825.596797198  828.944497003  830.791314791  831.796051457  832.33180956  832.609335926  832.745204389  832.800222451  
275.347190871  446.584477467  544.573646536  600.083067386  631.710288702  649.813456432  660.161161588  666.029442136  669.312714311  671.116541919  672.08520979  672.589582462  672.837422474  672.938015077  
171.047694716  300.845500892  388.163560032  443.69248165  477.955145596  498.663994339  510.952871208  518.107042077  522.185426139  524.456954749  525.689271244  526.335843457  526.655331538  526.785463259  
111.059386543  203.57491495  272.208248778  319.575329735  350.720492825  370.470530334  382.618665318  389.883571861  394.109977592  396.500678037  397.813204058  398.508209339  398.853976656  398.995429338  
73.1008146263  137.005719285  187.386585656  224.213655284  249.645614593  266.430414119  277.089155176  283.626185958  287.5057065  289.735125848  290.974560191  291.637388135  291.96962225  292.10620003  
47.8972677106  90.9229914452  126.193294679  153.043679974  172.292218026  185.414738765  193.978249151  199.350172356  202.597903222  204.492812731  205.55942107  206.135556212  206.426563997  206.546798817  
30.9030916376  59.1251847612  82.8679623018  101.476176239  115.201316238  124.804887759  131.216969301  135.319181832  137.841043697  139.333295874  140.18320584  140.646759027  140.882677605  140.980640759  
19.503122287  37.5055094922  52.9231597372  65.265379519  74.5694915523  81.2164738686  85.7395837969  88.682547354  90.518633034  91.6190288793  92.2526239086  92.6013635963  92.780134826  92.854726887  
11.9893488745  23.1369704819  32.8058010391  40.6686346805  46.6967136444  51.0756250297  54.102540519  56.100489953  57.3631349508  58.1285107141  58.5735928216  58.8206460822  58.9481479311  59.0015901335  
7.15991248029  13.8516730166  19.7097991439  24.530714821  28.2756712896  31.0328236144  32.9636272635  34.2536852701  35.078105454  35.5828879274  35.8790544177  36.0447162875  36.1307456597  36.1669569389  
4.14657166056  8.03678533695  11.4661571027  14.3143077452  16.5499324608  18.2138599878  19.3917143164  20.1868490333  20.6999005211  21.0168191326  21.204243582  21.3098097111  21.3649422058  21.3882382117  
2.32630379999  4.5150716924  6.45489177588  8.07753810171  9.36185633523  10.3262676513  11.0151031143  11.4841986968  11.789399811  11.9793878093  12.0925397293  12.1566697501  12.1903339337  12.2046086031  
1.26344801698  2.45484745294  3.5151642099  4.40718123404  5.11797364124  5.65562744288  6.04254172678  6.3079942746  6.48194240067  6.59095832639  6.65629075951  6.69352479532  6.71316052199  6.72151313043  
0.664072696915  1.29137748571  1.85152551413  2.3249323618  2.70423897221  2.99289328408  3.20193356271  3.34626199304  3.44142493117  3.50141748443  3.53756862402  3.55827387851  3.56923815125  3.57391543808  
