483.295029751  664.680499226  742.201043491  778.796109298  797.210793056  806.793154491  811.836674476  814.48143273  815.849268355  816.542204401  816.884274477  817.047757688  817.121819264  817.150044996  
270.250222758  436.635520326  530.227294814  581.941321272  610.447659479  626.104690133  634.623735058  639.187263415  641.581443134  642.806475238  643.415581848  643.708234654  643.841325448  643.892174306  
164.29682677  287.668175194  369.161775744  419.663459938  449.792163034  467.26067659  477.127039698  482.552632538  485.453033645  486.957639942  487.713486507  488.079475869  488.246880069  488.311079676  
103.49356796  188.806754286  250.91225307  292.644771451  319.156319508  335.274140302  344.706576697  350.033532003  352.939140572  354.469846002  355.248016156  355.628313673  355.803481931  355.870969794  
65.5301084186  122.227895874  166.076378207  197.264673923  218.059244815  231.208568537  239.148907089  243.745837761  246.302928854  247.671170657  248.375435169  248.723028673  248.884354667  248.946826094  
40.9667761343  77.3947149788  106.684675637  128.372495382  143.374940387  153.168407412  159.242344573  162.837238421  164.873508127  165.979371229  166.555547349  166.842747877  166.97708029  167.029371804  
25.0208677946  47.6429860611  66.3096099755  80.5354920557  90.6559231647  97.4329734516  101.730998824  104.323981626  105.81676685  106.638632034  107.071776088  107.289743021  107.392466273  107.432660184  
14.8355000303  28.3941119876  39.7834382335  48.6476534924  55.0906084498  59.4938047392  62.3384428801  64.0829249122  65.1016539621  65.669468931  65.9718914486  66.1254357984  66.1983184568  66.2269773337  
8.50660764388  16.3384103018  23.0012375052  28.2684907065  32.161077437  34.8650383496  36.6387819946  37.7417475918  38.393882157  38.7613580618  38.9589512512  39.060094401  39.10842456  39.1275169323  
4.70595371341  9.06129182591  12.8011596601  15.7928507679  18.0326306013  19.6090224364  20.6562301043  21.3151073435  21.708863712  21.9328859458  22.0543732655  22.1170213149  22.1471400802  22.159089008  
2.50829160303  4.83863692372  6.853691657  8.48037600682  9.7107752192  10.5859990241  11.1735221743  11.5468644954  11.7720446496  11.9012386916  11.9718317564  12.0084774636  12.0261929376  12.0332484963  
1.28714469023  2.48645165444  3.52906830136  4.37676141997  5.02322269646  5.48707542664  5.8011686016  6.00244261145  6.12480517185  6.19552515744  6.23442585323  6.25473971563  6.26460890845  6.268553353  
0.635718731602  1.22938578964  1.74765861577  2.171432106  2.4967557226  2.73185286937  2.89220578499  2.99569578222  3.0590411371  3.09588605332  3.11627249915  3.12697447147  3.13219705804  3.13429098441  
0.302198525829  0.584906983121  0.832536658852  1.03594077527  1.19293760807  1.30706356301  1.38538107599  1.43623328589  1.46754232154  1.48585457619  1.49603920165  1.50141067757  1.50404239096  1.50510052811  
