466.704142404  632.796986387  697.306563838  723.65693468  734.57891959  739.048847733  740.822393837  741.496947196  741.741271828  741.825249854  741.852597155  741.861029519  741.863483658  741.864121747  
240.959049763  380.334832994  450.929353904  484.51520647  499.743701494  506.32501932  509.027456162  510.078680387  510.465310406  510.599642158  510.643730777  510.657404525  510.661401572  510.662444066  
128.516045479  218.87288435  272.221054876  300.495480901  314.305111159  320.587148776  323.26068405  324.327458767  324.727110499  324.867872599  324.914548286  324.929138412  324.933429138  324.934553112  
67.5257892695  119.623192608  153.363238405  172.638488434  182.608608602  187.343501915  189.424558486  190.275296579  190.59993319  190.715900629  190.754778283  190.767035582  190.770664576  190.771619892  
34.0114647098  61.5708726511  80.4831033953  91.867741498  98.0171527462  101.040457969  102.406020568  102.976366119  103.197711727  103.277843621  103.304994025  103.313626796  103.316199976  103.316880739  
16.1886148419  29.6808476467  39.2941994679  45.2990489478  48.6500616872  50.3433318025  51.1255594279  51.4583020231  51.589364623  51.6373849352  51.65381429  51.6590795856  51.6606590349  51.661078883  
7.23140615748  13.3638195726  17.8450203755  20.7194606271  22.3635824053  23.2124871397  23.6119068462  23.7844356095  23.8532611049  23.8787440224  23.8875381893  23.8903766258  23.8912330137  23.8914616471  
3.02308006094  5.61593141296  7.54418858914  8.80532281188  9.54035558094  9.92638842793  10.1107412919  10.1913908941  10.223911077  10.2360606652  10.2402850843  10.2416570948  10.2420731653  10.2421846737  
1.18214588098  2.20394524312  2.97344648104  3.48405824487  3.78600097207  3.94673008228  4.02441696658  4.05876130687  4.07273506785  4.07799570624  4.07983663556  4.08043775819  4.08062086145  4.08067009815  
0.432738689288  0.808847069868  1.09471300538  1.28649327858  1.40118441438  1.46289452942  1.49301398014  1.50644484198  1.5119506139  1.51403670931  1.51477071643  1.51501149349  1.51508511245  1.51510496523  
0.148512078526  0.278111121913  0.377298425242  0.444403580275  0.48489131779  0.50686354452  0.517673037861  0.52252753117  0.524529975737  0.5252927729  0.52556239978  0.525651187255  0.525678420961  0.525685782649  
0.0478731498579  0.0897763445312  0.122016433612  0.143971915716  0.157311800248  0.164601245658  0.168210548385  0.169840938567  0.170516931249  0.170775590328  0.170867367829  0.170897686944  0.170907011221  0.170909536683  
0.0145247156001  0.0272676176719  0.037112159565  0.0438509295345  0.0479682400491  0.0502306329053  0.0513567229383  0.0518678323768  0.0520806476401  0.0521623784718  0.0521914693962  0.0522011050203  0.0522040746994  0.0522048803073  
0.00415648842949  0.00780963823563  0.0106409519357  0.0125869706541  0.0137812917398  0.0144405020243  0.0147700207778  0.0149201667357  0.0149829012898  0.0150070667922  0.0150156901626  0.015018552503  0.0150194361779  0.0150196761968  
