489.495748731  676.817390283  759.779406401  801.1523115  823.587545964  836.414628345  843.971514436  848.48646506  851.192028063  852.804768724  853.753369619  854.296649036  854.588599443  854.715318045  
281.858242586  459.356862446  563.136811429  623.797789208  659.834444036  681.57015406  694.799091815  702.868385891  707.771108671  710.721659101  712.469057887  713.474768461  714.017083372  714.252960584  
179.897193184  318.205287672  413.394427254  475.926047681  516.183157908  541.830855759  558.037614793  568.185169511  574.466388173  578.298020261  580.589996662  581.918894811  582.63923255  582.953539815  
121.340649542  223.743665334  301.522419655  357.026721619  395.138383342  420.629046837  437.33194322  448.077573088  454.866058846  459.07175927  461.617409391  463.106645175  463.919110723  464.275028474  
83.8728457096  158.13763194  218.101639505  263.456433582  296.190390095  318.993481603  334.42842583  344.616400757  351.184116083  355.31850513  357.852634525  359.349629552  360.172172772  360.534111908  
58.323964248  111.377944364  155.925543918  191.032710865  217.352630477  236.304784239  249.496107374  258.406714334  264.260944122  268.003668308  270.326648856  271.712588268  272.479753677  272.818899588  
40.350125451  77.658775466  109.808641085  135.900445684  156.036248823  170.926258751  181.536355046  188.84984456  193.738066173  196.908674811  198.900291778  200.100088967  200.769090972  201.066219472  
27.5803046271  53.3521818861  75.9592894235  94.7024848081  109.491292668  120.662594938  128.779892199  134.473444322  138.337407258  140.876851606  142.489902997  143.470596449  144.02127801  144.266959172  
18.5420052345  35.9931330487  51.4957419963  64.5536977599  75.0345332952  83.0878473595  89.0350139754  93.2688943565  96.1808859894  98.117384167  99.3600534546  100.122024102  100.552716845  100.745685886  
12.2239398487  23.7875765875  34.155267113  42.9930345428  50.1819539884  55.7821850389  59.9736042577  62.995467258  65.0981292624  66.5111180017  67.4262290138  67.9917384637  68.3133375917  68.4579997339  
7.88619172184  15.3744466135  22.1348683347  27.9509016859  32.7320124627  36.4982090215  39.348491839  41.4255829093  42.8854578092  43.8755765154  44.5221205438  44.924493571  45.1545963997  45.2584790009  
4.97168119263  9.70591661727  14.0027652195  17.7260587148  20.8127277988  23.2663542192  25.1405592269  26.518836122  27.4960031917  28.1641218634  28.6036086121  28.8788622399  29.0370665908  29.108727041  
3.05975048188  5.97978461216  8.64108854863  10.9603763031  12.8962494007  14.4466371885  15.6401229189  16.5246264684  17.1564437836  17.5915088206  17.879558215  18.0609935384  18.165750642  18.2133442388  
1.83703393974  3.59323370443  5.19913697563  6.60512249753  7.78523023007  8.73622090484  9.47308566203  10.0228047752  10.4180372435  10.6918857631  10.8742413944  10.9896867162  11.0566154531  11.087105143  
