472.460171489  643.761450451  712.540424586  742.067878937  755.142488574  760.945027837  763.47522729  764.54539821  764.98095795  765.150730068  765.213930786  765.236358988  765.243895944  765.246127226  
250.830768624  399.139232419  477.056103934  516.091080189  535.011771295  543.878910887  547.87931021  549.609222671  550.323944058  550.60547969  550.711090076  550.748781687  550.761501945  550.765278898  
140.001053764  240.750587746  302.618226468  337.232980402  355.338964545  364.281081305  368.465243786  370.321994313  371.103582475  371.415729224  371.534042403  371.576603405  371.591054443  371.595363728  
78.2999026549  140.146960596  181.879733388  207.103736391  221.105254912  228.33647069  231.835350211  233.4276446  234.110866871  234.387769048  234.493928468  234.532460815  234.545635843  234.549584345  
42.6380238991  78.003977427  103.316379444  119.464914083  128.843145982  133.866090984  136.367568479  137.532136486  138.04088149  138.250027095  138.331126063  138.360831698  138.37106256  138.37414485  
22.249849953  41.2273601052  55.3381300051  64.6909456445  70.3114250452  73.4104369517  74.9913664028  75.7420186903  76.0752533712  76.2140512409  76.2684499224  76.2885502134  76.2955218866  76.2976331358  
11.0323939381  20.6047593888  27.9066380558  32.8811048589  35.9489866129  37.6799589444  38.5806541526  39.0155320991  39.2113072569  39.2938075336  39.3264568566  39.338618323  39.3428643414  39.3441564461  
5.17578281973  9.71695465488  13.2429357499  15.6937548682  17.2355022316  18.1214268803  18.5899341208  18.8193386825  18.9238608662  18.9683583435  18.9861205766  18.9927849439  18.9951257148  18.9958412187  
2.29325662369  4.32072643975  5.91501189376  7.03985754836  7.75838461348  8.17731347819  8.40180636739  8.51302488933  8.56421896262  8.58620634519  8.5950496341  8.59838900122  8.599568209  8.599930105  
0.959243048661  1.81191795616  2.48867318334  2.97160127642  3.28379260746  3.46794206324  3.5676956501  3.61760034618  3.64077094361  3.65079797266  3.65485730599  3.65639881242  3.65694572902  3.65711417267  
0.378970912593  0.717181782162  0.98749515922  1.18208092768  1.3090624534  1.3846687387  1.42598921614  1.44682964962  1.45657659623  1.46082183617  1.46255018372  1.46320971822  1.46344468141  1.46351727192  
0.141549984847  0.268254402503  0.370065285668  0.443855834828  0.492372127169  0.521479282612  0.537503329303  0.54564010719  0.549469060906  0.551145900862  0.55183188518  0.55209475544  0.552188737912  0.552217851232  
0.0500492768254  0.0949526840951  0.131184526356  0.157586743459  0.17505072885  0.185593120454  0.191431893617  0.194413506269  0.195823835329  0.196444340983  0.196699230068  0.196797254626  0.196832407585  0.196843322105  
0.0167764780093  0.0318551697667  0.0440619943294  0.0529955733022  0.0589336408277  0.0625364167669  0.06454170808  0.0655705518346  0.0660593176314  0.066275204421  0.0663641946314  0.0663985225293  0.0664108648372  0.0664147044301  
