492.150541221  682.05048853  767.444466107  811.045415663  835.463396168  850.004459985  859.000519679  864.688834073  868.322292096  870.644797636  872.114998752  873.020385254  873.539141639  873.774738065  
286.938508067  469.371067781  577.804983938  642.729804981  682.560996162  707.577019873  723.560460873  733.875634755  740.554503972  744.863749461  747.609705393  749.308678876  750.285240777  750.729584373  
186.977508405  332.162080544  433.837676099  502.312263036  547.858506115  578.078880471  598.125655774  611.404446238  620.162239529  625.888571778  629.573183566  631.86903466  633.195103307  633.800216116  
129.859143392  240.535570906  326.118784191  388.774033817  433.250395002  464.244126506  485.568873245  500.083742281  509.853831731  516.340940182  520.563710108  523.217586169  524.759703696  525.465946992  
93.2055312846  176.534720373  245.04976521  298.240147847  337.948849638  366.783198086  387.284325011  401.604575245  411.44165266  418.078103109  422.451908012  425.226651758  426.849826729  427.596208173  
67.8599898035  130.176146296  183.461880655  226.576798298  260.025558478  285.143126441  303.514222431  316.650590635  325.848872358  332.151405079  336.35695306  339.05071162  340.63749603  341.370247984  
49.5554610842  95.8054106358  136.391284934  170.214783356  197.234631392  218.079371923  233.693259745  245.08988921  253.210123236  258.855441778  262.66753252  265.132329761  266.594280477  267.272259924  
36.0412500995  70.0317216996  100.393602393  126.2449917  147.363714573  164.011507224  176.731804285  186.182445303  193.02120254  197.839109296  201.128785497  203.274856274  204.556212781  205.152890557  
25.985061022  50.6663796392  72.991760987  92.304469446  108.356225659  121.230439749  131.230645989  138.773711375  144.306713629  148.251396624  150.972315815  152.762109046  153.837403298  154.340076504  
18.5135713886  36.1872707795  52.321306328  66.4461470043  78.3450432548  88.0221451788  95.6420783746  101.464144559  105.785485865  108.899046937  111.066448421  112.502980493  113.371003895  113.778251464  
13.0056853948  25.4675477722  36.9223081195  47.0432178302  55.6601538146  62.7474658208  68.3915842374  72.7513344254  76.020538734  78.3980485129  80.0666834801  81.1802400288  81.8566366986  82.1750324427  
8.99407029414  17.6363060257  25.6221607133  32.7290077766  38.8312757736  43.8966136534  47.9686333799  51.1432993234  53.5449654749  55.3058781142  56.5507871718  57.3866968466  57.896854433  58.1377215051  
6.11572614419  12.0050206653  17.4695541882  22.3604531441  26.5888588229  30.1253531151  32.9908065689  35.242466163  36.9589039879  38.2264265086  39.1283160031  39.737236286  40.1104464464  40.2871342085  
4.08534736133  8.02621229754  11.6949024409  14.993620029  17.8615078131  20.2751693763  22.2438369448  23.8012373554  24.9962906193  25.884321488  26.5197941805  26.9509432592  27.2162051452  27.3420941709  
