492.246129832  682.239321181  767.722024172  811.405326179  835.897861665  850.50474795  859.557457494  865.293259292  868.965418019  871.318467963  872.811820046  873.733739653  874.263093359  874.503855056  
287.122664203  469.73486302  578.339712739  643.423189274  683.398013476  708.540846341  724.633424796  735.040084109  741.793510713  746.161600139  748.95215634  750.682980686  751.679958163  752.134252554  
187.237048819  332.674795056  434.591295121  503.289481896  549.038152273  579.437242622  599.637827843  613.045550051  621.908417469  627.717678238  631.465144589  633.805882413  635.160722144  635.77985828  
130.176293532  241.162091344  327.039681132  389.968160523  434.691878232  465.903990798  487.416683354  502.089097369  511.987578407  518.576017462  522.875588855  525.584311179  527.161583323  527.88496127  
93.5599463656  177.234855987  246.078864728  299.5745784  339.559696365  368.638079482  389.349228557  403.845527299  413.826074124  420.575753698  425.035377297  427.871406126  429.53386244  430.299389825  
68.2309057262  130.908878053  184.538890096  227.973350465  261.71139034  287.08434704  305.67523422  318.995837305  328.344257741  334.765281406  339.060634834  341.818524665  343.446414279  344.199200995  
49.9236610784  96.5327763041  137.460404945  171.601101773  198.908104495  220.006354762  235.838413701  247.417917251  255.687178552  261.450108851  265.351337185  267.879787791  269.382536888  270.080401387  
36.390597305  70.7218434279  101.407977074  127.560318442  148.951485484  165.839797719  178.767083295  188.391221919  195.371362671  200.300846543  203.675085054  205.881540907  207.201600441  207.81714182  
26.3034496823  51.2953430036  73.9162398062  93.5032253658  109.803274548  122.896683718  133.085523499  140.786698217  146.448541273  150.494900643  153.292876854  155.137694613  156.248255546  156.768117322  
18.7932638325  36.7397904538  53.1334224986  67.4992002844  79.6162050651  89.4858517654  97.2714806914  103.232427059  107.666936919  110.869804187  113.104886106  114.589746041  115.488743498  115.911087281  
13.2431034152  25.9365553658  37.6116726924  47.9370981503  56.7391694217  63.9899146281  69.7746735668  74.2523006949  77.6175562228  80.0708620953  81.7969373631  82.9515087066  83.6541918552  83.9853990054  
9.18917993441  18.0217347095  26.1886760567  33.4635895738  39.7179951164  44.9176338481  49.1052218756  52.3767480713  54.8573378703  56.6805290105  57.9726329962  58.8422409416  59.3739953638  59.6253880726  
6.27118653063  12.3121236833  17.9209423573  22.9457505162  27.2953716921  30.9388677863  33.8963958762  36.2252229722  38.0045364514  39.3216724355  40.2611580479  40.8969220577  41.2873356549  41.4724077176  
4.20558936969  8.26374287845  12.0440298523  15.4463175496  18.4079559114  20.9043729614  22.9442493637  24.5613278708  25.8050048999  26.7314021306  27.3959471214  27.8478532573  28.126417462  28.2587894257  
