388.194963956  493.32170105  519.493426491  525.309773629  526.451287522  526.649076555  526.67947129  526.683640429  526.684154339  526.684211639  526.684217452  526.684217992  526.684218038  526.684218042  
135.415574898  191.876138143  209.255494328  213.596209671  214.508673255  214.673602975  214.699636189  214.703268812  214.703721463  214.703772262  214.703777434  214.703777915  214.703777956  214.703777959  
40.2487440358  60.1421097692  66.9968346615  68.8360464166  69.2408789555  69.3162774845  69.3284131813  69.3301278564  69.3303431468  69.3303674063  69.3303698797  69.3303701095  69.330370129  69.3303701306  
10.0971648442  15.5194964421  17.5135762803  18.0732769022  18.2002776461  18.2244146557  18.2283509919  18.2289116772  18.2289823848  18.2289903652  18.2289911785  18.2289912539  18.2289912602  18.2289912607  
2.15453878401  3.36535270905  3.82863276964  3.96247882027  3.99346113666  3.9994277229  4.00040881041  4.00054918703  4.00056691985  4.00056892029  4.00056912369  4.00056914248  4.00056914406  4.00056914419  
0.395940949159  0.62448759898  0.714137742864  0.740525054532  0.746711692789  0.747912832323  0.748111228597  0.748139664284  0.748143254647  0.748143658776  0.748143699719  0.748143703482  0.748143703798  0.748143703822  
0.0634672239222  0.100708852839  0.11554989172  0.119969908961  0.121014275228  0.121217930605  0.121251625396  0.121256452419  0.121257060531  0.121257128731  0.121257135607  0.121257136235  0.121257136288  0.121257136292  
0.00897697516298  0.0142987214045  0.0164404953991  0.0170828846362  0.0172352962724  0.017265064113  0.0172699866286  0.0172706902336  0.0172707785506  0.0172707884075  0.0172707893955  0.0172707894852  0.0172707894926  0.0172707894932  
0.00113176971467  0.00180692863182  0.00208023495186  0.00216251038764  0.00218205858252  0.00218587438988  0.00218650396318  0.00218659362314  0.00218660482302  0.00218660606575  0.00218660618949  0.00218660620064  0.00218660620156  0.00218660620163  
0.000128297686023  0.000205109527166  0.000236294420576  0.000245693250511  0.000247924918535  0.000248359554125  0.000248431003731  0.000248441130187  0.000248442387794  0.00024844252641  0.00024844254011  0.000248442541334  0.000248442541434  0.000248442541441  
1.3175673906e-05  2.10773997671e-05  2.42880123119e-05  2.52549502718e-05  2.54840218443e-05  2.55284740783e-05  2.55357466308e-05  2.55367714053e-05  2.55368978281e-05  2.55369116598e-05  2.55369130159e-05  2.55369131361e-05  2.55369131458e-05  2.55369131465e-05  
1.23377702083e-06  1.97392995614e-06  2.27442381035e-06  2.36472223037e-06  2.38603828448e-06  2.39015521761e-06  2.39082490505e-06  2.3909186482e-06  2.39093012798e-06  2.3909313739e-06  2.39093149501e-06  2.39093150564e-06  2.39093150649e-06  2.39093150655e-06  
1.05938820937e-07  1.69444972391e-07  1.95174343991e-07  2.02879634969e-07  2.04690180535e-07  2.05037892083e-07  2.05094083707e-07  2.05101892008e-07  2.05102840587e-07  2.05102942656e-07  2.05102952486e-07  2.05102953341e-07  2.05102953409e-07  2.05102953414e-07  
8.38227916332e-09  1.33992052783e-08  1.54255333054e-08  1.60297048271e-08  1.61708904202e-08  1.61978306671e-08  1.62021528744e-08  1.62027487261e-08  1.62028204949e-08  1.62028281473e-08  1.62028288773e-08  1.62028289402e-08  1.62028289451e-08  1.62028289454e-08  
