491.409169446  680.586891907  765.29546596  808.262755652  832.110062503  846.15052412  854.71897906  860.051881855  863.398348146  865.49650492  866.79825671  867.584375843  868.027216545  868.225979992  
285.513136521  466.557136783  573.673286575  637.3798242  676.113829982  700.167388504  715.328710107  724.96056408  731.087658346  734.965567142  737.38765949  738.857327407  739.687932438  740.061460267  
184.975481837  328.209732255  428.034439339  494.797867751  538.803041994  567.671570468  586.563624403  598.882646213  606.865434222  611.985924588  615.215647609  617.189423064  618.310485044  618.816132118  
127.42431669  235.728799748  319.060997029  379.635167063  422.237307966  451.586948051  471.507342057  484.854955905  493.682495808  499.432788157  503.102328601  505.364500445  506.657291398  507.242565655  
90.5011052564  171.195712986  237.210494331  288.089365605  325.716319337  352.724529178  371.665800985  384.689546222  393.479705013  399.297750567  403.057065504  405.396730304  406.742969749  407.354986699  
65.0505007095  124.629725766  175.318063919  216.031669329  247.317805568  270.538288182  287.28892631  299.078417096  307.189103733  312.641432765  316.20861435  318.450388235  319.749476094  320.342642411  
46.7906649908  90.3472214302  128.377017325  159.837400979  184.729024367  203.706853612  217.726056222  227.797228313  234.847162535  239.655796553  242.839670842  244.859669398  246.038497313  246.579110147  
33.4440026392  64.9043022096  92.8650033291  116.496481809  135.615948213  150.509960807  161.732205861  169.93770674  175.771018532  179.802938174  182.502462733  184.230685458  185.246073466  185.713707526  
23.6443284842  46.0453648553  66.206715677  83.5187583205  97.7687090528  109.062348608  117.712450647  124.133344492  128.760196516  131.996513308  134.185560983  135.598769971  136.434360653  136.820733379  
16.4826743528  32.1779249034  46.4343745691  58.8233688408  69.1589552463  77.4646934485  83.9132256876  88.7616522718  92.2967810791  94.7957339277  96.5016605389  97.611451185  98.2714967047  98.5778365165  
11.3050030337  22.1101029611  31.9925631344  40.6598648805  47.9676746344  53.9065958778  58.5697723961  62.114186416  64.7250067337  66.5878350021  67.8700236867  68.7099613429  69.2121934909  69.4460871301  
7.61687484325  14.9174806298  21.630101343  27.5598292353  32.6019768828  36.737355413  40.0150134319  42.5294230566  44.3979310717  45.742054651  46.6740188388  47.2883510104  47.6574693447  47.8299061382  
5.03562265598  9.87270657879  14.3386703048  18.3063793341  21.7033537559  24.5104983207  26.7529475854  28.4867784434  29.7850676918  30.7257075099  31.3821574777  31.817296362  32.0798904073  32.202908709  
3.26391968292  6.40456943735  9.31383816164  11.9104606806  14.1460359028  16.0050180819  17.4998823992  18.663466042  19.5405100533  20.1799403053  20.6287510109  20.9277353221  21.108870935  21.1939429653  
