493.011954233  683.753202694  769.949644224  814.298101727  839.396035325  854.540932679  864.060256807  870.190604834  874.187329854  876.799034581  878.490298153  879.554773282  880.176136722  880.461948602  
288.601164851  472.657563175  582.640357682  649.007985527  690.151594468  716.333115642  733.326545162  744.494920897  751.87496083  756.742414611  759.915063589  761.921109575  763.09572383  763.636993542  
189.328078403  336.808343354  440.673660401  511.188015159  558.589694119  590.457801237  611.932463229  626.417486637  636.166580634  642.682100473  646.969968451  649.699958931  651.30603523  652.048183125  
132.744007349  246.237950838  334.508626646  399.667307395  446.420876444  479.436908635  502.514144374  518.509469948  529.496230066  536.951953341  541.915139285  545.101866677  546.987660087  547.862098128  
96.4474720083  182.942922114  254.47808507  310.481786356  352.749594178  383.856601191  406.327187859  422.311200159  433.515605339  441.240622034  446.446542434  449.820135436  451.829555926  452.764966498  
71.2761693991  136.928763931  193.396949284  239.476417575  275.621868029  303.134297867  323.580773064  338.470400533  349.109577747  356.55925935  361.6417142  364.966563537  366.960391945  367.892352903  
52.9741600411  102.563014763  146.333705819  183.123976014  212.84255556  236.083993427  253.774874041  266.926147687  276.488434654  283.281839371  287.971565236  291.067985001  292.937326645  293.814686148  
39.3153001892  76.5034115015  109.91537658  138.608048702  162.311374652  181.254534126  195.964035651  207.095181229  215.315081053  221.232597797  225.362865277  228.113907024  229.785468803  230.573117242  
29.000671382  56.6272290351  81.7619554696  103.69170777  122.124109537  137.112583298  148.94506976  158.036093117  164.841325061  169.798924101  173.294175306  175.641261669  177.076013602  177.754610717  
21.1941347  41.4858520917  60.1171239204  76.5682833296  90.5833848996  102.13992193  111.388655473  118.58679923  124.039127686  128.053169099  130.908963534  132.840946345  134.028543172  134.592196133  
15.310968544  30.0243321961  43.6267346918  55.7483147842  66.1852426667  74.888942353  81.9339174215  87.4771923283  91.7191468146  94.8711672358  97.1319073316  98.671622459  99.6229022792  100.075832488  
10.9157967334  21.4349317607  31.2111187634  39.9857954371  47.6052933532  54.0181493286  59.2580299134  63.4193934745  66.6320545263  69.038702496  70.7772807876  71.968508755  72.7078595558  73.0609005612  
7.67087223744  15.0790423563  21.9924080524  28.2330182729  33.6892783401  38.3163030447  42.126912036  45.1771294253  47.5499410916  49.3400990787  50.6415571085  51.5380732365  52.0967965413  52.3642809938  
5.3085038665  10.4440025069  15.2522444519  19.6125646416  23.4462246355  26.7176621983  29.4297751267  31.6153249471  33.3266989002  34.625859745  35.5756605532  36.2330578093  36.6442634891  36.8415834728  
