493.125108919  683.977039187  770.279374652  814.726921066  839.915526031  855.141532416  864.731741099  870.9225382  874.969446046  877.621517486  879.343947823  880.431054561  881.06711977  881.360160199  
288.820089133  473.090627296  583.278298226  649.837636383  691.156669702  717.495114457  734.625685735  745.911013224  753.388142399  758.333693892  761.56664124  763.616472525  764.819530196  765.374784917  
189.638804952  337.423005544  441.579109999  512.365564592  560.016227696  592.107059656  613.776369068  628.427383268  638.314276427  644.940640203  649.314089196  652.106223593  653.752669152  654.514665698  
133.127470181  246.996495615  335.626026728  401.120499923  448.181333801  481.472223753  504.789666619  520.989834135  532.146645161  539.739154472  544.807950355  548.071365103  550.006975125  550.905906802  
96.8814504188  183.801393512  255.742684303  312.126411194  354.741957604  386.160025722  408.902457102  425.118289384  436.515140044  444.394955416  449.720392106  453.180769826  455.246565948  456.209694976  
71.7374156795  137.841174458  194.741003825  241.224372309  277.739405575  305.582434576  326.317827126  341.453831464  352.297536717  359.911734409  365.121206996  368.538287367  370.592028973  371.553447598  
53.4404285865  103.485359303  147.692392201  184.890956508  214.983137102  238.558765948  256.541700262  269.942022838  279.711053835  286.670755307  291.488872362  294.67851959  296.60842126  297.515556313  
39.7670374406  77.3970102818  111.231716221  140.319953553  164.385230611  183.652157173  198.644599912  210.017020975  218.437209371  224.515828339  228.770475018  231.611830066  233.342058346  234.158551186  
29.4222029844  57.461075995  82.9902740177  105.289137231  124.059281064  139.349863777  151.44636126  160.762514638  167.75462983  172.86254639  176.473848868  178.905200499  180.394689667  181.100199123  
21.574279987  42.2378304081  61.2248417917  78.008867866  92.328544692  104.157520058  113.64433258  121.045490411  126.666340791  130.815928863  133.776369276  135.784334896  137.021288289  137.60920794  
15.6431035907  30.6813389863  44.5945507092  57.0069537941  67.7099840195  76.651705636  83.9046808392  89.6253182509  94.0144988054  97.2849350136  99.6370940289  101.243186892  102.237583546  102.711712449  
11.1974597762  21.9920975173  32.0318602491  41.0531616635  48.898318162  55.5130174313  60.9292799987  65.2410425435  68.5785453235  71.0856031789  72.9016981312  74.1492087248  74.9251184299  75.2961337276  
7.90304964999  15.5383184759  22.6689500729  29.1128516396  34.7551185722  39.5485171647  43.5045105408  46.6786932817  49.1544028463  51.0273196641  52.3926664439  53.3355695481  53.9244235244  54.2067216757  
5.49474881153  10.8124178349  15.7949415089  20.3183320425  24.3011957244  27.7060864916  30.5348142452  32.8197963894  34.6137027377  35.9792413706  36.980283893  37.6748849345  38.1102559791  38.3194567123  
