492.002654009  681.758397203  767.015264536  810.489098349  834.792173441  849.231979932  858.141083696  863.75668606  867.331044557  869.607035416  871.042077097  871.922417068  872.42515155  872.652949009  
286.653765429  468.808674118  576.978598109  641.658670824  681.268623915  706.08968801  721.905705675  732.080881677  738.645962634  742.865650675  745.54391236  747.194662662  748.140376989  748.569704968  
186.576603294  331.370255373  432.674162634  500.804156654  546.038909181  575.984792838  595.795848051  608.877532711  617.47512231  623.075366554  626.664672202  628.892630724  630.175269827  630.759242587  
129.369926926  239.569323169  324.698974497  386.933727652  431.029988187  461.688770793  482.725880879  497.000234277  506.574839196  512.908093414  517.014570644  519.585604802  521.074730365  521.755179066  
92.6598006542  175.45685285  243.465942962  296.187258279  335.471957479  363.932673251  384.112947036  398.164909658  407.783932841  414.248767911  418.492856709  421.175197323  422.739264775  423.456874959  
67.2900835029  129.05053079  181.807900117  224.432977031  257.438960609  282.16635611  300.202399568  313.058610808  322.029194636  328.152524823  332.222623932  334.819896933  336.344963097  337.047673206  
48.9911647655  94.6908766958  134.753590876  168.092077528  194.673518188  215.131940995  230.414091094  241.533339672  249.428135916  254.896033829  258.574024881  260.943299163  262.344148163  262.992386118  
35.5074092405  68.9773413925  98.8443014657  124.236863158  144.940851401  161.223191378  173.629672935  182.817923393  189.443430234  194.093511319  197.256342529  199.312059726  200.535621994  201.10416848  
25.5001286797  49.708599247  71.5844070546  90.4803319096  106.155361822  118.697620249  128.412780147  135.7175146  141.056824522  144.849077335  147.45479027  149.162522064  150.185326986  150.662451343  
18.0891338723  35.3489740028  51.0895240371  64.8495821637  76.4187599083  85.8053324796  93.1757966324  98.7892832604  102.941115452  105.921281242  107.987865528  109.352587141  110.17467895  110.559569881  
12.646846608  24.7588149002  35.8809085706  45.6934216856  54.0316093879  60.8733087583  66.3065314668  70.48995743  73.6158698741  75.8806192212  77.4640347139  78.5168923422  79.1544654069  79.453964493  
8.70046543381  17.0564161476  24.7700836664  31.6246044705  37.4988078879  42.3631960335  46.262674084  49.293086495  51.5775268464  53.2461940055  54.4213900063  55.2076468175  55.6860466703  55.9114564908  
5.88288896409  11.5451521921  16.7938363443  21.4846387153  25.5321907522  28.9093368183  31.6379724995  33.7752488989  35.3987376327  36.5931205382  37.4397377293  38.0092916901  38.3573239463  38.5217572117  
3.90616740643  7.67232116825  11.1749067739  14.319644457  17.048363001  19.3394069357  21.2027968778  22.6721852394  23.7957213478  24.6274789211  25.2204268333  25.6212896602  25.8671815723  25.9836430758  
