482.845002825  663.804327363  740.942694843  777.213050384  795.366245664  804.748900751  809.647669498  812.192774653  813.495393911  814.14773208  814.465770204  814.615790032  814.682887727  814.708199073  
269.421785922  435.022614801  527.910867805  579.027169419  607.052172475  622.341604212  630.594215126  634.974325889  637.24847623  638.398792416  638.96367317  639.23155072  639.351827259  639.397313555  
163.214250659  285.560489459  366.134776982  415.85541901  445.355190019  462.343407088  471.861673396  477.047646323  479.791250489  481.198261646  481.896344666  482.229977853  482.380648192  482.43784539  
102.302867946  186.488575937  247.582985888  288.456525329  314.276420482  329.866082201  338.915763535  343.97926512  346.712498485  348.135924381  348.850606696  349.19534596  349.35212645  349.411920491  
64.3668926033  119.963246026  162.824029939  193.173262089  213.29226262  225.925752139  233.492305068  237.831985475  240.220781998  241.48429876  242.126596601  242.439489255  242.582873501  242.637838571  
39.932501891  75.3811206068  103.792924229  124.73478431  139.1366713  148.471627126  154.213356575  157.579647107  159.466386545  160.47921702  161.00035505  161.256740487  161.375143073  161.420770863  
24.1725141931  45.9913742734  63.9377514157  77.5518571309  87.1798062469  93.5809035519  97.6065759942  100.012173876  101.382412135  102.128047932  102.516104291  102.708832754  102.798511698  102.833249802  
14.1881191148  27.1337797247  37.9735296776  46.3709744752  52.4382187863  56.5546422389  59.1915657091  60.7931615629  61.7184643314  62.2281772856  62.4962422598  62.6305592622  62.6935067344  62.7180109382  
8.04430043534  15.4383962928  21.7087969002  26.6427819377  30.2671486491  32.7664129988  34.3919175718  35.3929307767  35.9784188419  36.3044574943  36.4775540951  36.5649921111  36.6062423673  36.622374666  
4.39564745838  8.45720138539  11.9336944352  14.7017371056  16.7615447021  18.2006102645  19.1483869919  19.7388951553  20.0879696396  20.2842186413  20.3892919785  20.4427596436  20.4681372805  20.4781043924  
2.31184449036  4.45620922737  6.3045462755  7.78967532963  8.90617986481  9.6945127097  10.21913573  10.549238079  10.7461668079  10.8578055943  10.9180267806  10.9488733547  10.9635948349  10.9693991802  
1.16950737438  2.25744900289  3.2002427499  3.96318890775  4.5414736722  4.95332396921  5.22978115416  5.40518937752  5.51065703284  5.57088194364  5.6035841048  5.62043344238  5.62851454568  5.63171191983  
0.568921003248  1.09935436705  1.56095203481  1.9366157706  2.22324276133  2.42882953274  2.56782982319  2.65664896709  2.71041459737  2.74131060167  2.75818479752  2.76692440413  2.77113453815  2.77280556983  
0.266153827617  0.514742268301  0.73179348835  0.909243888517  1.04536867291  1.14358079351  1.21038651869  1.25333153502  1.27947901524  1.29458712486  1.30288072997  1.30719606432  1.30928307689  1.31011375944  
