491.046749795  679.872035209  764.247316524  806.908091695  830.481267835  844.283320218  852.650187948  857.817457723  861.031852629  863.028123365  864.25437669  864.98768692  865.397248045  865.579971374  
284.818224093  465.186453263  571.66354055  634.782361933  672.99074611  696.587177295  711.361975796  720.676246555  726.550109569  730.232664912  732.509999323  733.878413885  734.645210433  734.987983877  
184.003814342  326.293162841  425.224298004  491.165952305  534.436179416  562.665535846  581.017142541  592.892113935  600.520832341  605.368180479  608.395505341  610.227711109  611.259558368  611.722205947  
126.25000263  233.412521055  315.664792043  375.245811535  416.959741507  445.536924163  464.804178185  477.615154659  486.014804181  491.43501006  494.859959529  496.951051272  498.136031511  498.669343729  
89.2072481255  168.643643723  233.468571176  283.253203742  319.901547237  346.058689488  364.280361748  376.712872213  385.031613739  390.486000355  393.975851412  396.127041245  397.354509479  397.909282137  
63.7195393618  122.004473349  171.468844642  211.056847635  241.336333593  263.68137321  279.691811902  290.873152184  298.498942188  303.577220807  306.867243625  308.915163634  310.092092338  310.626382012  
45.4959737993  87.7935135456  124.632707006  154.998180462  178.910613096  197.036891416  210.336107286  219.815746537  226.394043365  230.838862881  233.753168572  235.584625763  236.644644187  237.12799542  
32.2438769142  62.5371233098  89.3941953439  112.010756391  130.222582  144.327279301  154.882170225  162.539392144  167.935563551  171.630287392  174.079972567  175.63345685  176.538735336  176.953301504  
22.5788885348  43.9438496454  63.1254383145  79.5364835376  92.9806836702  103.573627491  111.631314248  117.565508272  121.80432677  124.74133538  126.708621914  127.966734408  128.704594777  129.043866495  
15.5736171508  30.3848686631  43.8053734068  55.4256349895  65.0737643785  72.7816888791  78.7248009262  83.1580095861  86.3621051392  88.6057245097  90.1224771309  91.0999659901  91.6766466708  91.9428095201  
10.5576520456  20.6360049227  29.8312300065  37.8665605323  44.6092252206  50.0567060075  54.304405901  57.5075032058  59.846216762  61.4991698974  62.6258694051  63.35706664  63.7907819796  63.9916550973  
7.02370738621  13.7475016884  19.9146763627  25.3428273149  29.9364444588  33.6817976815  36.6297272019  38.8732712496  40.5258454563  41.7034259714  42.5120086753  43.0400576497  43.3548108721  43.5010478  
4.58040357456  8.97482289426  13.0221972355  16.6049890888  19.6577619337  22.1656092627  24.155039329  25.6810268469  26.8136297087  27.6264857383  28.1882722778  28.5572134895  28.7780991109  28.8810175121  
2.92569754254  5.7374547982  8.3357219472  10.6463652257  12.6262169768  14.2628432262  15.5697387968  16.5789205708  17.3328849993  17.8773954595  18.2558916351  18.5057072481  18.6558646846  18.7260081963  
