493.305759242  684.33447249  770.806097156  815.412267496  840.746278682  856.102638477  865.807055288  872.095519913  876.223750511  878.941436623  880.714675898  881.8387737  882.498918652  882.80381446  
289.169849268  473.782659824  584.298094109  651.164546127  692.765101979  719.355924969  736.707615081  748.182036693  755.816614541  760.889202077  764.220520002  766.341969111  767.591647129  768.16985481  
190.135821963  338.40639905  443.028261842  514.251130723  562.301841537  594.751305803  616.734826623  631.654544001  641.765171292  648.572052287  653.085284614  655.979186711  657.691878823  658.486490999  
133.741852017  248.212105682  337.417377274  403.451316516  451.006661061  484.740865295  508.446711047  524.979026292  536.412396819  544.228043745  549.46962519  552.858834004  554.876330466  555.81557778  
97.5782537102  185.180081224  257.774348176  314.769908812  357.946300843  389.867148257  413.050079507  429.642608682  441.35311027  449.485988251  455.007381566  458.610421927  460.769084787  461.777935318  
72.479931199  139.310307043  196.905947147  244.041282761  281.153947699  309.532730442  330.737509684  346.274910792  357.452830362  365.336679676  370.754952856  374.32404566  376.476739755  377.486875941  
54.1933360091  104.975052155  149.887631081  187.747281644  218.445449749  242.564319416  261.023196366  274.830518554  284.938425862  292.171537822  297.201364203  300.545140277  302.575371484  303.531901863  
40.4990604715  78.8453803931  113.366058391  143.097038398  167.751484562  187.546570961  203.001739525  214.769854024  223.519501519  229.86393019  234.324398587  237.315594811  239.14336088  240.007874358  
30.1080086759  58.8179999303  84.9898566719  107.890875553  127.212980576  142.998363873  155.528356485  165.215202961  172.515958013  177.872884181  181.676997499  184.24871675  185.829576234  186.580069667  
22.1955055618  43.4669759484  63.0361254206  80.3655975314  95.1852491857  107.462418131  117.34188898  125.078815125  130.979223228  135.35435451  138.489433224  140.624535275  141.944245572  142.572908355  
16.1885318066  31.7605120709  46.1848302837  59.0761217591  70.2181139596  79.5533311055  87.1510399416  93.1664604906  97.8010713093  101.269514253  103.774987878  105.492692145  106.559739271  107.069635446  
11.6624758  22.9121675813  33.3876814787  42.8172631237  51.0366567296  57.9868268149  63.6969847845  68.260054754  71.8067875185  74.4826439499  76.4294359084  77.7720912208  78.6099321706  79.0114372352  
8.28858352885  16.301125995  23.7930258244  30.5754176649  36.5279477926  41.5994667212  45.7991090295  49.1816305236  51.8307928534  53.8436421477  55.3173337379  56.3391084496  56.9793006306  57.2868732287  
5.80593350442  11.4281190872  16.7022389116  21.4988381813  25.7321246759  29.3614917768  32.3868702683  34.840001158  36.7738974406  38.2523704026  39.3408524445  40.0991056819  40.5759079596  40.8055056448  
