480.174708478  658.618467309  733.52383459  767.925596548  784.603765282  792.887137475  797.011662687  799.040837078  800.017794053  800.475199883  800.682548384  800.773135562  800.810694266  800.82401368  
264.545155211  425.551918876  514.362129227  562.065872235  587.397058173  600.678870069  607.517465879  610.955311713  612.63468411  613.428977602  613.791692605  613.951019383  614.01734358  614.040926597  
156.924877209  273.346149105  348.660953676  393.980354512  420.005818811  434.404703905  442.09921018  446.069850359  448.046293316  448.994085258  449.43139604  449.625006506  449.70608038  449.735022615  
95.5097646282  173.295936083  228.709550552  264.829228568  286.896401085  299.689177271  306.76886446  310.519548724  312.424059699  313.351399356  313.784363873  313.977827912  314.059416326  314.088682834  
57.8808912174  107.36698608  144.80370723  170.613849565  187.149595897  197.112436014  202.79785279  205.883887866  207.481283698  208.271035228  208.644278528  208.812688908  208.884254285  208.9100603  
34.3212042813  64.4835622319  88.2027052605  105.217470909  116.519148988  123.543404779  127.657477699  129.939003798  131.140921383  131.743767952  132.032060403  132.163400626  132.219642688  132.240031734  
19.7127049285  37.3300612288  51.5466714792  62.0394205292  69.2031716715  73.7675454762  76.4993753694  78.0426396965  78.8684490451  79.2881308038  79.4910535146  79.5843529765  79.6246022347  79.63926967  
10.9029143687  20.7536184412  28.8458618195  34.9439238777  39.195829047  41.9591096709  43.6427932671  44.6090289018  45.1331762272  45.4026979512  45.5343305697  45.5953689663  45.6218844936  45.6315948979  
5.78744976324  11.0553706678  15.4382525341  18.792533085  21.1696935624  22.7392558718  23.7097842204  24.2742113597  24.5840277777  24.744996187  24.8243229146  24.8613925126  24.8775991737  24.8835615056  
2.94288640222  5.63578273106  7.89722075135  9.64832720247  10.9052124792  11.74572799  12.2718009548  12.5811963203  12.752755876  12.8427016621  12.8873832093  12.9084086477  12.9176544193  12.9210701226  
1.43222431715  2.74788281789  3.86050200776  4.72985432696  5.3601511907  5.78601428718  6.05524616305  6.21508963109  6.3044961475  6.3517407365  6.37537571526  6.38656652079  6.39151334665  6.39334778694  
0.66693128509  1.2813812238  1.80380351602  2.21489745268  2.51535250748  2.72006802752  2.8505713186  2.92867074958  2.97268069339  2.99609578404  3.00788210982  3.01349344003  3.01598547424  3.01691273388  
0.297197956125  0.571629891751  0.805940912336  0.991358074374  1.12775528474  1.2213323004  1.28140145804  1.31759240614  1.33811658528  1.34910093635  1.35465996785  1.35731938046  1.3585053376  1.35894795304  
0.12679126981  0.244078841248  0.344553774985  0.424422210127  0.483486769874  0.524240110661  0.550552869332  0.566496603484  0.575587819067  0.580478254234  0.582964907279  0.584159572695  0.584694279575  0.584894374047  
