491.743385753  681.246481472  766.263440029  809.515281125  833.618197615  847.882172209  856.640833527  862.131158812  865.604152386  867.800737412  869.176035347  870.013995392  870.489713179  870.704389465  
286.155065616  467.824009769  575.532472488  639.785545945  679.010498188  703.493354266  719.020000784  728.954211286  735.324321597  739.391276899  741.954625254  743.523860744  744.417610513  744.821700965  
185.875617411  329.986185299  430.641452001  498.171247742  542.864837756  572.335333721  591.739648892  604.482634533  612.806176892  618.191744216  621.619531959  623.732917004  624.942517481  625.49101783  
128.516504151  237.884273319  322.224233357  383.728274421  427.165699438  457.245727433  477.787660818  491.649676054  500.890654104  506.962561774  510.872409828  513.303965378  514.704176353  515.341442421  
91.7106097391  173.582714118  240.713500962  292.622114398  331.174058085  358.991089431  378.620638506  392.214012616  401.461991703  407.636173033  411.66158548  414.188810085  415.653995344  416.323582274  
66.3024176712  127.100426884  178.943897038  220.723340034  252.966881783  277.024521778  294.487541297  306.866601774  315.451128346  321.272048925  325.114630409  327.550518122  328.972706738  329.625453569  
48.0173697388  92.7681623954  131.929818754  164.434559633  190.264284225  210.062381158  224.779582839  235.428412385  242.942604396  248.112369481  251.566064461  253.776241145  255.075672245  255.674656233  
34.5906568783  67.1672577395  96.1859489361  120.79361678  140.78994222  156.450662176  168.325318921  177.070739512  183.337970803  187.707415146  190.659117456  192.565079542  193.693180775  194.215366724  
24.6719356698  48.0733743247  69.1828642134  87.3697301495  102.405478155  114.386191745  123.620932529  130.525648722  135.541327329  139.080085988  141.495094279  143.067560823  144.004142694  144.439393397  
17.36867491  33.9264669163  49.0003911179  62.1436398468  73.1567147403  82.0548151612  89.0073844603  94.2729211108  98.143254257  100.902932901  102.803648018  104.050722693  104.797823419  105.146295877  
12.0418125547  23.5642102826  34.1264848237  43.4210195586  51.29221548  57.7237241006  62.8060304608  66.6972816735  69.5868247775  71.6664404858  73.1105865712  74.0646663215  74.6392772101  74.9081999257  
8.20902163047  16.0860908784  23.3450464494  29.7788455805  35.2737467838  39.8049746385  43.419442319  46.2125600019  48.30503455  49.823351221  50.8854473352  51.5914894081  52.0187605953  52.2193411293  
5.49621580806  10.7816917522  15.6726085717  20.0323915813  23.7815179225  26.8965473415  29.4009544741  31.3515474497  32.8240184831  33.9001259541  34.6577743355  35.1642301111  35.4720447229  35.6169476629  
3.61110152322  7.08973458293  10.3193159466  13.211463785  15.7124679378  17.8035078542  19.4958083991  20.8227592199  21.8310742614  22.5725951162  23.0976677839  23.4503938731  23.6656050946  23.7671678235  
