457.912531304  616.248689952  674.706268196  696.863191031  705.190478358  708.217843205  709.266125994  709.608860906  709.714206812  709.74459753  709.752825917  709.754918627  709.755418496  709.755526585  
226.472921458  353.067262513  413.688422495  440.362798134  451.314092978  455.51695373  457.023322154  457.527189337  457.684502477  457.730389413  457.742913515  457.746117732  457.746886518  457.747053293  
112.713618532  189.126581654  231.592760435  252.324434001  261.464924929  265.149712852  266.516671666  266.985275249  267.134213136  267.178234391  267.190369027  267.193497109  267.194251973  267.194416421  
53.9221272965  94.014619085  118.384030077  131.162258432  137.109103078  139.605042772  140.559214367  140.893770039  141.001933862  141.0343235  141.043342094  141.045685136  141.046253993  141.046378476  
24.198981486  43.0980404926  55.2486654078  61.9435873177  65.187604277  66.593205781  67.1440809203  67.341009184  67.405647325  67.4252338178  67.4307384901  67.4321791289  67.432530913  67.4326082233  
10.0729825904  18.1668831227  23.5642913264  26.6438704221  28.181681418  28.8647660491  29.1379140407  29.2371469211  29.2701406342  29.2802415869  29.2831037471  29.2838577031  29.2840427576  29.2840835823  
3.87293292951  7.04031798219  9.20520179452  10.4717303749  11.1186430326  11.4116088148  11.5306594859  11.574484673  11.5892133208  11.5937617877  11.5950596562  11.5954034588  11.5954882168  11.5955069767  
1.37486840638  2.51234780683  3.30327316523  3.77453282885  4.01940064378  4.1319783364  4.17831686197  4.19555884837  4.20140487808  4.203223293  4.20374519689  4.20388409509  4.20391846406  4.20392609173  
0.451313152129  0.827671120173  1.092602891  1.2526180362  1.33685900206  1.37604832276  1.39234488467  1.3984612665  1.40055003383  1.40120359104  1.40139206703  1.40144241918  1.40145491547  1.40145769484  
0.13732872986  0.252495153521  0.334298780013  0.384215825752  0.410761855739  0.423226083218  0.4284515278  0.43042637831  0.431104719613  0.431317980326  0.431379718442  0.431396262267  0.431400377672  0.431401294512  
0.0388478579133  0.0715601773416  0.094952827833  0.109339138111  0.117050059771  0.120697050907  0.122235892647  0.12282069389  0.12302249982  0.123086185707  0.123104678495  0.123109645653  0.123110883442  0.123111159527  
0.0102473172576  0.0189025502087  0.0251235275242  0.0289724557018  0.0310480925746  0.0320354335016  0.032454170214  0.0326139998643  0.0326693564268  0.0326868776501  0.032691977223  0.0326933493699  0.0326936917258  0.0326937681462  
0.0025281168632  0.00466837311698  0.0062126915596  0.00717261827759  0.00769275949342  0.00794129466979  0.00804712261857  0.00808765519288  0.0081017333037  0.00810619929518  0.00810750135907  0.00810785213622  0.0081079397251  0.00810795928438  
0.000585045216212  0.0010812037825  0.00144028459075  0.00166429015888  0.00178612034241  0.00184453764903  0.0018694895336  0.00187907139919  0.00188240656074  0.00188346631545  0.00188377565489  0.00188385905489  0.00188387988777  0.00188388454022  
