493.162016048  684.0500553  770.386953781  814.866864413  840.085111123  855.337662583  864.951099989  871.161734521  875.225135941  877.890495384  879.623200666  880.717778501  881.358702195  881.654133083  
288.891520687  473.231945614  583.486511133  650.108488169  691.484891109  717.874711996  735.050240745  746.37396202  753.883013133  758.854282382  762.107115931  764.171406798  765.383867578  765.943748787  
189.740251748  337.623705168  441.87481286  512.750226596  560.482365292  592.64616075  614.379317768  629.084857763  639.017085389  645.679972509  650.081662987  652.894332155  654.5541315  655.322698319  
133.252770453  247.244386209  335.991258631  401.595607612  448.757073801  482.138082212  505.534383959  521.801896521  533.014700023  540.652318949  545.75599541  549.044772179  550.996875085  551.903921501  
97.0234117384  184.082245706  256.15648011  312.66469202  355.394250449  386.914418303  409.74619232  426.038322189  437.498608238  445.429529128  450.794482382  454.283592811  456.368073674  457.340395836  
71.8884973002  138.140069789  195.181383146  241.7972331  278.433601441  306.385287391  327.215759761  342.432960489  353.344173488  361.012757014  366.264282251  369.71193909  371.785564301  372.756765876  
53.5933944649  103.78798215  148.138262901  185.470959663  215.685986637  239.371624973  257.450821781  270.93334991  280.770726957  287.785489027  292.646180033  295.866782479  297.816813904  298.733852968  
39.9155030526  77.6907296727  111.664468327  140.882890483  165.067397582  184.441094241  199.526963918  210.979168132  219.465687772  225.597743514  229.893708076  232.765104744  234.514868512  235.340972927  
29.5610230765  57.7357127262  83.3949099609  105.815498619  124.697124039  140.087537134  152.271388087  161.662137133  168.71626987  173.874147365  177.524079648  179.983518096  181.491271408  182.205766873  
21.6997539051  42.4860632552  61.5905748918  78.4846221809  92.9050604192  104.824265377  114.390029475  121.858607187  127.535508426  131.730250001  134.725602585  136.75895168  138.012411124  138.608451742  
15.7530037376  30.8987609965  44.9148880941  57.4236551246  68.2149380547  77.2356870254  84.5578107749  90.3374959365  94.7757661816  98.0857474265  100.468481704  102.096804491  103.105656374  103.586897188  
11.2909120182  22.1769793992  32.3042542203  41.407496161  49.3276951856  56.0095916355  61.4846504917  65.8466198552  69.2258615963  71.7665423511  73.6086332431  74.8750440321  75.6632436199  76.040305437  
7.98030900773  15.6911648243  22.8941442438  29.4057869109  35.1100915598  39.9590413111  43.9636401058  47.1793267893  49.6895395733  51.5902499603  52.9770852442  53.9356111669  54.5346237653  54.8219198289  
5.55691871386  10.9354117018  15.9761524406  20.5540525604  24.5868358216  28.0364259675  30.9042634861  33.2226406074  35.0443084033  36.4322093803  37.4505409102  38.1577113685  38.6012554617  38.8144771916  
