484.513810594  667.056562934  745.620692853  783.109704659  802.252109606  812.397740944  817.856059732  820.791642868  822.353747245  823.170377572  823.58746383  823.794033667  823.890909215  823.928853018  
272.503357556  441.028092745  536.549103053  589.915716004  619.767332869  636.465617706  645.751440212  650.852562  653.605841117  655.05951188  655.807275718  656.179565962  656.354822893  656.4236329  
167.261920956  293.448724075  377.481130215  430.157523645  462.056498076  480.895176151  491.770493829  497.903446484  501.276327602  503.081748603  504.020014654  504.490771101  504.713644477  504.801471012  
106.786811859  195.22701784  260.152229399  304.300023586  332.777611434  350.417062175  360.969939218  367.082375615  370.512615575  372.37731835  373.358017157  373.85462299  374.091367084  374.185081751  
68.7875949032  128.578419238  175.215916998  208.793124976  231.532201314  246.18641725  255.234809846  260.608488248  263.684340389  265.382816307  266.287310705  266.749882513  266.97207534  267.060470035  
43.9070110467  83.126718348  114.933979365  138.77790041  155.535268574  166.686828915  173.760664568  178.056434781  180.560753362  181.964539849  182.721336685  183.112244576  183.301471955  183.377141621  
27.4751786254  52.4276459996  73.1954573418  89.2209613953  100.806086658  108.716553881  113.848994029  117.02680525  118.910102628  119.980509951  120.564318814  120.868782845  121.017286094  121.07697472  
16.7460438297  32.1186741846  45.1435815235  55.4085724719  62.9915353548  68.2768320693  71.7708096337  73.9703572927  75.2929162943  76.0540801869  76.4736940497  76.6945091013  76.8029913458  76.8468083197  
9.90157516614  19.0578453124  26.9148167685  33.2047295846  37.9295418926  41.2773977344  43.5250841532  44.9601575101  45.8339996463  46.3425444721  46.6256287109  46.7758383684  46.8501308022  46.8802765888  
5.66536560327  10.931610871  15.492724759  19.1876878469  21.9997379467  24.01885626  25.3919002666  26.2790737942  26.8252144194  27.1461815302  27.326410155  27.4227664333  27.4707182766  27.4902587396  
3.13193922506  6.05439051233  8.60324822394  10.6870257653  12.2893436118  13.4522671209  14.2515058223  14.773166175  15.0973314846  15.289488237  15.3982252669  15.4567556516  15.4860471073  15.4980299389  
1.67135568288  3.23543379745  4.60688933656  5.73614756487  6.61168764783  7.25272684461  7.6971936205  7.9897882044  8.17308691854  8.28256049459  8.34493441113  8.37871318393  8.395703415  8.40267849512  
0.860585410477  1.66773667564  2.37845529908  2.96699732235  3.42636295929  3.76512649053  4.00174690608  4.1586505763  4.25763159532  4.31713550554  4.35124386399  4.36981551042  4.37919925253  4.38306386814  
0.427486358675  0.829137834051  1.18398374176  1.47917777177  1.71084013346  1.88270463683  2.00349454555  2.08408738014  2.13523471824  2.16615870507  2.18397917979  2.19372895992  2.19867527347  2.20071819007  
