492.339417218  682.423635074  767.993005114  811.756820646  836.322331952  850.99373969  860.102073511  865.884592005  869.594901989  871.97812714  873.494398356  874.432716715  874.972597834  875.218495908  
287.302469771  470.090116359  578.862011091  644.100671881  684.216151629  709.483344547  725.683134116  736.179835618  743.006795032  747.433043989  750.267774238  752.030205223  753.047472976  753.511667076  
187.490652269  333.175855358  435.327960347  504.245022718  550.192076352  580.76656572  601.118362107  614.653079604  623.619656878  629.510944677  633.320712822  635.706027476  637.08948373  637.72258194  
130.486521353  241.7750276  327.940826902  391.137050242  436.103443039  467.530113599  489.227774886  504.055534366  514.080876145  520.769652011  525.145431316  527.908679837  529.520955369  530.261411488  
93.9071028896  177.920754014  247.087278411  300.882604681  341.139280801  370.457756627  391.375885814  406.046014432  416.168515463  423.030468291  427.57536482  430.472405176  432.174027847  432.958664415  
68.594834587  131.627913496  185.596021053  229.344565657  263.367278065  288.991919897  307.799778418  321.302600119  330.799823216  337.338535011  341.723272804  344.545115037  346.21405849  346.986875154  
50.2856389337  97.2479562127  138.51186552  172.964958471  200.555101119  221.903678708  237.951535627  249.712269695  258.129524402  264.009500856  267.999624536  270.591676729  272.135253975  272.853038156  
36.7348208415  71.40194424  102.407862081  128.85727242  150.517684825  167.644036975  180.776524917  190.572992777  197.693855539  202.734632597  206.193395561  208.460324754  209.819203774  210.453684658  
26.6179724952  51.916761588  74.8298479373  94.6882655254  111.234321395  124.545222002  134.921547142  142.780169318  148.570579438  152.718616803  155.593813345  157.493877629  158.639902267  159.177066132  
19.0703475112  37.2872377483  53.9382760627  68.5431712726  80.8768922387  90.9381319186  98.8889176887  104.988557404  109.536317655  112.828747506  115.131847001  116.665368411  117.595601978  118.033185115  
13.4790436108  26.4027126937  38.2970122456  48.826044697  57.8126457867  65.2265259731  71.1519074883  75.747622122  79.2092998517  81.7388579568  83.5228408775  84.7188398383  85.4481151381  85.7922958043  
9.38373623017  18.4061273028  26.7538041571  34.1966080017  40.6031708193  45.9373227412  50.2408586991  53.6097494402  56.1698382951  58.0558967779  59.3957422971  60.2995040668  60.8531811843  61.1152691776  
6.42677686242  12.619529019  18.3728834094  23.531953161  28.0032521727  31.754314155  34.8045598229  37.2112421812  39.0541233138  40.4215266409  41.3991841802  42.0622552631  42.4701963669  42.6638193377  
4.3264071942  8.50244639171  12.3949655858  15.9015061927  18.9576245727  21.5375621712  23.6494281237  25.3269547147  26.6199851215  27.5854081938  28.2795875999  28.7526927011  29.0448634966  29.1838734209  
