426.41491062  558.912481606  599.767005889  611.777819505  615.058901052  615.880848847  616.068743498  616.107929463  616.11540176  616.116708961  616.116919553  616.116950917  616.116955251  616.116955801  
180.312689862  268.982333021  303.692334461  315.372969126  318.831746617  319.742906266  319.958102856  320.003974348  320.01285363  320.014423276  320.014678005  320.014716135  320.014721422  320.014722095  
70.4678209365  112.091931207  130.686674702  137.523355896  139.671636951  140.260928102  140.404062624  140.435180542  140.44128881  140.442379392  140.442557621  140.44258443  140.442588159  140.442588634  
24.6354421715  40.5411522735  48.225005202  51.2204579918  52.2024209119  52.4801105336  52.5490564745  52.5642851441  52.5673088004  52.5678530686  52.5679425231  52.5679560297  52.5679579127  52.567958153  
7.6293475882  12.7995614244  15.4221574182  16.4857635067  16.8450962968  16.9490218481  16.9752568378  16.9811224231  16.9822972976  16.98251009  16.98254521  16.9825505264  16.9825512686  16.9825513633  
2.09496225845  3.55587137214  4.32081742709  4.63960685373  4.74965259965  4.782007784  4.79027664434  4.79214212618  4.79251818937  4.79258660028  4.79259792204  4.79259963835  4.79259987803  4.79259990862  
0.51276533642  0.876821988216  1.07155354115  1.1542684911  1.18326616975  1.19189444401  1.19411933977  1.19462453941  1.19472683726  1.19474549913  1.1947485922  1.19474906127  1.19474912674  1.19474913509  
0.112622614332  0.193531560122  0.237448296648  0.256355381638  0.263057453239  0.265068814007  0.265590756125  0.265709796464  0.265733969177  0.265738385579  0.265739117866  0.265739228863  0.265739244336  0.265739246305  
0.0223499756205  0.0385348550766  0.0474100982651  0.0512676563235  0.0526458264  0.0530619144016  0.0531703501184  0.0531951498513  0.0532001932748  0.053201115095  0.0532012678655  0.0532012909922  0.0532012942098  0.0532012946182  
0.00403364801101  0.00697068726521  0.00859280948506  0.00930257866759  0.00955753406446  0.00963481706699  0.00965501092939  0.00965963598939  0.00966057693361  0.00966074882809  0.00966077727908  0.00966078157769  0.00966078217424  0.00966078224973  
0.000666007607356  0.00115278692874  0.00142296822224  0.001541729024  0.0015845419394  0.00159755125019  0.00160095510849  0.00160173497305  0.00160189354837  0.00160192248002  0.0016019272593  0.00160192797957  0.00160192807923  0.0016019280918  
0.000101148987203  0.000175268493277  0.000216545022816  0.000234742415823  0.000241316581915  0.000243316628891  0.000243840083822  0.000243959946978  0.000243984287971  0.000243988720269  0.000243989450605  0.000243989560339  0.00024398957547  0.000243989577371  
1.41986578494e-05  2.46207082337e-05  3.04369341652e-05  3.30055298606e-05  3.39344145248e-05  3.4217062074e-05  3.42909933553e-05  3.43079003731e-05  3.43113270526e-05  3.43119494554e-05  3.43120517035e-05  3.43120670136e-05  3.43120691164e-05  3.43120693796e-05  
1.85021118113e-06  3.20969258642e-06  3.96926477636e-06  4.30496024061e-06  4.42636815103e-06  4.46328774198e-06  4.4729320099e-06  4.47513323858e-06  4.47557826363e-06  4.47565885304e-06  4.47567204667e-06  4.47567401463e-06  4.4756742838e-06  4.47567431733e-06  
