487.782436646  673.451830439  754.877195144  794.871679849  816.114140586  827.945401737  834.70000802  838.591191746  840.828858894  842.103429675  842.817540096  843.206814618  843.406745795  843.49068851  
278.61477168  452.985514964  553.856411109  611.907868756  645.686436806  665.536899133  677.246975219  684.135348391  688.15223271  690.46253596  691.765972892  692.480100294  692.848189191  693.003075186  
175.457211393  309.483546079  400.690446688  459.64982512  496.815737245  519.882589216  534.01003115  542.540870749  547.609318951  550.564386125  552.248514703  553.178181999  553.659966448  553.863377219  
116.13114161  213.510269696  286.616525729  337.929332224  372.413862233  394.876155662  409.139107532  417.98756439  423.352843599  426.529839595  428.362112488  429.382787625  429.915263417  430.14101894  
78.346171758  147.281172088  202.288117301  243.196063285  272.081822567  291.671873309  304.517990409  312.692944695  317.750477108  320.793239238  322.570316646  323.57003917  324.095422641  324.319213288  
52.8941122879  100.711639622  140.388909448  171.126935202  193.665790013  209.460837547  220.108288864  227.040730859  231.410842324  234.080714194  235.65961558  236.556773443  237.03183744  237.235181408  
35.345294049  67.8273307051  95.4879712334  117.552414384  134.202807077  146.182448536  154.447362791  159.937083507  163.456931231  165.638286471  166.943753118  167.692789144  168.092394201  168.264270907  
23.2182321114  44.7833239867  63.4776279699  78.7104730736  90.4611864946  99.0955087862  105.168379848  109.271942154  111.942844533  113.619705433  114.634414094  115.221998249  115.537721549  115.674157185  
14.9281057969  28.8939469706  41.1547568254  51.3042510966  59.2677935328  65.2189079922  69.4719032605  72.388092713  74.3112605771  75.5327723964  76.2794340675  76.7154989231  76.9513847015  77.0537717889  
9.36726181937  18.1758502059  25.9808996535  32.5194425018  37.718267894  41.6564617107  44.5083394057  46.4882467549  47.808928702  48.6564352014  49.1792125308  49.4869094849  49.6543900396  49.7273852271  
5.72561156604  11.130122675  15.9522717934  20.02919785  23.3049418121  25.8138382523  27.6507012709  28.9394358621  29.8075939166  30.3697698564  30.7193712853  30.926593879  31.040025792  31.0896513988  
3.40468693904  6.62763228529  9.51865566888  11.9805218962  13.9752382073  15.5167858996  16.6557653974  17.4620406913  18.0098325621  18.3673801543  18.5913397628  18.7249320233  18.7984351168  18.8307029894  
1.96794971821  3.8349780059  5.51672842742  6.95703454197  8.13197019615  9.04671751245  9.72776649799  10.2135542804  10.5460383767  10.7645650296  10.9023231711  10.9849625325  11.0306416014  11.0507572619  
1.10510496293  2.15537133003  3.10456119613  3.92122889334  4.59112780089  5.11588574369  5.50909878638  5.79139967988  5.98584428471  6.114422535  6.19593722621  6.24508434804  6.27236338938  6.28440999993  
