460.517964137  621.127879644  681.321819741  704.644669895  713.664649887  717.058653726  718.281042571  718.698460998  718.832931428  718.873709284  718.885344063  718.888468914  718.889258258  718.889438192  
230.691686389  360.967397368  424.399345147  452.960617301  465.032580156  469.828380305  471.616198101  472.240737906  472.445086577  472.507739694  472.525759123  472.53062748  472.531862722  472.532145202  
117.187265431  197.503440919  242.948940784  265.679833647  276.007094025  280.319416744  281.984044393  282.580180287  282.77878806  282.840499716  282.858427534  282.863308365  282.864554068  282.864840167  
57.6285811022  100.954292043  127.790693683  142.22346284  149.151805936  152.16632606  153.366264889  153.806013723  153.955104298  154.002054342  154.015835636  154.019617935  154.020589352  154.020813494  
26.748644575  47.8713129969  61.7178187138  69.5493867704  73.4671318542  75.2283623338  75.9475978163  76.2165033762  76.3091101923  76.3386339013  76.3473845534  76.3498047071  76.3504300628  76.3505750084  
11.5758363716  20.9800577491  27.3762967737  31.1248407284  33.0588033891  33.9507710524  34.3226872233  34.4640893417  34.5134457498  34.529351627  34.5341069934  34.5354313231  34.5357754163  34.5358555003  
4.64746301533  8.48995561195  11.1691702173  12.7798930689  13.6304259254  14.0306288596  14.2003177414  14.2657314775  14.28882395  14.2963347378  14.298597074  14.2992309297  14.2993964177  14.2994350727  
1.72903451629  3.17512103833  4.20101642936  4.82938370194  5.16709271692  5.3285029894  5.39786755236  5.42491085204  5.43454774967  5.43770645626  5.43866392726  5.43893356816  5.43900425595  5.439020818  
0.596648151581  1.09960373799  1.46086378577  1.68522773142  1.80745115931  1.86659148825  1.89228129077  1.90238941093  1.90601934094  1.90721677393  1.90758165499  1.90768485166  1.90771199752  1.90771837383  
0.19134782963  0.353552637289  0.471123842521  0.544911298425  0.585530074864  0.605375840177  0.614071120296  0.617517961121  0.618763571716  0.619176632333  0.619303043747  0.619338920699  0.61934838419  0.619350611563  
0.0571750751473  0.105840514616  0.141355345462  0.163823662968  0.176293359613  0.182432803212  0.185141347087  0.186221477188  0.18661380594  0.186744461402  0.186784586072  0.186796005718  0.186799024501  0.186799736119  
0.0159604972073  0.0295869865179  0.0395827277041  0.0459457588451  0.0494998206784  0.0512603322972  0.0520413025236  0.0523542430364  0.0524683761032  0.0525065146831  0.0525182594853  0.0525216093814  0.0525224963865  0.0525227057174  
0.00417385984654  0.00774559557114  0.0103760620515  0.0120586344156  0.0130031678248  0.0134733036559  0.0136827723314  0.0137670295891  0.0137978589574  0.0138081883953  0.0138113761348  0.0138122868405  0.0138125282678  0.0138125852871  
0.00102530223684  0.00190425068255  0.00255355814749  0.00297045226058  0.00320540817192  0.00332280181201  0.0033752875446  0.00339646316901  0.00340423083548  0.00340683873463  0.00340764482904  0.00340787538958  0.00340793655805  0.00340795101064  
