445.286262231  592.900215248  643.584673767  660.887720322  666.576276404  668.340996983  668.85188221  668.989212872  669.023443647  669.031360965  669.033063293  669.033404361  669.033468164  669.033479073  
206.905980103  316.88246571  365.454111605  384.602172979  391.460490996  393.704051011  394.376140034  394.560974677  394.607776815  394.618722956  394.621095501  394.62157365  394.621663485  394.621678893  
93.3275279569  153.273643948  183.796175419  197.064423044  202.143928971  203.883500412  204.421597291  204.573003783  204.611981918  204.621209795  204.623228052  204.623637547  204.623714869  204.623728179  
39.1946447823  66.7747990924  82.0652100456  89.1668793017  92.0228260498  93.0370154493  93.3592445185  93.4517336905  93.4759014509  93.4816875487  93.4829637915  93.4832243893  93.4832738306  93.4832823701  
15.037218069  26.1506006352  32.6492251991  35.8079152764  37.1248480051  37.6057427827  37.76183738  37.8073807232  37.8194313656  37.8223441987  37.8229913789  37.823124255  37.8231495674  37.8231539519  
5.23677979368  9.21972423502  11.6311976846  12.8411965729  13.3592351308  13.5524735084  13.6162587141  13.6351147287  13.6401549709  13.6413828532  13.6416572982  13.641713898  13.6417247151  13.6417265929  
1.6552942202  2.9370338755  3.73151915067  4.13931403752  4.31736902725  4.38487276288  4.40744730748  4.41418999608  4.41600692575  4.4164523173  4.41655233574  4.41657303421  4.4165769996  4.41657768904  
0.476238436237  0.849376984968  1.0844830284  1.20716071632  1.26151699267  1.28238056823  1.28942837137  1.29155041559  1.29212583463  1.29226756752  1.29229950889  1.29230613573  1.29230740739  1.29230762868  
0.12521918053  0.224124904513  0.287174632204  0.320474101311  0.335391907789  0.34117190498  0.343139542214  0.343735641332  0.3438980543  0.343938202081  0.343947273109  0.343949158255  0.343949520352  0.343949583387  
0.0302236278249  0.0542322668095  0.0696673110201  0.0778927357378  0.0816083060317  0.0830582236489  0.0835547041451  0.0837058115644  0.0837471274726  0.0837573666311  0.0837596840141  0.0837601660813  0.083760258708  0.0837602748301  
0.00672638133842  0.0120915065948  0.0155622421531  0.0174242221437  0.0182705611744  0.0186025982419  0.0187167910182  0.0187516641576  0.0187612228747  0.01876359574  0.0187641332968  0.0187642451585  0.0187642666479  0.0187642703859  
0.00138618373175  0.0024951393402  0.0032158319338  0.00360439644472  0.00378183320584  0.00385172105236  0.00387583254508  0.00388321329441  0.00388523961503  0.00388574309969  0.00388585719807  0.00388588093621  0.00388588549338  0.00388588628529  
0.000265576942317  0.000478504318656  0.000617351417563  0.000692486346254  0.000726912835899  0.00074051100148  0.000745212620194  0.000746654003206  0.000747050070298  0.000747148511618  0.000747170815232  0.00074717545232  0.000747176341561  0.000747176495875  
4.74772771856e-05  8.56029546573e-05  0.000110525577493  0.000124047842562  0.000130258553165  0.000132716457373  0.000133567451455  0.000133828551407  0.000133900315852  0.000133918148431  0.000133922185919  0.00013392302442  0.000133923184983  0.000133923212799  
