492.934422667  683.599856458  769.723805785  814.004489231  839.040477776  854.130041222  863.601086239  869.690338128  873.653013305  876.237383341  877.907582769  878.956788641  879.56824662  879.849192529  
288.4512314  472.361016531  582.203623065  648.440187212  689.464004963  715.53851998  732.438586304  743.527489631  750.841683575  755.656277354  758.788192462  760.764710807  761.920169947  762.452029888  
189.115437117  336.387769839  440.054267405  510.382743417  557.614531108  589.330879542  610.673132115  625.045446746  634.701157543  641.141711331  645.37181079  648.05992552  649.638836349  650.367639487  
132.481873188  245.71948786  333.745069066  398.674608535  445.218745568  478.04769937  500.961710106  516.818097048  527.689742321  535.053054429  539.94502916  543.080136626  544.93244351  545.790431688  
96.1512163021  182.356972066  253.615137884  309.359872828  351.390990044  382.286570727  404.572690163  420.39968342  431.473994626  439.094576157  444.220020394  447.535277861  449.506855532  450.423676331  
70.961830825  136.307049092  192.481331237  238.286028791  274.180345144  301.468448421  321.719202668  336.442233413  346.943382661  354.282261055  359.279333442  362.542291299  364.495970388  365.408208624  
52.6570309695  101.935781274  145.409961573  181.92302465  211.388245008  234.403370615  251.89679969  264.880005345  274.303046975  280.984672538  285.588264874  288.622249363  290.451089253  291.308553008  
39.0087574346  75.8971167485  109.02247082  137.447192655  160.90562179  179.630030069  194.148678996  205.117375512  213.202687091  219.012164617  223.05918153  225.749878466  227.382294939  228.150714076  
28.7153647418  56.0629367012  80.9309092431  102.611277172  120.815752692  135.600636201  147.255499665  156.195336774  162.875313527  167.732366883  171.15014287  173.441071467  174.839394586  175.500096941  
20.9375795369  40.9784263536  59.3698279301  75.5967377588  89.4068871635  100.780357236  109.869375617  116.931577733  122.271282758  126.194919872  128.981054646  130.862545521  132.017389268  132.564953206  
15.0875240494  29.5823947518  42.9758860533  54.9021611214  65.1605925358  73.7048580637  80.6107383243  86.0356246347  90.1794996324  93.2527918344  95.4528701884  96.948616119  97.8713743919  98.310294314  
10.7269607621  21.0614449905  30.6610798972  39.270704598  46.7393571901  53.0174791108  58.139815906  62.2011355774  65.3309165316  67.6710381568  69.3583575132  70.5124323335  71.2276832992  71.5688861484  
7.51579335976  14.7723221074  21.5406982935  27.6457645294  32.9781489631  37.4945304768  41.2086146093  44.1766793956  46.4814342387  48.2169654542  49.4763341326  50.3423439274  50.8812792327  51.1390436548  
5.18460285936  10.1989473273  14.8913504219  19.1433793481  22.8780717137  26.0611148779  28.6961142336  30.8160338727  32.4730397555  33.7285623301  34.644741078  35.2777695849  35.6731686798  35.8627244191  
