486.627774498  671.188843339  751.592982355  790.684070234  811.159125139  822.36424456  828.628002908  832.149389997  834.119293765  835.207640623  835.797716782  836.108690705  836.263435642  836.326880683  
276.444426657  448.731923767  547.683291792  604.036700465  636.372836691  655.046394981  665.833871508  672.027177496  675.540778799  677.501061461  678.571369201  679.138327383  679.421487405  679.537847588  
172.521277303  303.729504827  392.33977484  449.002136935  484.216826721  505.691654969  518.571086541  526.161710062  530.54937539  533.030980707  534.399766513  535.130367354  535.497275112  535.648575399  
112.742914377  206.869800268  276.979421282  325.64137729  357.874134549  378.499199425  391.32193764  399.085391949  403.665064078  406.295705117  407.764091833  408.555060292  408.954979555  409.120605271  
74.8270055538  140.384088334  192.278616019  230.433309718  256.980333746  274.662226191  286.01254902  293.060647114  297.302283032  299.777636717  301.176813804  301.937988089  302.325715402  302.487063794  
49.5244645786  94.1076014125  130.804717672  158.906515871  179.206068104  193.174110717  202.389408455  208.242959617  211.831921292  213.958562304  215.175675196  215.844461151  216.187744292  216.331312059  
32.331848259  61.9214086442  86.9169526659  106.62389077  121.271765233  131.617617802  138.60186291  143.126833886  145.948191776  147.643813811  148.625794759  149.170642827  149.45242536  149.570858406  
20.6811065111  39.8109310472  56.2614238878  69.5094504935  79.5742407733  86.8331006826  91.8278206511  95.1192151971  97.2021164181  98.4700917821  99.212502604  99.6282149916  99.8447661472  99.9362187954  
12.9062853085  24.9314849508  35.404238905  43.9720853401  50.5921852667  55.4472745741  58.8411769048  61.1102337234  62.5648998284  63.4606357203  63.9903547911  64.2894927508  64.4463726629  64.512924737  
7.83640368544  15.1756073128  21.6268177388  26.9678224658  31.1494857008  34.257864743  36.4593306926  37.9493156873  38.9153237542  39.5162152072  39.8747721223  40.0788229752  40.186502663  40.2323744406  
4.62104914669  8.96535850105  12.810685759  16.023577968  18.5654463782  20.4756528083  21.8432750732  22.7785669089  23.3908642199  23.7751405108  24.0062843821  24.1387470428  24.2090463276  24.2391091668  
2.64344387232  5.1357228815  7.35355115607  9.21996248083  10.708934889  11.8379122447  12.6535385325  13.2162662437  13.5877591831  13.8227321096  13.9650772855  14.0471642528  14.0909527371  14.1097439896  
1.46586544679  2.85097957109  4.08872668269  5.13630995253  5.97769833438  6.62035622783  7.08816195328  7.41334287012  7.62957241497  7.76727527919  7.85122099899  7.89990215481  7.92599084987  7.93722188055  
0.787657328467  1.53323079663  2.20170076716  2.77007533341  3.22909941159  3.58184282156  3.8402489004  4.02102264813  4.1419808802  4.21947183531  4.26697454696  4.29465967869  4.30955798152  4.31598987438  
