492.732843216  683.20124744  769.136965334  813.241895614  838.117519706  853.064131646  862.410752694  868.394378518  872.269791293  874.784315728  876.400846084  877.411247355  877.997583597  878.266205063  
288.061674158  471.590694956  581.069540041  646.966457657  687.680368341  713.478627623  730.138243447  741.023023892  748.168583258  752.848200782  755.876400955  757.777929978  758.884841819  759.392885029  
188.563576631  335.296505557  438.447686856  508.295009494  555.087774722  586.412773255  607.414399625  621.497551523  630.914373738  637.163720332  641.246897973  643.828783783  645.338923336  646.033988166  
131.802639775  244.376353404  331.767681762  396.105017755  442.108807925  474.456092109  496.950865559  512.451357623  523.028986061  530.156967591  534.868117586  537.872483997  539.640151117  540.456616224  
95.3851228419  180.842079077  251.384886563  306.461691922  347.883369909  378.235694469  400.048975783  415.474574742  426.217283052  433.572452285  438.493958969  441.661765217  443.537885744  444.407876785  
70.1509823892  134.703657574  190.120793532  235.218547159  270.467829951  297.180952073  316.931259354  331.229462257  341.379652812  348.437629386  353.218864393  356.325768507  358.178422016  359.041098923  
51.8413615806  100.322858008  143.035394236  178.837317227  207.65367954  230.090419442  247.080442982  259.636313685  268.70632936  275.105401704  279.491890157  282.36890675  284.096130059  284.903742807  
38.2229494212  74.3432435127  106.734841228  134.474465351  157.307802658  175.475015286  189.50870687  200.065733773  207.810965029  213.348254251  217.186133959  219.725624687  221.260155421  221.980554109  
27.9867497821  54.622159742  78.8097849145  99.8549263837  117.479818106  131.748076324  142.953298403  151.511449957  157.876120753  162.480818053  165.704697805  167.855441212  169.163014153  169.779196892  
20.2851345836  39.6882709296  57.4704535764  73.1285521574  86.4197201855  97.330589621  106.01699199  112.737431918  117.794815727  121.492499925  124.105027913  125.861004472  126.934596293  127.442300499  
14.5218990146  28.4639199256  41.3292643551  52.7624268156  62.5709486506  70.7141866173  77.2710449939  82.3996675629  86.2988107847  89.1762379298  91.2258295828  92.6127782731  93.4651073334  93.8694771005  
10.2513392124  20.1209456453  29.2764773738  37.4714617078  44.5618060178  50.5027269278  55.331595991  59.1438129622  62.0678239604  64.2432658997  65.8040612541  66.8666646891  67.5227030351  67.8348584626  
7.12730991475  14.0041317989  20.4097718337  26.176169772  31.1995648235  35.4405360683  38.9149334074  41.6795500221  43.8162510729  45.4172900707  46.5733300156  47.3646389816  47.8552185481  48.089261742  
4.87602380367  9.58876161031  13.9930400383  17.9760642723  21.4653291391  24.4296198788  26.8742447298  28.832576237  30.3561088438  31.5048161711  32.3389318786  32.9126346264  33.2696312638  33.4403486169  
