492.430485368  682.603590211  768.257639472  812.100190045  836.737146838  851.471811903  860.634770093  866.463250542  870.211170643  872.624204654  874.163162676  875.117743412  875.668079897  875.919084148  
287.478076852  470.437124487  579.372306249  644.762791665  685.016039326  710.405210667  726.710331511  737.295660406  744.195142293  748.678870578  751.557346804  753.351135716  754.388563978  754.86260402  
187.738519529  333.665652902  436.048234948  505.179594824  551.321104524  582.067762759  602.568230335  616.228041423  625.296980309  631.269396624  635.140909138  637.570483058  638.982394171  639.629389062  
130.790049608  242.37481357  328.822844762  392.281486292  437.485999297  469.123497153  491.003210695  505.98414979  516.134834378  522.922952063  527.374336676  530.191779776  531.838897497  532.596369646  
94.2472184948  178.592837774  248.075612871  302.164986538  342.688481816  372.243192697  393.365312297  408.207077705  418.470023064  425.443285361  430.072894413  433.030656891  434.77131806  435.57501993  
68.9519659915  132.333620581  186.633798805  230.691098347  264.993973483  290.866662168  309.888708372  323.571744642  333.216429047  339.872010066  344.34569049  347.231286237  348.941216688  349.734050122  
50.6415406926  97.9512326892  139.546067092  174.306847805  202.176182387  223.77194466  240.033242092  251.97355953  260.537756814  266.534189537  270.6129402  273.268518763  274.852936515  275.590665777  
37.0740164032  72.0722077355  103.393514468  130.136165071  152.062657259  169.424582237  182.760481072  192.728090852  199.988986584  205.140741829  208.683961278  211.011426523  212.409223096  213.062709796  
26.928676264  52.5307233248  75.7327039842  95.8597255621  112.649504034  126.176180603  136.738819525  144.754195902  150.672864028  154.922545662  157.875093851  159.83060063  161.012267741  161.566837835  
19.3448281073  37.8296203397  54.7358699702  69.5780496102  82.1270721016  92.3789226326  100.49429014  106.732397078  111.393450228  114.775662477  117.147085169  118.72957686  119.691291577  120.14424857  
13.7134819502  26.8659696719  38.9782470468  49.7099437064  58.8804308921  66.4571064275  72.5230497508  77.2370203135  80.7954518562  83.4016835351  85.2440125834  86.4818298858  87.2379881409  87.5952969751  
9.57769776666  18.7894002107  27.3174179827  34.927891318  41.4865856951  46.9554180005  51.3752380313  54.8419572289  57.4820845743  59.4315686658  60.8196777475  61.7580305582  62.3339441207  62.6068910415  
6.58244940702  12.9271412761  18.8252345662  24.1188716559  28.7122656571  32.5714148098  35.7149815731  38.2001718237  40.1072824662  41.5255822498  42.541968206  43.2327956575  43.6585792407  43.8609152733  
4.44775521911  8.74223213869  12.747574982  16.3590091356  19.5102973561  22.1744842525  24.3590881479  26.0978049839  27.4408953139  28.4459853871  29.1703474953  29.6650837076  29.9711592011  30.11695914  
