475.621815076  649.827844701  721.06029156  752.495270246  766.937412691  773.645939563  776.732156594  778.119271671  778.723095879  778.976295124  779.078224915  779.117508525  779.131865736  779.136440802  
256.384172188  409.79476161  492.021020723  534.406366532  555.728903967  566.187194554  571.164058432  573.450550124  574.460739669  574.888761794  575.062370418  575.129653654  575.154346808  575.162238005  
146.718313285  253.639158399  320.71909021  359.38600669  380.396779656  391.263098883  396.62802023  399.157736443  400.296543229  400.785772292  400.98627691  401.064601978  401.093521616  401.102802253  
84.9423157913  152.891795344  199.778466527  229.008994199  245.882362594  255.015782307  259.681794676  261.93920762  262.975436004  263.427307051  263.614664542  263.688523058  263.71598725  263.724844789  
48.3138219654  88.8940283703  118.609987949  138.181493814  150.013051017  156.660795067  160.159063543  161.891590539  162.701724882  163.0602285  163.210627041  163.270476246  163.292897521  163.300167116  
26.5520952798  49.4818807693  66.9302396398  78.8772007385  86.3567545951  90.68683295  93.0228837468  94.2037178085  94.7651851299  95.0170631805  95.1239173202  95.1668290373  95.1830237437  95.1883023977  
13.9702290135  26.2413562826  35.8221117286  42.5676624741  46.9046142165  49.475824825  50.8918189197  51.6201956708  51.9716517261  52.1312671275  52.1996793244  52.2273888986  52.2379195828  52.241369498  
7.00203613217  13.2207822038  18.16322754  21.7147651382  24.0451198195  25.4530832219  26.241680883  26.6533584261  26.8545400192  26.9469040931  26.9868586037  27.00316831  27.0094066375  27.011460011  
3.33482171829  6.31902149619  8.72105911921  10.4735253056  11.6416402705  12.3581296329  12.765033512  12.9800992147  13.0863487069  13.1355921103  13.1570681298  13.1658962243  13.1692926328  13.1704153918  
1.50766102901  2.86406344046  3.96607121518  4.77937704024  5.32819114445  5.66891842759  5.86463530695  5.96915795159  6.02127636711  6.04562998928  6.05632725963  6.06075183909  6.06246297971  6.063030824  
0.646948871879  1.23128886101  1.70936830555  2.06534537627  2.30789821223  2.45996404281  2.54813345612  2.59563078911  2.61950172823  2.63073477342  2.63569963259  2.63776436628  2.63856655563  2.63883367789  
0.263616374926  0.502429408254  0.698865975318  0.846150766781  0.947286178007  1.01119728243  1.04854118021  1.06880534959  1.07905785929  1.08391162572  1.0860685031  1.08696974087  1.08732130628  1.08743872865  
0.102086457259  0.194779609341  0.271344531063  0.329068192624  0.368952862379  0.394321552897  0.409240012974  0.417384856014  0.421529088712  0.423501217937  0.424381652811  0.42475105181  0.424895659413  0.424944085773  
0.0376106607716  0.0718219813373  0.100174483041  0.121644387881  0.136554488524  0.146088833428  0.15172561852  0.154818880564  0.15640036059  0.157156271235  0.157495087589  0.157637748156  0.157693765667  0.157712567879  
