491.291667954  680.355080552  764.95546935  807.823149519  831.581232925  845.543949311  854.046518572  859.325148355  862.628217681  864.69279755  865.969595575  866.738212912  867.169999523  867.3634272  
285.287700975  466.112389244  573.020977881  636.536407947  675.09923308  699.003633175  714.038550104  723.566279362  729.610115461  733.423606495  735.797824972  737.233915825  738.043313758  738.406605028  
184.659949734  327.587239309  427.121433402  493.617379126  537.382962494  566.042724536  584.757860159  596.931148326  604.797408722  609.827741266  612.990461616  614.917244152  616.008625869  616.4999465  
127.042446939  234.975434205  317.956042776  378.206497894  420.518681382  449.615670594  469.321958804  482.493208485  491.179730638  496.820918536  500.409376821  502.614681684  503.871556383  504.43949425  
90.0796105187  170.364174876  235.990887341  286.512458119  323.819374125  350.54872612  369.253686498  382.082779182  390.717299715  396.414931125  400.084760529  402.361665648  403.66826763  404.26115217  
64.6159769767  123.772484833  174.060761719  214.406028158  245.362243056  268.295259892  284.802295946  296.39113247  304.341385292  309.669592579  313.144535282  315.321619718  316.579851977  317.153298118  
46.3669039026  89.5112147155  127.15086226  158.252037369  182.821921739  201.519419119  215.301069542  225.176574872  232.070066754  236.757670098  239.851604811  241.80852793  242.947520352  243.468905636  
33.0500447266  64.1270934178  91.7250894999  115.022630199  133.842996805  148.47640796  159.47782514  167.501439237  173.189330212  177.108749127  179.724675217  181.394271128  182.372633988  182.822397237  
23.2934328059  45.3531116431  65.1914076557  82.206021759  96.1895776136  107.25111591  115.704545339  121.963452623  126.460798279  129.596929337  131.711532115  133.072535155  133.875156528  134.245616321  
16.1821912907  31.5851279836  45.5649395435  57.6992435896  67.8067183992  75.9137149392  82.1938466593  86.9035768909  90.3278233523  92.7410010224  94.3831930467  95.4482900364  96.080111208  96.3728285305  
11.0569853627  21.6208117114  31.2749393273  39.7320272062  46.8515641938  52.6264574318  57.1506516574  60.5806023734  63.0999171439  64.8919623103  66.1215582162  66.9246167078  67.4035601083  67.62621365  
7.41917357081  14.527455066  21.0580691117  26.820235799  31.7123148247  35.7169533868  38.88383796  41.3070199596  43.1026007179  44.3903146346  45.2803674846  45.8653117023  46.2158725011  46.379352866  
4.88319392426  9.57199570395  13.8976338945  17.7361570685  21.0174348097  23.7237872924  25.8808403824  27.5443459139  28.7864196406  29.6835784244  30.3077242709  30.720212682  30.9685041926  31.0846198185  
3.1501051499  6.18003724593  8.98453063326  11.4846972426  13.6338904073  15.4176210832  16.8487309063  17.9598137946  18.7948925707  19.4018655623  19.8265634176  20.108641447  20.2791020685  20.3590222731  
