492.855149315  683.443084207  769.49296703  813.704454779  838.677259201  853.710447804  863.132372336  869.17987529  873.108015905  875.664708153  877.313613273  878.347405223  878.948875365  879.224918484  
288.297988093  472.057960173  581.757388937  647.860191223  688.761868255  714.727405737  731.532518059  742.540717416  749.788153525  754.549244267  757.639996148  759.586718495  760.72287061  761.245253209  
188.898239679  335.95823694  439.421803751  509.560694888  556.619369184  588.181261278  609.388933904  623.646865899  633.207960511  639.572684561  643.744443734  646.390329029  647.941876379  648.657247489  
132.214360072  245.190450178  332.96609068  397.662127639  443.993050096  476.63176911  499.380026539  515.095536731  525.850650905  533.120570278  537.940692937  541.023790802  542.842397092  543.683842564  
95.8492257748  181.759751742  252.735765252  308.216905563  350.007331815  380.688163945  402.787172308  418.455137695  429.397904565  436.913062044  441.957398532  445.213947177  447.147483593  448.045631045  
70.641852238  135.674255828  191.54958063  237.074985076  272.714277538  299.774845839  319.827349841  334.381886998  344.743663491  351.970845032  356.881984569  360.082741574  361.996116984  362.888571407  
52.3347398755  101.298415336  144.471479324  180.703233828  209.911591763  232.697543999  249.991297297  262.804799689  272.087469636  278.656599153  283.173644813  286.144984808  287.933233899  288.770773013  
38.6978109199  75.2821865858  108.117025372  136.270343973  159.480957227  177.984265666  192.31027539  203.115251084  211.065141273  216.766091521  220.729616189  223.359880234  224.95313931  225.702337535  
28.4265738928  55.4918224075  80.0899814383  101.518287745  119.492610129  134.072154679  145.548113351  154.335904485  160.890118626  165.646386891  168.986628045  171.221436585  172.583397201  173.226250679  
20.6785048341  40.4660795233  58.6154328734  74.6162213361  88.2199052947  99.4091724688  108.337703498  115.263514283  120.490407153  124.323639159  127.040225699  128.871378026  129.993605746  130.525159928  
14.8624715769  29.1373310039  42.3205621521  54.0504139213  64.1294984052  72.5137576227  79.2802340979  84.586649197  88.6325360113  91.627304228  93.7669755767  95.2190000557  96.1134301218  96.5384451097  
10.5373044017  20.6863811672  30.1088271545  38.5529249551  45.8704428205  52.0137302572  57.0185959837  60.9800857187  64.0272984985  66.3012545462  67.9376750282  69.0549108797  69.7462933192  70.0757803854  
7.36051742155  14.4652494096  21.0885584918  27.0581068355  32.2667579598  36.6727528708  40.2906673196  43.1770063413  45.4141682715  47.0955354983  48.3132386301  49.1490928409  49.6684901965  49.9166645827  
5.0609520013  9.95441662141  14.5312997047  18.6754140137  22.3115773615  25.4067210259  27.9651431782  30.0199883582  31.6231744135  32.8355707979  33.7185755946  34.3275948515  34.7074385015  34.8893590677  
