421.941871473  551.014268023  589.818154148  600.84211611  603.731200155  604.421658197  604.571594202  604.60120103  604.606532647  604.607411629  604.607544846  604.607563483  604.607565899  604.607566187  
174.459551992  258.650593557  290.682851743  301.077097993  304.025937569  304.766430779  304.932477737  304.96597736  304.972099139  304.973118677  304.973274283  304.973296157  304.973299002  304.973299341  
65.9534074637  104.126890766  120.662362133  126.51218108  128.270370391  128.729513569  128.835292456  128.857040251  128.861067663  128.861744683  128.86184868  128.861863362  128.861865277  128.861865506  
22.1212405313  36.1076031453  42.6485590856  45.0978853896  45.864698  46.0708713206  46.1193712744  46.1294925609  46.1313868647  46.1317076689  46.1317571944  46.1317642082  46.1317651242  46.1317652338  
6.53319190356  10.8677578033  12.9939773368  13.8211507377  14.0876848488  14.1608897169  14.1783800569  14.1820711829  14.1827675053  14.1828860665  14.1829044327  14.1829070386  14.1829073791  14.1829074199  
1.70327083583  2.86601963512  3.45432218175  3.68926043785  3.76652532717  3.7880756883  3.79328319321  3.79439112266  3.79460130137  3.79463721664  3.79464279136  3.79464358289  3.7946436863  3.79464369866  
0.394505295558  0.668681415073  0.810310199762  0.867907891271  0.887126915497  0.89254672583  0.893866960698  0.894149429808  0.894203211034  0.894212420018  0.894213850496  0.894214053541  0.894214080036  0.894214083195  
0.0817841968392  0.139293181574  0.169424322628  0.181835081056  0.186018856692  0.187207828679  0.187499049932  0.187561583302  0.187573513932  0.187575558377  0.187575875852  0.187575920861  0.187575926722  0.187575927419  
0.015287582668  0.0261225308268  0.031855238126  0.034237553765  0.0350463699179  0.0352774248196  0.0353342162719  0.0353464354811  0.0353487685046  0.035349168168  0.0353492301552  0.0353492389259  0.0353492400651  0.0353492402002  
0.00259444724998  0.00444312877919  0.0054278785972  0.00583960571675  0.00598005404435  0.0060203074423  0.00603022029398  0.00603235464108  0.00603276201888  0.00603283172062  0.00603284250991  0.00603284403249  0.00603284422962  0.00603284425291  
0.000402246293813  0.000689913369989  0.000843847985207  0.00090846719405  0.000930574746733  0.000936922002099  0.000938486077927  0.00093882271985  0.000938886895064  0.000938897853626  0.000938899545469  0.000938899783457  0.000938899814158  0.00093889981777  
5.72933694834e-05  9.83658271346e-05  0.000120409217488  0.000129685166973  0.000132863478053  0.000133776482959  0.000134001373495  0.00013404971754  0.000134058915295  0.000134060481781  0.000134060722852  0.000134060756638  0.000134060760978  0.000134060761487  
7.53434513507e-06  1.29437348166e-05  1.58519473601e-05  1.70772013511e-05  1.74971882001e-05  1.76177794766e-05  1.76474462033e-05  1.76538109735e-05  1.76550187428e-05  1.76552237858e-05  1.76552552244e-05  1.76552596124e-05  1.76552601735e-05  1.7655260239e-05  
9.18853883773e-07  1.57910482746e-06  1.93434702865e-06  2.08404651939e-06  2.13533351178e-06  2.1500410171e-06  2.15365211335e-06  2.1544248341e-06  2.15457100082e-06  2.15459572469e-06  2.15459949997e-06  2.15460002452e-06  2.15460009128e-06  2.15460009903e-06  
