492.385223727  682.514147785  768.126101632  811.929503322  836.530925689  851.234117855  860.369887277  866.175480108  869.904662275  872.302837465  873.830481147  874.776947859  875.322065793  875.570520808  
287.390788896  470.264633072  579.118633137  644.433619405  684.618338591  709.946814302  726.199501637  736.74069193  743.604037983  748.059111353  750.915768196  752.693909494  753.721273988  754.19039794  
187.61529073  333.422138198  435.690112258  504.714886744  550.759652181  581.42062444  601.847070308  615.444570161  624.462495763  630.394459924  634.235170193  636.642654627  638.040358941  638.680413914  
130.639109378  242.076537976  328.384188893  391.712277285  436.79829181  468.330836692  490.119884929  505.024502852  515.112704949  521.851276138  526.264933947  529.055321897  530.68503927  531.434011512  
94.0780275423  178.258496871  247.583918548  301.526954797  341.917625573  371.354695944  392.375190805  407.131410345  417.324321903  424.242050386  428.829374093  431.756812634  433.477971311  434.272146445  
68.7742383806  131.982410583  186.117296945  230.02087725  264.184228751  289.933344748  308.848642799  322.441821489  332.012943185  338.610192901  343.039458461  345.893203519  347.582649761  348.365476965  
50.4643403583  97.6010650386  139.03109907  173.638618648  201.368846617  222.84140688  238.996277717  250.847009527  259.337867867  265.276147642  269.310619933  271.934446133  273.498443146  274.226197254  
36.9050412004  71.7382942891  102.902451425  129.498957085  151.292802974  168.537249084  181.77166667  191.653855013  198.844822034  203.941129434  207.442130963  209.739321899  211.11764856  211.761624649  
26.7737988153  52.2246690201  75.2826124719  95.2756844394  111.943886913  125.362890594  135.832520449  143.769608261  149.62418815  153.823054011  156.736911913  158.664674541  159.828499189  160.374353727  
19.2079127651  37.5590615003  54.3379800545  69.0617473468  81.5032972103  91.6599668853  99.6931175884  105.862021558  110.466425338  113.803721145  116.140945968  117.698915443  118.644860004  119.090113789  
13.5964519149  26.6347066572  38.6381474239  49.2686318559  58.3472587547  65.8425815695  71.8382541833  76.4930782973  80.0030938917  82.5709382539  84.3840412092  85.6009018665  86.3435832148  86.6943090964  
9.48079383199  18.597908744  27.0358080004  34.5624768993  41.045111469  46.4465854329  50.8082240673  54.2259735248  56.8260164105  58.7437198039  60.1076333749  61.0286371538  61.5933940305  61.8608914074  
6.50460575883  12.7733150817  18.5990164094  23.8253344577  28.3576315834  32.1626746156  35.259507817  37.7053647114  39.5802797346  40.9730541915  41.9700075847  42.6469015709  43.0637251151  43.2616846283  
4.38701772573  8.62220954314  12.5710693304  16.1299792222  19.2335987346  21.8555721306  24.0037155078  25.7117461812  27.0297196717  28.0148972489  28.7241003422  29.2079675994  29.507053873  29.6494399873  
