484.699862138  667.419686877  746.144228982  783.771595549  803.027650667  813.262234475  818.786925735  821.769749383  823.363944559  824.201385878  824.631341733  824.845451234  824.946392684  824.986092172  
272.848532106  441.701781638  537.520394597  591.143684894  621.20614301  638.069446744  647.478395884  652.667150179  655.47995659  656.97222954  657.743864153  658.130138533  658.312936379  658.385002513  
167.718847472  294.340519722  378.766869744  431.783025442  463.961080713  483.018178494  494.056459859  500.305392182  503.75705183  505.613555821  506.583408389  507.072667795  507.305518219  507.397652591  
107.29846512  196.225619912  261.59194442  306.120170357  334.910231802  352.79422399  363.529542965  369.771812288  373.290233493  375.212111338  376.228160322  376.745471849  376.993379756  377.091914359  
69.2989624041  129.576456942  176.654803273  210.612199563  233.663532787  248.562104351  257.792785901  263.296176633  266.460119173  268.215704898  269.155504928  269.638753834  269.872093812  269.96530085  
44.3743647601  84.0388468556  116.248992385  140.440344465  157.483046759  168.857876503  176.098254989  180.512520034  183.097301112  184.553245151  185.342281478  185.752067992  185.951471578  186.03153398  
27.870977977  53.2001154948  74.3091079347  90.6288157249  102.455542962  110.555042202  115.828470948  119.10658245  121.057977803  122.172520807  122.783606137  123.104039852  123.261149937  123.324553418  
17.0592303017  32.7299041373  46.0247621925  56.5225191247  64.2966144999  69.7314394769  73.3369279216  75.615793732  76.9921963398  77.7882511533  78.2294239954  78.4628588426  78.5781412897  78.6248929556  
10.1344252371  19.5122814433  27.5699431273  34.0328893039  38.8997719156  42.3587601539  44.6893120691  46.1833184979  47.0971589866  47.6316177993  47.9307108106  48.0902893664  48.1696292439  48.2019529804  
5.82870657262  11.2503871166  15.9522710541  19.7685952156  22.6802792526  24.7773246223  26.2084657354  27.1369500098  27.7111230108  28.0502476822  28.2416908197  28.3446086735  28.3960947575  28.4171599822  
3.24039778628  6.26605525891  8.90837632084  11.0727238189  12.7411797487  13.9558247999  14.793617131  15.3426863189  15.6854465375  15.8896450287  16.0058174314  16.0686971136  16.1003306624  16.1133237547  
1.73970458768  3.36881962079  4.79916883952  5.97919159978  6.89639807029  7.57001644568  8.03876364355  8.34861629787  8.5436206618  8.66067269412  8.7277247912  8.76423929798  8.7827023447  8.79031260319  
0.901556165764  1.74769157569  2.49370966531  3.11267574938  3.59700952902  3.95529265272  4.20645774822  4.37369724387  4.47968703382  4.54372733156  4.58063519701  4.60084347647  4.6111080814  4.61535250861  
0.450893255993  0.874815885528  1.24982653325  1.5623984357  1.80832035561  1.99133080319  2.12042424549  2.20691642204  2.26206309411  2.29557489112  2.31499187704  2.32567471255  2.33112306821  2.33338241001  
