476.520415709  651.557718904  723.501879698  755.501343713  770.358782941  777.351192048  780.618050043  782.112389841  782.775714959  783.059850043  783.176879765  783.223085343  783.240390409  783.24602241  
257.979565413  412.865988426  496.355772475  539.743212917  561.802950712  572.765124273  578.062590192  580.539364054  581.655131973  582.138039516  582.338434263  582.41799476  582.447915672  582.457681026  
148.682220719  257.419744659  326.054924992  365.955196452  387.873198645  399.359533726  405.118886281  407.88266186  409.151311398  409.708025449  409.941457746  410.034871422  410.070214392  410.081797349  
86.9313964788  156.720768176  205.182437236  235.661837036  253.453709724  263.214734999  268.279920885  270.774149631  271.941714502  272.461826935  272.682470758  272.771577237  272.805530492  272.816713285  
50.0648561664  92.264682233  123.366944101  144.037538899  156.677286317  163.877131452  167.726455759  169.667188364  170.592753168  171.01121153  171.19084293  171.264077767  171.292193234  171.301502565  
27.9267353842  52.1279197392  70.6643965986  83.4738911092  91.5875464011  96.3506809874  98.9620040944  100.306038535  100.957948858  101.256782672  101.386520944  101.439906125  101.460554046  101.467427261  
14.9469409256  28.1213639813  38.4750955539  45.8332508421  50.6204496689  53.4990573588  55.1103767467  55.9545077002  56.3700834185  56.5629715729  56.6475907803  56.6827137408  56.6963947815  56.7009722265  
7.63635036768  14.4416872837  19.8860204098  23.83523009  26.4577784522  28.0651611809  28.9804213913  29.4671273031  29.709848068  29.8237555381  29.8741975147  29.8953014028  29.9035757873  29.9063575041  
3.71409140804  7.04899721833  9.75105042229  11.7411774994  13.0838613477  13.919446578  14.4019611832  14.6617921398  14.7928118984  14.8548940753  14.8826160425  14.8942974378  14.8989048086  14.9004605142  
1.7176420993  3.2681942358  4.53626052408  5.48107746909  6.1264576356  6.53303784389  6.77054282808  6.89979261454  6.96558524325  6.99702177468  7.01116241344  7.01715885931  7.01953662876  7.02034266475  
0.755107035516  1.4394412702  2.00303098561  2.42670979502  2.71895679553  2.90489652425  3.01455019438  3.07475297962  3.10564559422  3.120513172  3.12724365502  3.13011375449  3.1312572366  3.13164622748  
0.315658139895  0.602579978257  0.840148785135  1.01999007045  1.14501339803  1.22520010207  1.27286110199  1.29922292233  1.3128430319  1.31943864787  1.32244103935  1.32372763182  1.32424236791  1.32441801593  
0.125561673511  0.239953690034  0.335066964992  0.407467330102  0.458116568426  0.49081595219  0.510378715712  0.521266700889  0.52692484391  0.52967942595  0.530939362331  0.531481576553  0.531699297219  0.53177379478  
0.0475696829734  0.0909854389935  0.127204276909  0.154896587193  0.174368601079  0.187008054576  0.19461090274  0.198864643377  0.201086109955  0.202172529892  0.202671512222  0.202887043484  0.202973863279  0.203003641156  
