493.087800633  683.903233644  770.170642452  814.585495285  839.744170253  854.943388093  864.510169904  870.680974505  874.711272391  877.349972355  879.062070854  880.141670086  880.772855697  881.063496094  
288.74789419  472.947806851  583.067891587  649.563964821  690.825081081  717.111687845  734.196926334  745.443566898  752.88855469  757.808231546  761.021186197  763.056490063  764.25010547  764.800716017  
189.536304793  337.220233534  441.280381373  511.977014717  559.545449479  591.562684141  613.167632282  627.763720901  637.604981672  644.194610365  648.539675177  651.311184673  652.94422488  653.699628019  
133.000922028  246.746150521  335.257212548  400.640791744  447.600106237  480.800133106  504.038116064  520.170473271  531.270947558  538.818104818  543.851858629  547.089810762  549.008871179  549.899662974  
96.7381525478  183.517913289  255.32505507  311.583211062  354.083802437  385.3989827  408.05143906  424.190488084  435.523547768  443.352010693  448.637769293  452.069315917  454.116373166  455.070285557  
71.585011844  137.539680493  194.296836854  240.64665606  277.039431078  304.773036381  325.412739082  340.467083921  351.242947676  358.802532718  363.969808561  367.356227966  369.390041495  370.341658619  
53.2862434875  103.18034179  147.243034864  184.306490325  214.274985753  237.739914648  255.626043926  268.943756169  278.644156472  285.548610599  290.324040965  293.482671517  295.39241407  296.289634034  
39.617521752  77.1012303332  110.795968495  139.75319016  163.69853003  182.858112103  197.756685081  209.049001616  217.402641912  223.427690693  227.640947039  230.45222769  232.162909451  232.969788557  
29.2825416255  57.184790703  82.5832468305  104.759730963  123.417844833  138.608161092  150.616979399  159.858312021  166.788269566  171.846150904  175.418794831  177.822057333  179.293290467  179.989820956  
21.448186982  41.9883870272  60.8573591709  77.5308970839  91.749430237  103.487883372  112.895538713  120.229148998  125.79388486  129.898302987  132.823844428  134.806452964  136.026926145  136.606740299  
15.5327972216  30.4631257885  44.2730774012  56.5888267718  67.2033786333  76.0659142908  83.2496463226  88.9111971095  93.2512928273  96.4822183982  98.8038514252  100.387764884  101.367746755  101.834786061  
11.1037880174  21.8067919429  31.7588673243  40.698092163  48.4681152816  55.0155729405  60.3730378536  64.6346280328  67.9304520733  70.4039614425  72.1941372536  73.4228159709  74.1864866703  74.5514825307  
7.82572120983  15.3853442046  22.4435883152  28.8197348122  34.399979103  39.1378705312  43.0453279613  46.1780954987  48.6194016955  50.4646267696  51.8085796817  52.7359390807  53.3146912066  53.5920210706  
5.43262030989  10.6895129038  15.6138783984  20.0828331051  24.0158671564  27.3761636007  30.1658984086  32.4176089707  34.1838774141  35.527170413  36.5110269489  37.1931417585  37.6203981276  37.8256079442  
