487.543412169  672.983031089  754.196047672  794.001850374  815.083089888  826.781851002  833.431693169  837.24317068  839.422488946  840.655995272  841.342414092  841.713993367  841.903602713  841.982827551  
278.164465425  452.102329086  552.573178206  610.269176351  643.744021231  663.344870772  674.857587568  681.595808948  685.502776641  687.735724823  688.986998798  689.667794122  690.016440387  690.1624397  
174.845748214  308.284285287  398.947975069  457.4246921  494.178199322  516.906125512  530.765597734  539.092570044  544.011784178  546.861829464  548.475140794  549.359557397  549.814947824  550.00629487  
115.421755866  212.118957309  284.595020224  335.347887442  369.353993331  391.423114798  405.375217149  413.987192836  419.179371012  422.234554292  423.984691463  424.952886005  425.454751898  425.666517169  
77.6044168104  145.826379088  200.174388924  240.4968694  268.882407824  288.061387589  300.582516711  308.51024514  313.386820784  316.302249121  317.993473061  318.938342684  319.431734202  319.640903453  
52.1780999209  99.3073408301  138.348559294  168.521465905  190.577499475  205.975790692  216.309586086  223.003435959  227.198920915  229.745921683  231.241984375  232.086219199  232.530418696  232.719657162  
34.6989024776  66.5595835902  93.6460352031  115.200337447  131.414897308  143.036411918  151.018224709  156.292609432  159.654863325  161.725340784  162.95606072  163.657347316  164.029107106  164.188258787  
22.6681533754  43.70447798  61.9101637545  76.7089079147  88.0887684928  96.4183749046  102.250381666  106.170748451  108.70759013  110.29013888  111.241274328  111.788250651  112.080295281  112.205910617  
14.484495741  28.0239187175  39.8906978234  49.6901379586  57.3546434115  63.0600652676  67.118865473  69.8873671223  71.7024685151  72.8479628926  73.5433887342  73.946729764  74.1635358418  74.2572047602  
9.02696012709  17.5084394802  25.0112328012  31.2812643499  36.2507238378  40.0004802953  42.7034292155  44.5700847014  45.8079062127  46.5971325092  47.0806335181  47.36324796  47.5161055871  47.5824195381  
5.47658130347  10.641719998  15.2426901651  19.1231390928  22.2310595532  24.6020893294  26.3300008385  27.5358922642  28.3434450996  28.8629993129  29.1838806785  29.3727644677  29.4755061736  29.5202477926  
3.23044717366  6.28591277888  9.02219064905  11.3466003094  13.2239137505  14.669022817  15.7317971559  16.4801347774  16.9855465464  17.3132934733  17.5171750792  17.6379485459  17.7039800981  17.7328347696  
1.85117236205  3.60595586351  5.18399952445  6.53219023909  7.62845466049  8.47858425449  9.10857786113  9.55555345784  9.85965098182  10.0582196893  10.1825332791  10.2565902193  10.2972675942  10.3150985536  
1.03001620249  2.00810960631  2.89061885806  3.64806209597  4.26738395921  4.75060345925  5.11099988429  5.36835671592  5.54456016361  5.66031539428  5.73319328867  5.77682790494  5.80089478724  5.81147427174  
