492.973402576  683.676950793  769.837339874  814.152085331  839.219199041  854.336557816  863.831846299  869.941727023  873.921487225  876.519567267  878.200327482  879.257186099  879.873607165  880.156990703  
288.526605141  472.510090436  582.423158838  648.725587038  689.809589914  715.937851215  732.884795676  744.013587641  751.3608177  756.201921481  759.354257128  761.345572932  762.510628753  763.047202114  
189.222318311  336.599158996  440.365572434  510.787444366  558.104574967  589.897135742  611.305861357  625.734737703  635.437293187  641.915437563  646.174492757  648.883589774  650.47610832  651.21159489  
132.613602521  245.980021433  334.128746972  399.173394733  445.82271452  478.745597472  501.741533563  517.667630131  528.597008889  536.006649014  540.934309629  544.095276126  545.964353383  546.830578308  
96.3000508895  182.651336141  254.048636257  309.923425526  352.073382193  383.075086957  405.453767577  421.359519801  432.499058618  440.171981363  445.337743047  448.682215499  450.672739874  451.598866287  
71.1196960075  136.619273587  192.941131392  238.883773133  274.904137698  302.304801701  322.653730338  337.460295469  348.030626607  355.425018717  360.464851849  363.758794889  365.732568562  366.654676144  
52.8162334062  102.250650303  145.873655566  182.525829869  212.118163957  235.246800836  252.839232384  265.906676096  275.399481567  282.137087149  286.783798911  289.849028165  291.698130814  292.565546462  
39.1625740829  76.2013335113  109.470476951  138.029602273  161.610842439  180.444918657  195.05921689  206.109297332  214.262008121  220.125567488  224.214241172  226.935122657  228.587114136  229.365147321  
28.8584505955  56.3459299022  81.3476596344  103.153052874  121.471769103  136.358666294  148.102502099  157.11804091  163.860710104  168.768067755  172.224590257  174.543594251  175.96012437  176.629768829  
21.066171041  41.2327525105  59.744360984  76.083629562  89.9964446994  101.461591211  110.630565056  117.760795828  123.156837896  127.12567896  129.946631162  131.853350071  133.024554097  133.580153087  
15.1994478201  29.8037554317  43.3018718078  55.3259403029  65.6737276744  74.2977834653  81.2732515912  86.7573444392  90.9502496422  94.0628821522  96.2932610227  97.8109617577  98.7479574459  99.1938697543  
10.8214828559  21.2483886848  30.9363809634  39.6285928605  47.1727062468  53.5182097788  58.6993114199  62.8106282687  65.9818121159  68.3551534395  70.0680586087  71.2406717731  71.9679444494  72.3150514364  
7.59335952159  14.9257304845  21.7666132543  27.9394503668  33.3337569655  37.9054300937  41.6677342556  44.6768238369  47.0155507534  48.7783389197  50.0587004456  50.9399204294  51.4887190562  51.7513275329  
5.2465242932  10.3214137443  15.0716985698  19.3778281585  23.1619515446  26.3891319645  29.0626228279  31.2152896747  32.8994124322  34.1766912721  35.1096259398  35.7547945518  36.1580659854  36.35148793  
