397.035202767  508.116838532  537.161711263  544.032017022  545.481335175  545.753194025  545.798661311  545.805476446  545.806397439  545.806510324  545.806522944  545.806524237  545.80652436  545.80652437  
144.815502695  207.594242356  228.011411404  233.461754585  234.696746522  234.93889606  234.980559314  234.986920673  234.987790751  234.987898215  234.987910284  234.987911524  234.987911641  234.987911651  
45.7668292466  69.359091521  77.9845279275  80.4671059033  81.0578414911  81.1774694588  81.1984987909  81.2017555812  81.2022051263  81.202260958  81.2022672463  81.2022678929  81.2022679539  81.2022679592  
12.3465473024  19.2721069992  21.9823154525  22.8006815178  23.0019369075  23.0436174652  23.0510558113  23.0522191673  23.0523807173  23.0524008447  23.0524031138  23.0524033469  23.0524033689  23.0524033708  
2.85458029035  4.53170127724  5.21597986595  5.42915083451  5.48274697105  5.49401690881  5.4960484836  5.49636820284  5.49641274777  5.49641830344  5.49641892934  5.49641899351  5.49641899954  5.49641900006  
0.571448093364  0.916504623197  1.06107486829  1.10704647787  1.11877587587  1.1212669109  1.12171876234  1.12179011086  1.12180006236  1.12180130265  1.12180144208  1.12180145633  1.12180145766  1.12180145778  
0.100178591728  0.161705032069  0.187929576805  0.196381579654  0.198558592396  0.199023749584  0.199108403842  0.199121785461  0.199123650591  0.199123882552  0.199123908542  0.199123911186  0.199123911432  0.199123911453  
0.0155447210331  0.02519530062  0.0293545999666  0.0307066541564  0.0310569023864  0.0311319763047  0.0311456532098  0.0311478136259  0.0311481140971  0.0311481513411  0.031148155496  0.0311481559166  0.0311481559555  0.0311481559588  
0.00215549748414  0.00350288668178  0.00408766193361  0.00427872385991  0.00432836307178  0.00433901303214  0.00434095178767  0.00434125737394  0.00434129973294  0.00434130496065  0.00434130554083  0.00434130559921  0.00434130560457  0.00434130560502  
0.000269336809318  0.000438408698818  0.000512085401362  0.000536218600738  0.000542493599184  0.000543838819274  0.000544083176988  0.000544121564039  0.000544126862033  0.000544127512495  0.000544127584258  0.000544127591432  0.000544127592086  0.000544127592141  
3.0547893316e-05  4.97692663918e-05  5.8161534318e-05  6.09121022827e-05  6.16266851785e-05  6.17795433252e-05  6.18072175504e-05  6.18115462402e-05  6.18121405792e-05  6.18122131188e-05  6.18122210694e-05  6.18122218586e-05  6.181222193e-05  6.18122219359e-05  
3.16480927918e-06  5.15820289936e-06  6.02881520875e-06  6.31389940691e-06  6.38780293785e-06  6.4035598046e-06  6.40640030119e-06  6.40684231859e-06  6.4069026519e-06  6.4069099676e-06  6.40691076374e-06  6.40691084216e-06  6.4069108492e-06  6.40691084978e-06  
3.01154093864e-07  4.90840187108e-07  5.73608006961e-07  6.00653587424e-07  6.07642150835e-07  6.09125892228e-07  6.09392007501e-07  6.09433176761e-07  6.09438759685e-07  6.09439431853e-07  6.09439504448e-07  6.09439511541e-07  6.09439512173e-07  6.09439512224e-07  
2.64486797076e-08  4.30946475032e-08  5.03439775668e-08  5.27055319234e-08  5.33132566835e-08  5.34416386336e-08  5.34645316803e-08  5.34680505247e-08  5.34685243555e-08  5.34685809722e-08  5.34685870378e-08  5.34685876255e-08  5.34685876773e-08  5.34685876815e-08  
