491.9009261  681.557514271  766.720178938  810.106779947  834.331124468  848.701685028  857.551457161  863.117573047  866.651820669  868.896332773  870.307647752  871.171129256  871.663102298  871.885668663  
286.458017498  468.422129195  576.410785891  640.923003217  680.38146148  705.06928167  720.771133052  730.851087256  737.338987269  741.498104478  744.130711888  745.749023718  746.67403133  747.093293876  
186.30127842  330.826569534  431.875520123  499.769422354  544.791095394  574.549570667  594.200051233  607.147807515  615.636843775  621.151897084  624.676991934  626.859327431  628.112843776  628.682660157  
129.034429728  238.906815117  323.725790266  385.672856183  429.509472359  459.939893282  480.781340855  494.892502112  504.334835788  510.564286723  514.592525317  517.107969924  518.561611023  519.224811049  
92.2862271713  174.719156035  242.382312588  294.78329397  333.778886515  361.985330287  381.947743639  395.818002127  405.289751541  411.639011266  415.795989742  418.416438107  419.940998287  420.639404471  
66.9008247721  128.281861118  180.678774587  222.970072177  255.674817082  280.137273251  297.94631941  310.613208754  319.430346926  325.433260259  329.412601418  331.94539147  333.429297152  334.111999814  
48.6067426902  93.9317589666  133.638498886  166.647358739  192.931311516  213.128097173  228.186082635  239.118375021  246.861645824  252.210636072  255.799008355  258.104610176  259.464816618  260.093299065  
35.1448240368  68.2613459796  97.792555765  122.87422057  143.297628019  159.33320408  171.528267709  180.540196349  187.022799809  191.560741769  194.639057396  196.634729053  197.819964475  198.369881272  
25.1718748805  49.0603990078  70.6322501937  89.2467212274  104.667745799  116.986616489  126.510390025  133.655512444  138.865464857  142.556210798  145.085423221  146.738805144  147.726919381  148.187181698  
17.8029083592  34.7837677609  50.259281579  63.7739276868  75.1216302815  84.3134277502  91.5170229066  96.9913478665  101.030399552  103.92206891  105.921959814  107.239300231  108.031149971  108.401341389  
12.4058570632  24.2829365927  35.1818839974  44.7877759474  52.9394988688  59.6172161496  64.9099544109  68.9762254644  72.0071950805  74.1974471156  75.7247210457  76.7376949417  77.3498119257  77.6369379676  
8.5041712531  16.6687979546  24.2007077363  30.8869331627  36.6092615428  41.340089697  45.1251490724  48.060146539  50.267264691  51.875262661  53.0047395451  53.7585178465  54.2161885616  54.431523052  
5.72797662701  11.2392506426  16.3444965124  20.9024866787  24.8301871322  28.1019373802  30.7402847119  32.802271089  34.3647485272  35.5112619604  36.3218069296  36.8657362909  37.1974142916  37.3538987622  
3.78757418381  7.43813868438  10.8309167743  13.8739832115  16.5109541141  18.7213185147  20.5155956328  21.9273538668  23.0041911082  23.7993101538  24.3646500138  24.7459016088  24.9792775  25.0896558508  
