451.516822672  604.360394789  658.751171  678.294236517  685.150809472  687.447215566  688.17174726  688.38562985  688.444540583  688.459674205  688.463303662  688.464117661  688.464288576  688.464321253  
216.380457382  334.308118858  388.513251884  411.064691052  419.696757105  422.747275289  423.743420971  424.044291156  424.128476219  424.150344924  424.155632147  424.156825018  424.157076598  424.157124852  
102.436246654  170.024782614  205.959624715  222.495597569  229.276857877  231.789961187  232.638394805  232.900810441  232.975513601  232.995167904  232.99996521  233.001055354  233.001286522  233.001331038  
45.8435850166  79.0006774721  98.2383968121  107.721403606  111.816297567  113.393028541  113.940672692  114.113689406  114.163737137  114.177065593  114.180349203  114.181100702  114.18126093  114.181291908  
18.9768311998  33.3934955384  42.2286120082  46.79557148  48.8443679653  49.6571381429  49.9460307925  50.0389435449  50.0661936005  50.0735287564  50.0753509029  50.0757706108  50.0758605386  50.0758779875  
7.20186830977  12.8318622193  16.407483627  18.3184353422  19.2003002343  19.5582875985  19.6878935283  19.7301888075  19.7427367818  19.7461450622  19.7469977184  19.7471951952  19.7472376848  19.7472459542  
2.50055461985  4.49046013581  5.78509015453  6.49370219197  6.82768679204  6.96569149485  7.01638554699  7.03312385788  7.03813639327  7.03950802499  7.03985316846  7.03993346447  7.0399508001  7.03995418216  
0.795335582558  1.43569930853  1.8593779131  2.09534404181  2.20834118761  2.25567563665  2.27326278082  2.27912414948  2.28089264764  2.28137947262  2.28150254419  2.28153127847  2.28153749852  2.28153871421  
0.232397304458  0.42101749795  0.547321333885  0.618576314313  0.653112020116  0.667732826543  0.673213939188  0.675054148236  0.675612684119  0.675767159601  0.675806353806  0.675815529653  0.675817519791  0.675817909244  
0.0626059205153  0.113707680525  0.148227963435  0.167891252741  0.177509699675  0.181615139258  0.183164955643  0.183688284164  0.18384785942  0.183892153444  0.183903422728  0.183906066217  0.183906640312  0.183906752741  
0.015607337205  0.0283992396425  0.0370968274148  0.0420872881966  0.0445456625932  0.0456016117481  0.0460023878707  0.046138319167  0.0461799141157  0.0461914910097  0.0461944421932  0.0461951353789  0.0461952860336  0.0461953155454  
0.00361393606684  0.00658494287671  0.00861488641647  0.00978606646638  0.0103661230505  0.0106164839059  0.0107118978012  0.0107443678024  0.0107543295171  0.0107571074268  0.0107578164912  0.0107579831631  0.0107580193964  0.0107580264933  
0.000780030497935  0.00142274178238  0.0018634894378  0.00211884700581  0.00224583840679  0.00230085100871  0.00232188130053  0.00232905560914  0.00233126070325  0.00233187638274  0.00233203364915  0.00233207062513  0.00233207866204  0.00233208023541  
0.000157460713095  0.00028742093256  0.000376789251219  0.000428730650256  0.000454641109808  0.000465896080111  0.000470208267973  0.000471681844224  0.000472135296743  0.000472261990699  0.000472294360131  0.000472301969288  0.00047230362225  0.000472303945586  
