489.137318082  676.112543663  758.7509668  799.831699694  822.011923147  834.623824221  842.005158431  846.381648187  848.981689  850.516856919  851.41072243  851.91744748  852.187241294  852.303558301  
281.17741704  458.018033672  561.183332434  621.289344574  656.841622071  678.168611485  691.064104352  698.870406936  703.572703709  706.375916157  708.019354314  708.955636777  709.455869815  709.671991471  
178.960011397  316.362341904  410.705398197  472.473097957  512.063459578  537.148557008  552.896338016  562.681897377  568.687243728  572.316079097  574.464966234  575.698306668  576.360725703  576.647843012  
120.232500076  221.564519033  298.342850641  352.943888763  390.26719318  415.092653443  431.252876771  441.570510098  448.032832453  451.998772658  454.375257197  455.751523817  456.495518829  456.819293532  
82.6855943335  155.802938448  214.695124015  259.082200685  290.971559036  313.062006216  327.915588515  337.645065983  343.863384508  347.740942906  350.093868484  351.46985904  352.219063527  352.546574918  
57.1435559565  109.056713148  152.538684033  186.683739342  212.163969557  230.4076378  243.021008111  251.475821105  256.982726895  260.470154069  262.613020091  263.878687096  264.572959879  264.877888242  
39.2469314032  75.489389432  106.643349596  131.836008084  151.18709318  165.415018117  175.48503121  182.372608386  186.936290229  189.868360124  191.69169364  192.77912379  193.38002697  193.645189101  
26.6035487752  51.4314375832  73.1567987105  91.1039312201  105.1980036  115.783160131  123.422338449  128.738860093  132.315544638  134.643848687  136.107953645  136.989197038  137.479610656  137.697002221  
17.7184970022  34.3737488176  49.1329689083  61.5197892212  71.4149322927  78.9741176684  84.5182409266  88.4343088747  91.1041565926  92.8626973595  93.9798363264  94.6579965228  95.0379016582  95.2070319642  
11.5603922027  22.4827513905  32.2514656523  40.5484872433  47.2655190133  52.4676505129  56.334369386  59.1002098599  61.0078180357  62.2774663804  63.0914725609  63.5894836333  63.8701822414  63.9956471905  
7.37383816676  14.3669396111  20.6648784581  26.0634010441  30.4801794134  33.939026945  36.5386409335  38.4180942781  39.7274065128  40.6068882325  41.1754004549  41.5256825269  41.7242228506  41.8132917954  
4.59177852003  8.9588684455  12.912802676  16.3265359151  19.1430837648  21.3688480467  23.0572228919  24.2889930306  25.1545576205  25.7406745214  26.122330378  26.358981346  26.4937974417  26.554481262  
2.78878311318  5.44695170485  7.86367795276  9.96218409235  11.7054118078  13.093300884  14.1542708054  14.9343073878  15.48655246  15.863155341  16.1099784455  16.2638971045  16.35198382  16.3917540116  
1.65085968516  3.22714080397  4.66500701698  5.91930957668  6.96707049869  7.80643110323  8.45226870972  8.9302331682  9.27081479234  9.50451460795  9.65856080227  9.75511253045  9.81059584659  9.83571448392  
