278.406626072  326.268896605  332.711151366  333.403149271  333.463859534  333.468300897  333.468576532  333.468591247  333.468591931  333.468591959  333.46859196  333.46859196  333.46859196  333.46859196  
54.9196659649  68.4193161585  70.5279584184  70.7710421681  70.7930980558  70.794733381  70.7948349848  70.7948403715  70.7948406185  70.7948406284  70.7948406288  70.7948406288  70.7948406288  70.7948406288  
7.99050924116  10.2307616253  10.6054554992  10.6501198061  10.6542273616  10.6545322518  10.6545510598  10.654552044  10.6545520883  10.6545520901  10.6545520901  10.6545520901  10.6545520901  10.6545520901  
0.898443580075  1.16559951879  1.21172759545  1.2172989208  1.21781181243  1.21784960914  1.21785191032  1.21785202863  1.21785203385  1.21785203405  1.21785203406  1.21785203406  1.21785203406  1.21785203406  
0.0810150120116  0.105761123609  0.110086672791  0.110609556575  0.110657345428  0.110660821145  0.110661029053  0.110661039517  0.110661039968  0.110661039985  0.110661039985  0.110661039985  0.110661039985  0.110661039985  
0.00602454623044  0.00788336457961  0.00820846152735  0.00824747634526  0.0082509956407  0.00825124712612  0.0082512618525  0.00825126257588  0.00825126260619  0.00825126260729  0.00825126260733  0.00825126260733  0.00825126260733  0.00825126260733  
0.0003773552186  0.000493791380891  0.000514010361496  0.000516405525122  0.000516617820257  0.000516632672058  0.000516633520852  0.000516633561434  0.000516633563086  0.000516633563144  0.000516633563145  0.000516633563146  0.000516633563146  0.000516633563146  
2.02355348826e-05  2.64388232189e-05  2.7502514861e-05  2.76263564808e-05  2.76371040866e-05  2.76378379689e-05  2.76378787948e-05  2.76378806901e-05  2.76378807648e-05  2.76378807674e-05  2.76378807674e-05  2.76378807674e-05  2.76378807674e-05  2.76378807674e-05  
9.40931401209e-07  1.22616459129e-06  1.27426160801e-06  1.27974609946e-06  1.28021075319e-06  1.28024164006e-06  1.28024330853e-06  1.28024338356e-06  1.28024338642e-06  1.28024338652e-06  1.28024338652e-06  1.28024338652e-06  1.28024338652e-06  1.28024338652e-06  
3.83254868414e-08  4.97729291235e-08  5.16648640406e-08  5.18755436296e-08  5.18929227677e-08  5.18940446758e-08  5.18941033903e-08  5.18941059427e-08  5.18941060365e-08  5.18941060394e-08  5.18941060395e-08  5.18941060395e-08  5.18941060395e-08  5.18941060395e-08  
1.37864365371e-09  1.78320642225e-09  1.84855570909e-09  1.85564392938e-09  1.85621189033e-09  1.85624741628e-09  1.85624921357e-09  1.85624928892e-09  1.85624929159e-09  1.85624929167e-09  1.85624929167e-09  1.85624929167e-09  1.85624929167e-09  1.85624929167e-09  
4.40891574606e-11  5.67683838133e-11  5.87651279212e-11  5.8975590423e-11  5.8991934155e-11  5.89929225229e-11  5.89929707528e-11  5.89929726987e-11  5.89929727648e-11  5.89929727667e-11  5.89929727667e-11  5.89929727667e-11  5.89929727667e-11  5.89929727667e-11  
1.26031012871e-12  1.6147066863e-12  1.66899382588e-12  1.67454180663e-12  1.67495843918e-12  1.67498274483e-12  1.67498388628e-12  1.6749839305e-12  1.67498393194e-12  1.67498393198e-12  1.67498393198e-12  1.67498393198e-12  1.67498393198e-12  1.67498393198e-12  
3.23450913134e-14  4.12199142313e-14  4.25393728379e-14  4.2669831693e-14  4.26792849922e-14  4.26798158216e-14  4.26798397582e-14  4.26798406462e-14  4.26798406738e-14  4.26798406745e-14  4.26798406745e-14  4.26798406745e-14  4.26798406745e-14  4.26798406745e-14  
