467.551727037  634.405053218  699.527649412  726.32307403  737.5370487  742.180780988  744.048592646  744.769936582  745.035609868  745.128579142  745.159435848  745.169141869  745.172025  745.172788776  
242.393371137  383.056012286  454.687756821  489.026529024  504.748906331  511.624137852  514.485943263  515.616250989  516.038952597  516.188471381  516.238485658  516.254309213  516.259030089  516.260284584  
130.148615237  221.970058898  276.498530226  305.629535576  320.00087594  326.61707228  329.471723768  330.628332872  331.06893961  331.226935661  331.280331916  331.297358816  331.302469508  331.303833514  
69.0121012795  122.44275261  157.257009044  177.311600493  187.792574902  192.831226159  195.076830486  196.00913486  196.370932315  196.502525979  196.547492669  196.561956027  196.566326763  196.567499057  
35.1577448297  63.7452472785  83.4856039434  95.4708165834  102.013706073  105.270837715  106.7629797  107.396023362  107.645910294  107.738033397  107.769852082  107.780174547  107.783315295  107.784161943  
16.9590059885  31.1420913476  41.3117505968  47.7198649953  51.3349324658  53.1850102792  54.0520571296  54.4267761885  54.5769291038  54.6329617959  54.6525071017  54.6588989644  54.6608563998  54.6613866113  
7.69053535414  14.2346029916  19.047172953  22.1617005401  23.9629281814  24.9050575057  25.3548590417  25.5522970286  25.6324388627  25.6626659638  25.6733028987  25.6768067539  25.6778861208  25.6781797855  
3.2687186676  6.08176670879  8.18720867201  9.57664831367  10.3955810756  10.831357136  11.0425670713  11.1364808631  11.1750200253  11.1896898466  11.1948919142  11.1966164709  11.1971505151  11.197296388  
1.30124215018  2.42978040974  3.2851360446  3.85788121253  4.20042278079  4.38520066204  4.47585840962  4.51660147429  4.533475221  4.53994851539  4.54225920057  4.54302947339  4.54326909629  4.54333477486  
0.485470032627  0.90882805446  1.23268249524  1.45193815838  1.58456773762  1.65689354993  1.69273239077  1.7089812982  1.71576256819  1.71838127753  1.71932130259  1.71963614862  1.71973447825  1.71976150949  
0.169970923256  0.318793648224  0.433429765893  0.51170105574  0.559472954572  0.585751519028  0.59887847113  0.604873369926  0.607391272953  0.608368996098  0.608721628984  0.608840211283  0.608877368811  0.608887609171  
0.0559439371801  0.105075540121  0.143121913985  0.169271225412  0.18534454497  0.194248292572  0.198725299985  0.200782119105  0.201650580611  0.201989369389  0.202112043892  0.202153434872  0.202166440623  0.202170032378  
0.0173437354407  0.0326108035678  0.0444819254897  0.0526834481445  0.0577532861108  0.0605776138993  0.0620053788336  0.0626645430698  0.0629440843555  0.0630535512418  0.0630933191142  0.0631067741928  0.0631110116441  0.0631121838727  
0.00507483904898  0.00955007665356  0.0130410928124  0.0154629298202  0.0169668110651  0.0178084414494  0.0182357687365  0.0184338496135  0.018518154949  0.018551272299  0.0185633357998  0.0185674265925  0.0185687172878  0.0185690748219  
