474.137191097  646.975347354  717.045949376  747.570189999  761.352476039  767.618268937  770.428796866  771.656211612  772.173763259  772.38339132  772.464701333  772.494832692  772.50541489  772.508671965  
253.7648414  404.762128565  484.938651238  525.717352252  545.875910609  555.553290621  560.043932419  562.048798613  562.906868646  563.258074508  563.395335555  563.446488057  563.46452879  563.470097683  
143.527020728  247.507680057  312.090517727  348.800310947  368.393355076  378.308657688  383.081540088  385.268403833  386.222057209  386.617809416  386.77409349  386.832798709  386.853628979  386.860086267  
81.7554399983  146.768925415  191.162268177  218.43886185  233.897036274  242.081322994  246.156601698  248.072004688  248.923586198  249.2822643  249.425549773  249.479860939  249.499268364  249.505314727  
45.557462474  83.5984318111  111.158222812  129.040272306  139.648434104  145.475877468  148.463739988  149.900856981  150.551558846  150.829625872  150.942000363  150.984991804  151.000467793  151.005314886  
24.4329992402  45.4107335343  61.2017296557  71.8503056129  78.3898735999  82.0898607746  84.0339877646  84.9880713144  85.4272121733  85.6174019039  85.6951086106  85.7251044198  85.7359805066  85.7394048108  
12.5000319262  23.4169507713  31.8480941855  37.6932191497  41.3784685951  43.5129726698  44.657433403  45.2287796246  45.4955613912  45.6124979686  45.6607556029  45.6795393065  45.6863965076  45.6885662637  
6.07216870952  11.4344747299  15.6499853019  18.6322863434  20.5507667052  21.6828325941  22.299956256  22.6125157258  22.7602786621  22.8257331088  22.8529875517  22.8636763242  22.8676027886  22.8688509351  
2.79461675943  5.28131155486  7.26114497821  8.68308052753  9.61211581199  10.1685188272  10.4759725632  10.6335822852  10.7088841238  10.7425472801  10.7566750019  10.762253047  10.7643136433  10.764971404  
1.21766795146  2.30702397671  3.18244575143  3.81841181205  4.23899706761  4.49389943987  4.63632573166  4.71007754987  4.74563193826  4.76165210939  4.76842175038  4.77111047781  4.77210868621  4.77242851106  
0.50238055039  0.953604623074  1.31875836658  1.58637809515  1.76506611001  1.87440575713  1.93605939911  1.96825512342  1.98389450464  1.99098911698  1.9940049567  1.9952089782  1.99565794028  1.99580226015  
0.196399776618  0.373327299392  0.517275394322  0.623503466488  0.694974550512  0.739049308461  0.764089576416  0.777258013986  0.783695950543  0.786633347631  0.787888409741  0.788391722114  0.788580117131  0.788640851058  
0.0728292101798  0.138588442399  0.192314062703  0.232178280435  0.259164366513  0.275912108582  0.285486430835  0.290551200756  0.293040803985  0.29418231863  0.294672199339  0.294869414582  0.294943478216  0.294967413912  
0.0256486850397  0.048849153425  0.0678667687837  0.0820395135772  0.0916816211337  0.0976968300938  0.10115339489  0.102990937143  0.103898336379  0.104316132475  0.104496103037  0.104568795576  0.104596172524  0.104605039047  
