478.858484418  656.070483197  729.896787827  763.413145039  779.41027155  787.202053215  790.993173529  792.809590583  793.658613171  794.043421697  794.211853771  794.282765752  794.311099091  794.320841561  
262.165944558  420.946194966  507.805940661  553.909308604  578.009548904  590.402876374  596.638917399  599.692273858  601.140461316  601.803576314  602.095977147  602.219757546  602.269415903  602.286537476  
153.90810424  267.506261067  340.348040149  383.638388346  408.10327459  421.375829118  428.306540605  431.789850255  433.47330285  434.254865801  434.603085603  434.751663079  434.811625958  434.832384145  
92.3271863626  167.135142046  219.939970123  253.919336284  274.340489793  285.945384742  292.219629898  295.45647784  297.052107425  297.804229928  298.143302119  298.289314588  298.348662011  298.369307585  
54.9316337411  101.657922719  136.677299011  160.504343758  175.51513009  184.37758853  189.316999759  191.927194407  193.238601437  193.866154268  194.152499914  194.277003484  194.32799378  194.345825967  
31.8597879462  59.7189148473  81.4207558492  96.7807544778  106.810103966  112.916406721  116.408259097  118.292979005  119.256460852  119.724110691  119.939990245  120.034752115  120.073857701  120.087606911  
17.8363787868  33.6980554045  46.3770493934  55.6086439326  61.8028436688  65.6678288872  67.925682999  69.1667490224  69.8110169802  70.1277902594  70.2756102594  70.3410839034  70.3683010202  70.3779201169  
9.58454540579  18.201700082  25.2136923958  30.4258358398  33.9967692319  36.2689223055  37.6198429087  38.3739688134  38.7707301935  38.9680642488  39.061056507  39.1025889815  39.119972025  39.1261456685  
4.92803875692  9.39187578999  13.0706622688  15.8475860792  17.7810301593  19.0306441624  19.7844450835  20.2107644841  20.4376638515  20.5516603925  20.605853338  20.6302400404  20.6405108814  20.6441751083  
2.42051057217  4.62468391268  6.45821265199  7.8584837756  8.84579115854  9.49196759785  9.88643369629  10.1119891048  10.2332298424  10.2946809008  10.3241214609  10.3374592233  10.3431084641  10.3451321824  
1.13494609864  2.17249206506  3.04163009434  3.71138656484  4.1883465986  4.50369580993  4.6981087665  4.81030442387  4.87112414279  4.90218687555  4.91717031583  4.92399913752  4.92690616678  4.92795140299  
0.507984708425  0.973743509423  1.36600414332  1.67041396044  1.8889275801  2.0346009634  2.1251442695  2.17780427312  2.20655741266  2.22133983983  2.22851282902  2.23179926599  2.23320460278  2.23371156782  
0.217110182012  0.416625987884  0.585364157096  0.717045024442  0.812177831763  0.876030223086  0.915988020096  0.93938025863  0.952231751066  0.958876622414  0.962117708551  0.9636095653  0.964250046231  0.964481771928  
0.0886597862002  0.170280331941  0.239540207448  0.293832712442  0.333261905737  0.359875005625  0.376623810359  0.386483423799  0.391928810796  0.394758204222  0.396144488445  0.396785179434  0.397061201479  0.397161324148  
