488.948771524  675.741932094  758.210585859  799.138438873  821.185694676  833.685883891  840.976550466  845.281953035  847.828175658  849.324061964  850.190414066  850.678894808  850.937697586  851.048876414  
280.819764315  457.31502358  560.15828948  619.974307552  655.274363596  676.389452546  689.112964256  696.784427921  701.384643009  704.113347533  705.704599961  706.606278194  707.085664615  707.292040797  
178.468795886  315.396799109  409.297565249  470.666981108  509.910940166  534.705015936  550.216603661  559.816982966  565.682138957  569.208653629  571.285876417  572.471697411  573.105489849  573.379224834  
119.653494656  220.426416751  296.683418012  350.815001436  387.730009346  412.212455503  428.09429448  438.193674565  444.490773115  448.336125075  450.628153471  451.948420296  452.658680852  452.966685696  
82.067747333  154.588491363  212.924381935  256.810525547  288.264218048  309.988666378  324.545218518  334.041831837  340.083871937  343.83277882  346.095604559  347.41185547  348.125073787  348.43576309  
56.5322650701  107.855156235  150.786744595  184.43619943  209.485411416  227.36699548  239.686522497  247.910978658  253.243511573  256.603683854  258.657432426  259.864013887  260.522695941  260.810987527  
38.6788965845  74.3728606044  105.015394681  129.747540912  148.698134329  162.589630605  172.386631476  179.06019192  183.461878017  186.275732122  188.016282998  189.048830619  189.616676343  189.866386367  
26.1039126194  50.449356851  71.7248845664  89.2669751322  103.008807247  113.298079437  120.697158135  125.825473294  129.259706889  131.48406438  132.87538367  133.708375247  134.169726853  134.373534412  
17.300352672  33.551851259  47.9346166228  59.9824758987  69.5828553793  76.8944478046  82.2376683769  85.9962642503  88.5469312233  90.2185118159  91.2747637664  91.912562947  92.2681601558  92.4259290567  
11.2262161318  21.8259035534  31.2937682596  39.319911726  45.8013943924  50.8056807602  54.5118724961  57.1518962778  58.9642885309  60.1644680149  60.9298379953  61.395611417  61.6568957918  61.7732870417  
7.11810801837  13.8642856467  19.9320049073  25.1232494991  29.3597914139  32.6672604777  35.1440568846  36.9272560223  38.1637304457  38.9900747263  39.521387887  39.8470153034  40.0307091261  40.1128395584  
4.40399075523  8.5897616472  12.3746467979  15.6361820251  18.3203936209  20.4350164663  22.0332251504  23.1943359453  24.0064355084  24.5535516013  24.9079073904  25.1264661812  25.2503884195  25.3059812731  
2.65623343234  5.18641985174  7.48382746079  9.47491274439  11.1247424891  12.4341968157  13.4315392025  14.1617177097  14.6762406708  15.0253293486  15.2528948265  15.3940524161  15.4744559505  15.5106358134  
1.56079751793  3.05012104162  4.40691821496  5.58823832324  6.57254731194  7.35862498507  7.96124190686  8.40534191032  8.72030453107  8.935320019  9.07629017893  9.16417798113  9.21444539527  9.2371268087  
