493.198528434  684.122294531  770.493398  815.005348383  840.252952643  855.531808886  865.168279192  871.398597651  875.478377202  878.156941643  879.89986513  881.001877631  881.647638615  881.945450325  
288.962200852  473.371785279  583.69256426  650.376563259  691.809795925  718.250536967  735.470652147  746.832476923  754.373232206  759.370063129  762.642676599  764.721359114  765.943183657  766.50767353  
189.840661257  337.82236384  442.167535389  513.131058313  560.943929844  593.180062734  614.976559249  629.736228881  639.713495109  646.412694716  650.842484109  653.675597659  655.348698872  656.123812603  
133.376841071  247.489857917  336.352959676  402.066179872  449.327402426  482.797793175  506.272358765  522.606754887  533.875208585  541.557695367  546.696090768  550.010128432  551.978666944  552.893802615  
97.1640548644  184.3605057  256.566494128  313.198118713  356.040757049  387.662244687  410.58273452  426.950679594  438.474046922  446.455826587  451.860134302  455.377878169  457.480988837  458.462480162  
72.038273388  138.436398992  195.618021533  242.365297171  279.122086902  307.181669923  328.106616493  343.404552784  354.382940402  362.105682439  367.399115106  370.877262633  372.970725911  373.95169129  
53.7451547766  104.088236867  148.58068493  186.046547231  216.383589016  240.178551296  258.353470823  271.917800675  281.823238711  288.892873332  293.796023854  297.04751839  299.0176489  299.944580188  
40.0629284501  77.982407584  112.094251895  141.442034409  165.745068924  185.224963932  200.403818657  211.93548417  220.488116718  226.673473766  231.010681556  233.912085071  235.681371803  236.517084838  
29.6990078115  58.0087122142  83.7971704495  106.338834139  125.331394589  140.821202419  153.092080324  162.557198174  169.673205956  174.880967435  178.569498194  181.057018948  182.583042913  183.306530595  
21.8246110471  42.7330898334  61.9545640292  78.9581660088  93.4789828615  105.488123312  115.132631141  122.668498286  128.401383671  132.641259264  135.671534453  137.73029114  139.000280867  139.604457095  
15.8624970872  31.1153904424  45.2340869637  57.8389264226  68.7182340832  77.8178489771  85.2090234424  91.0477140788  95.5350754824  98.8846330009  101.297989062  102.948590098  103.971936136  104.460310397  
11.3841421711  22.3614323251  32.5760410703  41.7610843233  49.7562316048  56.5052772042  62.039127309  66.4513343369  69.8723718698  72.4467469045  74.3149079788  75.600285295  76.4008242867  76.7839590185  
8.0574956109  15.8438758653  23.1191596666  29.6985256269  35.4648792038  40.3694202883  44.422690287  47.6799662002  50.2247789363  52.1533820178  53.5617982261  54.5360243921  55.1452512493  55.4375742802  
5.61912602075  11.0584865242  16.1574992611  20.7899788403  24.8727678598  28.3671588492  31.2742196104  33.6261120786  35.475662214  36.8860400123  37.9217617803  38.6415835023  39.0933581304  39.3106304959  
