489.581690992  676.986453771  760.026226367  801.469488578  823.966306376  836.845537075  844.44514577  848.993954425  851.725458833  853.357379404  854.319593511  854.872015765  855.169534649  855.29887606  
282.021666065  459.678344846  563.606151007  624.400915197  660.554672147  682.389542702  695.699717231  703.833391542  708.785440761  711.772460532  713.545743646  714.568838328  715.121740992  715.36260511  
180.122562788  318.648628356  414.041669352  476.757785704  517.176382156  542.960822831  559.279606207  569.515938945  575.865175793  579.747095957  582.074763924  583.427632352  584.162568907  584.483752241  
121.607812102  224.269219085  302.289684296  358.01269115  396.31577915  421.968535398  438.804221099  449.655082679  456.524190818  460.789496445  463.37744975  464.895095407  465.724863273  466.088930325  
84.1600125883  158.702536387  218.926350141  264.51621915  297.455926752  320.433237139  336.010901123  346.311974167  352.966335942  357.16478171  359.744372064  361.271896646  362.113032597  362.483728643  
58.6106074938  111.941817321  156.748745348  192.090551402  218.615836486  237.741878237  251.075645818  260.099128863  266.039831705  269.846481811  272.214828583  273.631232704  274.416950716  274.764834433  
40.6192642381  78.1882127986  110.581566082  136.893673154  157.222289187  172.275553712  183.019379174  190.438834338  195.408231375  198.638846732  200.673046489  201.901437882  202.587852676  202.893181931  
27.8198651778  53.8234326904  76.6472642342  95.5865428756  110.546961838  121.863562244  130.099874955  135.887729386  139.823929295  142.416769919  144.067710966  145.07384582  145.640019518  145.892996652  
18.7451867474  36.3928194197  52.079236973  65.3034916096  75.9298666435  84.106400092  90.1544926343  94.4683378883  97.4415802804  99.4233511203  100.69814356  101.481682319  101.925507938  102.124661645  
12.3887366609  24.1117535335  34.6285240328  43.6011665273  50.9081203474  56.6082796708  60.8815435583  63.9682493958  66.1205759552  67.5702710569  68.5114251826  69.0944193097  69.4266642879  69.5763396835  
8.01435725834  15.6265638727  22.5029245954  28.4238469018  33.296746643  37.1406484478  40.0545710358  42.1820786388  43.6805659753  44.6992204411  45.3660089923  45.781972669  46.0203498805  46.128128816  
5.06745648267  9.89431736526  14.2778019978  18.0794719403  21.234725971  23.7464110492  25.6681626623  27.0841042439  28.0901153307  28.7795488713  29.2341560633  29.5195596073  29.6839431009  29.7585131192  
3.1286351668  6.11528779297  8.8389011233  11.2145560688  13.1997523204  14.7918909961  16.0195660551  16.9311511643  17.5837061397  18.0340943504  18.3330127952  18.5217435706  18.6309417287  18.6806263765  
1.88478518498  3.68716472152  5.33625970042  6.78131654616  7.9956113991  8.97553900811  9.73609828137  10.30458449  10.7141865841  10.9986519106  11.1885375457  11.3090366429  11.3790415887  11.4109796203  
