488.12425719  674.122554795  755.85245234  796.118293767  817.593486504  829.616908555  836.524291334  840.532450073  842.856359739  844.192097261  844.947790649  845.363849789  845.579514717  845.670684606  
279.259670901  454.250942653  555.69638527  614.259794591  648.477439926  668.690433576  680.68873481  687.797787728  691.977370763  694.403064704  695.784946289  696.549600964  696.947370015  697.115889209  
176.335016046  311.20598026  403.194916908  462.851124264  500.614666315  524.174952952  538.69468502  547.525874928  552.815754246  555.927862487  557.71874729  558.717175772  559.239350121  559.461313151  
117.15293887  215.515242477  289.531804624  341.655722932  376.835883666  399.87251302  414.592060482  423.79009092  429.413081579  432.772841932  434.729352668  435.830045644  436.409521786  436.656865413  
79.419177816  149.38662063  205.349475881  247.10915285  276.725361431  296.918477552  310.244013159  318.785999532  324.114101789  327.348737731  329.256238579  330.339958635  330.914677823  331.16112854  
53.9352750233  102.754597953  143.359389106  174.923832945  198.171407975  214.551560069  225.664131661  232.95264178  237.585226151  240.441218744  242.146625056  243.125251763  243.648163673  243.873483521  
36.290960324  69.6828990724  98.185966038  121.000988766  138.295042118  150.806053874  159.493351931  165.306405612  169.064580352  171.414922471  172.835239849  173.65823411  174.101273231  174.293097709  
24.0286119192  46.3734281501  65.7896202553  81.6656296267  93.9678680823  103.057476659  109.492231928  113.872796731  116.747861092  118.56947236  119.682551316  120.333475889  120.686394945  120.839912444  
15.586752893  30.1863185399  43.0338332923  53.7060335069  62.1177862232  68.4388801642  72.9859346266  76.1271935896  78.2162329885  79.5553367438  80.3819046969  80.8694162748  81.1355109533  81.2517704524  
9.87689440809  19.1758253622  27.4348250719  34.3777856762  39.9233747961  44.1477909484  47.2271416076  49.3811399011  50.8301114999  51.7685578179  52.3531243062  52.7005994213  52.8914351415  52.9751547195  
6.10207976656  11.8688046223  17.026275765  21.4019235429  24.933789818  27.6540784477  29.6589307318  31.0762203833  32.0391027029  32.6684179012  33.0636319934  33.3002154918  33.4308845429  33.4884246762  
3.67078084852  7.14974114421  10.2777654447  12.9507549623  15.1264769046  16.8174082219  18.0750900406  18.9721944308  19.5869054179  19.9918787963  20.2480542966  20.4023814521  20.4880562564  20.5259124213  
2.14824026719  4.18872748689  6.03104924764  7.61438769323  8.91194402867  9.92788233225  10.6893318781  11.236634516  11.6144349707  11.8650734312  12.0246419557  12.1213171736  12.1752345779  12.1991323327  
1.22238331018  2.38548223499  3.43911805108  4.34881865433  5.09846889961  5.68903522145  6.13453083996  6.45682898946  6.6807348857  6.83018702916  6.92587731445  6.9841457472  7.01677788939  7.0312818185  
