430.407712252  566.013518598  608.784448231  621.753798671  625.433159499  626.395493321  626.626116446  626.676699683  626.686869394  626.688748956  626.689069396  626.689119971  626.689127385  626.689128383  
185.680643188  278.526409662  315.808333596  328.773461236  332.765020128  333.863610221  334.135734739  334.196757569  334.209214514  334.211541499  334.21194122  334.212004646  334.212013979  334.212015238  
74.7686042797  119.735629367  140.385858161  148.246936626  150.819061269  151.557048669  151.745213104  151.788278456  151.797198729  151.798882584  151.799174006  151.799220492  151.799227357  151.799228286  
27.1416132032  44.9932367941  53.8712916366  57.4603926577  58.6872468239  59.0505685712  59.1453552028  59.1674145618  59.1720397276  59.1729205372  59.17307394  59.1730985172  59.1731021572  59.1731026505  
8.77819888692  14.8393707677  18.0075738496  19.341639687  19.8121731057  19.9548404224  19.9927204999  20.0016516642  20.003542217  20.00390474  20.0039681829  20.0039783799  20.003979893  20.0039800982  
2.52807764996  4.3244446029  5.29434598111  5.71442439565  5.8659676944  5.91272375394  5.92530310791  5.92829833364  5.92893693718  5.92906001693  5.92908162993  5.92908511091  5.92908562794  5.92908569807  
0.651076130297  1.12211237258  1.38204692716  1.49688239836  1.53899059696  1.55214988232  1.55572503943  1.55658249677  1.5567662634  1.55680180589  1.55680806063  1.55680906905  1.55680921885  1.55680923916  
0.150843608112  0.261273690453  0.323137888193  0.350857006697  0.361141932006  0.364386245879  0.365273937577  0.365487938566  0.365533964459  0.365542885806  0.365544457443  0.365544710862  0.365544748481  0.365544753574  
0.0316399619187  0.0549897750797  0.06820962684  0.0741930602602  0.0764321374716  0.0771431848094  0.0773387083503  0.077386007748  0.0773962025985  0.0773981807959  0.0773985293319  0.0773985854945  0.0773985938206  0.0773985949457  
0.00604543143998  0.0105317397861  0.0130907854915  0.0142573986318  0.014696604999  0.0148367312649  0.0148753907825  0.0148847625594  0.0148867846276  0.0148871770345  0.0148872461263  0.0148872572448  0.0148872588899  0.0148872591117  
0.00105822582181  0.00184658779519  0.00229865379567  0.00250578438882  0.00258408946488  0.00260914872768  0.00261607597972  0.00261775691272  0.00261811962788  0.00261818996979  0.00261820233843  0.00261820432501  0.00261820461824  0.00261820465767  
0.000170587279509  0.000298015276294  0.000371352656016  0.00040507024388  0.000417851381337  0.000421948927146  0.000423082636955  0.000423357752644  0.000423417076766  0.000423428566109  0.000423430582468  0.00042343090554  0.000423430953091  0.000423430959464  
2.54432264516e-05  4.44840541363e-05  5.54690972494e-05  6.05305697146e-05  6.24521302116e-05  6.30686396692e-05  6.32392154735e-05  6.32805794183e-05  6.32894868165e-05  6.32912086078e-05  6.32915100474e-05  6.32915582073e-05  6.32915652726e-05  6.32915662162e-05  
3.52608491871e-06  6.16800643026e-06  7.69446108048e-06  8.39862534385e-06  8.66611757774e-06  8.75193291951e-06  8.77565878692e-06  8.78140441598e-06  8.78263932355e-06  8.78287745394e-06  8.7829190251e-06  8.78292564516e-06  8.78292661287e-06  8.78292674162e-06  
