489.991138057  677.792225297  761.203336588  802.983405378  825.775966284  838.906619112  846.713172215  851.426869453  854.285465607  856.011957271  857.041738024  857.63982574  857.965306881  858.10786713  
282.801202853  461.212433767  565.847220736  627.283218948  664.000028187  686.313567679  700.0177299  708.465322303  713.659329288  716.826392301  718.728306784  719.83833727  720.444472806  720.710502033  
181.199774798  320.768525126  417.138510439  480.740713795  521.937356451  548.383233384  565.246432624  575.916534999  582.600102711  586.73079826  589.23620043  590.709189217  591.517677454  591.873631051  
122.88841727  226.789379757  305.971241554  362.747625299  401.975642329  428.414693673  445.897554579  457.264051689  464.530581848  469.09160294  471.89082176  473.55124684  474.468439437  474.873834517  
85.5415245803  161.42127177  222.897983456  269.624209196  303.561694246  327.387215547  343.663002421  354.520291303  361.603341645  366.120759528  368.928224385  370.609749323  371.545178621  371.960449022  
59.9957211527  114.667635235  160.73071257  197.211810759  224.737434953  244.713848665  258.747501561  268.328589803  274.699039344  278.825438768  281.422207889  282.992977846  283.873210509  284.265772399  
41.926582167  80.7609276146  114.339861219  141.727241329  162.999967944  178.855787047  190.260124485  198.205799312  203.580740139  207.11308564  209.362827024  210.736874295  211.512468091  211.859952411  
28.9904791626  56.1271171553  80.012537918  99.9146193238  115.720379857  127.755555938  136.583246531  142.842225714  147.141494783  150.004452345  151.84834365  152.984862469  153.630862002  153.921572037  
19.7447312217  38.3598455129  54.952698915  68.9990260007  80.3471640666  89.1372081177  95.6901937195  100.406248896  103.689437854  105.901792338  107.341287499  108.236117073  108.748076301  108.979435237  
13.2055175857  25.7191098416  36.9765624428  46.6209372187  54.5176428529  60.7190846162  65.404866535  68.8201794916  71.2257211114  72.8637846668  73.9394804856  74.6133806996  75.0012770607  75.1772568294  
8.6547981265  16.8868932188  24.3440127312  30.791619722  36.1269124021  40.363828928  43.6011595318  45.9862776758  47.6832614303  48.8495701963  49.621814195  50.1090271538  50.3910200411  50.5194138355  
5.55031164864  10.8445286875  15.6658612763  19.8646020252  23.3684459914  26.1764064588  28.3419489785  29.9520718536  31.1076964932  31.9084151356  32.4424975913  32.7815940254  32.9788442301  33.0689480795  
3.4792566768  6.80527343724  9.84681852941  12.5107886551  14.7490893411  16.5563388722  17.9610096289  19.0135651305  19.7747286623  20.305896295  20.6625001014  20.8902000995  21.0232509199  21.0842086478  
2.13033630873  4.17038091813  6.04212730918  7.68908924217  9.08062496625  10.2111810439  11.0956725987  11.7628602012  12.2485002016  12.5895159006  12.8197817148  12.9675576322  13.0542574409  13.094085361  
