478.132616143  654.667640753  727.904901005  760.94276783  776.576680401  784.110509235  787.72998875  789.4392328  790.225353784  790.575402338  790.725724463  790.78774924  790.812035098  790.820244517  
260.860790923  418.423817487  504.224466734  549.467545183  572.914786065  584.844384048  590.771882857  593.63259998  594.967734211  595.568381034  595.828239302  595.936051613  595.978438425  595.992806013  
152.267608206  264.335822989  335.846466978  378.055618506  401.699892396  414.389743868  420.932798794  424.174105512  425.715555801  426.418667064  426.726024708  426.854555377  426.905390934  426.922692774  
90.6172920927  163.830629945  215.248130253  248.100752944  267.666819282  278.664613435  284.535035023  287.519832955  288.967594492  289.638042553  289.934583973  290.059736136  290.109588128  290.126638657  
53.3710765996  98.6420695147  132.395419625  155.194347428  169.425003138  177.733673549  182.304796875  184.685173737  185.861789607  186.414911516  186.662509811  186.76801462  186.810359461  186.82491921  
30.5809253797  57.2475016447  77.9119790966  92.4296604403  101.819969645  107.472732077  110.663036802  112.359637095  113.212817622  113.619579753  113.803773492  113.883004772  113.915045658  113.926121549  
16.8818351579  31.8534355972  43.7582556712  52.3613291561  58.0787806054  61.6054869631  63.6384897887  64.7393268768  65.3014021212  65.5728211907  65.6970485597  65.7509633407  65.772924638  65.7805555736  
8.92955624928  16.9359920652  23.4168496499  28.1978565112  31.441832713  33.482052911  34.6788571217  35.3369017442  35.6773687125  35.8436525218  35.920500227  35.9541266761  35.9679165209  35.9727314474  
4.51207810967  8.58809273764  11.9296357754  14.4328591351  16.1587884574  17.261240764  17.9172877955  18.2826876541  18.4739092912  18.5682362913  18.6122071893  18.6315907463  18.6395888779  18.6423940674  
2.17474918587  4.14980119012  5.78411630008  7.0227408786  7.88752207709  8.446834733  8.78362171131  8.97324688296  9.07345470417  9.12331593118  9.1467366413  9.15712967466  9.16144199471  9.16296061052  
0.99927915641  1.91035289804  2.66954285906  3.2501035129  3.65947263929  3.92691995293  4.08953766315  4.18193583686  4.23117220152  4.2558555694  4.26752743415  4.2727373117  4.27490976776  4.27567760734  
0.437756050189  0.838050795195  1.1734090172  1.43166670797  1.61521723769  1.73612094715  1.81023002487  1.8526619966  1.87543393067  1.88692417799  1.89238921887  1.89484121784  1.89586817728  1.89623232819  
0.182910780745  0.35054992717  0.49158472631  0.600801291246  0.678921174672  0.730725212992  0.762692635283  0.781114437546  0.791060890857  0.796107728064  0.798520304113  0.799607654507  0.800064832044  0.800227408815  
0.0729481638076  0.139925388417  0.196461124101  0.240438287053  0.272057826447  0.293142370945  0.306226350472  0.313807428261  0.317921859238  0.320019565123  0.321026756281  0.321482491069  0.321674757154  0.321743301479  
