471.851809709  642.597730736  710.913545976  740.087593851  752.914971373  758.55854036  760.994521068  762.013064834  762.422389576  762.579759971  762.637491191  762.657664533  762.664337759  762.666285854  
249.77286541  397.115625032  474.227163197  512.647694791  531.138587681  539.729404365  543.566057852  545.206261558  545.875405081  546.13539977  546.231512114  546.265288962  546.276510008  546.27979552  
138.742380898  238.342994431  299.252601395  333.136509423  350.731367237  359.344946885  363.334471832  365.084620104  365.812064476  366.098630563  366.205668543  366.243584059  366.25625672  366.259983245  
77.0831070009  137.819543648  178.626341591  203.14408932  216.651802357  223.565710073  226.876670161  228.366082061  228.997072262  229.249308408  229.344601123  229.378658595  229.390121447  229.393509133  
41.6273825594  76.0709565858  100.614454408  116.176674068  125.145088409  129.90479283  132.250438942  133.329733612  133.795209585  133.983933617  134.056041295  134.082046715  134.090862715  134.093481829  
21.5091634328  39.8107385945  53.3581505723  62.2815078632  67.6019175398  70.5082689172  71.9752067167  72.6635167289  72.9651378187  73.0890251997  73.136863757  73.1542663713  73.1602073066  73.1619813484  
10.5457515054  19.6740661015  26.6059309734  31.2984192369  34.1693593735  35.7739481159  36.5999091002  36.9939412689  37.1690183862  37.2417639586  37.2701250313  37.2805245729  37.2840979663  37.2851701832  
4.88602491761  9.1628309621  12.4685770799  14.7516195921  16.1762406787  16.9870432833  17.4111571121  17.6163159698  17.7085616254  17.7472782403  17.762501444  17.7681235755  17.7700668436  17.7706525056  
2.13561866292  4.0192836156  5.49380082126  6.52744099292  7.18232826621  7.56046450972  7.76086767332  7.85893967418  7.903482824  7.92234124138  7.92981158709  7.9325879547  7.93355265773  7.93384454892  
0.880368290949  1.66110000901  2.27795380795  2.71528458913  2.99567664267  3.15945604235  3.247189167  3.2905393559  3.31039699066  3.31886694228  3.32224376353  3.3235056982  3.32394621349  3.32407996518  
0.342474029566  0.647400337035  0.890008412593  1.06351383414  1.17580227354  1.2420027857  1.27777720853  1.29559614069  1.3038173397  1.30734622573  1.30876091912  1.3092921215  1.30947829955  1.30953499955  
0.125858211466  0.238254216514  0.32815876774  0.392894142698  0.435102635356  0.460174711743  0.47382144482  0.480664244033  0.483840441506  0.485211136995  0.485763230414  0.485971384747  0.48604459221  0.486066945644  
0.0437543063607  0.0829186273709  0.114376381791  0.137149445665  0.152086915259  0.161014291721  0.165902368814  0.168367007607  0.169516817719  0.170015276488  0.170216852583  0.170293117397  0.170320018798  0.170328251283  
0.0144114938262  0.0273344053461  0.0377485264322  0.0453199946967  0.0503103954141  0.0533078587085  0.0549571394113  0.0557925806828  0.0561839901245  0.0563543207343  0.0564234354471  0.0564496615989  0.0564589356095  0.056461779017  
