490.583275064  678.958449227  762.909194253  805.18108259  828.408274642  841.911370167  850.027380928  854.990321985  858.043341363  859.916370369  861.05222081  861.722890686  862.093283911  862.257227302  
283.931345229  463.438267709  569.102988152  631.477660819  669.02399396  692.048364017  706.34314355  715.266429657  720.831500799  724.278234463  726.382584862  727.631139014  728.322989278  728.629828124  
182.767902141  323.856975948  421.656039114  486.560690094  528.908324619  556.34049709  574.023187603  585.353317958  592.551735285  597.07046904  599.856745062  601.521929736  602.449342794  602.861917391  
124.763349928  230.482085513  311.372617361  369.706259094  410.310439128  437.928728223  456.391382984  468.547009514  476.429086806  481.454035399  484.589054897  486.479258416  487.538629349  488.011716152  
87.5791081525  165.434316803  228.767915024  277.186471108  312.619472024  337.726492332  355.067026586  366.781855401  374.533805554  379.555354085  382.72771374  384.658921623  385.748843483  386.237667838  
62.0569597403  118.727264251  166.668771701  204.86182224  233.900287789  255.173031198  270.283738543  280.732264776  287.779322779  292.415652962  295.381507949  297.204824035  298.24131848  298.708275881  
43.8926023327  84.6330176065  120.00359239  149.023813781  171.739455534  188.831668392  201.26324555  210.036222934  216.056452768  220.075114053  222.67684091  224.291728257  225.216338088  225.634767393  
30.7722622104  59.6363452534  85.1454953544  106.527374432  123.640791066  136.796443261  146.555047432  153.563735248  158.447756694  161.751395933  163.914235397  165.268983724  166.050006575  166.404998913  
21.2869125248  41.3971716194  59.3953910966  74.7224948446  87.2024032213  96.9621966995  104.320851995  109.68573517  113.474978697  116.068695575  117.784197861  118.867870784  119.49666877  119.783651778  
14.4848257825  28.2387023068  40.6619545392  51.3687648193  60.2042864267  67.2101299897  72.5641946712  76.517679597  79.3429568675  81.2973228548  82.6019319124  83.4324491757  83.9172431595  84.1393527137  
9.67459651913  18.8953777329  27.2818000511  34.5763031357  40.6599382309  45.5380398657  49.3080419007  52.1221107245  54.1536343789  55.5720353611  56.5267161509  57.1387438894  57.4979564354  57.6631112821  
6.33307738865  12.3861756768  17.9208020472  22.7695752652  26.847796138  30.1478751564  32.7222389752  34.6615676843  36.0739318051  37.068108909  37.7421900717  38.1770636412  38.4335668605  38.5518780119  
4.05872676318  7.94652934468  11.5161072085  14.6612719353  17.324753501  19.4962831031  21.2035658045  22.4997929946  23.4509827835  24.1253332639  24.5855488971  24.8841299517  25.06103026  25.1428620028  
2.54461570138  4.9862944937  7.23554001217  9.22651000493  10.9220026581  12.3129712794  13.4137837609  14.2551526581  14.876621604  15.3199785755  15.624298635  15.8227330941  15.9407709398  15.9955165971  
