493.340754113  684.403724482  770.908175875  815.545135141  840.907406179  856.289140281  866.015829274  872.323379121  876.46753536  879.19809917  880.981331336  882.112718005  882.777614767  883.084852311  
289.237638934  473.916810015  584.495833921  651.421928014  693.077226729  719.71720284  737.112036797  748.62342866  756.28885622  761.386389212  764.737064375  766.872632728  768.131515451  768.714259292  
190.232236665  338.597195787  443.309499558  514.617194839  562.745763935  595.265136257  617.310018243  632.282316233  642.436819089  649.279178269  653.81994095  656.733923728  658.459706928  659.260770498  
133.861179343  248.448244514  337.765449803  403.904373644  451.556078462  485.376803144  509.158591106  525.755981194  537.243652735  545.10320773  550.378860774  553.792921351  555.826619228  556.773850712  
97.7138010915  185.448318056  258.169733358  315.284548321  358.570397676  390.589524705  413.858719131  430.525166715  442.297348325  450.480100737  456.040195152  459.671463861  461.848529324  462.866448759  
72.6246465795  139.596686394  197.32807425  244.590729223  281.820253386  310.30396114  331.600835798  347.217152322  358.460921047  366.39801551  371.85760504  375.456833528  377.629173544  378.648991313  
54.3404068243  105.266092495  150.316628033  188.305669101  219.122596734  243.348096896  261.900565445  275.788084384  285.962909384  293.250129975  298.321942345  301.696342275  303.746537518  304.712906207  
40.6424216283  79.1290794014  113.784233558  143.641339089  168.411547288  188.310571984  203.856968299  215.703253199  224.518126839  230.91529579  235.416687951  238.437732979  240.284957671  241.159060343  
30.2427106776  59.0845629839  85.3827726608  108.402297597  127.833170447  143.716211317  156.331918111  166.092209708  173.454247319  178.860724449  182.703286315  185.303048704  186.90218953  187.661691943  
22.3179195403  43.7092218594  63.3931971373  80.8303633561  95.7488585362  108.114773581  118.07213608  125.87580365  131.831899977  136.252058198  139.422074619  141.582658805  142.918980767  143.555829669  
16.2963938059  31.9739607141  46.499454081  59.4856361742  70.7147198338  80.1281306748  87.7944685193  93.8686929549  98.5523682599  102.060481875  104.596736665  106.336891158  107.41857331  107.93568148  
11.7547937605  23.0948558154  33.6569638025  43.1677600891  51.4616924736  58.4787852086  64.2476789877  68.8610751913  72.4497981994  75.1596049077  77.1327390481  78.494606739  79.3449718578  79.7526486635  
8.36544418984  16.4532255313  24.0172199268  30.8672270743  36.8818138414  42.0090479274  46.2575888476  49.6820071188  52.3661258499  54.4072378453  55.9028582141  56.9406261874  57.5912439297  57.9039540624  
5.86825192413  11.5514408037  16.8840141853  21.7354347866  26.0190351542  29.6935739806  32.758596949  35.2456949674  37.207931031  38.7093166191  39.8155760276  40.5867945697  41.0720484555  41.3058109099  
