489.911843545  677.636136668  760.975218593  802.689852309  825.424834784  838.506410109  846.272442647  850.953739627  853.787264467  855.495021809  856.511360419  857.100326155  857.420202398  857.56010679  
282.650112879  460.915018326  565.412559048  626.723876382  663.330975437  685.551003025  699.177958228  707.563816389  712.71005387  715.841421889  717.717724965  718.810375447  719.405832121  719.666801243  
180.990706543  320.356981847  416.537056118  479.966736517  521.01157266  547.328058039  564.084427939  574.669111439  581.286583668  585.367891244  587.837857793  589.286800211  590.080513746  590.429466517  
122.639404317  226.299207488  305.254875702  361.825777726  400.872989227  427.157934041  444.513562374  455.778328511  462.96614289  467.468347205  470.225366275  471.857155533  472.756753884  473.153812236  
85.2722410114  160.891198555  222.123306353  268.627328312  302.369296793  326.028175905  342.166383564  352.913671367  359.911609161  364.365432446  367.127270944  368.777835724  369.694243132  370.100500488  
59.7249428634  114.134620914  159.951739965  196.209407026  223.538438234  243.347296028  257.242618983  266.713109243  272.997987251  277.060451423  279.611351457  281.150997633  282.01210844  282.395610099  
41.6701320836  80.2561190126  113.602112903  140.777891449  161.864437615  177.561579532  188.834921142  196.675865492  201.969777762  205.441584869  207.647896042  208.992475599  209.74996562  210.088872295  
28.7599408798  55.6733159409  79.3493371185  99.0612041848  114.699606139  126.592150736  135.302096196  141.466942588  145.693385671  148.501935802  150.306797169  151.416835132  152.04656654  152.329568875  
19.5470125666  37.9706491411  54.3839169513  68.267115462  79.4717300387  88.1394601967  94.5914772706  99.2268156103  102.447561022  104.613267206  106.019300406  106.891428055  107.389441312  107.614192964  
13.0431612786  25.3995231572  36.5095127399  46.0199408758  53.7988013628  59.8998166303  64.5027014503  67.8517476932  70.2060274428  71.8057982465  72.8540274292  73.5092942739  73.8857445754  74.0563016448  
8.52681417731  16.6349670743  23.9758457756  30.317869146  35.5602732893  39.7180343358  42.8900291775  45.222921779  46.8795079645  48.0156416293  48.7662430788  49.2387746694  49.5117496107  49.6358712093  
5.45326206346  10.6534952073  15.3866853576  19.5053669004  22.9387802753  25.6867255853  27.8027335688  29.37326385  30.4982648207  31.2761106449  31.7937891801  32.1217586773  32.3121746267  32.3990409194  
3.40834864235  6.66569794238  9.64284476639  12.2483240571  14.4351705015  16.1985770498  17.5670632969  18.5906986568  19.3294949442  19.8439577671  20.1885821641  20.4081570205  20.5362176282  20.5948114699  
2.08035003339  4.07198835143  5.89833890637  7.50407056665  8.8593376118  9.95899155126  10.8179804802  11.4647867499  11.9346647507  12.2639096849  12.4857351168  12.6277867261  12.7109710779  12.7491337868  
