493.477142942  684.673662055  771.306153044  816.063297067  841.535993325  857.01700101  866.83095279  873.213398622  877.420158091  880.201431122  882.024077881  883.184255918  883.867944345  884.184449521  
289.50195202  474.439932199  585.267088665  652.426092927  694.295388214  721.127749501  738.691692274  750.348226735  758.134974247  763.330777372  766.757834499  768.949197859  770.244497039  770.845200652  
190.608419944  339.341728609  444.407186199  516.046369576  564.479507489  597.272689722  619.558253137  634.737122371  645.064290802  652.046510013  656.69598069  659.689371561  661.466982964  662.293606993  
134.327212828  249.370606355  339.125314209  405.674899283  453.703915556  487.863845234  511.943796325  528.797091739  540.498664471  548.531479748  553.941800955  557.454232394  559.552134923  560.531030577  
98.2438413  186.497359925  259.716364595  317.298239915  361.013218138  393.418132601  417.026434668  433.983927507  445.999380942  454.379182704  460.092434669  463.835579587  466.085664068  467.139594609  
73.1913968315  140.718383202  198.981821158  246.743881254  284.432250218  313.328457867  334.987918212  350.915428315  362.419308065  370.567090021  376.190436259  379.90928252  382.15969391  383.218014354  
54.917413755  106.408088291  152.000300467  190.497780539  221.781850733  246.427307805  265.348914035  279.553247324  289.992879198  297.494589014  302.733111599  306.229285827  308.358959486  309.364524619  
41.2060344122  80.2445650337  115.428819381  145.782556917  171.009056957  191.318280892  207.225234975  219.380967596  228.454488216  235.061154886  239.725376095  242.865359392  244.790210992  245.702596832  
30.7735151179  60.1351144184  86.9316223643  110.418865148  130.279461421  146.548813775  159.504078214  169.555791174  177.161406006  182.765172491  186.761072976  189.472840292  191.145082318  191.940635785  
22.8015547968  44.6664166156  64.8044069728  82.6677230671  97.9777474891  110.695635119  120.96236901  129.031547842  135.20956233  139.809464536  143.119181161  145.381807118  146.784727158  147.454419816  
16.7237558636  32.8197805438  47.7464596864  61.1092023905  72.684251838  82.4086720195  90.3483728439  96.6572020875  101.536960812  105.203891207  107.863579572  109.693893079  110.834417422  111.380544251  
12.1217101409  23.8210428711  34.727590918  44.5616829934  53.1526413425  60.4367455623  66.4403272469  71.2551338186  75.0121937235  77.8583419967  79.9374402785  81.3767058762  82.2775841502  82.7101718997  
8.67195790589  17.0598651598  24.9115949  32.0316720754  38.2943815669  43.6446629305  48.0892470329  51.6819080175  54.5066401641  56.6616377093  58.2457681078  59.3481843296  60.0409937973  60.374510951  
6.11767532044  12.0450889073  17.6118030304  22.6829877125  27.1684908757  31.0245257589  34.2490689015  36.8730636423  38.9497128765  40.5437622984  41.7220373488  42.5458557582  43.0654377668  43.3161291463  
