493.639952342  684.995963667  771.781506841  816.682508018  842.287613855  857.887916432  867.806991948  874.279912926  878.562519444  881.405411467  883.27608824  884.471438904  885.178129368  885.505993066  
289.817695773  475.064986443  586.188963802  653.626956397  695.75303897  722.816753397  740.58456634  752.416562153  760.350402022  765.665704413  769.1859072  771.445481504  772.785388919  773.40812029  
191.05834572  340.232412747  445.720830999  517.757563649  566.556614417  599.679466028  622.255535914  637.684429549  648.22119725  655.373696448  660.155894277  663.246481538  665.0876568  665.945668923  
134.885545481  250.475895062  340.755472366  407.798391907  456.281482647  490.850509715  515.29095842  532.454514916  544.416183182  552.66030111  558.235324518  561.868367327  564.045146275  565.062991359  
98.8802375241  187.757184635  261.574442175  319.71862502  363.95116018  396.822364613  420.841560692  438.152686353  450.464592808  459.085232911  464.986208053  468.866821977  471.206806978  472.305130586  
73.8736736432  142.069033513  200.973853074  249.338756297  287.581989664  316.978096863  339.07806552  355.384693476  367.206388502  375.612361819  381.43695593  385.303174481  387.64996242  388.755873677  
55.614210187  107.787481153  154.034721932  193.147869971  224.998606111  250.154592366  269.526070771  284.11757804  294.881776207  302.647159864  308.091202159  311.737875944  313.965970783  315.020136209  
41.8891057064  81.5967864094  117.423164319  148.380437813  174.162434465  194.972121521  211.320074412  223.855341204  233.247020935  240.112154058  244.97783441  248.265342672  250.286669614  251.246694716  
31.4194408395  61.4138007098  88.8175105903  112.875463676  133.261340578  150.003930156  163.376198951  173.786792552  181.693249926  187.54141279  191.727803836  194.579062852  196.34252619  197.183124304  
23.3927478786  45.8367521824  66.5304902448  84.9161520593  100.706939252  113.857953457  124.506343673  132.903978673  139.357328459  144.180903177  147.664955664  150.055242433  151.541646303  152.252562681  
17.2487676445  33.8591015424  49.2793122399  63.1059212873  75.1079064384  85.2169561359  93.4955758508  100.096077803  105.220334374  109.085883626  111.900378624  113.844051126  115.058706021  115.6414378  
12.5749184405  24.7182197303  36.0507986282  46.2853112389  55.2448077707  62.8609275256  69.1570636544  74.2236386916  78.1917435018  81.2093327218  83.4220530607  84.9591639023  85.9240270245  86.3882096933  
9.0527884449  17.8137612582  26.0234819594  33.4800276962  40.0524127183  45.6816774039  50.3720837979  54.17629334  57.1783535362  59.4774002946  61.1738019395  62.3584282014  63.1049975306  63.4650604701  
6.42953618903  12.6624511941  18.522320826  23.8690345698  28.6081240306  32.6926094745  36.118446039  38.9156663994  41.1375177213  42.8495175969  44.1197212971  45.0108531106  45.5744531268  45.8468797726  
