479.203650591  656.7381424  730.846051867  764.592369226  780.765264107  788.682935441  792.558655867  794.428494779  795.309265102  795.711857652  795.889690829  795.965286621  795.995784812  796.006357035  
262.788301085  422.150019828  509.517498482  556.035469252  580.452593301  593.072867674  599.461410748  602.611059207  604.116466513  604.811631157  605.120972574  605.253192213  605.306750777  605.325367112  
154.693960378  269.026328654  342.509189055  386.322998265  411.187938236  424.746977337  431.87017701  435.475011012  437.230667113  438.052666014  438.422255628  438.581476995  438.646358132  438.669000995  
93.1514757942  168.729529136  222.206735803  256.735073277  277.575731731  289.481001077  295.957035805  299.321258002  300.992552014  301.787039633  302.148496046  302.305655  302.370151715  302.392770128  
55.6899416382  103.124659832  138.762528531  163.094496571  178.491075681  187.629724061  192.754641764  195.481906437  196.862839698  197.529310334  197.836212826  197.970949831  198.026666231  198.046308693  
32.4871414137  60.9323322918  83.145792533  98.9234141605  109.271801971  115.60645969  119.251653858  121.233119552  122.254040412  122.753831801  122.986683039  123.089890565  123.132895232  123.148137516  
18.3097747158  34.6136692249  47.6786714488  57.2253108808  63.6601406996  67.697319997  70.0707724808  71.3847490869  72.0722901355  72.4132690566  72.5738652625  72.645694117  72.6758440365  72.6865858252  
9.91337455841  18.837684948  26.117762051  31.5486709831  35.2866616457  37.6783296552  39.1094595768  39.9141580191  40.3409232124  40.5550334942  40.6568766151  40.7028096824  40.722222588  40.7291729893  
5.13968616628  9.80120895027  13.6525146756  16.5701948301  18.6111008046  19.9375727201  20.7429377135  21.2017563564  21.4479288724  21.5726967972  21.6325697566  21.6597790779  21.6713512571  21.6755132609  
2.54738311137  4.87005198877  6.80697785555  8.29159338647  9.34327830589  10.0354841595  10.4608203547  10.7058242766  10.8385933957  10.9064842416  10.9393188515  10.9543423118  10.960768304  10.9630890093  
1.20607473956  2.31004834765  3.23714201089  3.95416515252  4.46719276191  4.80832154168  5.02001717769  5.14309635435  5.21036429329  5.24502710681  5.26190686615  5.26967695876  5.27301746375  5.27422835994  
0.545411470963  1.04612087963  1.4688701707  1.7981401437  2.03561831773  2.1948420457  2.29446582748  2.35284147673  2.38497924986  2.4016502745  2.40981746936  2.41359708659  2.41522940386  2.41582307039  
0.235650873894  0.452479383331  0.636317724938  0.780308329216  0.884828811184  0.955386327907  0.999835494629  1.02605341651  1.0405772858  1.04815477693  1.05188650606  1.05362158722  1.05437393693  1.05464837178  
0.0973308994859  0.187047599755  0.263367825445  0.323414596922  0.367230752014  0.396976032195  0.415821960032  0.427000276767  0.433225694085  0.436489811081  0.438104647819  0.438858559768  0.439186621519  0.439306601062  
