492.293055961  682.332032792  767.858322117  811.582106911  836.111324603  850.750631903  859.831280159  865.590535637  869.281838153  871.650021676  873.15486234  874.08499825  874.619624539  874.86295812  
287.213101133  469.913538555  578.60238855  643.763884027  683.809402486  709.01471724  725.161139106  735.612998127  742.403318318  746.800572806  749.613269435  751.359927921  752.367066487  752.82631729  
187.3645799  332.9267571  434.961711166  503.769916992  549.618277093  580.105476078  600.381988015  613.853447739  622.768339622  628.618726421  632.397413074  634.760478546  636.129646315  636.755771411  
130.332258583  241.470229938  327.492683337  390.55571028  435.401342698  466.721206306  488.326751544  503.077111122  513.039213091  519.677944873  524.015695006  526.75172118  528.346514561  529.078439016  
93.7344181403  177.579557848  246.58561883  300.231843903  340.353340673  369.552257573  390.367273671  404.950763092  415.00247611  421.80841232  426.31074155  429.177311352  430.859366041  431.634453067  
68.4137315319  131.270084516  185.069907135  228.662083771  262.543029669  288.042287781  306.742010856  320.153974542  329.576963679  336.056932803  340.397032373  343.186922043  344.835345983  345.598148807  
50.1054185487  96.8918716495  137.988317384  172.285806647  199.734876988  220.958686239  236.898939856  248.569264372  256.912652711  262.734178346  266.679886302  269.240145666  270.763306222  271.471126819  
36.5633435139  71.0631349068  101.909714638  128.211072479  149.737259995  166.744901392  179.775011794  189.485462314  196.536048526  201.521216465  204.93772385  207.174406962  208.513862847  209.138865098  
26.4611914068  51.6069899267  74.3743953489  94.0974515263  110.520789743  123.723158375  134.005885873  141.785869066  147.512032124  151.609232535  154.445800527  156.318215446  157.446484758  157.974983981  
18.9321314576  37.0141477613  53.5367570653  68.0223219095  80.2478602769  90.2134243933  98.081701419  104.112020318  108.603147642  111.85076647  114.119817026  115.628967562  116.54355139  116.973497501  
13.3612598036  26.1699935644  37.9548507616  48.3821954973  57.2766098099  64.6089624253  70.4640376189  75.0006848523  78.4141075998  80.9054847683  82.6604572631  83.8356922024  84.5516341514  84.8893082638  
9.2865298992  18.2140658621  26.4714216294  33.8303051749  40.1607897789  45.4276614285  49.6731787217  52.9933267055  55.5135963748  57.3681495048  58.6840574746  59.5706865369  60.113362332  60.3700818524  
6.3489684865  12.4657946221  18.1468528409  23.2387507045  27.6491558666  31.3463670994  34.3501760979  36.7178470667  38.5288597662  39.8710492388  40.8295500463  41.4789105507  41.8780479587  42.0673749264  
4.26592919012  8.38295375428  12.2192801923  15.673611656  18.6824013447  21.220485322  23.2962609407  24.9434689857  26.2117329445  27.1575618033  27.8368545968  28.2993055817  28.5846354287  28.7203071779  
