492.774074986  683.282770204  769.256960686  813.397786375  838.306130808  853.281875126  862.653817226  868.658904896  872.552018402  875.08068618  876.708066011  877.726300018  878.317700986  878.588805205  
288.141324467  471.748178178  581.301343365  647.267602481  688.04472107  713.899257042  730.607786876  741.534026184  748.713778783  753.420717502  756.469875927  758.386535636  759.503231111  760.016070297  
188.676338727  335.519456753  438.775853861  508.721343825  555.603592736  587.008262115  608.079135704  622.220980346  631.686209207  637.974233648  642.087081145  644.690386837  646.214376623  646.916230874  
131.941301965  244.650513658  332.171224221  396.629274635  442.74310067  475.188353624  497.768277731  513.340941545  523.978092974  531.15363418  535.901267046  538.931971765  540.716669318  541.541482762  
95.5413346616  181.150937922  251.839502143  307.05229892  348.597937692  379.060628152  400.969834506  416.476736648  427.28649841  434.695243759  439.657848136  442.855324059  444.750628967  445.630024172  
70.3160848177  135.030094485  190.601281991  235.842765416  271.223061948  298.052828501  317.904516905  332.288646522  342.509702926  349.624301103  354.448969488  357.587229167  359.460156992  360.332772298  
52.0071670225  100.650684587  143.517927424  179.464190554  208.412121954  230.965999639  248.057831993  260.699990859  269.841169553  276.29710018  280.727202997  283.635705448  285.383287129  286.20087942  
38.3823764284  74.6584584554  107.198810317  135.077220059  158.03706229  176.316902803  190.448482263  201.088472977  208.902124592  214.494079909  218.373891791  220.943653574  222.497756994  223.227750018  
28.1342508716  54.9137947069  79.2390454544  100.412588777  118.154519333  132.526976479  143.822759332  152.457663484  158.885631174  163.540900177  166.803570807  168.982317126  170.307995996  170.933054012  
20.4168948905  39.9487833056  57.8539035939  73.6266995333  87.0224135471  98.0263583602  106.793652601  113.582649283  118.696569915  122.439423915  125.086598621  126.867586026  127.957348968  128.472979966  
14.6358205628  28.6891617203  41.6607985356  53.1931278938  63.0920387014  71.315747129  77.9425412326  83.130433961  87.0784546018  89.9949312803  92.0744745867  93.4830444401  94.3493527661  94.7605748504  
10.3468537408  20.3097933957  29.5544422869  37.8325688381  44.9986948987  51.0070808346  55.8945816879  59.7564877495  62.7214741694  64.9296517589  66.5155553479  67.5962832676  68.2640398958  68.5819392978  
7.20507890348  14.1578934567  20.6360928865  26.4701846774  31.5552798637  35.8511789618  39.3733114502  42.1783815863  44.348441262  45.9761301132  47.1526099924  47.958673289  48.4587920171  48.6975109884  
4.9375872723  9.71048214354  14.1721993534  18.208810136  21.7469161731  24.7546864061  27.2370963666  29.2274483776  30.777384917  31.9471855011  32.7974789167  33.382859083  33.7474054152  33.9218233305  
