489.319539492  676.470828123  759.273621011  800.502636929  822.812136951  835.532969803  843.00302559  847.449357185  850.102510979  851.676633665  852.597920105  853.122915796  853.403762089  853.525260728  
281.523388944  458.698284498  562.175659967  622.563204859  658.360927646  679.894734064  692.958671518  700.897572741  705.700706338  708.577874852  710.2733713  711.244339926  711.765555484  711.991514112  
179.435909442  317.298052676  412.070379587  474.225332951  514.153305821  539.522877574  555.502348694  565.470290139  571.614329349  575.344883214  577.565369351  578.846414859  579.537691379  579.838337421  
120.794645523  222.669807543  299.955201501  355.0136659  392.735753196  417.897225749  434.331108672  444.864156593  451.490287151  455.576362258  458.03740652  459.47001212  460.248086569  460.587837855  
83.2870860021  156.985586752  216.420318143  261.296824532  293.612858665  316.062812592  331.209181467  341.169122623  347.562687278  351.568764361  354.012147404  355.448404219  356.234062631  356.578663412  
57.7406372593  110.230686668  154.251216398  188.882096847  214.785851265  233.386361222  246.290338398  254.973890962  260.654724752  264.269698332  266.502333413  267.827805421  268.558251769  268.880137653  
39.8039206207  76.5845309575  108.240877809  133.886722439  153.632868236  168.193642366  178.534713  185.635633098  190.36152793  193.412547131  195.319594482  196.462792729  197.097426231  197.378400057  
27.0956515631  52.3989971579  74.5682096826  92.9157168316  107.358801828  118.23800019  126.11662279  131.621596033  135.341559853  137.774923075  139.312961798  140.243455154  140.76365522  140.995009234  
18.1323975872  35.1875459711  50.3200738542  63.0436268859  73.2322953507  81.03876474  86.7842467271  90.8587827492  93.6491059156  95.4959791353  96.6752764383  97.3948398257  97.7997842525  97.9806513121  
11.8930089665  23.1367281395  33.2054299624  41.7730402523  48.7259320201  54.1267576958  58.1552608724  61.0484167911  63.0528100028  64.3934157978  65.2573499759  65.7886152755  66.0894236886  66.2243143695  
7.62991703532  14.8704283727  21.3993182137  27.006152314  31.6044992684  35.2162970563  37.9404416516  39.9178872404  41.301687489  42.235775317  42.8427070063  43.2185760766  43.4325885464  43.5289091487  
4.78105596318  9.3310137867  13.455646968  17.023341038  19.974078546  22.3128758718  24.0932753004  25.3974536689  26.3180543385  26.9445138928  27.3545512614  27.6101024093  27.7563463644  27.8223860472  
2.92332551579  5.71147895671  8.24953739023  10.4574745196  12.2960760406  13.7642974996  14.8906646866  15.722154161  16.3135041722  16.7187691464  16.9857544098  17.1530984633  17.2493021001  17.2928762173  
1.74296257869  3.40822554875  4.9291483251  6.25835784442  7.37140018818  8.26574331336  8.95633803904  9.46951332211  9.83685319982  10.0901636058  10.2580033184  10.3637388375  10.4247741514  10.4524945324  
