492.519412414  682.779339111  768.516147109  812.435712053  837.142630843  851.939324629  861.155932131  867.029635403  870.814632741  873.257112261  874.818524499  875.789229449  876.349947301  876.606026323  
287.649630509  470.776170485  579.871006068  645.410063354  685.79827757  711.307110769  727.715728156  738.388297517  745.359305775  749.899837726  752.821630483  754.646524596  755.703979489  756.187809224  
187.980842415  334.144561788  436.752657407  506.093876902  552.426027919  583.341708787  603.988364768  617.771401973  626.94137043  632.994020315  636.926715854  639.400224511  640.840422247  641.501244554  
131.087091619  242.961864915  329.686332112  393.402220037  438.840420531  470.685104602  492.744013217  507.875999517  518.150522404  525.036986617  529.563365895  532.434661301  534.116450698  534.890871421  
94.5805023003  179.251514173  249.044451561  303.422455417  344.208146279  373.995316838  395.318488799  410.329723766  420.731609846  427.815211138  432.528958908  435.547139309  437.326698997  438.149415558  
69.3024829786  133.026354685  187.652731049  232.013581743  266.592204893  292.709366544  311.942853124  325.804113083  335.594913522  342.366530278  346.928692347  349.877823846  351.628659776  352.44148884  
50.9915083146  98.6428803358  140.563399532  175.627251753  203.77189632  225.611740681  242.08413787  254.20238947  262.912463281  269.024739786  273.191824418  275.910831843  277.536085818  278.293776715  
37.4082780875  72.7328146321  104.365187688  131.397304209  153.586744525  171.181789143  184.719303813  194.856851183  202.257065229  207.519454309  211.147033572  213.535073077  214.971867565  215.644417141  
27.2356082571  53.1373172641  76.624928654  97.0177445982  114.048965544  127.789692796  138.537452668  146.708860705  152.755444343  157.106702759  160.13670315  162.147823238  163.365293889  163.937365231  
19.6167131548  38.3669496917  55.5262130345  70.6038330251  83.366722388  93.8081736351  102.087513762  108.463824496  113.23817539  116.710354592  119.150375539  120.782122156  121.775546428  122.244003318  
13.9463969045  27.3262812317  39.6553048951  50.5886914333  59.9423851364  67.6814772066  73.8878807214  78.7202351502  82.3757140478  85.0590067937  86.9600922035  88.24009686  89.0234142128  89.3939984952  
9.77102564735  19.17147484  27.87939791  35.6572774663  42.3680343286  47.9716708993  52.5080691874  56.0730415648  58.793711722  60.8071496703  62.2440200799  63.2173829533  63.8158346446  64.0997981363  
6.7381585252  13.2348691904  19.2778591108  24.706324403  29.4221869059  33.3899029885  36.6273559299  39.1916722672  41.1636445553  42.633445336  43.6890969102  44.4081159122  44.8520477641  45.0632545005  
4.56958927804  8.98301226404  13.1017275096  16.8186548107  20.0657640044  22.8148933385  25.072951713  26.8735733705  28.2674071497  29.3127869644  30.0678660458  30.5846555443  30.9049275016  31.0576664415  
