485.886782723  669.738794575  749.493621863  788.015592047  808.013080224  818.834416248  824.802700914  828.106067791  829.921754245  830.905554749  831.427855355  831.697183048  831.828469039  831.881455648  
275.058222292  446.019260174  543.755942849  599.044695475  630.487450279  648.44307608  658.677826749  664.463301655  667.688427831  669.453152742  670.396686662  670.885747518  671.125029559  671.221828409  
170.660807551  300.088758771  387.068780996  442.302269997  476.31797416  496.829302557  508.966967779  516.010291415  520.0108421  522.230030908  523.42870677  524.054785866  524.362820609  524.487875226  
110.619274844  202.714070304  270.962872376  317.993893908  348.858145163  368.383516078  380.359665671  387.498503377  391.636392964  393.967573824  395.241847203  395.913551484  396.246297006  396.381977581  
72.6520203276  136.127896168  186.116656774  222.601058229  247.74659309  264.3023287  274.785728633  281.194239596  284.983530063  287.152282484  288.352730296  288.991812345  289.310777122  289.441473417  
47.4770161355  90.1010017293  125.00415032  151.533684584  170.514047572  183.422112148  191.821475054  197.073093061  200.236368996  202.074500352  203.104625174  203.658541382  203.937134333  204.051866812  
30.5369520159  58.4090402485  81.8319522541  100.160652542  113.652181685  123.068950899  129.338063656  133.335503242  135.783821934  137.226637728  138.044785753  138.488997974  138.714111034  138.80728551  
19.2039159593  36.9202867568  52.0765584765  64.1903846153  73.3036231686  79.797989653  84.2043065918  87.0616892999  88.837710765  89.8977364024  90.5053980845  90.8383483373  91.0082994001  91.0789830048  
11.7587520899  22.6859464055  32.1533450596  39.8401763838  45.7211771797  49.9825006028  52.9194387108  54.8514647723  56.0678484196  56.8021358513  57.2272504029  57.4621484553  57.5828612595  57.6332953731  
6.99163892442  13.5225501793  19.2336942436  23.9261912758  27.5638420008  30.2352126891  32.1003846727  33.3423631337  34.1330489273  34.6151651714  34.8967760777  35.0535788488  35.1346609531  35.1686804558  
4.02994882963  7.80868757913  11.1361994568  13.8953607035  16.0566329897  17.6611286373  18.7935173889  19.5553504862  20.0450402053  20.3462648361  20.5236130192  20.6230475289  20.6747564902  20.6965359703  
2.24935078228  4.36456423316  6.23717736093  7.80111282936  9.03638157707  9.96159090238  10.6204408678  11.0675768343  11.3573755812  11.5370185951  11.643529933  11.7036198648  11.7350287294  11.7483044957  
1.21500412592  2.36010034114  3.37811182951  4.23317449056  4.91309678987  5.42608123757  5.794128785  6.0457667918  6.21002731435  6.31253792997  6.37369544424  6.40839005165  6.42660846739  6.43433342712  
0.634925311588  1.23437145086  1.76906759516  2.22024358056  2.58098144703  2.85479879949  3.05249377853  3.18851648565  3.27785611806  3.33393913618  3.36758183897  3.38676167685  3.39687476352  3.40117516581  
