491.109261978  679.99530848  764.427995203  807.141487865  830.761722211  844.604604475  853.005900019  858.201367731  861.438168788  863.451661274  864.690629163  865.432802438  865.847933153  866.033335853  
284.937998382  465.422646616  572.009723245  635.229551617  673.528099254  697.202760102  712.043521636  721.4118188  727.328611058  731.044162332  733.34585699  734.731252447  735.508719834  735.856626696  
184.171084874  326.623017938  425.707757823  491.790472005  535.186614902  563.525220471  581.968944964  593.919363863  601.60803204  606.501457784  609.562800462  611.418718921  612.465467171  612.935283127  
126.451812677  233.810487184  316.24807945  375.999284078  417.865127012  446.574113608  465.952502122  478.854500194  487.32647344  492.802266736  496.268254217  498.387951787  499.590907638  500.132867263  
89.4291144145  169.08115988  234.109824593  284.081552707  320.896902262  347.198941818  365.542786815  378.075357745  386.473603595  391.989095375  395.524057091  397.706691039  398.953918135  399.518195961  
63.9471581716  122.453332673  172.12672173  211.90666765  242.35748443  264.851171302  280.986942293  292.270928624  299.978275511  305.11923534  308.455531215  310.535704861  311.73290074  312.276939989  
45.7166927686  88.2287657403  125.270638732  155.822232606  179.900796382  198.17120809  211.591947784  221.171111557  227.828482962  232.334074177  235.293242003  237.155968555  238.235635238  238.728438178  
32.447734145  62.939123743  89.9833893034  112.771847807  131.137106564  145.374917862  156.042039029  163.791171731  169.26036618  173.011209079  175.502320428  177.084678301  178.008099197  178.431392545  
22.7591287755  44.2992772339  63.6463705667  80.2093944683  93.7892459757  104.499874107  112.656779386  118.672225708  122.975596861  125.962213129  127.966117889  129.249752017  130.003648179  130.35063357  
15.7267038562  30.686749618  44.2478231948  55.9971634784  65.7605020262  73.5683736034  79.5957474936  84.0979576792  87.3568708923  89.6426150306  91.19046107  92.1896201451  92.7799162637  93.0526283892  
10.682878827  20.8829464947  30.1931565795  38.3340713673  45.1709730889  50.7002047335  55.0168235618  58.276356013  60.6599020917  62.3473053601  63.4994322999  64.248350169  64.6931990346  64.8994274604  
7.12255861597  13.9424312516  20.2003707991  25.7118644567  30.379865534  34.1897450029  37.1920704964  39.4801555238  41.1681118153  42.3728792606  43.2015274994  43.7435597174  44.0670980088  44.2175605144  
4.65582006035  9.12353984154  13.2401599341  16.8865337711  19.9960524394  22.5531237412  24.5840482452  26.1440110713  27.3036016187  28.1371934  28.7142833308  29.0938886314  29.3214737704  29.4276145222  
2.98137778071  5.84725261104  8.49664300461  10.8542270176  12.8759713542  14.5489358867  15.8864623242  16.9207231978  17.6946077142  18.2544227463  18.6442133647  18.9018990422  19.0570004888  19.1295219144  
