475.146235609  648.913337253  719.771708594  750.912002305  765.139257288  771.702475559  774.697389354  776.03107725  776.605718282  776.844002651  776.938784822  776.974854311  776.987868659  776.991969856  
255.542867383  408.177004463  489.741559939  531.605667012  552.54814073  562.749453273  567.564865123  569.756892867  570.715491016  571.117149811  571.278126393  571.339730228  571.362050912  571.369105027  
145.688819248  251.659560865  317.929854081  355.959061797  376.504905042  387.05691286  392.224396628  394.638617492  395.714360701  396.171371934  396.356443316  396.427831442  396.453854077  396.462112791  
83.9081055614  150.903172398  196.976605882  225.566674897  241.973189544  250.791063679  255.258911917  257.400436677  258.373406377  258.792970666  258.964857819  259.031765304  259.056327682  259.06416192  
47.4126623939  87.1612880849  116.168752618  135.182381744  146.607370374  152.980388088  156.306180223  157.937876561  158.692992646  159.023409665  159.160364706  159.214176382  159.234078367  159.240459899  
25.8532010019  48.1380975669  65.0370935077  76.5515654809  83.7160116355  87.8332322678  90.0356973321  91.138468607  91.6573603489  91.8875144676  91.9839760492  92.0222230037  92.0364723076  92.0410655113  
13.4805184586  25.2998111838  34.4957200899  40.9383664331  45.0546896269  47.4769172916  48.7994513374  49.4732390648  49.7949376547  49.9393780529  50.0005350214  50.0249900966  50.0341643698  50.0371366128  
6.68890048947  12.6187547657  17.3151805778  20.6731300809  22.8625258275  24.1753424029  24.9042802254  25.2811293587  25.4633363406  25.5460302664  25.5813645397  25.5956031872  25.600978941  25.6027287288  
3.15074368808  5.96513318452  8.22258762079  9.86131518634  10.9466422741  11.6072743963  11.9791719012  12.1738131629  12.2689423897  12.3125223833  12.3312944971  12.3389114716  12.341803846  12.3427493215  
1.40759381271  2.67169444091  3.69512850351  4.4466412876  4.9504948534  5.26090130893  5.43762612799  5.5310746842  5.57716780668  5.59845508108  5.60768952211  5.61145941718  5.61289831957  5.61337047526  
0.596399384588  1.1341176289  1.57251780822  1.89729951807  2.11716391469  2.25393654901  2.33253230532  2.37445097754  2.39528881484  2.40497948229  2.40920914988  2.41094513839  2.41161074405  2.41182989363  
0.239788061724  0.456626742351  0.63436534983  0.766954873798  0.857406985893  0.914120755508  0.946961812189  0.964603937691  0.973431931135  0.977561905347  0.979374081951  0.980121326394  0.980408970763  0.980503959144  
0.0915664186852  0.174559186816  0.242871985725  0.294112298715  0.329285762249  0.351482250535  0.364417361356  0.371408112514  0.374925841688  0.376579919865  0.377309024119  0.377610881816  0.37772748051  0.37776608461  
0.0332463785342  0.0634339469646  0.0883642702161  0.107146474264  0.12010443508  0.128325089991  0.133141062622  0.135757058172  0.137079665338  0.137704273679  0.13798067507  0.138095506585  0.13813999503  0.138154757547  
