493.608045514  684.932793862  771.688324502  816.561099638  842.140205542  857.717061436  867.615453173  874.070551311  878.338197722  881.168920496  883.030100215  884.218488683  884.920622195  885.246234428  
289.755797738  474.942439438  586.008193672  653.391428915  695.467072754  722.4853017  740.212989134  752.01040958  759.915227688  765.206922468  768.708701575  770.954769685  772.285836929  772.904200615  
190.970096143  340.057694456  445.463102664  517.421766617  566.148905966  599.206908255  621.725770761  637.105370063  647.600761372  654.71960325  659.475534558  662.546866176  664.375438125  665.227223306  
134.775951719  250.2589192  340.435409732  407.381379153  455.775166469  490.263660462  514.633066498  531.735407351  543.645693011  551.848014323  557.390419356  560.99955015  563.160678114  564.170790503  
98.7552023116  187.509637596  261.209284041  319.242857353  363.373507376  396.152833035  420.090978168  437.332264682  449.585550545  458.158506643  464.02226905  467.875603037  470.197732736  471.287234581  
73.7394689936  141.803332794  200.581916679  248.828099601  286.961977262  316.259469321  338.272445052  354.504114323  366.262892023  374.617686578  380.402340898  384.23928053  386.566904879  387.663348015  
55.4769626371  107.515756219  153.6338996  192.625636445  224.364538794  249.419675818  268.70219112  283.217042659  293.91689959  301.62994666  307.033145919  310.649878842  312.858376943  313.902860277  
41.7543506423  81.3299963336  117.029621878  147.867690108  173.53988551  194.25055692  210.511164882  222.971170918  232.299680876  239.11343079  243.939012471  247.197125777  249.199213403  250.149733042  
31.291788238  61.1610724029  88.4447111835  112.389743007  132.671607589  149.320402545  162.609932791  172.949235433  180.795855694  186.595346699  190.743755354  193.567171034  195.312410736  196.144005238  
23.275681817  45.6049834598  66.1886088193  84.4707153446  100.166117942  113.231118447  123.80363462  132.135894128  138.534372512  143.313315036  146.762537986  149.1272929  150.596986144  151.299646473  
17.1445813453  33.6528325282  48.9750458648  62.7094940282  74.6265906177  84.6590922191  92.8701883943  99.412510624  104.487936025  108.313766703  111.097266978  113.018218992  114.218003432  114.793388356  
12.4847689405  24.5397410999  35.7875261774  45.9422955976  54.8283420244  62.3782289808  68.6159414607  73.6321781054  77.5580336941  80.5412584898  82.7271626247  84.2446162492  85.1966139336  85.6544403799  
8.97684265  17.6634034049  25.8016906788  33.1910583011  39.7015672721  45.2750365616  49.9162267339  53.6780317042  56.6445021098  58.9146014973  60.5884144547  61.7564826309  62.4922149808  62.8469239011  
6.36717413155  12.5389866483  18.3401999577  23.6317519762  28.3200338835  32.3587052672  35.7441305526  38.5065331967  40.6991627886  42.3873952223  43.6390526138  44.5165896973  45.0712922963  45.3393231962  
