488.653352502  675.161473289  757.364753248  798.054191936  819.894729098  832.221912737  839.37280515  843.569193111  846.033365729  847.469741724  848.294683657  848.755878185  848.998332176  849.1018969  
280.260057349  456.215275256  558.555760948  617.920078762  652.8284878  673.615804815  686.074506513  693.539438148  697.984208511  700.60017153  702.112974016  702.962960277  703.411375333  703.603327369  
177.701600897  313.889366965  407.100973733  467.851250404  506.558390223  530.903204493  546.051835433  555.369140739  561.021247644  564.39324473  566.362950607  567.477928493  568.069275935  568.323243476  
118.751696371  218.654511041  294.101450117  347.505283812  383.789312169  407.743704381  423.198939911  432.965615762  439.012319318  442.676073516  444.841746024  446.078759279  446.739140559  447.023916105  
81.1088677947  152.704433596  210.178999933  253.29135188  284.074158106  305.237168801  319.340160422  328.483057483  334.258898536  337.814753458  339.943258955  341.171012235  341.831211245  342.117209491  
55.5876465864  105.999124743  148.082214063  180.969412516  205.357754929  222.686300006  234.559066828  242.435123896  247.50547096  250.675510824  252.596977061  253.716407769  254.32287961  254.586857634  
37.805553537  72.656880343  102.514954516  126.54238907  144.882020453  158.262259569  167.646269491  173.997780268  178.157122228  180.795242644  182.413536046  183.365542079  183.885139359  184.112381522  
25.3401665433  48.9487230707  69.5382501177  86.4640934773  99.6716761667  109.513902271  116.551876139  121.398617344  124.6209776  126.691706911  127.976154592  128.738745133  129.157925351  129.342095711  
16.6653156155  32.3041147211  46.1165017642  57.6519931821  66.808196092  73.7481293463  78.7911550596  82.3156859467  84.690239973  86.2341312674  87.2015626672  87.780856083  88.1014095661  88.24286099  
10.7223353751  20.8358709587  29.8511728397  37.4707934577  43.5998713605  48.3093017552  51.7773474736  54.231698669  55.9043992431  57.0033044709  57.6982340088  58.1176122979  58.3511088905  58.4545618845  
6.7355250232  13.1125847241  18.836696405  23.7192991241  27.6882983301  30.7719270959  33.0679460176  34.7102106311  35.8406608361  36.5901459473  37.0680052068  37.3584286524  37.5210390987  37.5933534264  
4.12542714587  8.04244165447  11.5771504455  14.6139752293  17.1034081211  19.0550782024  20.5216922397  21.5802195888  22.3151529683  22.8063349691  23.1217936078  23.314737727  23.4233208032  23.4717723789  
2.46139179146  4.80359860017  6.92602662954  8.75994970293  10.2735582124  11.469056235  12.374378436  13.0328294449  13.4934020027  13.8033885677  14.0037648868  14.1270196121  14.1967030901  14.2278924442  
1.42968779144  2.79252076488  4.03157818139  5.10715164452  5.99980897184  6.70922018512  7.24993344556  7.64578536901  7.92446144252  8.11318004976  8.2358670548  8.31171751197  8.35477776137  8.37410424127  
