442.839410065  588.432175312  637.726947078  654.224855114  659.514839397  661.108653385  661.55525786  661.671143521  661.698965891  661.705153134  661.706430345  661.706675715  661.706719686  661.706726897  
203.280749412  310.263505344  356.777871105  374.7348815  381.004110451  382.995325634  383.572608669  383.725852084  383.76322559  383.771629594  383.77337832  383.773716237  383.773777051  383.773787053  
89.9785937728  147.160323815  175.784698491  187.955231148  192.492539654  194.000207285  194.451323368  194.573797871  194.604157263  194.611065908  194.612516195  194.612798277  194.612849288  194.612857707  
36.8712699606  62.5346161695  76.5101809343  82.852521548  85.3340425982  86.1883925644  86.4507957492  86.5234298348  86.5416967369  86.5458988466  86.546788158  86.5469621807  86.5469937912  86.5469990246  
13.7399813291  23.783792363  29.5495896284  32.2857460177  33.394731323  33.7870506381  33.9100724353  33.9446677619  33.9534734851  33.95551772  33.9559533369  33.9560390171  33.9560546385  33.9560572314  
4.63116575078  8.11512198745  10.185146077  11.1986186194  11.6201443804  11.7723726235  11.8208857652  11.8347005735  11.8382510652  11.8390814002  11.8392593229  11.8392944605  11.8393008853  11.8393019537  
1.41282514626  2.49493148018  3.15299819344  3.48242332752  3.62207936248  3.67330892689  3.68984015792  3.69459400479  3.69582506284  3.69611462568  3.69617693798  3.69618928146  3.69619154303  3.69619191956  
0.391429293237  0.694795294165  0.882291386453  0.977672366884  1.01868616374  1.03391035715  1.03887023395  1.04030732193  1.0406816374  1.04077006576  1.04078915479  1.04079294417  1.04079363934  1.04079375514  
0.0989304793212  0.176225831862  0.224551681596  0.249426783943  0.260237093935  0.26428591563  0.265614580684  0.266001750533  0.266103033272  0.266127035862  0.266132228456  0.266133260581  0.266133450036  0.266133481595  
0.0229187500312  0.0409274693543  0.0522809127235  0.0581759994189  0.0607582880123  0.0617319587763  0.0620532172264  0.0621472251587  0.0621718937757  0.062177752399  0.0621790214753  0.0621792738751  0.0621793202034  0.0621793279169  
0.00488958073238  0.00874732274636  0.0111942579827  0.0124729915997  0.0130364386964  0.0132499500784  0.0133206768346  0.0133414349133  0.0133468933765  0.013348191382  0.0133484727139  0.0133485286644  0.0133485389284  0.0133485406356  
0.000964935995307  0.00172849389627  0.00221497879614  0.0024704167924  0.00258345782835  0.00262644777823  0.00264072807674  0.00264492758233  0.00264603322251  0.00264629628531  0.00264635329926  0.0026463646315  0.00264636670821  0.00264636705317  
0.000176872376314  0.000317132295587  0.000406787091532  0.000454024359836  0.000474993438413  0.000482988003301  0.000485648452458  0.00048643172353  0.00048663804705  0.000486687133866  0.000486697766294  0.000486699877417  0.000486700263734  0.000486700327795  
3.02273837083e-05  5.42346729687e-05  6.96160638518e-05  7.77399331195e-05  8.13538393545e-05  8.27338725166e-05  8.31935945688e-05  8.33290033785e-05  8.33646682791e-05  8.33731483084e-05  8.33749831942e-05  8.33753469905e-05  8.33754134417e-05  8.33754244387e-05  
