492.198628461  682.145480005  767.584082123  811.226441654  835.681900178  850.256040216  859.280554668  864.992710115  868.645587692  870.983411756  872.465217293  873.378887007  873.902950649  874.141133237  
287.031139746  469.554052235  578.073929637  643.078519499  682.981905134  708.061643874  724.099897355  734.460996159  741.177273031  745.516026288  748.284335496  749.99926464  750.986049697  751.435374901  
187.108033645  332.419919747  434.216641035  502.803627797  548.451597511  578.761750028  598.88575887  612.229259456  621.039761338  626.807670695  630.523778539  632.842111229  634.182584273  634.794716132  
130.018598056  240.850557006  326.58174156  389.374302045  433.974934758  465.078340559  486.497436183  501.091354759  510.925832144  517.463730009  521.724974257  524.406312699  525.966025788  526.680843102  
93.3836600915  176.886594999  245.566939547  298.910712294  338.758237007  367.715100884  388.321622436  402.730175835  412.63917765  419.3323616  423.749143107  426.554562555  428.197391736  428.953350285  
68.046333262  130.544247716  184.002903722  227.278283261  260.872265358  286.117994758  304.599341077  317.828079479  327.101597178  333.463474655  337.713976647  340.439821904  342.047164338  342.789933735  
49.7403481389  96.1706346426  136.928077815  170.910781666  198.07471309  219.046608764  234.769879723  246.258151389  254.453027156  260.15722069  264.013908818  266.510537703  267.99288277  268.680799822  
36.2165702033  70.3780467637  100.902617146  126.904971266  148.16031812  164.928681253  177.752695436  187.29023004  194.199759925  199.073488719  202.405448869  204.581699512  205.882391799  206.488491277  
26.1447414867  50.9818098639  73.4553665524  92.9055702022  109.08175875  122.065782512  132.160447496  139.782648236  145.380102825  149.375621532  152.135046772  153.952322856  155.045224658  155.556477363  
18.6537439846  36.4641649869  52.7282721809  66.9738079496  78.9819310189  88.7554223154  96.4582683841  102.34979548  106.727708308  109.885888092  112.087085644  113.547738371  114.431214965  114.845992202  
13.1245775291  25.7024045175  37.2674882433  47.490767194  56.2003440177  63.3694072238  69.0838453892  73.5025050268  76.8196860602  79.2350346567  80.9323295258  82.0663404735  82.7558412369  83.0806219511  
9.09169159226  17.8291444524  25.9055835522  33.0964829723  39.2748143521  44.4072732209  48.5370268658  51.7600573279  54.2011110955  55.9930874479  57.2615240963  58.1142248114  58.6351393253  58.8812476346  
6.19343702731  12.1585282572  17.6951699968  22.6529765202  26.94192927  30.5318512268  33.4432591283  35.733414281  37.4812015336  38.7734474966  39.6940618663  40.3163452195  40.6981160251  40.8789748358  
4.14539348035  8.14482519073  11.8692315276  15.2196461409  18.1343155216  20.5892568991  22.5934292572  24.1805707199  25.3998432224  26.3069736971  26.9569114179  27.3983831856  27.6702578191  27.7993687546  
