491.579593322  680.923186962  765.788889409  808.901050894  832.878360146  847.032354673  855.697278966  861.109887178  864.520296325  866.668097927  868.006872117  868.819040371  869.278376741  869.485116419  
285.840338349  467.202799354  574.620623941  638.605304009  677.588903467  701.860434871  717.206968113  726.991847913  733.241704962  737.214925494  739.708095748  741.227774145  742.090048302  742.478889218  
185.433989505  329.114498186  429.361940422  496.515126855  540.8700524  570.044020736  589.195605264  601.729055155  609.88386357  615.137907589  618.467226219  620.511076661  621.676513317  622.203616942  
127.980131885  236.825580185  320.670225716  381.716866105  424.74297786  454.462871179  474.69786435  488.305401951  497.341457738  503.253636187  507.043899242  509.391009962  510.73758758  511.348869221  
91.1158860883  172.408848013  238.990438892  290.391897578  328.487790718  355.905520533  375.194751669  388.505979045  397.526758098  403.523848147  407.416679035  409.85028257  411.256007034  411.896786456  
65.6859101758  125.883565271  177.157727391  218.411446978  250.182245165  273.825972739  290.936226635  303.022825031  311.371849152  317.009210442  320.714370478  323.053221083  324.413780136  325.036669002  
47.4122063438  91.5736934459  130.176522183  162.165222131  187.53091514  206.922733135  221.293680689  231.655451891  238.938497462  243.928102326  247.246923413  249.361863737  250.600809913  251.170490794  
34.0238340074  66.0484669765  94.5437406176  118.668071171  138.229778274  153.50997792  165.060339641  173.536912605  179.587666231  183.788387616  186.613781407  188.430557254  189.502017048  189.996762272  
24.1627989763  47.0684459546  67.7077922998  85.4605203554  100.105896003  111.744834041  120.688305881  127.351559611  132.172816365  135.560046568  137.861621502  139.353994951  140.23971141  140.650319999  
16.9285853319  33.0578247508  47.72536946  60.493365649  71.1690227793  79.7717159545  86.4725384012  91.5293820695  95.2316837593  97.8604060994  99.6630910338  100.840950431  101.54409502  101.871272933  
11.6748120126  22.8398317763  33.0632219799  42.0448337182  49.6346620876  55.8198405304  60.6922291068  64.4094679034  67.1589074942  69.1293363775  70.4917510227  71.388125171  71.9260902241  72.1772601644  
7.91318855339  15.5021827489  22.4879732931  28.6695378069  33.9376443787  38.2703240384  41.7155975973  44.3684654444  46.3480238674  47.7783448711  48.7745745072  49.4341138161  49.8318543163  50.0181292089  
5.26536098518  10.3260373183  15.0037918448  19.1667485747  22.7389039406  25.6990074844  28.0713975652  29.9125616222  31.2969339902  32.3043887794  33.0106512981  33.4808291578  33.7656068552  33.8993501696  
3.43648816939  6.74508887159  9.81344186812  12.5567198504  14.9238747485  16.8977421351  18.4901996682  19.7343936939  20.6760858668  21.3656916888  21.8519080917  22.1772030976  22.3749958008  22.468120764  
