489.408376885  676.645538248  759.52857087  800.830068388  823.202869396  835.977156349  843.490860337  847.971652884  850.651099125  852.244573472  853.179531282  853.713667999  854.00006049  854.124164632  
281.692171809  459.030217403  562.660040295  623.185292326  659.103279376  680.738641415  693.885503874  701.889875061  706.742959294  709.656891833  711.378360647  712.366694852  712.898446643  713.129354965  
179.668335842  317.755148104  412.737404753  475.081988147  515.175569661  540.684985814  556.778644903  566.836737179  573.049556145  576.830731396  579.086978858  580.391934545  581.097717863  581.405178808  
121.06962189  223.210581854  300.744334513  356.0271396  393.945146543  419.272056114  435.841021572  446.48071401  453.188205936  457.334160739  459.837505624  461.298392831  462.093625911  462.441437729  
83.5818945888  157.565362263  217.266361289  262.383382206  294.909457131  317.536768292  332.82794905  342.902212431  349.382993063  353.453256391  355.941980662  357.408550927  358.212600149  358.565840119  
58.0339922577  110.807602003  155.093082233  189.963283625  216.076032029  234.85301064  247.901069654  256.69836401  262.465967486  266.14479611  268.422536454  269.778162868  270.526902868  270.857382086  
40.0783549143  77.1242349398  109.028438919  134.898160399  154.839808289  169.565653776  180.041495699  187.248803112  192.055853332  195.16659291  197.115822719  198.287219964  198.938960106  199.227969437  
27.3389038575  52.8773767494  75.266279414  93.812217309  108.42857844  119.454076565  127.452139488  133.051393343  136.843273324  139.329554915  140.904969384  141.860447015  142.395802795  142.634275665  
18.3377406785  35.5913717678  50.9093480707  63.8003996325  74.1353285146  82.0652829407  87.9115743405  92.0656802738  94.9166947702  96.8082238322  98.0190590182  98.7597029294  99.1774343101  99.3643073575  
12.0586926003  23.4625585773  33.6808877342  42.3836390256  49.4545322759  54.9549800722  59.0648074352  62.0221495058  64.0754969197  65.4521199383  66.3414891429  66.8897544859  67.200874098  67.3406077101  
7.75803909116  15.1223896707  21.7669819224  27.4783135072  32.167901292  35.8567249356  38.6437441727  40.6708111021  42.0924543232  43.0543822751  43.6809728  44.0699802459  44.2919611272  44.3920241358  
4.87620874422  9.5181376374  13.7286971178  17.3739936861  20.3924860998  22.7884793756  24.6155637903  25.956583817  26.9052789904  27.5524051949  27.9770346846  28.2423371999  28.3944949206  28.4633118962  
2.99130946948  5.84517286827  8.44462108721  10.7079991902  12.5950041451  14.1040835224  15.2637978916  16.1216014181  16.7330161351  17.1530395865  17.4304443946  17.6047508051  17.7051764692  17.7507332788  
1.78975672308  3.50024806633  5.06342459529  6.43079198767  7.57714692488  8.49960791886  9.21315008803  9.74443157127  10.1255763331  10.3890398437  10.5640469647  10.6745712927  10.7385103359  10.7675942498  
