490.44190772  678.679924202  762.501555889  804.655515989  827.778193317  841.191410308  849.232428563  854.13467971  857.140107633  858.977065448  860.086657834  860.739263658  861.098429294  861.257011011  
283.661234552  462.906090029  568.324114292  630.473462783  667.820101612  690.672743316  704.824237661  713.631566769  719.105708121  722.483523542  724.537705251  725.751746454  726.422145567  726.718740575  
182.392418875  323.11719162  420.573321978  485.164751013  527.23479341  554.428250824  571.91176635  583.080711367  590.152733861  594.575670698  597.292212772  598.909425422  599.807022302  600.205358507  
124.313247493  229.595286111  310.074737623  368.032916696  408.304347077  435.636491811  453.860401644  465.822823329  473.553400073  478.463525813  481.514963287  483.347669304  484.371304194  484.827325808  
87.0883484608  164.467415248  227.352804812  275.361990603  310.432195994  335.227239007  352.307479216  363.811668791  371.398451011  376.294821106  379.376062885  381.244590648  382.295556085  382.765777647  
61.5585170421  117.745227332  165.231514351  203.008795032  231.678799009  252.634698531  267.481057168  277.715668267  284.594994193  289.1042063  291.977534255  293.737202619  294.73414018  295.182208345  
43.4149547779  83.6919535223  118.626305501  147.248113484  169.610681332  186.399288834  198.577568875  207.145580196  213.005100125  216.901969337  219.415048927  220.968959354  221.855673228  222.256006756  
30.3370525958  58.7788947759  83.8905854977  104.909460233  121.701188866  134.580230995  144.108066876  150.930024999  155.667640708  158.860332457  160.942421161  162.24162633  162.988131277  163.326641244  
20.9079588904  40.6505588179  58.3027010977  73.3137337906  85.5135518774  95.032510618  102.190250605  107.392566178  111.054353577  113.551487388  115.196696887  116.232022034  116.83077482  117.103411523  
14.1683748298  27.6152339434  39.7494946216  50.1923748995  58.7940174631  65.5987670649  70.7850761121  74.6028297345  77.3216959383  79.1954302206  80.4413587327  81.2315170639  81.6912314053  81.9013659761  
9.42050525591  18.3947714749  26.549155574  33.6317473074  39.5276042979  44.2442559407  47.8795793187  50.5846844337  52.5307866693  53.8844640667  54.7920441615  55.3716789367  55.7107628723  55.8663070221  
6.1365131799  11.9989096614  17.3540360064  22.0388825855  25.9718496809  29.1470453283  31.6172382176  33.4722901071  34.8185895544  35.76271254  36.4003704269  36.810195694  37.0511349117  37.1620150371  
3.91198866119  7.65743065607  11.0930123134  14.1158092543  16.6708653815  18.7491788156  20.3787092783  21.6120363669  22.5139216139  23.1509186849  23.5839547909  23.8638455883  24.0291331073  24.1054205153  
2.4387695451  4.77776068445  6.93035361074  8.83306095382  10.4503500922  11.774087953  12.8188255994  13.6148335939  14.2007484208  14.617171188  14.9018943936  15.0868537522  15.1965195815  15.2472683015  
