476.079546577  650.70869778  722.302876056  754.02413111  768.676288352  775.52787283  778.70474894  780.14542786  780.77882265  781.047310005  781.156657008  781.199319183  781.215106123  781.220191108  
257.195896226  411.356819525  494.224523474  537.117484349  558.81238557  569.524300028  574.661874951  577.043308017  578.105904373  578.561017238  578.747767297  578.821035563  578.848261047  578.857055293  
147.715629023  255.558334826  323.426297557  362.716774913  384.184909865  395.362701568  400.92495681  403.571227314  404.774357428  405.296829608  405.513456151  405.599121769  405.631146478  405.641534172  
85.9497653815  154.830432954  202.513040878  232.373306404  249.708491884  259.156355377  264.021537787  266.396558598  267.497672887  267.983067216  268.186677017  268.267932835  268.298525005  268.308497443  
49.1977775858  90.5949824242  121.009200529  141.133075416  153.369628344  160.293058477  163.965896774  165.801471466  166.668437946  167.056292251  167.220914181  167.287234348  167.312390692  167.320634786  
27.2433129769  50.8119176517  68.8061829058  81.1849118369  88.9809598159  93.5264160531  95.9988011202  97.2600811222  97.8658962285  98.1406667267  98.2586090136  98.3065626566  98.3248873108  98.3309245312  
14.4591376174  27.1820783058  37.1488775966  44.199692699  48.7603467398  51.4837376202  52.9960237205  53.7811934723  54.163942563  54.3397028388  54.4159304508  54.4471916606  54.4592218278  54.4632055085  
7.31794834017  13.8286135515  19.0204438004  22.7691357601  25.2439232546  26.7501042681  27.6008216551  28.0491191194  28.2704672276  28.3732294964  28.4182143496  28.4368085137  28.4440106867  28.4464069669  
3.52266487322  6.68042598295  9.23071001725  11.100343813  12.3542651781  13.1290807214  13.5728563936  13.8096463771  13.9278521842  13.9832564373  14.0077108148  14.0178904992  14.0218567489  14.0231821175  
1.61103590049  3.06294440301  4.24651270999  5.12426245875  5.72025412222  6.09303568279  6.30900565328  6.42545410395  6.48413183184  6.51186296088  6.52419180333  6.52935621419  6.53137903008  6.53205761988  
0.699854303855  1.33306765171  1.85287568324  2.24181421042  2.50848781578  2.67693448144  2.77544820768  2.82903287555  2.85624960401  2.86920416847  2.87499997797  2.8774411887  2.87840184816  2.87872523964  
0.288899583472  0.551066416705  0.767438470126  0.930465387128  1.04311596738  1.1148433229  1.1571202255  1.18028542144  1.19213126926  1.19780421563  1.20035616587  1.201436241  1.20186301841  1.20200712746  
0.113409809738  0.216561035373  0.302051291708  0.366820563148  0.411856802183  0.440720443712  0.457843301724  0.46728362786  0.472138842365  0.474476206587  0.475532631628  0.475981622693  0.476159673016  0.476219956466  
0.0423785358437  0.0809928787767  0.113102226579  0.137536753797  0.154613545402  0.165617029429  0.172179870584  0.175816969809  0.177696681131  0.178605663748  0.179018171188  0.179194126914  0.179264120983  0.179287874652  
