490.787655428  679.361234305  763.498955188  805.941905492  829.321036534  842.955150465  851.180833371  856.23285762  859.356018489  861.282440385  862.45732837  863.15496429  863.542175652  863.714168994  
284.322186997  464.208523498  570.230801619  632.932598592  670.769485808  694.044402194  708.548906485  717.642544275  723.341744414  726.890578596  729.069577962  730.369697177  731.093707271  731.415939261  
183.311983685  324.929229912  423.226038292  488.586066983  531.33816864  559.119112601  577.093746532  588.661009301  596.046134315  600.706990366  603.597175289  605.334136008  606.306313547  606.740314304  
125.416845175  231.769966202  313.258334904  372.138922732  413.228896865  441.266081101  460.079372689  472.519801508  480.626116086  485.821751697  489.081562294  491.057965049  492.171095041  492.669912955  
88.2934382163  166.842086222  230.829169304  279.845577464  315.809580965  341.374472927  359.098263133  371.124383122  379.121421407  384.329524348  387.638272938  389.663689309  390.812364273  391.329309755  
62.7847107837  120.161480719  168.768744031  207.570866785  237.150293167  258.88948721  274.390623719  285.156260253  292.452981736  297.279343943  300.384126627  302.303402413  303.399740859  303.895341123  
44.5925217368  86.0123821024  122.023244314  151.629230902  174.865124594  192.405922754  205.212966679  214.290893672  220.551205751  224.752600604  227.487915253  229.195071226  230.177221757  230.623191054  
31.4126505365  60.8983861571  86.9933564765  108.911164214  126.500561415  140.066616831  150.168720132  157.456385332  162.56003411  166.030832135  168.315869017  169.755015834  170.588669918  170.968852013  
21.8471379782  42.501229272  61.011928891  76.8078600035  89.7041449573  99.8229403834  107.482063965  113.090968089  117.072311936  119.812230872  121.634606339  122.792090907  123.46691667  123.775928498  
14.9550855305  29.1654584889  42.0188850868  53.1192209639  62.3042339344  69.6114021942  75.2176535227  79.375940378  82.3624368642  84.4394967248  85.833790535  86.726245697  87.2496618192  87.4902554299  
10.0543429089  19.6437539702  28.3775461744  35.9898189371  42.3556592795  47.4770653067  51.4506878114  54.4301108535  56.5917946652  58.1092475768  59.1363281525  59.7983541712  60.1887425575  60.3688173724  
6.62866999062  12.9687058567  18.7737175786  23.8698309201  28.1677039342  31.6571505797  34.3899891152  36.4580046704  37.9716608156  39.0429171027  39.773334551  40.2471112193  40.527870993  40.6577903911  
4.28086557318  8.38430109452  12.1570699449  15.4881033859  18.316642159  20.6304665829  22.4568254314  23.8497417753  24.8770334618  25.6092911387  26.1118280343  26.4396325143  26.634753161  26.7253041872  
2.70599605382  5.30432754971  7.7011846343  9.82717895337  11.6425736725  13.1369051455  14.3242104951  15.2358074439  15.912548157  16.3979597644  16.7330134053  16.952668606  17.083936606  17.1450133054  
