488.852022516  675.551803165  757.933463724  798.78308611  820.762425132  833.20568409  840.450269511  844.719654487  847.238703405  848.714829793  849.567395186  850.046767997  850.300101486  850.408729174  
280.636371388  456.954624311  559.63299077  619.300720002  654.472038322  675.479215644  688.115381127  695.718574693  700.26728362  702.958534896  704.523656155  705.408071561  705.877091823  706.078632768  
178.217211955  314.902393243  408.576947285  469.742939491  508.810297228  533.45634279  548.848113336  558.354844914  564.149350164  567.62449158  569.665872042  570.828015347  571.447589843  571.714693041  
119.357433317  219.844606222  295.835406595  349.72760883  386.434802289  410.743058238  426.483909102  436.473097414  442.687066336  446.471973018  448.721831069  450.014240761  450.707774171  451.007976987  
81.7524870885  153.968953278  212.021384719  255.6526315  286.885044341  308.42402051  322.830457433  332.209749495  338.163284761  341.847840567  344.065772929  345.352369121  346.047781538  346.350165854  
56.2211439831  107.243754112  149.895610104  183.293523946  208.124374817  225.822938492  237.994339973  246.103034651  251.348243395  254.644926193  256.654384735  257.831711475  258.472828556  258.752927771  
38.3906544273  73.8064211954  104.18979918  128.688912017  147.437216401  161.159169164  170.818957617  177.385290447  181.706094212  184.461145823  186.160678764  187.166134544  187.717714739  187.959838722  
25.8512451303  49.9528290478  71.0011911526  88.3390192076  101.90354317  112.044214956  119.323036369  124.357379055  127.720733101  129.893563677  131.248942617  132.05819762  132.505298968  132.702460647  
17.0897076191  33.1379054394  47.3312915204  59.2088696452  68.6614435775  75.8491670925  81.0921501462  84.7724224152  87.264017217  88.8926576473  89.9189608785  90.5369820994  90.8807063722  91.0329383502  
11.0585862171  21.496489911  30.8136524739  38.7042956284  45.0681675812  49.9738948647  53.6003351216  56.1780469544  57.9434467255  59.1094697198  59.8510192128  60.3010630264  60.5529054124  60.6648936253  
6.99042412966  13.6133722933  19.5663054098  24.6543461624  28.8013138159  32.0337227743  34.4497864327  36.1855370167  37.3862311623  38.186570895  38.6997503697  39.0134044821  39.1899116693  39.2686909738  
4.3107014529  8.40643865424  12.1074609829  15.2935981479  17.9123722325  19.9721639852  21.5260107825  22.6524658658  23.4384344166  23.9665607552  24.3076758079  24.5174928671  24.6361685737  24.6893151131  
2.59074091515  5.05772119716  7.296256315  9.23441349928  10.8383096356  12.1092779436  13.0754850212  13.7813425988  14.2775289361  14.613293545  14.8315697348  14.9665950434  15.0433184967  15.0777825466  
1.51655420227  2.96317955987  4.28020720993  5.42577482507  6.37905774144  7.13914161964  7.72073117886  8.14840746468  8.45098880165  8.65700859832  8.79170785982  8.87545642196  8.92324005191  8.94476349533  
