483.073006053  664.248155026  741.579937609  778.014446351  796.299643809  805.782933652  810.754491045  813.349585967  814.684831464  815.357419215  815.68740569  815.844097204  815.914635036  815.941382659  
269.841270965  435.83917556  529.083270876  580.501573466  608.769421567  624.243985848  632.630497385  637.102564539  639.436728183  640.624289905  641.211146338  641.491293909  641.61789693  641.66602446  
163.761907789  286.626541832  367.665383282  417.780276757  447.59706016  464.826938806  474.519980885  479.825972952  482.647898882  484.103514065  484.830271909  485.17991405  485.338837955  485.39948069  
102.90444021  187.659569493  249.264244893  290.570810817  316.738876895  332.593933849  341.835539677  347.030823841  349.850046281  351.326828002  352.072984572  352.435293409  352.601130944  352.66470559  
64.9536075298  121.10530862  164.463727992  195.235245133  215.693755259  228.586014594  236.339680853  240.807824653  243.280433013  244.595946842  245.268912493  245.598921716  245.75112811  245.809775297  
40.4531393626  76.3945499096  105.247914297  126.564450428  141.26754384  150.832050433  156.739744013  160.219961144  162.181016128  163.239943829  163.788264691  164.059818613  164.186037807  164.234927565  
24.5985703762  46.8206890522  65.1283829291  79.0490518153  88.9234254856  95.5123004082  99.6737149878  102.172477586  103.603476579  104.386793778  104.797065293  105.002187325  105.098251518  105.135653823  
14.5123869275  27.7649552391  38.879676078  47.5104025467  53.765143917  58.0244213659  60.7645948372  62.4370411933  63.4085416768  63.9468978236  64.2318451616  64.3755781655  64.4433756262  64.4699030736  
8.27518715296  15.8878017385  22.3539692419  27.454024196  31.2118502919  33.8127812437  35.5117532252  36.5631692023  37.1815142475  37.5279192917  37.7130165006  37.8071458124  37.8518416724  37.8694110549  
4.55012316942  8.75787271479  12.3653303778  15.2444591031  17.3935266825  18.9005768891  19.897471359  20.5216691525  20.8926997465  21.1025543166  21.2156420673  21.2735769864  21.3012542933  21.312180327  
2.40929865727  4.64589032601  6.57683952052  8.13203333803  9.30482786035  10.1360258218  10.6916113145  11.0429453005  11.2537071275  11.373915219  11.4391825054  11.4728408228  11.4890092742  11.4954168323  
1.22764738955  2.37060824934  3.36268133661  4.1674170128  4.77927001485  5.21667759109  5.51159103459  5.69965168743  5.81336031053  5.87868862483  5.91439489271  5.93291753786  5.9418594559  5.94541559141  
0.601803395429  1.16335275672  1.6528178056  2.05211036777  2.35771441158  2.57774635898  2.72717566061  2.82314221501  2.88156170639  2.91533870207  2.93390814618  2.9435916501  2.94828718354  2.95016045834  
0.283823036396  0.549130749018  0.781154314696  0.971298067948  1.11761544064  1.22358434473  1.29598877338  1.34276964142  1.37141389736  1.38806707233  1.39726947142  1.40209060596  1.40443762589  1.40537660938  
