485.728621389  669.429510775  749.046354851  787.447912789  807.344944473  818.086131561  823.993236657  827.251905236  829.036323744  829.999184189  830.508084528  830.769284869  830.896046662  830.947033564  
274.763010322  445.441975472  542.921111923  597.985117024  629.240374074  647.046407951  657.166973975  662.869026656  666.03579779  667.761443648  668.679970323  669.153864596  669.384704202  669.477771551  
170.266076528  299.316867604  385.952528266  440.885515773  474.650529649  494.961854892  506.946861512  513.878658681  517.801198513  519.968147789  521.133396576  521.739203636  522.035954547  522.156021961  
110.171054191  201.837584469  269.695370652  316.385187045  346.964800791  366.263094396  378.065928594  385.078155837  389.127489117  391.399372805  392.635705822  393.284402645  393.604342598  393.734363669  
72.1960133465  135.236188982  184.827153809  220.964444925  245.820428253  262.145178278  272.45229074  278.732029231  282.431258385  284.539711155  285.701580766  286.317270752  286.623217001  286.74816003  
47.0512042387  89.2683453212  123.800053037  150.00548628  168.715505326  181.407920482  189.642712732  194.774127374  197.853343201  199.635198907  200.629324026  201.161414125  201.427861306  201.537226619  
30.1671789049  57.6859705421  80.7863395374  98.8336172962  112.090416053  121.319958035  127.446202715  131.339301109  133.71466059  135.108638477  135.895548845  136.320824621  136.535401215  136.623920075  
18.9028629626  36.3316001533  51.2252850376  63.1100128076  72.0321767075  78.3741497066  82.6641908256  85.4366632461  87.1533199292  88.1736131768  88.7558650598  89.0734140664  89.2347968621  89.3016948927  
11.5276943384  22.2341344966  31.5000096885  39.011028455  44.7454075758  48.8898023681  51.7375341507  53.6044257155  54.7752772986  55.4790952592  55.8847271174  56.1078184126  56.221963697  56.2694965162  
6.82379782913  13.1943559336  18.759121946  23.3239242435  26.8550907629  29.4415506016  31.2419509401  32.4366426692  33.1942780364  33.6542811829  33.9217551965  34.0699924169  34.1463107265  34.1782260134  
3.91420179315  7.58235989685  10.8089330649  13.4800451622  15.5679001895  17.1138592243  18.2016010365  18.9308444804  19.3977600029  19.6837499294  19.8513605155  19.9448961955  19.993325078  20.0136559073  
2.17338231954  4.21601996304  6.02238869255  7.52854320499  8.71563763755  9.60244152438  10.2320031448  10.6577638449  10.9326279509  11.1022825165  11.202410887  11.2586349882  11.2878946575  11.3002213651  
1.16745151898  2.26711996089  3.24366890329  4.06256913893  4.71234448761  5.20129832292  5.5510226921  5.78929039086  5.94421107742  6.04047645624  6.09764395901  6.12992258165  6.14679812057  6.15393017269  
0.606486111865  1.17876458098  1.68866580038  2.11821816618  2.46093139335  2.72038297262  2.90712591399  3.03515847101  3.11891774216  3.17127021023  3.20253008412  3.22026745186  3.22957894842  3.23352548957  
