493.510369856  684.739432453  771.403140589  816.189609181  841.689275843  857.194559983  867.029881367  873.430697133  877.652837043  880.446589384  882.278951523  883.446236525  884.134568783  884.453365853  
289.566370239  474.567443624  585.455121844  652.670978601  694.59256222  721.47198893  739.077361463  750.769510084  758.586075905  763.806072821  767.251965236  769.457106904  770.761409089  771.366555999  
190.70016598  339.523333519  444.674987564  516.39514143  564.902749304  597.762962773  620.107530862  635.337121975  645.706757659  652.723433562  657.399729288  660.412743045  662.20317638  663.03612847  
134.440981119  249.595802708  339.457396943  406.107387812  454.228748768  488.471798628  512.624916496  529.541107602  541.295339949  549.370881499  554.814465596  558.351229189  560.465030718  561.451773055  
98.3733942013  186.753800686  260.094521183  317.790732303  361.610866453  394.110432177  417.802050854  434.831163984  446.906581367  455.335035598  461.086163843  464.857015513  467.125203935  468.188069346  
73.330130362  140.992996209  199.386774803  247.271272141  285.072247515  314.069812079  335.818491113  351.822694491  363.390785061  371.590664844  377.254569308  381.003083995  383.27288101  384.340768847  
55.0589078771  106.688165501  152.413311356  191.035663976  222.434579741  247.183408528  266.196006283  280.47855615  290.983673645  298.538515136  303.81840045  307.344831374  309.494274923  310.509597057  
41.3445252553  80.5186972598  115.833063095  146.309021558  171.647927784  192.05832701  208.054338483  220.286624368  229.424237381  236.082904805  240.787607932  243.957203362  245.901403559  246.823338439  
30.9042440225  60.3938822422  87.313208719  110.915821147  130.882521773  147.247376425  160.286703908  170.410676245  178.076787827  183.729637213  187.763747687  190.503464969  192.193969391  192.998535785  
22.9209713498  44.9027922769  65.152972657  83.1216738855  98.5286192618  111.333742592  121.677262272  129.812444271  136.045717008  140.690451382  144.035068464  146.323223245  147.742823574  148.420748305  
16.8295747586  33.029240486  48.0553342122  61.5114609052  73.1723933295  82.974113458  90.9818537095  97.3491671947  102.277888597  105.984542871  108.675154633  110.528087573  111.683391098  112.236811722  
12.2128408245  24.0014284747  34.9935912369  44.9081039836  53.5730225826  60.9236948183  66.9858689235  71.8510387087  75.6502617716  78.5306168849  80.6363433863  82.0950863852  83.0086907565  83.447559024  
8.74833894893  17.211054885  25.1345419159  32.322022524  38.6467201219  44.0527932826  48.5464840105  52.1813540231  55.0414222124  57.2250873036  58.8315335193  59.9502725757  60.653746899  60.9925272799  
6.18005125546  12.1685565531  17.7938701785  22.9200984017  27.456222257  31.3578172123  34.6224606532  37.2809225638  39.386426096  41.0038841136  42.20038092  43.0375273743  43.5658174281  43.8208062937  
