493.050084637  683.828625847  770.060738627  814.442563522  839.571016107  854.7431987  864.286353125  870.43700857  874.450579165  877.075823712  878.777533335  879.849588685  880.475873675  880.764104532  
288.674923603  472.803460307  582.855256542  649.287429504  690.490073581  716.724374512  733.763900551  744.971558169  752.384183445  757.277827993  760.470683249  762.491391971  763.675526166  764.221474993  
189.432734861  337.015357055  440.978580614  511.58451822  559.069961719  591.012957429  612.553025  627.093784588  636.889112992  643.441793991  647.758331824  650.509126577  652.128710234  652.877497072  
132.873107404  246.493314608  334.88476367  400.156416765  447.013313483  480.121724017  503.279639977  519.343717813  530.387509121  537.889071242  542.887621669  546.10001115  548.002465826  548.885092953  
96.5934994266  183.231768545  254.903539837  311.035025289  353.419707547  384.631203566  407.19304691  423.254823708  434.523735374  442.300598776  447.546518388  450.949136451  452.977401533  453.922074271  
71.4312688324  137.235554848  193.848834758  240.064024688  276.333608678  303.957016593  324.500414992  339.472634956  350.180322878  357.685069017  362.810005202  366.165680469  368.179522554  369.121320244  
53.1308253204  102.872902704  146.790152406  183.717513057  213.561477249  236.9150108  254.703789755  267.938485974  277.56997142  284.418992819  289.151625514  292.279179654  294.168735071  295.056029603  
39.4669460232  76.8033705591  110.357197813  139.182566555  163.007257565  182.058918138  196.863177654  208.075068824  216.361945719  222.333293026  226.505088861  229.286264379  230.977390119  231.774654148  
29.1420330726  56.9068455057  82.1738125897  104.227260808  122.772794564  137.862407938  149.783222249  158.949510885  165.81717316  170.824947722  174.358906991  176.734080305  178.18706714  178.874626559  
21.3214726252  41.737728944  60.4881216269  77.0507040787  91.1677119142  102.815351727  112.143646603  119.409584546  124.918145362  128.977380211  131.868038702  133.825318851  135.029339291  135.601064264  
15.4220852904  30.2441229504  43.950471022  56.1692787502  66.6951289963  75.4783230069  82.5927205338  88.1951492998  92.4861684878  95.6776210389  97.9687801467  99.5305669426  100.496176016  100.956148826  
11.0098994124  21.6210681365  31.4852839079  40.3422993808  48.0371017722  54.5172770761  59.8159467195  64.0274026584  67.2816116243  69.7216499937  71.4859860467  72.6959032133  73.4473871517  73.806391349  
7.74832745234  15.2322495791  22.2180704044  28.5264517838  34.0446924472  38.7271245938  42.5861192948  45.6775638667  48.084569701  49.9022075818  51.2248634946  52.1367599994  52.7054681866  52.9778599599  
5.37053727954  10.5667050357  15.4329752572  19.8475718451  23.73087004  27.0466808547  29.7975429155  32.0161083432  33.7548650927  35.0760314112  36.0428067761  36.7125198777  37.1317208303  37.3329702506  
