490.720521591  679.228915088  763.305178437  805.691864956  829.02097833  842.611914984  850.801409157  855.823995673  858.923940983  860.832660782  861.994583945  862.683249772  863.06485921  863.234168807  
284.193761953  463.955400872  569.86011289  632.454279529  670.195485348  693.387806067  707.823083765  716.860409527  722.51520047  726.03017245  728.184371697  729.467332342  730.180626778  730.497725178  
183.133105929  324.576666503  422.709722872  487.919839316  530.538672576  558.20457531  576.082789683  587.571621273  594.894894056  599.5085881  602.36423278  604.077296265  605.034549946  605.461401122  
125.201827203  231.346171836  312.637705622  371.338095562  412.267879514  440.166784365  458.864181295  471.210338584  479.242310163  484.381260606  487.599557166  489.547238226  490.64243172  491.132656866  
88.0581681826  166.378376271  230.150086858  278.969328091  314.758058476  340.171653297  357.768640525  369.691617856  377.607319032  382.753405306  386.016736294  388.010730928  389.139783581  389.647328789  
62.5447280685  119.688483037  168.076062048  206.677072655  236.077721266  257.662595574  273.034398481  283.694836364  290.908601525  295.671714186  298.730177639  300.617408725  301.693736257  302.17975022  
44.3613859793  85.5568223958  121.35610158  150.768394797  173.832108415  191.224284929  203.906773734  212.883391606  219.063816924  223.20430454  225.895016722  227.571316619  228.534198979  228.970937943  
31.2008264949  60.4808900755  86.3819581769  108.122260922  125.553871357  138.983732237  148.971698317  156.166530885  161.196979515  164.611970347  166.85614104  168.26701752  169.083018614  169.454744285  
21.6614874474  42.1353210166  60.4760801782  76.1164442208  88.8744462627  98.8738851313  106.432985574  111.960539511  115.877739809  118.568758242  120.3553266  121.488041555  122.147400803  122.449003769  
14.7989293134  28.8576830028  41.5681701313  52.5376585209  61.6063644333  68.8131471312  74.3352762713  78.4251480752  81.3577025203  83.3936409828  84.7578252746  85.6294530388  86.1398646909  86.3742289737  
9.92796024638  19.3946613519  28.0127699174  35.5191473636  41.7908624239  46.8310307413  50.736579343  53.6606414875  55.7786779055  57.2628589596  58.2655787636  58.9107547132  59.2906224585  59.4656578685  
6.53005531271  12.7743429393  18.4890901935  23.5025783385  27.7270118145  31.1530764035  33.8328055175  35.8576320066  37.3372389676  38.3825414041  39.0939571743  39.5545912734  39.8271456014  39.95313469  
4.20656267085  8.23785560459  11.942614708  15.2113956201  17.9846043017  20.2506778185  22.0370267395  23.3974082781  24.3990517529  25.1117603326  25.5999855296  25.9178918276  26.106832918  26.1944241031  
2.65186558012  5.19764084228  7.54495329176  9.62559816901  11.4006875671  12.8602361759  14.0183987415  14.9062989741  15.5643599249  16.0355346887  16.3601663384  16.5726139635  16.6993824081  16.7583040129  
