350.187153355  432.144727216  448.690306647  451.533414545  451.950537112  452.003273599  452.009080951  452.009643718  452.009692156  452.009695889  452.009696148  452.009696165  452.009696166  452.009696166  
100.758913149  136.105831867  144.719867123  146.355416357  146.609349994  146.642534843  146.646259945  146.646624697  146.646656232  146.646658664  146.646658832  146.646658843  146.646658843  146.646658843  
23.239884631  32.777297729  35.3362248051  35.8508507792  35.9335575098  35.944587824  35.9458398579  35.9459630517  35.9459737073  35.9459745265  35.945974583  35.9459745865  35.9459745867  35.9459745867  
4.35296459156  6.27994385248  6.82530751736  6.93875193873  6.95735883752  6.95986854793  6.96015484613  6.96018302956  6.96018546025  6.9601856461  6.96018565882  6.9601856596  6.96018565965  6.96018565965  
0.676108933279  0.987831786579  1.07880585073  1.09810349852  1.10130395793  1.10173778312  1.10178729502  1.10179215482  1.10179257165  1.10179260328  1.10179260542  1.10179260555  1.10179260556  1.10179260556  
0.0888351787332  0.130741222792  0.143187519937  0.145855536698  0.146300141245  0.146360432506  0.146367293292  0.146367962985  0.146368019989  0.146368024275  0.146368024562  0.14636802458  0.146368024581  0.146368024581  
0.0100435235193  0.0148424612198  0.0162810492727  0.0165907972396  0.0166424304413  0.0166494115467  0.0166502015592  0.0166502780878  0.0166502845414  0.0166502850214  0.0166502850532  0.0166502850551  0.0166502850552  0.0166502850552  
0.000990969104525  0.00146760937596  0.00161103341637  0.00164191933788  0.00164705251579  0.00164774271899  0.00164782023306  0.00164782767218  0.0016478282928  0.00164782833841  0.00164782834139  0.00164782834157  0.00164782834158  0.00164782834158  
8.63347870508e-05  0.000127965007444  0.000140490821956  0.000143180178244  0.000143624695643  0.000143684014497  0.000143690614779  0.000143691241452  0.000143691293111  0.000143691296859  0.0001436912971  0.000143691297114  0.000143691297115  0.000143691297115  
6.70634531083e-06  9.93898862697e-06  1.09088156492e-05  1.11159262366e-05  1.11499043051e-05  1.11543969341e-05  1.11548915073e-05  1.1154937908e-05  1.11549416834e-05  1.11549419535e-05  1.11549419707e-05  1.11549419716e-05  1.11549419717e-05  1.11549419717e-05  
4.68273846927e-07  6.93442769032e-07  7.6065507293e-07  7.7490473684e-07  7.77221386887e-07  7.77524471796e-07  7.77557443221e-07  7.77560496667e-07  7.77560741667e-07  7.77560758933e-07  7.77560760013e-07  7.77560760074e-07  7.77560760077e-07  7.77560760077e-07  
2.9595166806e-08  4.37683390603e-08  4.79704965326e-08  4.88535999187e-08  4.8995684219e-08  4.90140556612e-08  4.90160285786e-08  4.90162087618e-08  4.90162230064e-08  4.90162239946e-08  4.90162240554e-08  4.90162240588e-08  4.90162240589e-08  4.90162240589e-08  
1.70294613462e-09  2.51414700439e-09  2.7527060015e-09  2.80233816011e-09  2.810231847e-09  2.81123953451e-09  2.81134626335e-09  2.81135586777e-09  2.81135661529e-09  2.81135666631e-09  2.81135666939e-09  2.81135666956e-09  2.81135666957e-09  2.81135666957e-09  
8.96672272155e-11  1.32108040775e-10  1.44473403476e-10  1.47017456547e-10  1.47417024337e-10  1.47467338314e-10  1.47472589647e-10  1.47473054915e-10  1.47473090539e-10  1.47473092929e-10  1.47473093071e-10  1.47473093079e-10  1.47473093079e-10  1.47473093079e-10  
