490.919050427  679.620251503  763.878372778  806.431653499  829.908990493  843.628012371  851.924991938  857.035134835  860.204236508  862.16577501  863.366445821  864.081961759  864.480360969  864.65772107  
284.573664336  464.704257177  570.956969385  633.86992696  671.894769168  695.33218895  709.973145579  719.178014066  724.965137679  728.581179049  730.80952199  732.143860037  732.889281347  733.221784162  
183.662540036  325.620276109  424.23830533  489.892686639  532.906791288  560.914257867  579.079098699  590.801409251  598.309092056  603.063628065  606.022592082  607.807249267  608.809270897  609.257587588  
125.838705204  232.601571338  314.4764952  373.711302877  415.116565105  443.426338358  462.46851513  475.095517834  483.349307777  488.657667834  492.000238469  494.034032216  495.183071785  495.699115043  
88.7557031073  167.75333951  232.163997712  281.568545793  317.878025622  343.741602475  361.716185849  373.946734144  382.105357419  387.436967058  390.836389877  392.924684191  394.112701273  394.648518434  
63.2570695768  121.09263038  170.13271357  209.331443668  239.263878426  261.308264288  277.065652615  288.040162358  295.501978191  300.454526223  303.651947669  305.63546215  306.771993318  307.286873022  
45.048413985  86.911069918  123.339658892  153.328418021  176.905000864  194.740334659  207.794677415  217.074174743  223.493804411  227.816966093  230.641672603  232.410814009  233.431746532  233.896318282  
31.8314504424  61.7239530309  88.2026578212  110.472085471  128.374438661  142.211047635  152.540307954  160.013120642  165.263101905  168.845738342  171.212875547  172.708949898  173.57822047  173.975486322  
22.2151777063  43.2267324174  62.0746512768  78.1795752388  91.3508708586  101.707409839  109.566137277  115.337725865  119.447643672  122.285824776  124.180331448  125.387829231  126.093944611  126.417964467  
15.2655796439  29.7775223895  42.9154368201  54.2764435635  63.6934543785  71.2011765833  76.975802774  81.2713162267  84.366262199  86.5262005888  87.9813303041  88.9159652054  89.4657692169  89.7190194615  
10.3064603378  20.1407408732  29.1055294539  36.92945597  43.4836641876  48.7679026757  52.8782261286  55.9690567906  58.2187815361  59.8035132997  60.8799766823  61.5762400631  61.9880467463  62.1783943344  
6.82609448012  13.3578779261  19.3437713353  24.6056168121  29.0509844147  32.6679268929  35.5077964542  37.6630355794  39.2456176275  40.3695427856  41.138617281  41.639193785  41.9367183924  42.0746784242  
4.43018940929  8.67865393626  12.5882313613  16.0446124214  18.9847020883  21.3949488395  23.3022495441  24.7611252798  25.8405367339  26.6126188705  27.1443838455  27.4924502657  27.7002453665  27.7968750498  
2.8152270179  5.51964697285  8.01657774231  10.2342600939  12.1312484618  13.6961051609  14.942610362  15.9024467183  16.617303089  17.1318369531  17.4882628037  17.7227331486  17.8632680363  17.9287889884  
