492.606272854  682.951027241  768.768737819  812.763651795  837.539094041  852.39662216  861.665927992  867.584130202  871.405680103  873.877244908  875.460878721  876.447568159  877.018591598  877.279712872  
287.817269184  471.107524593  580.35850009  646.042978873  686.563441171  712.189682416  728.700005382  739.458455577  746.500008313  751.096673107  754.06135202  755.917095036  756.994438917  757.487999794  
188.217804277  334.612939718  437.441742853  506.988518634  553.507604454  584.589242853  605.379660109  619.284089628  628.553771959  634.685764578  638.679078572  641.196191128  642.664501175  643.339078037  
131.37785176  243.536580003  330.531861803  394.499972484  440.167545693  472.21586185  494.451166336  509.732100615  520.128971169  527.112787152  531.713543357  534.638338997  536.354620879  537.145917735  
94.9071553105  179.89717447  249.994355839  304.655715637  345.699090441  375.715025589  397.236362793  412.414926189  422.954256513  430.147220784  434.944521246  438.022801588  439.841108425  440.682782709  
69.6465622862  133.706459101  188.653308578  233.312628565  268.162677875  294.520802031  313.963018126  328.000524908  337.936093467  344.82289932  349.473064146  352.485495859  354.277141837  355.109937821  
51.3356797869  99.3231662271  141.564242388  176.926640159  205.342778031  227.423642107  244.104815935  256.399351847  265.254222534  271.481709347  275.736811697  278.519129292  280.185199316  280.962859935  
37.7376983702  73.3839427027  105.323131463  132.640993811  155.090285113  172.916011268  186.653344743  196.959610184  204.498404085  209.871054949  213.582870016  216.031498514  217.50735425  218.199014844  
27.5388160916  53.7366333356  77.5066443857  98.1624647305  115.43285359  129.385898331  140.317567093  148.644256949  154.818381989  159.271117475  162.378641065  164.445520993  165.698939094  166.288597854  
19.8860118818  38.899240741  56.309319462  71.6205267102  84.5958304764  95.2258464983  103.668518228  110.182733932  115.070351377  118.632648117  121.141512769  122.822775444  123.848121432  124.332195984  
14.1777692947  27.7836070178  40.3281206779  51.4621935772  60.9983806454  68.8994733868  75.246196535  80.1970238941  83.9498069021  86.7105153114  88.6707397259  89.9932794429  90.8040175974  91.1880173322  
9.96368337713  19.55227737  28.439631391  36.3846136525  43.2473225808  48.9858457678  53.639076037  57.3026883139  60.1043713582  62.1822619708  63.66836755  64.6771414816  65.2984209856  65.5935527101  
6.89386060297  13.5426254984  19.7306261999  25.2941373972  30.1327997863  34.209522302  37.541389061  40.1854159544  42.2228527502  43.7447347217  44.8401698892  45.5878014781  46.0501781405  46.270408666  
4.69186663259  9.224701716  13.4572967137  17.2802768492  20.6238203936  23.4585504137  25.7907484381  27.653962183  29.0992000013  30.1854738183  30.9717899784  31.5110447873  31.8457984785  32.0056222491  
