485.058871396  668.120685114  747.155592878  785.051361867  804.52867129  814.937184238  820.592326159  823.668551157  825.326619026  826.205786249  826.661747846  826.891214337  827.00049824  827.043819668  
273.51550603  443.004106188  539.399314741  593.521235235  623.994726247  641.181138328  650.832419831  656.194676721  659.126129448  660.695907383  661.515845316  661.930642844  662.128934921  662.207727821  
168.60377532  296.06841228  381.259761749  434.937462207  467.660829591  487.14657633  498.506332739  504.985420597  508.594459256  510.553764185  511.587681284  512.114768475  512.368166375  512.46922098  
108.292531468  198.166604816  264.392251133  309.663566764  339.066134192  357.431570799  368.52793947  375.028680363  378.723829971  380.761138616  381.849116773  382.408896174  382.679870134  382.788417762  
70.2964975312  131.524202968  179.464837333  214.167860537  237.833760793  253.21536733  262.808265177  268.570941071  271.912151755  273.783508962  274.795442584  275.321275335  275.577741992  275.680987615  
45.2905052829  85.8276519052  118.829690535  143.705767659  161.312806295  173.131158188  180.704094183  185.356389829  188.103889375  189.666089551  190.521322025  190.970181997  191.190803203  191.280074687  
28.6512850384  54.723686545  76.5071247497  93.409973937  105.71728096  114.194444078  119.751020254  123.231772961  125.321676264  126.526652745  127.194068253  127.547746667  127.72290665  127.794143495  
17.6806798116  33.9432895484  47.7752551254  58.737379908  66.8941409243  72.6296545052  76.4605532845  78.9007178846  80.3873538763  81.2553695695  81.741358345  82.0012377679  82.1308757023  82.1838566636  
10.599812686  20.4209444378  28.8808050829  35.6914578702  40.8448453692  44.5289370908  47.0282153819  48.6429408523  49.6392683304  50.2275652042  50.5601810533  50.739536543  50.8296104091  50.8665913315  
6.15776732409  11.8928662868  16.8791114699  20.9412519305  24.0554652311  26.311616403  27.8619984044  28.875782322  29.5082296758  29.8853815422  30.1004976507  30.2173784351  30.2764414236  30.3007935748  
3.4607810847  6.69634005182  9.52909242067  11.8580453653  13.6621063213  14.9832680691  15.9008764266  16.5070323691  16.888784943  17.1184225395  17.25042781  17.3226439267  17.3593427387  17.3745328332  
1.87987474829  3.64248939028  5.19394806072  6.47864677946  7.48207754708  8.22341500948  8.74289769378  9.08903096659  9.30881105397  9.44202330755  9.5191307486  9.56157326004  9.58325165709  9.59225629802  
0.986409089523  1.91335689885  2.73268270209  3.41500354662  3.95151803186  4.3507769146  4.63263586538  4.82181990628  4.94279204277  5.01660230209  5.05958770151  5.08337795182  5.09558493614  5.10067154925  
0.499876780245  0.970448935409  1.38777426003  1.73691229555  2.01294726522  2.21960077702  2.36640132379  2.46555047734  2.52933646287  2.56848046117  2.59140005129  2.60414666062  2.61071383625  2.6134581871  
