481.336702257  660.872385371  736.742192073  771.944999348  789.24926042  797.993527023  802.437941348  804.676691747  805.783417734  806.316857768  806.566387903  806.679075439  806.727359992  806.744952926  
266.659046248  429.65221609  520.216888586  569.377822667  595.847907389  609.968083235  617.38853069  621.207559439  623.122946779  624.055517905  624.494940603  624.694454453  624.780281196  624.811634267  
159.633673544  278.600347686  356.16328345  403.349830083  430.834531644  446.307523911  454.747443192  459.20637976  461.485131652  462.610024661  463.145569678  463.390639368  463.496683497  463.535573373  
98.4094114822  178.920276871  236.740293086  274.858464412  298.487422514  312.42969478  320.307036644  324.580181573  326.808113154  327.924896208  328.462925832  328.711419151  328.819706317  328.859607862  
60.6179310043  112.675867926  152.383896654  180.080216908  198.08985201  209.137382334  215.575391949  219.154303629  221.056759094  222.025168684  222.497477473  222.717764919  222.814495086  222.850323675  
36.656460097  69.0130691996  94.6699522208  113.293765137  125.852650531  133.802017349  138.557867936  141.259626987  142.721593848  143.476707108  143.849412615  144.024946904  144.10262216  144.131546104  
21.5387733491  40.8718868862  56.60358913  68.3543179985  76.500859627  81.78831186  85.0216783  86.8932828783  87.9222324982  88.4608309508  88.72966159  88.8574577774  88.9144329937  88.9357595408  
12.2232335799  23.3144554622  32.5020588414  39.5095064295  44.4717708834  47.7576066572  49.8036721232  51.007096154  51.6779535333  52.0333353365  52.212541155  52.2984723697  52.3370539022  52.3515670764  
6.67571982668  12.7781916104  17.8979154387  21.8638663943  24.7187588094  26.6396878372  27.853830875  28.5776718596  28.9860653764  29.2047077814  29.3159803617  29.3697602614  29.3940641654  29.40324874  
3.5016079964  6.71941518924  9.44427017126  11.5800240254  13.1372822945  14.198675937  14.8778562759  15.2874141417  15.5208933563  15.6470546068  15.7117891818  15.7433002735  15.7576252984  15.7630617137  
1.76207048963  3.38760114706  4.77376682779  5.87014008881  6.67768855856  7.23386570974  7.59340591906  7.81231231417  7.93821963297  8.00680543856  8.04225301868  8.05961823348  8.06755484661  8.07057839039  
0.850293780763  1.63699458528  2.31146107126  2.84872176775  3.24766649878  3.52477480271  3.7054335591  3.81632558412  3.88059455848  3.91585034618  3.93418807058  3.9432224073  3.9473712907  3.94895731332  
0.393453401197  0.758303337102  1.07241767723  1.32404629478  1.51212036294  1.64367247393  1.73004443624  1.7834272437  1.81456870295  1.83175610126  1.84074583443  1.84519696996  1.84724982346  1.84803700527  
0.174626946768  0.336846873876  0.476975246662  0.589738470714  0.674471697929  0.734083204674  0.773453977528  0.79792978734  0.81228827082  0.820254820428  0.82444203736  0.826524443591  0.827488484241  0.827859168695  
