492.47521179  682.691981189  768.387645789  812.268915117  836.941035492  851.706866325  860.89676953  866.747952821  870.514477636  872.942279628  874.49249384  875.455154056  876.01069059  876.264236224  
287.564351555  470.60762557  579.623080812  645.088252256  685.409328107  710.858615973  727.215711663  737.844832438  744.780201134  749.292415414  752.192603655  754.001976991  755.049435546  755.528377614  
187.860362367  333.906445697  436.402394967  505.63923085  551.876531191  582.708088887  603.281957499  617.003612963  626.123232121  632.135876844  636.038051256  638.48963352  639.915709365  640.569626853  
130.939368416  242.669905778  329.256868387  392.844770196  438.166673567  469.90821417  491.877878742  506.934605911  517.147396854  523.9848122  528.473770941  531.31818361  532.98265904  533.748614227  
94.4147016241  178.923827082  248.562433597  302.796790459  343.451954399  373.123361977  394.346371813  409.273141279  419.605744523  426.634297999  431.306048926  434.294059275  436.05418793  436.867403878  
69.1280400964  132.681587522  187.145589553  231.35530744  265.796602567  291.791970484  310.920078013  324.692474131  334.410384905  341.124088833  345.642068853  348.559460832  350.2898551  351.092689474  
50.8172575547  98.29849325  140.056817993  174.969705805  202.977176525  224.695365156  241.062503979  253.091994722  261.729264412  267.783696935  271.906652694  274.593959227  276.198796637  276.946505185  
37.241758162  72.4037070782  103.881082778  130.768934738  152.827290303  170.306080832  183.743012127  193.795742234  201.126387984  206.33350496  209.91891814  212.27666723  213.693953795  214.356965366  
27.0826107633  52.8349356665  76.1801376253  96.4404063882  113.351190801  126.98510891  137.640458658  145.733942934  151.716613646  156.017094156  159.008357752  160.991651372  162.191201205  162.754510604  
19.4810945358  38.0989158149  55.131947091  70.0920780264  82.7482144481  93.0949932671  101.292425266  107.599669287  112.317372993  115.744547802  118.150237112  119.75732217  120.734864139  121.195555847  
13.8301311025  27.0964962584  39.3173023207  50.1499675887  59.412145131  67.0700786502  73.206267249  77.9794162195  81.5863370759  84.2310529299  86.1027106196  87.3615768138  88.1312810078  88.4952096132  
9.67444324987  18.9805920332  27.5986193799  35.2928313  41.9275681844  47.4637897741  51.941864724  55.4576598238  58.1379976958  60.1193945385  61.5318235669  62.4876301622  63.0747758303  63.3532117055  
6.66030216696  13.0809963223  19.0515209782  24.4125422985  29.0671265296  32.9805017228  36.1709433033  38.6956214476  40.6350857363  42.0790619781  43.1150147967  43.8198845094  44.25470458  44.4614565432  
4.50861419867  8.86250328502  12.9244663527  16.5885746508  19.7876943479  22.4942680184  24.7155115585  26.4850931968  27.8534712465  28.8786295019  29.618284195  30.1239949092  30.4371325664  30.5863835779  
