478.501672657  655.380688791  728.916905688  762.197192505  778.014696465  785.678540858  789.384243513  791.147120697  791.964586355  792.331875827  792.491135588  792.557523401  792.583786069  792.59274111  
261.523760854  419.704722472  506.042393201  551.720917963  575.497917233  587.661028255  593.743375606  596.700404528  598.091820693  598.723421802  598.999324898  599.11496882  599.160903585  599.176609283  
153.099644441  265.943358806  338.127927209  380.883497608  404.941532533  417.924351295  424.661656429  428.02376481  429.635797221  430.377721074  430.705193146  430.843539959  430.898821692  430.917800153  
91.4826938515  165.502604863  217.620990412  251.041840516  271.038130838  282.340504803  288.412841843  291.523184065  293.044282987  293.755049286  294.072480177  294.207824039  294.262291125  294.281081609  
54.1587889267  100.163918353  134.555159649  157.87118492  172.493293949  181.079045523  185.833815192  188.328349382  189.571632825  190.161395322  190.427971633  190.542732504  190.589267396  190.605406438  
31.2243866218  58.4906317561  79.676113663  94.6160824833  104.326014909  110.204965817  113.545147388  115.334886271  116.242441904  116.679078132  116.878739331  116.965511506  117.000964696  117.013326333  
17.3603440635  32.7778635613  45.0700662347  53.9870741272  59.9420891824  63.6368704473  65.7812101352  66.9512125859  67.5536521434  67.8472386803  67.9829383748  68.0424437504  68.0669337017  68.0755170831  
9.25653807789  17.5676677737  24.3131902891  29.3086436854  32.7148607027  34.8698330218  36.1426266988  36.8478602468  37.2158547922  37.3972494588  37.4819136742  37.5193472591  37.5348582312  37.5403211776  
4.71878297968  8.98740030327  12.4962212283  15.1349564953  16.9633822533  18.1383073367  18.8423288165  19.2375081899  19.4460937026  19.5499475883  19.5988438959  19.6206250985  19.6297065619  19.6329194544  
2.2962693384  4.38454290814  6.11717854257  7.43543601805  8.36043226167  8.96230727294  9.32725798494  9.53435763098  9.644749444  9.70019521562  9.72650147023  9.73829831174  9.74324454043  9.74500160799  
1.06600358103  2.0392404349  2.85240412227  3.47667005192  3.91907760406  4.20986940967  4.38792781058  4.48990175028  4.5447158452  4.57245608009  4.5857064569  4.59168377933  4.59420256595  4.59510061471  
0.47210021801  0.904388778054  1.26752151294  1.54826433051  1.74880693167  1.88171245007  1.96375632853  2.01110669744  2.03674191396  2.04980042065  2.05607475292  2.05891994613  2.06012422624  2.06055500779  
0.199535232876  0.382659825593  0.537135619404  0.657230772518  0.743568960407  0.801175424568  0.836977236229  0.857774530248  0.869103080504  0.874906425797  0.877709125274  0.878985881055  0.87952841547  0.879723047934  
0.0805376460004  0.154583745152  0.217254021168  0.266194942881  0.301563114872  0.325293231924  0.340124621156  0.348787660369  0.353531206343  0.355973035772  0.357157560661  0.357699326693  0.357930334874  0.358013420085  
