491.523541798  680.81257129  765.626566708  808.691028533  832.625503089  846.742056189  855.375133015  860.761396792  864.150643969  866.281993213  867.608481556  868.411994669  868.865844551  869.069929526  
285.732693237  466.990365666  574.308888818  638.201963657  677.103301085  701.302928236  716.588300384  726.322587564  732.531804758  736.473430039  738.943006575  740.446063736  741.297801747  741.681544638  
185.283076203  328.816676486  428.924903364  495.949664579  540.189264083  569.262427908  588.328269649  600.790793442  608.888629091  614.098380324  617.394623663  619.415173511  620.5658401  621.085797105  
127.797071707  236.464318145  320.140094148  381.030954339  423.917176179  453.514795142  473.645784615  487.167291717  496.134242673  501.992697089  505.742842648  508.061692073  509.390355243  509.992968883  
90.9132364481  172.008927371  238.40357904  289.632589573  327.573626384  354.856001505  374.030104556  387.246100838  396.19038578  402.128008128  405.976433255  408.378755035  409.764650667  410.39583588  
65.4762481052  125.469806432  176.550562091  217.625869013  249.236456493  272.740151104  289.731299557  301.71937859  309.989268803  315.565111392  319.224335047  321.530826235  322.870873654  323.483838035  
47.2068753854  91.1684824914  129.581901854  161.39587798  186.604674718  205.859358841  220.113668875  230.378964049  237.584518707  242.513883539  245.787724077  247.870978988  249.089841112  249.649804505  
33.8320198615  65.6699314851  93.9882663614  117.949378562  137.364523006  152.516623027  163.958033445  172.344490096  178.32286287  182.467318199  185.250699883  187.037882086  188.09058409  188.576253647  
23.9910190543  46.7294476662  67.2103377199  84.8168984695  99.3310246185  110.855249403  119.701157583  126.283716129  131.040160889  134.377010294  136.640968586  138.106845324  138.975767349  139.378250333  
16.7805929606  32.7657705425  47.2968033374  59.9388764031  70.5014641075  79.0053357437  85.6221126115  90.609443974  94.2559172152  96.8412434593  98.6115279363  99.7665655411  100.455245339  100.775424908  
11.5518465534  22.5971672938  32.7071327213  41.5841192207  49.0800038821  55.1830784477  59.9856414353  63.6451308339  66.3481909246  68.2825698166  69.6180697495  70.4954867199  71.0214367649  71.2667937198  
7.81446020029  15.3073491647  22.2020729897  28.2996371207  33.4923207812  37.7590848896  41.1483020194  43.7548099023  45.6971372916  47.0985204099  48.073146051  48.7174693052  49.1055662015  49.2871755117  
5.18864671848  10.1746474461  14.7816422066  18.8793309139  22.3928842646  25.3017742589  27.630612354  29.43575927  30.7912079727  31.7761827649  32.4656632395  32.9240216934  33.2013087526  33.3314281689  
3.37872874932  6.63110532225  9.64618313131  12.3403215821  14.6633567888  16.5986682045  18.1583389217  19.3754196115  20.2953393066  20.968023948  21.4416087246  21.7580077954  21.9501628284  22.0405604045  
