489.043855849  675.928818179  758.483048043  799.487928775  821.602139415  834.158538357  841.494785495  845.835888728  848.409108646  849.924675944  850.804795393  851.30239414  851.566684125  851.680426283  
281.000087409  457.669444244  560.675000515  620.637096702  656.064127457  677.285812978  690.095763191  697.834928473  702.486339748  705.252365725  706.869725085  707.788693501  708.278485018  708.489721868  
178.716364014  315.883387598  410.006962651  471.576927923  510.995207595  535.935625328  551.565878945  561.259199756  567.194636977  570.772384749  572.885445055  574.095000112  574.743075249  575.023482208  
119.945151404  220.999659155  297.519145641  351.886988265  389.007353162  413.662193034  429.683819638  439.892681381  446.272566245  450.1782653  452.512505097  453.860726341  454.587808876  454.90367174  
82.3787554374  155.199766792  213.815554304  257.953625462  289.626289654  311.534556578  326.240156085  335.853499445  341.9838036  345.797048028  348.104874551  349.450925964  350.182076556  350.501142331  
56.8397158438  108.459438085  151.667716962  185.566208896  210.831875129  228.89515916  241.362010551  249.701842735  255.121611988  258.545369626  260.643590652  261.879621325  262.556023531  262.852592267  
38.9643111691  74.9338293025  105.833217027  130.796541224  149.948060793  164.00821636  173.941962491  180.722608975  185.205259076  188.078123387  189.859944381  190.919819115  191.504107285  191.761497379  
26.3546773555  50.9422209913  72.4434144376  90.1886078127  104.106959222  114.544397527  122.063600447  127.285980558  130.791329107  133.067515019  134.495079258  135.352068969  135.827859203  136.038410613  
17.5099517901  33.9638048459  48.5351854971  60.7527970248  70.5007051403  77.9361241312  83.3797306041  87.2169303161  89.8270193378  91.5419034397  92.6284363743  93.2862834329  93.6539418178  93.8173438895  
11.3934907038  22.1546693582  31.7730575983  39.9346670165  46.5338760683  51.6369699703  55.4232600822  58.1259980432  59.9857967269  61.2205206221  62.0100445749  62.4918081296  62.7627117991  62.8835955242  
7.24591957316  14.1154884647  20.298216354  25.5929613528  29.9194461894  33.3024001394  35.8403845172  37.6714881613  38.9441712493  39.7968979629  40.3466564402  40.6844937378  40.8755321864  40.9610925816  
4.49768933001  8.77391721695  12.6431121461  15.9805181098  18.7306590808  20.9006101609  22.5436647689  23.7398829871  24.5785161877  25.1449634337  25.5128332959  25.7403368787  25.8696392479  25.9277444966  
2.72225220647  5.31617261878  7.67298152697  9.71752027844  11.4137971419  12.7622276793  13.7911596343  14.5460657887  15.0792757463  15.4419774935  15.6790586252  15.8265138601  15.9107049807  15.94865345  
1.60556900468  3.1381139776  4.53519328191  5.75276062531  6.76856410316  7.58106869942  8.20510251382  8.66596569137  8.99359517617  9.21783719216  9.36525604808  9.45741125786  9.51024497319  9.53412463842  
