492.101857221  681.95432551  767.303145529  810.862209621  835.242304618  849.749957405  858.717299337  864.381575921  867.995474944  870.302568987  871.761107904  872.658178171  873.1716104  873.404613792  
286.844748987  469.185870312  577.532819012  642.376974357  682.135203381  707.086882332  723.015017303  733.283898206  739.925100068  744.204665722  746.928162405  748.611120407  749.577429035  750.016778968  
186.845446515  331.901225638  433.454325825  501.815293875  547.258769019  577.388513558  597.357390564  610.570977977  619.275717655  624.960246827  628.613225716  630.886519828  632.198147339  632.79622689  
129.697900135  240.217075797  325.650726849  388.167252655  432.518139241  463.401216928  484.630855042  499.066116199  508.771431909  515.207503025  519.39165275  522.017989523  523.542476333  524.240132993  
93.0255313388  176.179176495  244.527262087  297.562785419  337.131419158  365.842245128  386.237203678  400.468589792  410.233362913  416.812843178  421.143538999  423.887542876  425.491038292  426.227835315  
67.6718505786  129.804525745  182.915752374  225.868810313  259.171171907  284.159635989  302.419767699  315.463258824  324.585972231  330.828963888  334.989458096  337.651090524  339.217308129  339.940043624  
49.368981003  95.4370677534  135.849974556  169.513043076  196.387787186  217.10456711  232.60847486  243.913052513  251.958390998  257.544699633  261.312139315  263.745098101  265.186666448  265.854719346  
35.8646247876  69.6828448483  99.880900145  125.580340288  146.561631364  163.088230807  175.704365978  185.067826535  191.835653101  196.59767502  199.845065676  201.960985292  203.223039894  203.810317418  
25.8244025315  50.3490415556  72.5254086796  91.6999067787  107.626658982  120.390640957  130.296107787  137.759880708  143.228371484  147.122228388  149.80469065  151.567063242  152.62480389  153.118928383  
18.3727456513  35.9091075191  51.9125255704  65.9162201164  77.7055476176  87.2860303763  94.8229255744  100.575494444  104.84029492  107.909310832  110.043008639  111.455509809  112.308149875  112.707905758  
12.8864304339  25.2319922264  36.5761435411  46.5944659443  55.1186198733  62.1241170203  67.6979223854  71.998826698  75.2201571789  77.5599510965  79.2000503649  80.2932613305  80.9566340858  81.2686872695  
8.89632163024  17.4432306991  25.3384246333  32.3611870395  38.3874084525  43.3856901554  47.4000821076  50.5265199828  52.8889515632  54.6189554695  55.8404797987  56.6597169325  57.1592020888  57.3948718353  
6.03806018616  11.8516134994  17.2441137569  22.0682053263  26.2361911832  29.7194098358  32.5390796648  34.752424582  36.4376936068  37.6806623844  38.5639757843  39.1596523246  39.5243851059  39.6969445684  
4.02545694419  7.90791598623  11.5210600771  14.7682621453  17.5895608132  19.9621430664  21.8955092087  23.4233680697  24.5943902675  25.4634909481  26.0846425477  26.5055817992  26.7643085012  26.887015089  
