476.945336858  652.376601365  724.659553743  756.929483274  771.987608048  779.118629649  782.474763089  784.022823606  784.716411989  785.01654074  785.141514242  785.191428142  785.210341079  785.216558169  
258.736603015  414.324893901  498.418237174  542.287489732  564.704709239  575.913774111  581.370239383  583.94267971  585.112334553  585.623716911  585.838252704  585.924413603  585.957195948  585.968002431  
149.619458562  259.225894278  328.608239282  369.104912383  391.465369179  403.257241554  409.213331904  412.095459973  413.430762292  414.022689564  414.273605425  414.375177744  414.41405687  414.426926209  
87.8881137151  158.56442268  207.788698604  238.876758233  257.120113476  267.192854578  272.458714739  275.073635496  276.309152893  276.865154981  277.103612788  277.201029444  277.238583395  277.251075708  
50.9153896546  93.9036761632  125.683808083  146.895355637  159.936289095  167.413061767  171.440617797  173.488512871  174.47439288  174.924695783  175.120127301  175.200729896  175.232036457  175.242505961  
28.6022688658  53.4296496756  72.5044310716  85.7434306649  94.1755495333  99.1584519161  101.911174344  103.340195576  104.039921045  104.363989013  104.506241862  104.565459937  104.588632985  104.596423895  
15.4333592922  29.0586460666  39.7999086079  47.4672097325  52.4835723057  55.5202746333  57.2332762259  58.1384975808  58.5884284706  58.7994385119  58.8930403599  58.9323477338  58.9478392761  58.9530744094  
7.95696797382  15.0594653135  20.7591798038  24.9120717332  27.6855634598  29.3970428185  30.379228418  30.9061247312  31.1714358941  31.2972530027  31.3535948979  31.3774454886  31.3869075925  31.3901205494  
3.90892162988  7.42438895477  10.2815931502  12.3954336132  13.829769963  14.7285387831  15.2516573595  15.5358599566  15.6805711239  15.7498670975  15.7811604301  15.7945033624  15.7998287349  15.8016449924  
1.82740001512  3.47966299344  4.83511135383  5.84958688306  6.54655622814  6.98868672879  7.24902679147  7.39197551168  7.46545932771  7.50094562623  7.5170898227  7.52401773052  7.52679772716  7.52774963965  
0.812694290619  1.55038877375  2.15981312355  2.6200201962  2.93931051025  3.143877867  3.26549063978  3.33286369805  3.36777948667  3.3847640027  3.39254104056  3.39589731488  3.39725057963  3.39771560522  
0.343909637064  0.657006721508  0.917054846289  1.11480609975  1.25308394999  1.34239631775  1.39591296765  1.42578352955  1.44137105382  1.44900114867  1.45251456252  1.45403835755  1.45465536384  1.45486805474  
0.138565917676  0.265005248742  0.370462679361  0.451102097121  0.507846385419  0.544740180253  0.566992869788  0.57949166176  0.586052384945  0.589281190489  0.590775199219  0.591425971492  0.591690457919  0.591781882626  
0.0532034629205  0.10183787917  0.142536661816  0.173796111731  0.195905937783  0.210359747147  0.21912549071  0.224075151612  0.226686279536  0.227977269914  0.22857714139  0.22883942183  0.228946363178  0.228983418934  
