490.983352256  679.747028483  764.064126608  806.671502212  830.197049331  843.957817369  852.289914677  857.428743696  860.620572461  862.599525179  863.81301261  864.537436808  864.94142055  865.121462894  
284.696790967  464.947012566  571.312654708  634.329193857  672.446349098  695.963704322  710.671903959  719.931699944  725.762340561  729.411725805  731.6646092  733.016004108  733.772118202  734.109756725  
183.834314312  325.958944519  424.734521868  490.533408792  533.67629766  561.795279886  580.053928698  591.852865601  599.421255939  604.222307121  607.215505019  609.02395623  610.040893976  610.496374784  
126.045649477  233.00958013  315.074308179  374.483206143  416.043617326  444.487734353  463.642920955  476.362233621  484.689155385  490.053549417  493.437358842  495.499814895  496.666822206  497.191495186  
88.9827925995  168.201065774  232.820003179  282.415585476  318.895312844  344.906305419  363.004892797  375.336729638  383.575596377  388.968687697  392.413357664  394.533099613  395.740830179  396.286115423  
63.4895219628  121.550929304  170.804208272  210.198480167  240.305177307  262.500452879  278.384765071  289.462946108  297.006891127  302.022364078  305.266093642  307.281792397  308.438498427  308.963067679  
45.2732226187  87.3542977134  123.989069542  154.166936081  177.912044555  195.893297983  209.070381183  218.45013024  224.949177866  229.333185404  232.202668665  234.002929175  235.043368404  235.517308658  
32.0384535482  62.1320749443  88.8006297578  111.244182319  129.301706563  143.27266906  153.714938081  161.280051128  166.60314904  170.241801699  172.650160097  174.174881587  175.062108863  175.467998644  
22.3975726533  43.5863366427  62.6015339904  78.8598786233  92.1678920581  102.64280409  110.601095711  116.454001111  120.628332511  123.515860353  125.446678884  126.679411102  127.401343553  127.732959601  
15.4199077179  30.0817900059  43.3612398156  54.8520546048  64.3847387734  71.9926105932  77.8514704392  82.2157773277  85.365214545  87.5668964677  89.0527419032  90.0087214285  90.5719039149  90.8315790677  
10.4321763751  20.3885972956  29.4686788502  37.3983434805  44.0467738102  49.4125870701  53.5915188699  56.7383795685  59.0324837213  60.6512111642  61.7526880709  62.4663328099  62.8890334598  63.0846126636  
6.92488262471  13.5526438196  19.6291330957  24.9740647047  29.4934675444  33.174505511  36.0682804323  38.2675402627  39.8849878822  41.0356195429  41.8243432925  42.3385729908  42.6446545578  42.7867237947  
4.50519013942  8.82652120289  12.8048782487  16.3243362619  19.3206300821  21.77953349  23.7277535579  25.2200436833  26.3259188584  27.1182707002  27.664948251  28.0233760757  28.2376647741  28.3374127107  
2.87031132828  5.62824772627  8.1756925563  10.4396996846  12.3779640855  13.9785526435  15.2551063633  16.2394788417  16.9737663984  17.5031825762  17.8705568151  18.1126337909  18.2579356149  18.3257456004  
