485.566875696  669.113298734  748.589253715  786.868055083  806.662885602  817.322739918  823.167949765  826.381554635  828.134572722  829.076494345  829.572056065  829.825203464  829.947501142  829.996520885  
274.461350731  444.852233524  542.068611387  596.903677667  627.968334175  645.62268889  655.627827698  661.245844062  664.354060278  666.040661014  666.934315655  667.393194399  667.615710459  667.705110032  
169.863262201  298.529371398  384.814169842  439.441460412  472.951975841  493.060778366  504.891671583  511.711271764  515.555638492  517.67046366  518.8025108  519.388274745  519.673915725  519.789087717  
109.714503096  200.945037426  268.405165506  314.748521869  345.039710959  364.10849401  375.736686662  382.621779434  386.582537669  388.795365652  389.994084618  390.620076378  390.92743175  391.051907897  
71.732629065  134.330288097  183.517656415  219.3033252  243.866599024  259.958441418  270.088338714  276.239078688  279.848441523  281.896983074  283.0206974  283.61335785  283.906540801  284.025860525  
46.6197403744  88.4248532908  122.580781424  148.458840068  166.896349066  179.371943326  187.441773261  192.453119162  195.448697913  197.174801349  198.133423995  198.644088238  198.898662173  199.002796731  
29.7937478332  56.9559355129  79.7310832421  97.4950453308  110.516023632  119.55795083  125.541466756  129.330690016  131.633700941  132.979457619  133.735665382  134.142414576  134.346725851  134.430722741  
18.5999861055  35.7394994536  50.369422776  62.0243874694  70.7553192834  76.9451644243  81.119485509  83.8077491554  85.4657625929  86.4469750716  87.0043479436  87.3068867847  87.4599538401  87.5231890874  
11.2962217037  21.781627877  30.845936124  38.181379984  43.7696393009  47.7978049351  50.557134108  52.359704113  53.485768601  54.1597445907  54.5463821792  54.7580157236  54.8658143377  54.9105520016  
6.6564384011  12.8671879156  18.2862264275  22.7241009995  26.1496427274  28.6520935851  30.3886056815  31.5368191997  32.2620970641  32.7005440162  32.954300219  33.0942641455  33.1660005165  33.1958981157  
3.79937047564  7.35788075803  10.4844721353  13.0685068606  15.0839059139  16.572243535  17.6161706679  18.3135442888  18.7582763957  19.0294908519  19.1877006437  19.2755678269  19.3208579618  19.3398068137  
2.09842443627  4.06948962376  5.81059869607  7.25992076802  8.39973038946  9.24893517624  9.84991107227  10.2548826761  10.5152790067  10.6752991846  10.7692990981  10.8218286848  10.8490430525  10.8604693564  
1.12080322544  2.17593142446  3.11187083813  3.89540845654  4.51576511512  4.98132941333  5.31327405257  5.5386136996  5.68453917962  5.77481579765  5.82817473533  5.85815792794  5.8737629815  5.88033581634  
0.578758717671  1.12456356277  1.61032886074  2.01886555828  2.34409751529  2.58965243546  2.76583348514  2.88618771639  2.96460563395  3.01340281272  3.04240225833  3.05877760521  3.06733541757  3.07095027262  
