481.868090106  661.904523622  738.219095403  773.794394421  791.392987301  800.356849278  804.956098274  807.298128548  808.470097946  809.0426099  809.314328545  809.438925688  809.493125364  809.513117836  
267.629953998  431.538046267  522.915337653  572.756826178  599.764648283  614.286004767  621.989308503  625.997002273  628.031565345  629.035502096  629.51544985  629.73671389  629.833342552  629.869077323  
160.886786821  281.03430092  359.646012211  407.710856944  435.889507377  451.880190297  460.685085719  465.387440889  467.819940846  469.036892901  469.624708019  469.89782839  470.017801971  470.062341727  
99.7641941144  181.551682247  240.505504226  279.573132167  303.952209727  318.454028323  326.725815037  331.262002119  333.656054918  334.872291545  335.466781217  335.745568975  335.868897539  335.914899265  
61.9128920342  115.191053705  155.982750716  184.586481366  203.312954014  214.895146153  221.710010301  225.540196894  227.601316114  228.664697583  229.190911763  229.440117138  229.551202518  229.592852137  
37.7780674071  71.1915235933  97.7869302035  117.196553288  130.376148478  138.788418636  143.870494799  146.789732633  148.388996161  149.226273803  149.64560446  149.846145144  149.936231035  149.970186589  
22.4311876368  42.6051620601  59.0835364706  71.4593832217  80.0996434886  85.7552378477  89.248001737  91.2924987289  92.4305722702  93.0344589679  93.3403282577  93.4879838089  93.554812579  93.5801332024  
12.8812135316  24.5923828165  34.3304514527  41.7987029516  47.1248602495  50.6819869751  52.9191688563  54.2499455838  55.001163038  55.4046102683  55.6110758121  55.7116185479  55.7574476566  55.7748979067  
7.12802504956  13.6566411296  19.1547184235  23.4373586507  26.5422994352  28.6496103434  29.9950245993  30.8063174132  31.2698776679  31.5215064133  31.6514805301  31.7152811857  31.7445539149  31.7557515845  
3.79283494589  7.28501300311  10.253448156  12.5930574951  14.3112470169  15.492571405  16.2562000213  16.7220010133  16.990948739  17.1383107761  17.2150607044  17.2530074911  17.2705225229  17.2772509907  
1.93835896488  3.72996692174  5.26355866648  6.48329788859  7.38821858053  8.01694429962  8.42755563797  8.6804655746  8.82780932257  8.90920374832  8.95190764498  8.97315792467  8.98301951393  8.98682249759  
0.950931214184  1.83243554735  2.5910504446  3.19871617053  3.65322061593  3.97171468968  4.18149915626  4.31177711407  4.38826296634  4.43081569061  4.45328553133  4.46453126205  4.46977539473  4.47180475057  
0.447779480374  0.863803571769  1.22333581591  1.51295868711  1.73100960933  1.88488553916  1.98696351371  2.05079664376  2.0885213424  2.10963917705  2.1208536564  2.12649486837  2.12913687909  2.13016245775  
0.202424589516  0.390827946235  0.554192014158  0.686389865678  0.786453432231  0.857478474289  0.90487680052  0.934692020214  0.952412765245  0.96238583943  0.967708282482  0.970397659309  0.971662047434  0.972154221149  
