491.689501074  681.14011435  766.107286288  809.313127201  833.374649336  847.602348674  856.330061251  861.794697913  865.246979222  867.427398536  868.79057783  869.619970043  870.090240814  870.302276407  
286.051498327  467.619570381  575.232342549  639.397003219  678.542395336  702.955530452  718.422693792  728.30753123  734.637833141  738.67371855  741.213775448  742.766544043  743.649824993  744.048840212  
185.730225901  329.699186049  430.220119353  497.625798873  542.207700772  571.580321584  590.901134078  603.574810169  611.842470234  617.184422588  620.579514769  622.669784459  623.864689455  624.406065537  
128.339810798  237.535485279  321.7121916  383.065396474  426.367089807  456.328173584  476.768630042  490.546417471  499.719485837  505.738392034  509.608508485  512.011974592  513.394327988  514.022936875  
91.5145371538  173.195672374  240.145301403  291.886537411  330.287865809  357.972911472  377.489858654  390.989772265  400.162398791  406.277770597  410.259098203  412.755156143  414.200527733  414.860509261  
66.0989650076  126.698817569  178.354312625  219.960080782  252.04734203  275.968033526  293.314218863  305.596307577  314.102652011  319.862555827  323.659398714  326.06295115  327.464583456  328.107364952  
47.8174316125  92.3734912432  131.350421304  163.684490488  189.360638726  209.02415873  223.626551408  234.180091897  241.617460027  246.727269696  250.136022642  252.314427814  253.593661328  254.182853991  
34.4031394105  66.7971051685  95.6425474846  120.090149422  139.942443889  155.476953479  167.243940912  175.900000197  182.095188395  186.408409782  189.317968919  191.19413881  192.303301088  192.816305979  
24.5032522805  47.7404001575  68.6940439017  86.7369240823  101.643112348  113.510298424  122.648191673  129.472530196  134.423410064  137.911600739  140.288705726  141.834378044  142.753927132  143.180920949  
17.2226276886  33.6381762294  48.5771694967  61.5957575401  72.4966634476  81.296477133  88.1652024656  93.3611555428  97.1753935972  99.8912978256  101.759202785  102.983084292  103.715441731  104.056767278  
11.9198005925  23.3233646767  33.7729156875  42.9633082718  50.7407993886  57.0902021514  62.1024695857  65.9355960229  68.7782831348  70.8213355169  72.2380772931  73.1727858216  73.7350832489  73.9980370296  
8.11047688379  15.8915688869  23.0594830307  29.4091727753  34.8283957224  39.2933145427  42.8512201334  45.5973989054  47.6520360509  49.1408280129  50.1807961006  50.8711971186  51.2885262298  51.4842874436  
5.41915340432  10.6295751523  15.4492983613  19.743309627  23.4332584625  26.4964381277  28.9566184256  30.8705103893  32.3133979213  33.3664221746  34.1067709575  34.6009990715  34.9010415293  35.0421770716  
3.55268147635  6.97441721978  10.1500285427  12.9923173877  15.448462417  17.5001990842  19.1589758436  20.458108482  21.4440011124  22.1680271146  22.6799889175  23.0234483814  23.2327697346  23.3314775272  
