489.749424817  677.316482187  760.508199092  802.089114954  824.706616432  837.688247415  845.3719487  849.98758462  852.770447348  854.440464631  855.429809501  856.000511903  856.309194939  856.44380464  
282.340820147  460.306303141  564.523218859  625.57990025  661.963283975  683.992991917  697.463168472  705.723993132  710.773759407  713.833263225  715.658165653  716.716039998  717.290183299  717.541070675  
180.563151928  319.515517794  415.307669096  478.385354819  519.120941824  545.174344763  561.713999248  572.125851148  578.609975024  582.591949211  584.990869081  586.391744233  587.155999023  587.491017219  
122.130864913  225.298359897  303.79263122  359.944873277  398.624270347  424.596314968  441.694194709  452.753409138  459.782633407  464.166704103  466.839231945  468.413859213  469.278425659  469.658913438  
84.7232776791  159.81079534  220.544835332  266.596928152  299.941859459  323.262984825  339.122977136  349.648396816  356.475160629  360.80148041  363.472128973  365.061001602  365.93960172  366.32797601  
59.1741197073  113.050559871  158.367930605  194.172149914  221.102817037  240.572799952  254.188991534  263.436889999  269.550041556  273.484595371  275.944017908  277.421779591  278.244966378  278.610530126  
41.1497731876  79.2320166265  112.105909315  138.853332687  159.56356721  174.940602006  185.950279548  193.580974004  198.712687917  202.063686847  204.183603569  205.469739755  206.191415813  206.513383034  
28.2935122623  54.7553548774  78.0082115269  97.3361325955  112.637244802  124.242884727  132.716522649  138.692941462  142.774027792  145.47431899  147.201764232  148.259434914  148.857077076  149.124902112  
19.1482855756  37.1859318542  53.2374645711  66.7924601094  77.7087621426  86.1312568946  92.3812952945  96.8555867855  99.9521038905  102.02529232  103.365169675  104.192549346  104.663143512  104.874927119  
12.7169260679  24.7574762336  35.5715039197  44.8134114181  52.3563949925  58.2567836118  62.6944374639  65.9117442716  68.1644086749  69.6885071299  70.682629353  71.3013003007  71.6553277929  71.815280208  
8.27065912588  16.1308434424  23.2393431321  29.3705387307  34.4277513694  38.4280031063  41.4702836988  43.6997603456  45.2765830941  46.3533213836  47.0614570885  47.5052683371  47.7606469065  47.8764467828  
5.25985007944  10.2728542169  14.8305894943  18.7900925107  22.083688244  24.7127210281  26.7308057458  28.2232705189  29.2880646238  30.021081021  30.5067103719  30.8130059704  30.9901435601  31.0707304735  
3.26768282178  6.38886443574  9.23840916095  11.7281269655  13.8132959591  15.4902317483  16.7875142838  17.754388992  18.4494126647  18.9312853894  19.2526125343  19.4564333623  19.5748430015  19.6288730702  
1.9816736387  3.87779198681  5.61463310685  7.13916375269  8.42311201514  9.46211661069  10.2711673434  10.878167746  11.3173506973  11.6237441049  11.829235365  11.9602424083  12.0366612913  12.0716248798  
