636.442718835  636.442717104  636.442704932  636.442626364  636.442154764  636.439530549  636.42603865  636.362146305  636.084123027  634.97347644  630.892088792  616.994169261  572.430560602  433.992842717  
347.629206158  347.629203913  347.629188161  347.629086883  347.62848231  347.62514401  347.608165757  347.528993461  347.192105109  345.890502132  341.347711382  327.107462417  287.36066254  190.617385883  
162.907638766  162.907637047  162.907625013  162.90754795  162.907090531  162.904584656  162.891978375  162.834073842  162.592811059  161.687941274  158.661584656  149.747470636  127.057910742  78.8617999349  
65.9068877387  65.9068867835  65.9068801139  65.9068375439  65.906586091  65.9052179408  65.8983996307  65.8674803071  65.7408844148  65.2772725945  63.7766379632  59.5511586024  49.4379218392  29.6272268614  
23.2298223903  23.2298219728  23.2298190618  23.2298005271  23.2296914566  23.2291012136  23.2261817462  23.2130777305  23.1601601054  22.9699132148  22.3690642416  20.7311924572  16.97183384  9.97128745016  
7.20412653996  7.20412638961  7.20412534191  7.20411868118  7.20407958839  7.20386888281  7.20283264512  7.19821802198  7.1797793998  7.11441343417  6.91171820308  6.37200704412  5.16868888302  3.00065609614  
1.98472395547  1.98472390949  1.984723589  1.98472155288  1.98470962174  1.98464549095  1.9843314045  1.9829408688  1.97742876004  1.95809265225  1.89894293506  1.74411664907  1.40593211355  0.810031522793  
0.490047466944  0.490047454736  0.490047369601  0.490046828651  0.490043661017  0.490026662776  0.489943644568  0.489577632177  0.488135170534  0.48311432344  0.467908927958  0.428602519013  0.343997857233  0.197199151968  
0.109306420375  0.109306417516  0.109306397554  0.109306270616  0.10930552723  0.109301540859  0.109282103852  0.109196646877  0.108861234256  0.107700289517  0.104210120512  0.0952697916056  0.0762290572719  0.0435483708805  
0.0221815563701  0.022181555772  0.0221815515879  0.022181524945  0.0221813687934  0.0221805313512  0.0221764509238  0.0221585398898  0.0220884291948  0.0218467057217  0.0211238096534  0.0192842163176  0.0153961674735  0.00877439107042  
0.00412094303396  0.004120942921  0.00412094212901  0.00412093707629  0.0041209074219  0.00412074825903  0.00411997264941  0.00411657035895  0.00410327306463  0.00405754374156  0.00392127881942  0.00357613117241  0.00285062764731  0.0016218294171  
0.000704803852227  0.000704803832806  0.000704803696282  0.000704802823242  0.000704797689662  0.000704770098226  0.000704635535644  0.00070404517987  0.000701739267139  0.000693820594668  0.000670278925028  0.000610838609132  0.000486371739154  0.000276382528761  
0.000111517902493  0.000111517899431  0.000111517877848  0.00011151773945  0.000111516923746  0.000111512531265  0.000111491079522  0.000111396889087  0.000111028918677  0.000109765945302  0.000106015975748  9.65665457874e-05  7.68302358952e-05  4.36224971374e-05  
1.63956322772e-05  1.63956318322e-05  1.63956286843e-05  1.63956084365e-05  1.63954887714e-05  1.63948428801e-05  1.63916825419e-05  1.63777867981e-05  1.63234554821e-05  1.61369338193e-05  1.55833532948e-05  1.41898691873e-05  1.12839626213e-05  6.40316986879e-06  
