877.940518952  877.674388967  877.093137336  876.090604492  874.484981594  871.984688484  868.127102551  862.165110392  852.844033893  837.926832857  813.084262543  769.015611901  683.118793424  492.691137764  
758.763865537  758.260634191  757.163542406  755.277209938  752.270075759  747.61794383  740.506814347  729.663816224  713.053536178  687.312080151  646.66200859  580.835160559  471.431444934  287.981125071  
645.143785502  644.455530291  642.959287845  640.398907912  636.345542609  630.13509349  620.766996532  606.742975386  585.811169827  554.566560548  507.864142224  438.11598431  335.071128874  188.449580459  
539.362476248  538.554380365  536.803793264  533.825858448  529.151349259  522.071174953  511.553433091  496.125617168  473.716659322  441.468180832  395.575435782  331.359983375  244.099340792  131.662525928  
443.176025995  442.315456948  440.458565028  437.320515547  432.440259531  425.138912756  414.463626748  399.119849768  377.403184245  347.162101268  305.865445594  250.925865983  180.530195013  95.2273707973  
357.740127453  356.887400448  355.055053021  351.979573347  347.241901281  340.240764777  330.161777451  315.949985937  296.301714715  269.70607607  234.588831798  189.636005926  134.374265521  69.9843746043  
283.598400535  282.800770205  281.093919464  278.248430503  273.905648565  267.563604378  258.565028524  246.095857484  229.208211668  206.889349934  178.205470983  142.548965135  99.9923501076  51.6741892332  
220.726718435  220.015907269  218.500943319  215.991733565  212.195832713  206.713318238  199.036705006  188.562954495  174.627599724  156.573613978  133.867533833  106.26759168  74.0257667269  38.0623680884  
168.620500862  168.013177104  166.723684244  164.600921378  161.415831968  156.861749856  150.560487398  142.07929097  130.964942702  116.801319824  99.2940305624  78.3779750125  54.3287621308  27.8383476273  
126.408593075  125.908791188  124.851327165  123.120310159  120.542385014  116.889852852  111.889034515  105.237246229  96.6319138038  85.814392674  72.628142741  57.0852084133  39.4265116043  20.1527350644  
92.9769906187  92.5794425976  91.7410361364  90.3756345375  88.3559154042  85.517468683  81.6671603328  76.5978082819  70.1109431609  62.0483006175  52.330364737  40.9966359499  28.2379111034  14.4075821484  
67.0877343087  66.7812886428  66.1369035563  65.0923354037  63.556544373  61.4137311342  58.5305985021  54.7679964385  49.9977194596  44.1242671084  37.1097559367  28.9980126325  19.9317385318  10.15563675  
47.4819619629  47.2525591545  46.7714504292  45.9947993666  44.8590817616  43.2845624967  41.1810871341  38.4567982177  35.0300264543  30.8438970087  25.8821439935  20.1834106769  13.8503268054  7.0495139841  
32.9604607111  32.7934095146  32.4438954497  31.881773609  31.0637145477  29.9359609741  28.4386813454  26.5122152559  24.1052232626  21.1842684691  17.7437140161  13.8141601564  9.46721820244  4.81454594885  
