783.24602241  783.240390409  783.223085343  783.176879765  783.059850043  782.775714959  782.112389841  780.618050043  777.351192048  770.358782941  755.501343713  723.501879698  651.557718904  476.520415709  
582.457681026  582.447915672  582.41799476  582.338434263  582.138039516  581.655131973  580.539364054  578.062590192  572.765124273  561.802950712  539.743212917  496.355772475  412.865988426  257.979565413  
410.081797349  410.070214392  410.034871422  409.941457746  409.708025449  409.151311398  407.88266186  405.118886281  399.359533726  387.873198645  365.955196452  326.054924992  257.419744659  148.682220719  
272.816713285  272.805530492  272.771577237  272.682470758  272.461826935  271.941714502  270.774149631  268.279920885  263.214734999  253.453709724  235.661837036  205.182437236  156.720768176  86.9313964788  
171.301502565  171.292193234  171.264077767  171.19084293  171.01121153  170.592753168  169.667188364  167.726455759  163.877131452  156.677286317  144.037538899  123.366944101  92.264682233  50.0648561664  
101.467427261  101.460554046  101.439906125  101.386520944  101.256782672  100.957948858  100.306038535  98.9620040944  96.3506809874  91.5875464011  83.4738911092  70.6643965986  52.1279197392  27.9267353842  
56.7009722265  56.6963947815  56.6827137408  56.6475907803  56.5629715729  56.3700834185  55.9545077002  55.1103767467  53.4990573588  50.6204496689  45.8332508421  38.4750955539  28.1213639813  14.9469409256  
29.9063575041  29.9035757873  29.8953014028  29.8741975147  29.8237555381  29.709848068  29.4671273031  28.9804213913  28.0651611809  26.4577784522  23.83523009  19.8860204098  14.4416872837  7.63635036768  
14.9004605142  14.8989048086  14.8942974378  14.8826160425  14.8548940753  14.7928118984  14.6617921398  14.4019611832  13.919446578  13.0838613477  11.7411774994  9.75105042229  7.04899721833  3.71409140804  
7.02034266475  7.01953662876  7.01715885931  7.01116241344  6.99702177468  6.96558524325  6.89979261454  6.77054282808  6.53303784389  6.1264576356  5.48107746909  4.53626052408  3.2681942358  1.7176420993  
3.13164622748  3.1312572366  3.13011375449  3.12724365502  3.120513172  3.10564559422  3.07475297962  3.01455019438  2.90489652425  2.71895679553  2.42670979502  2.00303098561  1.4394412702  0.755107035516  
1.32441801593  1.32424236791  1.32372763182  1.32244103935  1.31943864787  1.3128430319  1.29922292233  1.27286110199  1.22520010207  1.14501339803  1.01999007045  0.840148785135  0.602579978257  0.315658139895  
0.53177379478  0.531699297219  0.531481576553  0.530939362331  0.52967942595  0.52692484391  0.521266700889  0.510378715712  0.49081595219  0.458116568426  0.407467330102  0.335066964992  0.239953690034  0.125561673511  
0.203003641156  0.202973863279  0.202887043484  0.202671512222  0.202172529892  0.201086109955  0.198864643377  0.19461090274  0.187008054576  0.174368601079  0.154896587193  0.127204276909  0.0909854389935  0.0475696829734  
