870.704389465  870.489713179  870.013995392  869.176035347  867.800737412  865.604152386  862.131158812  856.640833527  847.882172209  833.618197615  809.515281125  766.263440029  681.246481472  491.743385753  
744.821700965  744.417610513  743.523860744  741.954625254  739.391276899  735.324321597  728.954211286  719.020000784  703.493354266  679.010498188  639.785545945  575.532472488  467.824009769  286.155065616  
625.49101783  624.942517481  623.732917004  621.619531959  618.191744216  612.806176892  604.482634533  591.739648892  572.335333721  542.864837756  498.171247742  430.641452001  329.986185299  185.875617411  
515.341442421  514.704176353  513.303965378  510.872409828  506.962561774  500.890654104  491.649676054  477.787660818  457.245727433  427.165699438  383.728274421  322.224233357  237.884273319  128.516504151  
416.323582274  415.653995344  414.188810085  411.66158548  407.636173033  401.461991703  392.214012616  378.620638506  358.991089431  331.174058085  292.622114398  240.713500962  173.582714118  91.7106097391  
329.625453569  328.972706738  327.550518122  325.114630409  321.272048925  315.451128346  306.866601774  294.487541297  277.024521778  252.966881783  220.723340034  178.943897038  127.100426884  66.3024176712  
255.674656233  255.075672245  253.776241145  251.566064461  248.112369481  242.942604396  235.428412385  224.779582839  210.062381158  190.264284225  164.434559633  131.929818754  92.7681623954  48.0173697388  
194.215366724  193.693180775  192.565079542  190.659117456  187.707415146  183.337970803  177.070739512  168.325318921  156.450662176  140.78994222  120.79361678  96.1859489361  67.1672577395  34.5906568783  
144.439393397  144.004142694  143.067560823  141.495094279  139.080085988  135.541327329  130.525648722  123.620932529  114.386191745  102.405478155  87.3697301495  69.1828642134  48.0733743247  24.6719356698  
105.146295877  104.797823419  104.050722693  102.803648018  100.902932901  98.143254257  94.2729211108  89.0073844603  82.0548151612  73.1567147403  62.1436398468  49.0003911179  33.9264669163  17.36867491  
74.9081999257  74.6392772101  74.0646663215  73.1105865712  71.6664404858  69.5868247775  66.6972816735  62.8060304608  57.7237241006  51.29221548  43.4210195586  34.1264848237  23.5642102826  12.0418125547  
52.2193411293  52.0187605953  51.5914894081  50.8854473352  49.823351221  48.30503455  46.2125600019  43.419442319  39.8049746385  35.2737467838  29.7788455805  23.3450464494  16.0860908784  8.20902163047  
35.6169476629  35.4720447229  35.1642301111  34.6577743355  33.9001259541  32.8240184831  31.3515474497  29.4009544741  26.8965473415  23.7815179225  20.0323915813  15.6726085717  10.7816917522  5.49621580806  
23.7671678235  23.6656050946  23.4503938731  23.0976677839  22.5725951162  21.8310742614  20.8227592199  19.4958083991  17.8035078542  15.7124679378  13.211463785  10.3193159466  7.08973458293  3.61110152322  
