810.8530586  810.831801015  810.774508677  810.643751749  810.360686648  809.768413205  808.563782721  806.170533189  801.495140482  792.424078866  774.682696723  738.927604991  662.399181092  482.122599498  
632.322082158  632.284032529  632.181744743  631.94920847  631.448495632  630.408391151  628.314047738  624.212601014  616.369915153  601.652319805  574.383099217  524.21246178  432.443659709  268.095908698  
473.23856233  473.191027713  473.063732011  472.776025396  472.161337327  470.89757411  468.387693938  463.563973046  454.578629022  438.333870864  409.816761058  361.325712704  282.207028887  161.490180503  
339.364172886  339.314922569  339.183650646  338.889036774  338.265385401  336.998343202  334.520295692  329.85235187  321.384644917  306.606939526  281.860316247  242.329826481  182.825398478  100.419553941  
232.908509295  232.863741473  232.745030462  232.480629189  231.92640911  230.814226525  228.672412319  224.715624779  217.712480041  205.865125809  186.785357846  157.736673128  116.415638121  62.5429790067  
152.861540648  152.824870684  152.728145505  152.514371498  152.070646237  151.190850648  149.521266817  146.491683467  141.24547351  132.602013287  119.114347034  99.3166870076  72.2596174842  38.3276421714  
95.8988074361  95.8713144541  95.7991711599  95.6409200442  95.3155133513  94.6775654973  93.4831445292  91.350208303  87.7258689368  81.8849121032  72.997611594  60.3105631784  43.461906175  22.8720215051  
57.4996821312  57.4806196418  57.4308454121  57.3224349912  57.1014575918  56.6727031491  55.8796083552  54.483087118  52.1480717802  48.4530909136  42.9431790275  35.2434167531  25.2298572518  13.2092286873  
32.9530675895  32.940753574  32.908748483  32.8394969624  32.6994653692  32.4302916352  31.9376897575  31.0807908766  29.6674939337  27.4645107217  24.2320186267  19.78865352  14.0992966812  7.35579957884  
18.0564351181  18.0489821729  18.0296934309  17.9882069699  17.9049235111  17.7461598256  17.4583330317  16.9628758977  16.1550933457  14.9115245922  13.110333489  10.6661183774  7.57317587033  3.9411161495  
9.46392404602  9.45967878306  9.44873405986  9.42532141973  9.37862464345  9.29025956155  9.13136951119  8.86031613388  8.42268376146  7.75585637062  6.80011683346  5.5163200054  3.90647328599  2.02918659574  
4.74750915874  4.74522503562  4.73935678677  4.72686456919  4.70209206257  4.65551775302  4.57236792604  4.43161477096  4.20622469982  3.86571953553  3.38185055849  2.73716361078  1.93447189459  1.00343887725  
2.28092101431  2.27975659538  2.27677434775  2.27045332146  2.25798243799  2.23466934833  2.19330552035  2.12374987016  2.01314384663  1.84723595486  1.61312950502  1.30326065565  0.919620261311  0.476503328618  
1.05034187565  1.04977795049  1.04833766954  1.04529668929  1.03932411972  1.0282145902  1.00860911024  0.975828996008  0.924010663553  0.846747672218  0.738357998303  0.595658749101  0.419788025309  0.217328135149  
