759.999541771  759.997849859  759.991969092  759.973898698  759.921352278  759.775922785  759.392231946  758.424825605  756.083340602  750.600994122  738.026779409  709.217513176  641.382715275  471.215988068  
541.658682122  541.65583965  541.645989365  541.615851011  541.528711544  541.28938677  540.664625801  539.112979617  535.440000227  527.128480426  509.07622234  471.287794077  395.00985242  248.670890862  
360.793199813  360.789995688  360.778939889  360.745317846  360.648872232  360.386716071  359.711703736  358.066209347  354.270167318  345.986841046  328.910767509  295.774609838  235.851259378  137.438395523  
224.14956598  224.146677166  224.136759092  224.106805931  224.021644432  223.792767681  223.211977631  221.822810465  218.697258834  212.099939863  199.089705633  175.289190292  135.428590819  75.8318211687  
129.779873325  129.777662309  129.770110745  129.747467091  129.683663329  129.514097908  129.08981955  128.092838999  125.899516299  121.400027209  112.840671291  97.8684001162  74.1033816776  40.5976249547  
70.036279965  70.0347997172  70.0297696944  70.0147908701  69.9729440897  69.8628913123  69.5910406773  68.9622524968  67.605527518  64.8875556325  59.8634173643  51.3675117656  38.3843219357  20.7625917042  
35.2577612881  35.2568782345  35.2538918038  35.2450554901  35.2205623015  35.1567550896  35.0009278579  34.645412074  33.8908184432  32.408288035  29.7294155118  25.314158568  18.7483540325  10.0612163345  
16.5804748074  16.579999294  16.578398106  16.5736879287  16.560723404  16.527231357  16.4462475102  16.2636406762  15.881345348  15.1421125814  13.8301777807  11.7098660681  8.61907252284  4.60139395552  
7.29619805354  7.29596465905  7.29518179427  7.2928907141  7.2866235904  7.27055120755  7.23201928733  7.14599570544  6.96795238482  6.62811167495  6.03355871454  5.08709333629  3.72777274481  1.98301679774  
3.0102025486  3.01009732302  3.00974557002  3.0087207955  3.00593266098  2.99882728972  2.98191694337  2.94447970877  2.86772962414  2.7227754801  2.47206252443  2.07763797218  1.51750686267  0.805193938162  
1.16677857471  1.16673472127  1.16658855875  1.16616440182  1.16501574009  1.16210422766  1.15521790961  1.14007976376  1.1092893674  1.05163865984  0.952839095234  0.798845677863  0.582044536261  0.308256178061  
0.425784322692  0.425767338296  0.425710873102  0.425547562752  0.425107056813  0.423995631552  0.421380662262  0.415666142905  0.404119091022  0.382651996955  0.34613526522  0.289638257727  0.21063512281  0.111396751328  
0.146592820248  0.146586679182  0.146566306886  0.14650755322  0.146349607899  0.145952650637  0.145022814107  0.143000889272  0.138937508955  0.131427337009  0.118729169304  0.0991993971494  0.0720354560014  0.038055371977  
0.0477149035667  0.0477128223831  0.0477059307245  0.0476861027566  0.0476329512615  0.0474998049953  0.0471890793118  0.0465162040636  0.0451700679353  0.0426940266948  0.0385281766855  0.0321517388151  0.0233205368466  0.0123094682562  
