682.370549885  682.370526713  682.370401181  682.369781127  682.366916265  682.354552406  682.304807175  682.118445857  681.468337134  679.351653575  672.879038804  654.054311931  600.82799536  449.603264278  
414.776614495  414.776580736  414.776398431  414.775501913  414.771384208  414.753756293  414.683617912  414.424964063  413.543077598  410.768701016  402.727005772  381.280765221  328.868111733  213.433263122  
223.813472335  223.813441811  223.813277617  223.812474444  223.808811414  223.793276387  223.732237485  223.510946523  222.773965106  220.530550684  214.326506547  198.872147848  164.692903756  99.5472467275  
107.315923878  107.315903162  107.315792152  107.315251972  107.312805294  107.302522205  107.262595419  107.12009401  106.65529001  105.279329287  101.614757134  92.9391044509  75.0131372056  43.6826246531  
45.8977019083  45.8976905705  45.8976300171  45.8973367331  45.8960164667  45.8905116793  45.8693580363  45.7948650408  45.5560760845  44.8649607482  43.0773492789  39.0011263798  30.9642737647  17.6601024886  
17.6017062527  17.6017010462  17.6016733167  17.6015395349  17.6009403963  17.5984590447  17.5890059491  17.5560834592  17.4520289492  17.1562096043  16.4080638794  14.7487614309  11.5830259782  6.52480040723  
6.08844079865  6.08843873988  6.08842779851  6.08837517502  6.08814048319  6.08717379688  6.08351688418  6.07089443043  6.03144755249  5.92086865446  5.64599379568  5.04881634649  3.93594844234  2.19984792336  
1.91085300056  1.91085228631  1.91084849625  1.91083031016  1.91074946574  1.91041790466  1.90917063049  1.90489600316  1.89165583478  1.85494627218  1.76489735703  1.5722738198  1.21939822198  0.678007155037  
0.547276429616  0.547276209086  0.547275040018  0.547269439577  0.547244603116  0.547143078686  0.546762819169  0.545466846567  0.541480647613  0.530522704627  0.503915906209  0.447665410135  0.345911040422  0.191646205655  
0.143806186187  0.143806124901  0.143805800164  0.143804246077  0.14379736556  0.143769307795  0.143664562081  0.143309099781  0.142221643196  0.139251974197  0.13209778527  0.117107186658  0.090244593448  0.0498717939268  
0.0348412508526  0.0348412353816  0.0348411534058  0.0348407612756  0.0348390269292  0.0348319661913  0.0348056695791  0.0347167151047  0.0344456936549  0.0337093188258  0.0319459690127  0.028276136193  0.0217464658925  0.0119956299063  
0.00781856532798  0.00781856175321  0.00781854280406  0.00781845215827  0.00781805142278  0.00781642160399  0.0078103613726  0.00778990822071  0.00772778189216  0.0075596258129  0.00715878808265  0.00632886869055  0.00486010087602  0.00267726260705  
0.00163182979687  0.00163182903594  0.0016318249993  0.00163180568064  0.00163172027132  0.00163137305535  0.0016300832214  0.00162573674437  0.00161256283631  0.00157700509375  0.00149253391731  0.00131831733154  0.00101123536694  0.000556494459457  
0.000317960035716  0.000317959885675  0.000317959088872  0.000317955272321  0.000317938391105  0.000317869759625  0.000317614909675  0.000316756886578  0.000314159979157  0.000307164448727  0.000290586977623  0.000256495054032  0.000196583638477  0.000108101319157  
