857.56010679  857.420202398  857.100326155  856.511360419  855.495021809  853.787264467  850.953739627  846.272442647  838.506410109  825.424834784  802.689852309  760.975218593  677.636136668  489.911843545  
719.666801243  719.405832121  718.810375447  717.717724965  715.841421889  712.71005387  707.563816389  699.177958228  685.551003025  663.330975437  626.723876382  565.412559048  460.915018326  282.650112879  
590.429466517  590.080513746  589.286800211  587.837857793  585.367891244  581.286583668  574.669111439  564.084427939  547.328058039  521.01157266  479.966736517  416.537056118  320.356981847  180.990706543  
473.153812236  472.756753884  471.857155533  470.225366275  467.468347205  462.96614289  455.778328511  444.513562374  427.157934041  400.872989227  361.825777726  305.254875702  226.299207488  122.639404317  
370.100500488  369.694243132  368.777835724  367.127270944  364.365432446  359.911609161  352.913671367  342.166383564  326.028175905  302.369296793  268.627328312  222.123306353  160.891198555  85.2722410114  
282.395610099  282.01210844  281.150997633  279.611351457  277.060451423  272.997987251  266.713109243  257.242618983  243.347296028  223.538438234  196.209407026  159.951739965  114.134620914  59.7249428634  
210.088872295  209.74996562  208.992475599  207.647896042  205.441584869  201.969777762  196.675865492  188.834921142  177.561579532  161.864437615  140.777891449  113.602112903  80.2561190126  41.6701320836  
152.329568875  152.04656654  151.416835132  150.306797169  148.501935802  145.693385671  141.466942588  135.302096196  126.592150736  114.699606139  99.0612041848  79.3493371185  55.6733159409  28.7599408798  
107.614192964  107.389441312  106.891428055  106.019300406  104.613267206  102.447561022  99.2268156103  94.5914772706  88.1394601967  79.4717300387  68.267115462  54.3839169513  37.9706491411  19.5470125666  
74.0563016448  73.8857445754  73.5092942739  72.8540274292  71.8057982465  70.2060274428  67.8517476932  64.5027014503  59.8998166303  53.7988013628  46.0199408758  36.5095127399  25.3995231572  13.0431612786  
49.6358712093  49.5117496107  49.2387746694  48.7662430788  48.0156416293  46.8795079645  45.222921779  42.8900291775  39.7180343358  35.5602732893  30.317869146  23.9758457756  16.6349670743  8.52681417731  
32.3990409194  32.3121746267  32.1217586773  31.7937891801  31.2761106449  30.4982648207  29.37326385  27.8027335688  25.6867255853  22.9387802753  19.5053669004  15.3866853576  10.6534952073  5.45326206346  
20.5948114699  20.5362176282  20.4081570205  20.1885821641  19.8439577671  19.3294949442  18.5906986568  17.5670632969  16.1985770498  14.4351705015  12.2483240571  9.64284476639  6.66569794238  3.40834864235  
12.7491337868  12.7109710779  12.6277867261  12.4857351168  12.2639096849  11.9346647507  11.4647867499  10.8179804802  9.95899155126  8.8593376118  7.50407056665  5.89833890637  4.07198835143  2.08035003339  
