849.759799567  849.653710146  849.405826703  848.935549921  848.096788609  846.640499531  844.148800663  839.915752974  832.717756505  820.332161563  798.421721738  757.651561099  675.358346272  488.75356473  
704.84917306  704.652440608  704.193745007  703.326561484  701.787591597  699.133922002  694.637028334  687.10267744  674.554777916  653.656850131  618.616068507  559.098888856  456.588094066  280.449829639  
570.029498786  569.768985356  569.163560421  568.025033252  566.01949385  562.595860248  556.872372401  547.459997857  532.189208614  507.692907927  468.804475252  407.844841895  314.399980925  177.961514077  
449.027178886  448.734719909  448.057814413  446.793158108  444.585421407  440.86105011  434.730548266  424.852261569  409.253608752  385.121362907  348.624482122  294.974842755  219.25403654  119.056868005  
344.244074787  343.949921614  343.272183918  342.015089397  339.841933644  336.221732067  330.356933079  321.095548318  306.840297384  285.488462084  254.479667639  211.106335087  153.340989675  81.4328896533  
256.678266613  256.406272687  255.782560614  254.634286641  252.668925632  249.435624423  244.277815259  236.285257232  224.262777617  206.748559001  182.137992564  148.994153991  106.625116165  55.9062917991  
186.041840531  185.807206514  185.271710581  184.293104349  182.634327248  179.937857822  175.697840363  169.238862389  159.716741736  146.165210364  127.62055961  103.356346993  73.2344486583  38.0995512776  
131.025281736  130.834666327  130.40162329  129.615837296  128.29608521  126.174468074  122.881743482  117.941264407  110.782816949  100.791165544  87.4047283848  70.2723178687  49.4526224674  25.5966659234  
89.6385282485  89.4917357987  89.1596936153  88.561175831  87.5644818469  85.9784079628  83.5455220213  79.9432769308  74.8003650059  67.7365342636  58.4320252819  46.7252418415  32.7219863723  16.8780253994  
59.558591615  59.4509163546  59.2083370648  58.7737592817  58.0556916309  56.923429337  55.2045971362  52.688780928  49.1417284051  44.3342928939  38.0878960453  30.3327674492  21.1664659764  10.8906195034  
38.4288077401  38.3533005236  38.1838213209  37.8819023557  37.3865418416  36.611823544  35.4464734159  33.7577046239  31.4019047553  28.2441147688  24.1863342877  19.2011809418  13.3627907756  6.86288916448  
24.0778704125  24.0271042408  23.9135415386  23.7122627883  23.3841138416  22.8746330827  22.1143881473  21.0221299085  19.512151234  17.5066811778  14.9528382195  11.8416100705  8.22398587291  4.21784045048  
14.6501746192  14.6173739435  14.5442236324  14.4151657458  14.205952547  13.8832221998  13.4050199915  12.7230728094  11.7875410153  10.554560724  8.99607491665  7.1103089753  4.93010469163  2.52578890918  
8.65707597755  8.63667068386  8.59128915026  8.51155267477  8.38294745336  8.18569306112  7.89520725329  7.48361401702  6.92265979564  6.18813266596  5.26540204999  4.15508551037  2.87730701006  1.4728479965  
