774.783782641  774.78012038  774.768363741  774.735344648  774.647436819  774.423680608  773.877806854  772.597367327  769.69436377  763.278719838  749.271368193  718.434527548  647.963211378  474.651744304  
567.473276741  567.466995951  567.446891445  567.390663575  567.241804325  566.865758431  565.957884423  563.859760808  559.206454884  549.265455433  528.71091771  487.382182055  406.500536881  254.670343892  
391.71581468  391.708495965  391.685167807  391.620317761  391.449987318  391.024143127  390.01013936  387.71024192  382.740155986  372.505193872  352.431910339  315.054946368  249.616729098  144.625602311  
254.32485073  254.317952184  254.29607281  254.235678117  254.078480645  253.689986657  252.778586345  250.751107012  246.480234359  237.978809977  222.044072088  194.105285608  148.862818692  82.8461538458  
155.141980377  155.136404861  155.118814998  155.070618574  154.946335013  154.642732137  153.940774689  152.407584351  149.251991062  143.152494072  132.135395742  113.684983916  85.396250685  46.4939791951  
88.8908445677  88.8868680342  88.8743885593  88.8404423236  88.7536914654  88.544097624  88.0659875074  87.038823158  84.9670486773  81.0599373328  74.20892233  63.1273556575  46.7809128686  25.1467766068  
47.8522582416  47.8497114465  47.8417588766  47.8202745261  47.7658296936  47.635609733  47.3421343258  46.7206994858  45.4887050946  43.2121007025  39.3130935653  33.1706933639  24.358104933  12.9903344166  
24.2214436894  24.2199612971  24.2153538613  24.2029848481  24.1718779884  24.0981466281  23.9337392972  23.5899278957  22.9181574063  21.6973332884  19.6452771246  16.4771429644  12.023116199  6.37884072677  
11.5407528879  11.5399616768  11.5375128542  11.5309760878  11.514648383  11.476254768  11.3914330839  11.2159362195  10.8771854282  10.2699207288  9.26430471745  7.73578633495  5.61911249126  2.97061401274  
5.18315452263  5.18276455282  5.18156212762  5.17836863417  5.17043965926  5.15192451177  5.11134503378  5.0281443646  4.86917424988  4.58736988525  4.12625822667  3.43386465686  2.48597257782  1.31090675365  
2.19754897528  2.19737046336  2.19682187585  2.19537137334  2.19178888108  2.18347367508  2.16537381137  2.12854789398  2.05878150192  1.93624125136  1.73765631476  1.44232030283  1.04155795902  0.548210085493  
0.88098207466  0.880905816145  0.880672148791  0.880056716796  0.878543636208  0.875049923285  0.86748955187  0.852207133741  0.823460076124  0.773349796117  0.692776276728  0.573862546047  0.413610556876  0.217391289734  
0.334502564275  0.334472037404  0.334378735795  0.334133826727  0.333534074341  0.332155427511  0.329186932345  0.323219440658  0.31206098055  0.292732085882  0.261850905516  0.216555576827  0.155847112527  0.0818232261337  
0.120492455078  0.120480962809  0.120445914948  0.120354184441  0.120130308752  0.119617655512  0.11851850452  0.116319180912  0.112227226643  0.10517597934  0.0939694588121  0.0776142582482  0.0557895250243  0.0292657577021  
