884.184449521  883.867944345  883.184255918  882.024077881  880.201431122  877.420158091  873.213398622  866.83095279  857.01700101  841.535993325  816.063297067  771.306153044  684.673662055  493.477142942  
770.845200652  770.244497039  768.949197859  766.757834499  763.330777372  758.134974247  750.348226735  738.691692274  721.127749501  694.295388214  652.426092927  585.267088665  474.439932199  289.50195202  
662.293606993  661.466982964  659.689371561  656.69598069  652.046510013  645.064290802  634.737122371  619.558253137  597.272689722  564.479507489  516.046369576  444.407186199  339.341728609  190.608419944  
560.531030577  559.552134923  557.454232394  553.941800955  548.531479748  540.498664471  528.797091739  511.943796325  487.863845234  453.703915556  405.674899283  339.125314209  249.370606355  134.327212828  
467.139594609  466.085664068  463.835579587  460.092434669  454.379182704  445.999380942  433.983927507  417.026434668  393.418132601  361.013218138  317.298239915  259.716364595  186.497359925  98.2438413  
383.218014354  382.15969391  379.90928252  376.190436259  370.567090021  362.419308065  350.915428315  334.987918212  313.328457867  284.432250218  246.743881254  198.981821158  140.718383202  73.1913968315  
309.364524619  308.358959486  306.229285827  302.733111599  297.494589014  289.992879198  279.553247324  265.348914035  246.427307805  221.781850733  190.497780539  152.000300467  106.408088291  54.917413755  
245.702596832  244.790210992  242.865359392  239.725376095  235.061154886  228.454488216  219.380967596  207.225234975  191.318280892  171.009056957  145.782556917  115.428819381  80.2445650337  41.2060344122  
191.940635785  191.145082318  189.472840292  186.761072976  182.765172491  177.161406006  169.555791174  159.504078214  146.548813775  130.279461421  110.418865148  86.9316223643  60.1351144184  30.7735151179  
147.454419816  146.784727158  145.381807118  143.119181161  139.809464536  135.20956233  129.031547842  120.96236901  110.695635119  97.9777474891  82.6677230671  64.8044069728  44.6664166156  22.8015547968  
111.380544251  110.834417422  109.693893079  107.863579572  105.203891207  101.536960812  96.6572020875  90.3483728439  82.4086720195  72.684251838  61.1092023905  47.7464596864  32.8197805438  16.7237558636  
82.7101718997  82.2775841502  81.3767058762  79.9374402785  77.8583419967  75.0121937235  71.2551338186  66.4403272469  60.4367455623  53.1526413425  44.5616829934  34.727590918  23.8210428711  12.1217101409  
60.374510951  60.0409937973  59.3481843296  58.2457681078  56.6616377093  54.5066401641  51.6819080175  48.0892470329  43.6446629305  38.2943815669  32.0316720754  24.9115949  17.0598651598  8.67195790589  
43.3161291463  43.0654377668  42.5458557582  41.7220373488  40.5437622984  38.9497128765  36.8730636423  34.2490689015  31.0245257589  27.1684908757  22.6829877125  17.6118030304  12.0450889073  6.11767532044  
