879.849192529  879.56824662  878.956788641  877.907582769  876.237383341  873.653013305  869.690338128  863.601086239  854.130041222  839.040477776  814.004489231  769.723805785  683.599856458  492.934422667  
762.452029888  761.920169947  760.764710807  758.788192462  755.656277354  750.841683575  743.527489631  732.438586304  715.53851998  689.464004963  648.440187212  582.203623065  472.361016531  288.4512314  
650.367639487  649.638836349  648.05992552  645.37181079  641.141711331  634.701157543  625.045446746  610.673132115  589.330879542  557.614531108  510.382743417  440.054267405  336.387769839  189.115437117  
545.790431688  544.93244351  543.080136626  539.94502916  535.053054429  527.689742321  516.818097048  500.961710106  478.04769937  445.218745568  398.674608535  333.745069066  245.71948786  132.481873188  
450.423676331  449.506855532  447.535277861  444.220020394  439.094576157  431.473994626  420.39968342  404.572690163  382.286570727  351.390990044  309.359872828  253.615137884  182.356972066  96.1512163021  
365.408208624  364.495970388  362.542291299  359.279333442  354.282261055  346.943382661  336.442233413  321.719202668  301.468448421  274.180345144  238.286028791  192.481331237  136.307049092  70.961830825  
291.308553008  290.451089253  288.622249363  285.588264874  280.984672538  274.303046975  264.880005345  251.89679969  234.403370615  211.388245008  181.92302465  145.409961573  101.935781274  52.6570309695  
228.150714076  227.382294939  225.749878466  223.05918153  219.012164617  213.202687091  205.117375512  194.148678996  179.630030069  160.90562179  137.447192655  109.02247082  75.8971167485  39.0087574346  
175.500096941  174.839394586  173.441071467  171.15014287  167.732366883  162.875313527  156.195336774  147.255499665  135.600636201  120.815752692  102.611277172  80.9309092431  56.0629367012  28.7153647418  
132.564953206  132.017389268  130.862545521  128.981054646  126.194919872  122.271282758  116.931577733  109.869375617  100.780357236  89.4068871635  75.5967377588  59.3698279301  40.9784263536  20.9375795369  
98.310294314  97.8713743919  96.948616119  95.4528701884  93.2527918344  90.1794996324  86.0356246347  80.6107383243  73.7048580637  65.1605925358  54.9021611214  42.9758860533  29.5823947518  15.0875240494  
71.5688861484  71.2276832992  70.5124323335  69.3583575132  67.6710381568  65.3309165316  62.2011355774  58.139815906  53.0174791108  46.7393571901  39.270704598  30.6610798972  21.0614449905  10.7269607621  
51.1390436548  50.8812792327  50.3423439274  49.4763341326  48.2169654542  46.4814342387  44.1766793956  41.2086146093  37.4945304768  32.9781489631  27.6457645294  21.5406982935  14.7723221074  7.51579335976  
35.8627244191  35.6731686798  35.2777695849  34.644741078  33.7285623301  32.4730397555  30.8160338727  28.6961142336  26.0611148779  22.8780717137  19.1433793481  14.8913504219  10.1989473273  5.18460285936  
