878.266205063  877.997583597  877.411247355  876.400846084  874.784315728  872.269791293  868.394378518  862.410752694  853.064131646  838.117519706  813.241895614  769.136965334  683.20124744  492.732843216  
759.392885029  758.884841819  757.777929978  755.876400955  752.848200782  748.168583258  741.023023892  730.138243447  713.478627623  687.680368341  646.966457657  581.069540041  471.590694956  288.061674158  
646.033988166  645.338923336  643.828783783  641.246897973  637.163720332  630.914373738  621.497551523  607.414399625  586.412773255  555.087774722  508.295009494  438.447686856  335.296505557  188.563576631  
540.456616224  539.640151117  537.872483997  534.868117586  530.156967591  523.028986061  512.451357623  496.950865559  474.456092109  442.108807925  396.105017755  331.767681762  244.376353404  131.802639775  
444.407876785  443.537885744  441.661765217  438.493958969  433.572452285  426.217283052  415.474574742  400.048975783  378.235694469  347.883369909  306.461691922  251.384886563  180.842079077  95.3851228419  
359.041098923  358.178422016  356.325768507  353.218864393  348.437629386  341.379652812  331.229462257  316.931259354  297.180952073  270.467829951  235.218547159  190.120793532  134.703657574  70.1509823892  
284.903742807  284.096130059  282.36890675  279.491890157  275.105401704  268.70632936  259.636313685  247.080442982  230.090419442  207.65367954  178.837317227  143.035394236  100.322858008  51.8413615806  
221.980554109  221.260155421  219.725624687  217.186133959  213.348254251  207.810965029  200.065733773  189.50870687  175.475015286  157.307802658  134.474465351  106.734841228  74.3432435127  38.2229494212  
169.779196892  169.163014153  167.855441212  165.704697805  162.480818053  157.876120753  151.511449957  142.953298403  131.748076324  117.479818106  99.8549263837  78.8097849145  54.622159742  27.9867497821  
127.442300499  126.934596293  125.861004472  124.105027913  121.492499925  117.794815727  112.737431918  106.01699199  97.330589621  86.4197201855  73.1285521574  57.4704535764  39.6882709296  20.2851345836  
93.8694771005  93.4651073334  92.6127782731  91.2258295828  89.1762379298  86.2988107847  82.3996675629  77.2710449939  70.7141866173  62.5709486506  52.7624268156  41.3292643551  28.4639199256  14.5218990146  
67.8348584626  67.5227030351  66.8666646891  65.8040612541  64.2432658997  62.0678239604  59.1438129622  55.331595991  50.5027269278  44.5618060178  37.4714617078  29.2764773738  20.1209456453  10.2513392124  
48.089261742  47.8552185481  47.3646389816  46.5733300156  45.4172900707  43.8162510729  41.6795500221  38.9149334074  35.4405360683  31.1995648235  26.176169772  20.4097718337  14.0041317989  7.12730991475  
33.4403486169  33.2696312638  32.9126346264  32.3389318786  31.5048161711  30.3561088438  28.832576237  26.8742447298  24.4296198788  21.4653291391  17.9760642723  13.9930400383  9.58876161031  4.87602380367  
