842.742383207  842.660809982  842.466057523  842.085648324  841.385388657  840.131323222  837.922745909  834.07124148  827.368720459  815.603258851  794.440783686  754.539835922  673.219678774  487.664081988  
691.592931292  691.442509848  691.08417872  690.386755696  689.109417387  686.837752608  682.875683655  676.062081377  664.450155273  644.723687926  611.095849225  553.220659508  452.548025635  278.391732321  
551.947695364  551.750348258  551.281816889  550.374838261  548.726159206  545.82357605  540.829587866  532.400318385  518.406208584  495.507801737  458.546656798  399.826743592  308.889191265  175.154198821  
427.917142155  427.698423504  427.181328323  426.18698514  424.395856026  421.279777352  416.000926434  407.270370243  393.162193353  370.89544098  336.648623079  285.61381518  212.82025441  115.779358717  
321.991979416  321.775549593  321.266255381  320.294079435  318.560046153  315.581018737  310.613916947  302.562329444  289.878170456  270.49274404  241.855747429  201.238731294  146.559033217  77.978010415  
234.986511312  234.790276054  234.33075092  233.460198948  231.922874691  229.31456977  225.031819117  218.218563472  207.727590854  192.130254322  169.831767428  139.374863038  100.013815293  52.5383455513  
166.231919624  166.066463943  165.680895263  164.955894291  163.687990408  161.562262335  158.121353425  152.739336816  144.615835568  132.814879743  116.381735185  94.5713835334  67.1965685838  35.0237156176  
113.9423654  113.811397465  113.507627275  112.940512607  111.957797334  110.328320363  107.724665195  103.71286265  97.7604790378  89.2784112915  77.7128208789  62.6965035373  44.2457780564  22.9441761491  
75.6551277651  75.5571531709  75.3309143115  74.9113711668  74.1905353116  73.007277007  71.1384040241  68.2963076449  64.1406102834  58.3124557339  50.4984267422  40.5238183941  28.4597502191  14.7067387853  
48.6527293507  48.5831216638  48.4230476494  48.1280367428  47.6250918417  46.8069648475  45.5279872133  43.604997212  40.8278694287  36.9841481524  31.9002046709  25.4960465473  17.8421822941  9.19714638916  
30.3018467364  30.2547021379  30.1466952099  29.9487656625  29.6136941388  29.0730453878  28.2354490121  26.9884291995  25.2063559861  22.7667116072  19.5751867792  15.5967830871  10.8854783384  5.6008825118  
18.2784558826  18.2479254537  18.1782217877  18.0511387662  17.8373579074  17.4948930262  16.9685165935  16.1914755978  15.0908977401  13.5978927341  11.6622150764  9.26941867482  6.45610730881  3.31723623993  
10.6798885606  10.6609384594  10.6178084589  10.5395367672  10.4086095234  10.2002062958  9.88209815769  9.41593761571  8.76067362149  7.87852385967  6.7432374288  5.34932046713  3.71976623171  1.90920937474  
6.04542840977  6.03413201484  6.00849384824  5.96215865026  5.88504240628  5.7629837104  5.5777987204  5.30814157085  4.93154111619  4.42778717846  3.78343828556  2.99666600735  2.08111574764  1.06724565593  
