885.505993066  885.178129368  884.471438904  883.27608824  881.405411467  878.562519444  874.279912926  867.806991948  857.887916432  842.287613855  816.682508018  771.781506841  684.995963667  493.639952342  
773.40812029  772.785388919  771.445481504  769.1859072  765.665704413  760.350402022  752.416562153  740.58456634  722.816753397  695.75303897  653.626956397  586.188963802  475.064986443  289.817695773  
665.945668923  665.0876568  663.246481538  660.155894277  655.373696448  648.22119725  637.684429549  622.255535914  599.679466028  566.556614417  517.757563649  445.720830999  340.232412747  191.05834572  
565.062991359  564.045146275  561.868367327  558.235324518  552.66030111  544.416183182  532.454514916  515.29095842  490.850509715  456.281482647  407.798391907  340.755472366  250.475895062  134.885545481  
472.305130586  471.206806978  468.866821977  464.986208053  459.085232911  450.464592808  438.152686353  420.841560692  396.822364613  363.95116018  319.71862502  261.574442175  187.757184635  98.8802375241  
388.755873677  387.64996242  385.303174481  381.43695593  375.612361819  367.206388502  355.384693476  339.07806552  316.978096863  287.581989664  249.338756297  200.973853074  142.069033513  73.8736736432  
315.020136209  313.965970783  311.737875944  308.091202159  302.647159864  294.881776207  284.11757804  269.526070771  250.154592366  224.998606111  193.147869971  154.034721932  107.787481153  55.614210187  
251.246694716  250.286669614  248.265342672  244.97783441  240.112154058  233.247020935  223.855341204  211.320074412  194.972121521  174.162434465  148.380437813  117.423164319  81.5967864094  41.8891057064  
197.183124304  196.34252619  194.579062852  191.727803836  187.54141279  181.693249926  173.786792552  163.376198951  150.003930156  133.261340578  112.875463676  88.8175105903  61.4138007098  31.4194408395  
152.252562681  151.541646303  150.055242433  147.664955664  144.180903177  139.357328459  132.903978673  124.506343673  113.857953457  100.706939252  84.9161520593  66.5304902448  45.8367521824  23.3927478786  
115.6414378  115.058706021  113.844051126  111.900378624  109.085883626  105.220334374  100.096077803  93.4955758508  85.2169561359  75.1079064384  63.1059212873  49.2793122399  33.8591015424  17.2487676445  
86.3882096933  85.9240270245  84.9591639023  83.4220530607  81.2093327218  78.1917435018  74.2236386916  69.1570636544  62.8609275256  55.2448077707  46.2853112389  36.0507986282  24.7182197303  12.5749184405  
63.4650604701  63.1049975306  62.3584282014  61.1738019395  59.4774002946  57.1783535362  54.17629334  50.3720837979  45.6816774039  40.0524127183  33.4800276962  26.0234819594  17.8137612582  9.0527884449  
45.8468797726  45.5744531268  45.0108531106  44.1197212971  42.8495175969  41.1375177213  38.9156663994  36.118446039  32.6926094745  28.6081240306  23.8690345698  18.522320826  12.6624511941  6.42953618903  
