714.431672669  714.431532309  714.430900512  714.428330045  714.418500984  714.383158651  714.263738683  713.884450731  712.749943179  709.539051911  700.861744733  678.110967138  618.763423236  459.256771518  
465.288950194  465.288731673  465.287751209  465.283779922  465.268684159  465.214836885  465.034884301  464.472184582  462.826962462  458.328412253  446.812936532  419.18099992  357.124393933  228.641750875  
275.141748155  275.141529679  275.140553586  275.136622981  275.121795034  275.06942856  274.89673393  274.366338422  272.853417979  268.857563529  259.123142971  237.382825228  193.403918504  115.000342405  
147.57606029  147.575891951  147.575143284  147.572147065  147.560933396  147.521733396  147.394157841  147.00905166  145.935339577  143.184381385  136.750180014  123.143655949  97.5312346993  55.8023525584  
71.8792298052  71.8791230589  71.8786504035  71.8767699587  71.8697848659  71.8455980647  71.7678278457  71.5366533293  70.904685708  69.3258765612  65.7504888437  58.4918579477  45.4946609437  25.4805384272  
31.8748805503  31.8748228547  31.8745684032  31.8735614629  31.8698461691  31.8570894416  31.8165016044  31.6974325021  31.3772428509  30.5935413727  28.8629983689  25.4552092553  19.564486134  10.8204349242  
12.9136876047  12.9136604145  12.9135409126  12.913070192  12.9113434567  12.9054573372  12.8868965525  12.8330438848  12.690173562  12.3461826903  11.601398714  10.1680088363  7.7520940249  4.25365681292  
4.79834246613  4.79833110972  4.79828134218  4.79808606946  4.7973732591  4.79495815442  4.78739928832  4.76566683098  4.7086424907  4.57313688584  4.28422698425  3.73778645847  2.83364505575  1.54675651935  
1.64177694066  1.64177268426  1.64175407509  1.64168129153  1.64141668054  1.64052463375  1.63774981844  1.62983124221  1.60923800215  1.56081365521  1.45880589558  1.26842258811  0.95771113443  0.520894381394  
0.519330866468  0.519329420603  0.519323110839  0.519298495203  0.519209295131  0.518909812961  0.517982896112  0.515353688118  0.508565103517  0.492735100957  0.45970341894  0.39868545201  0.300129016094  0.162821125969  
0.152455552797  0.15245510402  0.152453148245  0.152445533393  0.152418010405  0.1523259051  0.152041978947  0.151240532647  0.149183113186  0.144417427982  0.134547255638  0.116459882972  0.0874754906857  0.0473669405143  
0.0416856020884  0.0416854739411  0.0416849160087  0.0416827468338  0.0416749220334  0.0416488030659  0.0415685441499  0.0413428716161  0.0407661984274  0.0394374959765  0.0367018476604  0.0317199667891  0.0237852694804  0.0128614327567  
0.0106524323758  0.0106523985164  0.0106522511839  0.010651678939  0.0106496176577  0.0106427504138  0.0106217005861  0.010562692262  0.0104124516291  0.0100677341901  0.00936130011038  0.00808110793144  0.00605177023195  0.00326891101962  
0.0025521507747  0.00255214245494  0.00255210626219  0.00255196576987  0.00255146019246  0.00254977818422  0.00254463194375  0.00253023930651  0.00249369775131  0.00241013070006  0.00223950093927  0.00193147236606  0.00144498852498  0.000779888239294  
