873.404613792  873.1716104  872.658178171  871.761107904  870.302568987  867.995474944  864.381575921  858.717299337  849.749957405  835.242304618  810.862209621  767.303145529  681.95432551  492.101857221  
750.016778968  749.577429035  748.611120407  746.928162405  744.204665722  739.925100068  733.283898206  723.015017303  707.086882332  682.135203381  642.376974357  577.532819012  469.185870312  286.844748987  
632.79622689  632.198147339  630.886519828  628.613225716  624.960246827  619.275717655  610.570977977  597.357390564  577.388513558  547.258769019  501.815293875  433.454325825  331.901225638  186.845446515  
524.240132993  523.542476333  522.017989523  519.39165275  515.207503025  508.771431909  499.066116199  484.630855042  463.401216928  432.518139241  388.167252655  325.650726849  240.217075797  129.697900135  
426.227835315  425.491038292  423.887542876  421.143538999  416.812843178  410.233362913  400.468589792  386.237203678  365.842245128  337.131419158  297.562785419  244.527262087  176.179176495  93.0255313388  
339.940043624  339.217308129  337.651090524  334.989458096  330.828963888  324.585972231  315.463258824  302.419767699  284.159635989  259.171171907  225.868810313  182.915752374  129.804525745  67.6718505786  
265.854719346  265.186666448  263.745098101  261.312139315  257.544699633  251.958390998  243.913052513  232.60847486  217.10456711  196.387787186  169.513043076  135.849974556  95.4370677534  49.368981003  
203.810317418  203.223039894  201.960985292  199.845065676  196.59767502  191.835653101  185.067826535  175.704365978  163.088230807  146.561631364  125.580340288  99.880900145  69.6828448483  35.8646247876  
153.118928383  152.62480389  151.567063242  149.80469065  147.122228388  143.228371484  137.759880708  130.296107787  120.390640957  107.626658982  91.6999067787  72.5254086796  50.3490415556  25.8244025315  
112.707905758  112.308149875  111.455509809  110.043008639  107.909310832  104.84029492  100.575494444  94.8229255744  87.2860303763  77.7055476176  65.9162201164  51.9125255704  35.9091075191  18.3727456513  
81.2686872695  80.9566340858  80.2932613305  79.2000503649  77.5599510965  75.2201571789  71.998826698  67.6979223854  62.1241170203  55.1186198733  46.5944659443  36.5761435411  25.2319922264  12.8864304339  
57.3948718353  57.1592020888  56.6597169325  55.8404797987  54.6189554695  52.8889515632  50.5265199828  47.4000821076  43.3856901554  38.3874084525  32.3611870395  25.3384246333  17.4432306991  8.89632163024  
39.6969445684  39.5243851059  39.1596523246  38.5639757843  37.6806623844  36.4376936068  34.752424582  32.5390796648  29.7194098358  26.2361911832  22.0682053263  17.2441137569  11.8516134994  6.03806018616  
26.887015089  26.7643085012  26.5055817992  26.0846425477  25.4634909481  24.5943902675  23.4233680697  21.8955092087  19.9621430664  17.5895608132  14.7682621453  11.5210600771  7.90791598623  4.02545694419  
