794.320841561  794.311099091  794.282765752  794.211853771  794.043421697  793.658613171  792.809590583  790.993173529  787.202053215  779.41027155  763.413145039  729.896787827  656.070483197  478.858484418  
602.286537476  602.269415903  602.219757546  602.095977147  601.803576314  601.140461316  599.692273858  596.638917399  590.402876374  578.009548904  553.909308604  507.805940661  420.946194966  262.165944558  
434.832384145  434.811625958  434.751663079  434.603085603  434.254865801  433.47330285  431.789850255  428.306540605  421.375829118  408.10327459  383.638388346  340.348040149  267.506261067  153.90810424  
298.369307585  298.348662011  298.289314588  298.143302119  297.804229928  297.052107425  295.45647784  292.219629898  285.945384742  274.340489793  253.919336284  219.939970123  167.135142046  92.3271863626  
194.345825967  194.32799378  194.277003484  194.152499914  193.866154268  193.238601437  191.927194407  189.316999759  184.37758853  175.51513009  160.504343758  136.677299011  101.657922719  54.9316337411  
120.087606911  120.073857701  120.034752115  119.939990245  119.724110691  119.256460852  118.292979005  116.408259097  112.916406721  106.810103966  96.7807544778  81.4207558492  59.7189148473  31.8597879462  
70.3779201169  70.3683010202  70.3410839034  70.2756102594  70.1277902594  69.8110169802  69.1667490224  67.925682999  65.6678288872  61.8028436688  55.6086439326  46.3770493934  33.6980554045  17.8363787868  
39.1261456685  39.119972025  39.1025889815  39.061056507  38.9680642488  38.7707301935  38.3739688134  37.6198429087  36.2689223055  33.9967692319  30.4258358398  25.2136923958  18.201700082  9.58454540579  
20.6441751083  20.6405108814  20.6302400404  20.605853338  20.5516603925  20.4376638515  20.2107644841  19.7844450835  19.0306441624  17.7810301593  15.8475860792  13.0706622688  9.39187578999  4.92803875692  
10.3451321824  10.3431084641  10.3374592233  10.3241214609  10.2946809008  10.2332298424  10.1119891048  9.88643369629  9.49196759785  8.84579115854  7.8584837756  6.45821265199  4.62468391268  2.42051057217  
4.92795140299  4.92690616678  4.92399913752  4.91717031583  4.90218687555  4.87112414279  4.81030442387  4.6981087665  4.50369580993  4.1883465986  3.71138656484  3.04163009434  2.17249206506  1.13494609864  
2.23371156782  2.23320460278  2.23179926599  2.22851282902  2.22133983983  2.20655741266  2.17780427312  2.1251442695  2.0346009634  1.8889275801  1.67041396044  1.36600414332  0.973743509423  0.507984708425  
0.964481771928  0.964250046231  0.9636095653  0.962117708551  0.958876622414  0.952231751066  0.93938025863  0.915988020096  0.876030223086  0.812177831763  0.717045024442  0.585364157096  0.416625987884  0.217110182012  
0.397161324148  0.397061201479  0.396785179434  0.396144488445  0.394758204222  0.391928810796  0.386483423799  0.376623810359  0.359875005625  0.333261905737  0.293832712442  0.239540207448  0.170280331941  0.0886597862002  
