879.538515047  879.260015973  878.653541678  877.61202472  875.952443621  873.381869366  869.436400394  863.367940533  853.921349315  838.859841416  813.855287784  769.609021729  683.521905697  492.895007352  
761.85140474  761.324275114  760.178450635  758.216796844  755.105409619  750.317486603  743.036556734  731.987849927  715.135059425  689.114783508  648.151738224  581.98171262  472.210315341  288.375030269  
649.516222411  648.794124525  647.228870921  644.561826906  640.360826132  633.958078858  624.349520995  610.034186533  588.758949614  557.119487901  509.973848602  439.739694976  336.174141021  189.00741698  
544.741554817  543.891826601  542.056343615  538.947192607  534.091063986  526.774325295  515.960767573  500.174574781  477.343121456  444.608885871  398.17087718  333.357536242  245.456310809  132.348799219  
449.239297947  448.33180366  446.379222309  443.093273161  438.008304281  430.440311197  419.431590202  403.683858118  381.490960813  350.70233474  308.791057019  253.177533412  182.059790607  96.0009481049  
364.152868097  363.250514485  361.316968579  358.085073262  353.130899233  345.847757982  335.416126834  320.777104696  300.62515716  273.450416697  237.683120972  192.017498151  135.99205514  70.8025557163  
290.043647921  289.196143286  287.387588427  284.384901022  279.824531416  273.199065113  263.846068928  250.947510162  233.553639627  210.652740566  181.315509732  144.942583216  101.618379232  52.4965380794  
226.929787427  226.170980244  224.558141809  221.897651457  217.89235175  212.137078101  204.119374039  193.232379409  178.809826455  160.195673285  136.86078495  108.571329832  75.5907411813  38.853839872  
174.365591758  173.713820042  172.333687354  170.070824738  166.691810187  161.885120997  155.267963563  146.40404311  134.838472457  120.156039826  102.066361751  80.5116884555  55.7782380127  28.5714078383  
131.546615499  131.007066799  129.868549075  128.012247897  125.260902708  121.382469764  116.099148985  109.105087969  100.096218125  88.814708501  75.1076031723  58.9935200601  40.7228698925  20.8083581328  
97.4251408598  96.9931869881  96.0846177998  94.6107647448  92.4409232336  89.4069202954  85.3120526946  79.9463935967  73.1101784697  64.6458462683  54.476983453  42.6487814069  29.3602524457  14.9751982593  
70.8224477895  70.487118486  69.7838314062  68.6482163898  66.986392838  64.6794007294  61.5909447008  57.5795687355  52.5159786262  46.305263447  38.9121440248  30.3852252787  20.8741069772  10.632233543  
50.5274741609  50.274521295  49.7453867994  48.8944995079  47.6560177292  45.9476277744  43.6767290357  40.7495823465  37.0836294646  32.6224754362  27.351977607  21.3146757472  14.6188255674  7.43817790724  
35.3753342145  35.1896124123  34.8020228703  34.1810445931  33.2815097381  32.0476154105  30.4175893456  28.33027799  25.7336360588  22.5946064373  18.9092354539  14.711213045  10.0766119897  5.12274394299  
