832.800222451  832.745204389  832.609335926  832.33180956  831.796051457  830.791314791  828.944497003  825.596797198  819.568039764  808.667715396  788.571472544  749.931368624  670.041375294  486.041477514  
672.938015077  672.837422474  672.589582462  672.08520979  671.116541919  669.312714311  666.029442136  660.161161588  649.813456432  631.710288702  600.083067386  544.573646536  446.584477467  275.347190871  
526.785463259  526.655331538  526.335843457  525.689271244  524.456954749  522.185426139  518.107042077  510.952871208  498.663994339  477.955145596  443.69248165  388.163560032  300.845500892  171.047694716  
398.995429338  398.853976656  398.508209339  397.813204058  396.500678037  394.109977592  389.883571861  382.618665318  370.470530334  350.720492825  319.575329735  272.208248778  203.57491495  111.059386543  
292.10620003  291.96962225  291.637388135  290.974560191  289.735125848  287.5057065  283.626185958  277.089155176  266.430414119  249.645614593  224.213655284  187.386585656  137.005719285  73.1008146263  
206.546798817  206.426563997  206.135556212  205.55942107  204.492812731  202.597903222  199.350172356  193.978249151  185.414738765  172.292218026  153.043679974  126.193294679  90.9229914452  47.8972677106  
140.980640759  140.882677605  140.646759027  140.18320584  139.333295874  137.841043697  135.319181832  131.216969301  124.804887759  115.201316238  101.476176239  82.8679623018  59.1251847612  30.9030916376  
92.854726887  92.780134826  92.6013635963  92.2526239086  91.6190288793  90.518633034  88.682547354  85.7395837969  81.2164738686  74.5694915523  65.265379519  52.9231597372  37.5055094922  19.503122287  
59.0015901335  58.9481479311  58.8206460822  58.5735928216  58.1285107141  57.3631349508  56.100489953  54.102540519  51.0756250297  46.6967136444  40.6686346805  32.8058010391  23.1369704819  11.9893488745  
36.1669569389  36.1307456597  36.0447162875  35.8790544177  35.5828879274  35.078105454  34.2536852701  32.9636272635  31.0328236144  28.2756712896  24.530714821  19.7097991439  13.8516730166  7.15991248029  
21.3882382117  21.3649422058  21.3098097111  21.204243582  21.0168191326  20.6999005211  20.1868490333  19.3917143164  18.2138599878  16.5499324608  14.3143077452  11.4661571027  8.03678533695  4.14657166056  
12.2046086031  12.1903339337  12.1566697501  12.0925397293  11.9793878093  11.789399811  11.4841986968  11.0151031143  10.3262676513  9.36185633523  8.07753810171  6.45489177588  4.5150716924  2.32630379999  
6.72151313043  6.71316052199  6.69352479532  6.65629075951  6.59095832639  6.48194240067  6.3079942746  6.04254172678  5.65562744288  5.11797364124  4.40718123404  3.5151642099  2.45484745294  1.26344801698  
3.57391543808  3.56923815125  3.55827387851  3.53756862402  3.50141748443  3.44142493117  3.34626199304  3.20193356271  2.99289328408  2.70423897221  2.3249323618  1.85152551413  1.29137748571  0.664072696915  
