837.17334896  837.107725995  836.94813427  836.628649935  836.024892324  834.915698687  832.915399359  829.351497385  823.030666955  811.752030669  791.18613228  751.987396737  671.460965559  486.766734329  
681.124814829  681.004372214  680.712126929  680.129215688  679.033260934  677.033898258  673.463315113  667.190305697  656.295832976  637.484446172  604.977995226  548.422764741  449.242116835  276.704958288  
537.786185312  537.629387782  537.250245829  536.498161813  535.094837002  532.560600126  528.096190596  520.398217051  507.374670939  485.714194393  450.270093443  393.335875357  304.41675853  172.872226327  
411.572845263  411.400915896  410.986967228  410.171361907  408.663363581  405.972357608  401.304659977  393.418068985  380.430015477  359.591983012  327.096046488  278.122210296  207.658265037  113.145548613  
305.014683128  304.846840894  304.44466018  303.658102736  302.21811104  299.680554425  295.34820628  288.173204769  276.652499694  258.751100981  231.932805754  193.456631432  141.196863006  75.2420555647  
218.729154768  218.579430682  218.222444561  217.529591362  216.273776221  214.088146168  210.413151679  204.439233859  195.062318744  180.886048952  160.329151135  131.922362643  94.8787297007  49.9182495676  
151.69194317  151.568068612  151.274173309  150.708048915  149.69185009  147.944068375  145.046630236  140.415207104  133.288015875  122.757978815  107.882459029  87.9057163577  62.6036208138  32.6802293865  
101.699825805  101.603852757  101.377238427  100.94384793  100.17300262  98.8616781122  96.7155403688  93.3356553216  88.2220972552  80.8101031802  70.5560315419  57.0836566982  40.3782490006  20.9708173158  
65.8986848622  65.8285844035  65.6638044913  65.3507867939  64.7987396974  63.8689594554  62.3646239496  60.0260536213  56.5387884062  51.5633810923  44.7945506719  36.0504084338  25.3773295791  13.1339654053  
41.2653757107  41.2168617256  41.1032989471  40.8889105239  40.5137212791  39.8874660748  38.8844479692  37.3426597595  35.071609319  31.873546713  27.5810121305  22.1085784104  15.5080174746  8.00615749435  
24.9718094357  24.9398747355  24.8654071586  24.7256190348  24.4826871385  24.0804315405  23.4418952654  22.4698713277  21.0529025226  19.0790890723  16.4585791458  13.1524568078  9.20118066739  4.74147892754  
14.6054161518  14.5853602137  14.5387551849  14.4517175639  14.3014044594  14.0542765491  13.6650416713  13.077473085  12.2284705657  11.0564665831  9.51429221543  7.58480445899  5.29529029341  2.72493265344  
8.25767391305  8.24562638778  8.21771907942  8.16584079563  8.07674842034  7.93119290316  7.70349922981  7.36226450059  6.87288569528  6.20241355096  5.32662946678  4.23826300972  2.95416309206  1.51856035016  
4.5143110099  4.50737454298  4.49135223527  4.4616907433  4.41100589794  4.32865873665  4.20060955363  4.00990425006  3.73815009419  3.36819463784  2.88788335429  2.29426611062  1.59710417386  0.820277262706  
