844.954589451  844.865847621  844.655458629  844.248356815  843.506526754  842.191117387  839.895783025  835.926274505  829.069245479  817.109020526  795.710227785  755.53333442  673.903148545  488.01246193  
695.764121304  695.600184951  695.212374074  694.464626351  693.108912261  690.721589085  686.595944802  679.559849211  667.656598603  647.562900891  613.489475848  555.093975217  453.836761117  279.048630512  
557.619680821  557.403960063  556.895349953  555.919951383  554.164711847  551.104873696  545.888473878  537.156674663  522.766434334  499.368673255  461.801616429  402.37417048  310.641681984  176.047485281  
434.510421401  434.270351046  433.706679866  432.63282216  430.717848258  427.418999919  421.881640718  412.799442369  398.230812396  375.383605569  340.432452667  288.575165972  214.857509954  116.817799105  
328.903466307  328.664662809  328.106561718  327.05105885  325.187236125  322.01665574  316.778608821  308.358444389  295.191637138  275.197754575  245.822422586  204.343202883  148.694758837  79.0666468018  
241.678526403  241.460637936  240.953875721  240.002672397  238.339718164  235.545987136  231.000941391  223.830855527  212.872593165  196.686136422  173.672750968  142.3809868  102.081894604  53.5925047144  
172.294890659  172.109827763  171.681483421  170.883443622  169.501759257  167.208081858  163.529582496  157.82432273  149.277490778  136.942807105  119.861954591  97.295181981  69.0704336203  35.978882358  
119.123086698  118.975375034  118.635074317  118.00557963  116.925679982  115.152738487  112.346113644  108.058148714  101.744068493  92.8059531749  80.6868966008  65.0241920269  45.8471478561  23.7604477211  
79.8523115507  79.7407813478  79.4849658752  79.0149130689  78.2153786452  76.9159334725  74.8826672572  71.816876891  67.3681797674  61.1705700944  52.9081398837  42.4098250464  29.7572695755  15.3681313344  
51.8888201912  51.8087689237  51.6259068582  51.2919758951  50.7283836768  49.8207102413  48.4150200441  46.319592862  43.3165837347  39.1880188383  33.758344397  26.9503726679  18.842727421  9.70716356304  
32.6831255432  32.6283024451  32.5035397207  32.2769898008  31.8973153528  31.2908021878  30.3599940592  28.9861137249  27.0378463536  24.3886091173  20.9426724224  16.6670997309  11.6218410595  5.97623804512  
19.9545601054  19.9186299042  19.8371421065  19.6899285532  19.4447717195  19.0559685957  18.4640060663  17.5976929696  16.380152242  14.739628866  12.6248747755  10.0228936757  6.97449343832  3.58148170535  
11.8104510003  11.7878621729  11.7367905847  11.644950893  11.492873395  11.2532297627  10.8908989516  10.3645378489  9.63039168366  8.64874332324  7.3926635569  5.85763535928  4.06948804742  2.08748019431  
6.77736253906  6.76371282669  6.73293805045  6.67782599294  6.58702614954  6.4447529129  6.23094909146  5.92232805308  5.49466656517  4.92650011046  4.20394665353  3.32580943186  2.30757015704  1.1826818229  
