814.708199073  814.682887727  814.615790032  814.465770204  814.14773208  813.495393911  812.192774653  809.647669498  804.748900751  795.366245664  777.213050384  740.942694843  663.804327363  482.845002825  
639.397313555  639.351827259  639.23155072  638.96367317  638.398792416  637.24847623  634.974325889  630.594215126  622.341604212  607.052172475  579.027169419  527.910867805  435.022614801  269.421785922  
482.43784539  482.380648192  482.229977853  481.896344666  481.198261646  479.791250489  477.047646323  471.861673396  462.343407088  445.355190019  415.85541901  366.134776982  285.560489459  163.214250659  
349.411920491  349.35212645  349.19534596  348.850606696  348.135924381  346.712498485  343.97926512  338.915763535  329.866082201  314.276420482  288.456525329  247.582985888  186.488575937  102.302867946  
242.637838571  242.582873501  242.439489255  242.126596601  241.48429876  240.220781998  237.831985475  233.492305068  225.925752139  213.29226262  193.173262089  162.824029939  119.963246026  64.3668926033  
161.420770863  161.375143073  161.256740487  161.00035505  160.47921702  159.466386545  157.579647107  154.213356575  148.471627126  139.1366713  124.73478431  103.792924229  75.3811206068  39.932501891  
102.833249802  102.798511698  102.708832754  102.516104291  102.128047932  101.382412135  100.012173876  97.6065759942  93.5809035519  87.1798062469  77.5518571309  63.9377514157  45.9913742734  24.1725141931  
62.7180109382  62.6935067344  62.6305592622  62.4962422598  62.2281772856  61.7184643314  60.7931615629  59.1915657091  56.5546422389  52.4382187863  46.3709744752  37.9735296776  27.1337797247  14.1881191148  
36.622374666  36.6062423673  36.5649921111  36.4775540951  36.3044574943  35.9784188419  35.3929307767  34.3919175718  32.7664129988  30.2671486491  26.6427819377  21.7087969002  15.4383962928  8.04430043534  
20.4781043924  20.4681372805  20.4427596436  20.3892919785  20.2842186413  20.0879696396  19.7388951553  19.1483869919  18.2006102645  16.7615447021  14.7017371056  11.9336944352  8.45720138539  4.39564745838  
10.9693991802  10.9635948349  10.9488733547  10.9180267806  10.8578055943  10.7461668079  10.549238079  10.21913573  9.6945127097  8.90617986481  7.78967532963  6.3045462755  4.45620922737  2.31184449036  
5.63171191983  5.62851454568  5.62043344238  5.6035841048  5.57088194364  5.51065703284  5.40518937752  5.22978115416  4.95332396921  4.5414736722  3.96318890775  3.2002427499  2.25744900289  1.16950737438  
2.77280556983  2.77113453815  2.76692440413  2.75818479752  2.74131060167  2.71041459737  2.65664896709  2.56782982319  2.42882953274  2.22324276133  1.9366157706  1.56095203481  1.09935436705  0.568921003248  
1.31011375944  1.30928307689  1.30719606432  1.30288072997  1.29458712486  1.27947901524  1.25333153502  1.21038651869  1.14358079351  1.04536867291  0.909243888517  0.73179348835  0.514742268301  0.266153827617  
