860.232658431  860.079430315  859.731497184  859.097015533  858.013859435  856.21335057  853.256186255  848.415691083  840.451217028  827.129984864  804.114514311  762.081741499  678.392974527  490.29623121  
724.762919151  724.476545298  723.827591506  722.648153571  720.644445298  717.336220565  711.954227985  703.264809295  689.259461509  666.582448397  629.440502831  567.522542021  462.358202429  283.383086838  
597.489810597  597.105664492  596.237840519  594.668668724  592.022201519  587.69588239  580.751798392  569.746561254  552.46595933  525.516351664  483.730516058  419.460360015  322.356463054  182.006217218  
481.57756446  481.138522137  480.15051267  478.375291891  475.407706917  470.613197483  463.035719643  451.26920426  433.288121554  406.247796554  366.316486142  308.742789229  228.684874762  123.8510553  
379.230056668  378.778305214  377.76609371  375.960100613  372.970079019  368.199487031  360.779264132  349.488209905  332.672157958  308.19461153  273.494458651  225.903596999  163.476852403  86.585464642  
291.600488587  291.171126803  290.213439571  288.517108428  285.736174053  281.354361918  274.643748184  264.625033506  250.0462925  229.412018202  201.116885966  163.763383838  116.741727338  61.04906438  
218.834223968  218.451757001  217.602532047  216.109118243  213.684291522  209.909117151  204.210760048  195.84899137  183.926370258  167.445024087  145.44059413  117.223655047  82.7332071284  42.9282213369  
160.21981798  159.897525341  159.185049533  157.940759683  155.93878496  152.856569674  148.265266093  141.630553165  132.334835027  119.73476999  103.268220066  82.6169620705  57.9083379307  29.8950898116  
114.408864106  114.150288106  113.581039909  112.593330256  111.017588363  108.616254257  105.081347346  100.041416081  93.0849830481  83.8079789224  71.890193928  57.1980090263  39.8954676874  20.5246144225  
79.661095158  79.462646555  79.0274544086  78.2768724489  77.0886858745  75.2945850941  72.6811937063  68.99843547  63.9794867702  57.3758983856  49.008745856  38.8309712434  26.9873915965  13.8496309612  
54.0761325444  53.9299228158  53.6104271154  53.0624072238  52.2009557386  50.9108992135  49.049067759  46.4518250511  42.9502303332  38.3943225253  32.6858483583  25.8151106678  17.893023654  9.1657763281  
35.7843505087  35.6806507835  35.4547800984  35.0692762314  34.4671072614  33.5719338495  32.290475871  30.5184225935  28.1511373708  25.0996438766  21.3108847763  16.7890840403  11.6127409555  5.94046107076  
23.082734844  23.0117752145  22.8576687811  22.5958257951  22.1891260685  21.5884569745  20.7346970556  19.5629753265  18.009831896  16.0233454559  13.5753427001  10.6735875058  7.37073404528  3.76643645314  
14.5139938641  14.4670633155  14.365410757  14.1933866518  13.9275405649  13.5371584486  12.9857432853  12.2339013154  11.2439302166  9.98603219542  8.44550357214  6.62958991899  4.57217307153  2.33439487771  
