870.302276407  870.090240814  869.619970043  868.79057783  867.427398536  865.246979222  861.794697913  856.330061251  847.602348674  833.374649336  809.313127201  766.107286288  681.14011435  491.689501074  
744.048840212  743.649824993  742.766544043  741.213775448  738.67371855  734.637833141  728.30753123  718.422693792  702.955530452  678.542395336  639.397003219  575.232342549  467.619570381  286.051498327  
624.406065537  623.864689455  622.669784459  620.579514769  617.184422588  611.842470234  603.574810169  590.901134078  571.580321584  542.207700772  497.625798873  430.220119353  329.699186049  185.730225901  
514.022936875  513.394327988  512.011974592  509.608508485  505.738392034  499.719485837  490.546417471  476.768630042  456.328173584  426.367089807  383.065396474  321.7121916  237.535485279  128.339810798  
414.860509261  414.200527733  412.755156143  410.259098203  406.277770597  400.162398791  390.989772265  377.489858654  357.972911472  330.287865809  291.886537411  240.145301403  173.195672374  91.5145371538  
328.107364952  327.464583456  326.06295115  323.659398714  319.862555827  314.102652011  305.596307577  293.314218863  275.968033526  252.04734203  219.960080782  178.354312625  126.698817569  66.0989650076  
254.182853991  253.593661328  252.314427814  250.136022642  246.727269696  241.617460027  234.180091897  223.626551408  209.02415873  189.360638726  163.684490488  131.350421304  92.3734912432  47.8174316125  
192.816305979  192.303301088  191.19413881  189.317968919  186.408409782  182.095188395  175.900000197  167.243940912  155.476953479  139.942443889  120.090149422  95.6425474846  66.7971051685  34.4031394105  
143.180920949  142.753927132  141.834378044  140.288705726  137.911600739  134.423410064  129.472530196  122.648191673  113.510298424  101.643112348  86.7369240823  68.6940439017  47.7404001575  24.5032522805  
104.056767278  103.715441731  102.983084292  101.759202785  99.8912978256  97.1753935972  93.3611555428  88.1652024656  81.296477133  72.4966634476  61.5957575401  48.5771694967  33.6381762294  17.2226276886  
73.9980370296  73.7350832489  73.1727858216  72.2380772931  70.8213355169  68.7782831348  65.9355960229  62.1024695857  57.0902021514  50.7407993886  42.9633082718  33.7729156875  23.3233646767  11.9198005925  
51.4842874436  51.2885262298  50.8711971186  50.1807961006  49.1408280129  47.6520360509  45.5973989054  42.8512201334  39.2933145427  34.8283957224  29.4091727753  23.0594830307  15.8915688869  8.11047688379  
35.0421770716  34.9010415293  34.6009990715  34.1067709575  33.3664221746  32.3133979213  30.8705103893  28.9566184256  26.4964381277  23.4332584625  19.743309627  15.4492983613  10.6295751523  5.41915340432  
23.3314775272  23.2327697346  23.0234483814  22.6799889175  22.1680271146  21.4440011124  20.458108482  19.1589758436  17.5001990842  15.448462417  12.9923173877  10.1500285427  6.97441721978  3.55268147635  
