863.714168994  863.542175652  863.15496429  862.45732837  861.282440385  859.356018489  856.23285762  851.180833371  842.955150465  829.321036534  805.941905492  763.498955188  679.361234305  490.787655428  
731.415939261  731.093707271  730.369697177  729.069577962  726.890578596  723.341744414  717.642544275  708.548906485  694.044402194  670.769485808  632.932598592  570.230801619  464.208523498  284.322186997  
606.740314304  606.306313547  605.334136008  603.597175289  600.706990366  596.046134315  588.661009301  577.093746532  559.119112601  531.33816864  488.586066983  423.226038292  324.929229912  183.311983685  
492.669912955  492.171095041  491.057965049  489.081562294  485.821751697  480.626116086  472.519801508  460.079372689  441.266081101  413.228896865  372.138922732  313.258334904  231.769966202  125.416845175  
391.329309755  390.812364273  389.663689309  387.638272938  384.329524348  379.121421407  371.124383122  359.098263133  341.374472927  315.809580965  279.845577464  230.829169304  166.842086222  88.2934382163  
303.895341123  303.399740859  302.303402413  300.384126627  297.279343943  292.452981736  285.156260253  274.390623719  258.88948721  237.150293167  207.570866785  168.768744031  120.161480719  62.7847107837  
230.623191054  230.177221757  229.195071226  227.487915253  224.752600604  220.551205751  214.290893672  205.212966679  192.405922754  174.865124594  151.629230902  122.023244314  86.0123821024  44.5925217368  
170.968852013  170.588669918  169.755015834  168.315869017  166.030832135  162.56003411  157.456385332  150.168720132  140.066616831  126.500561415  108.911164214  86.9933564765  60.8983861571  31.4126505365  
123.775928498  123.46691667  122.792090907  121.634606339  119.812230872  117.072311936  113.090968089  107.482063965  99.8229403834  89.7041449573  76.8078600035  61.011928891  42.501229272  21.8471379782  
87.4902554299  87.2496618192  86.726245697  85.833790535  84.4394967248  82.3624368642  79.375940378  75.2176535227  69.6114021942  62.3042339344  53.1192209639  42.0188850868  29.1654584889  14.9550855305  
60.3688173724  60.1887425575  59.7983541712  59.1363281525  58.1092475768  56.5917946652  54.4301108535  51.4506878114  47.4770653067  42.3556592795  35.9898189371  28.3775461744  19.6437539702  10.0543429089  
40.6577903911  40.527870993  40.2471112193  39.773334551  39.0429171027  37.9716608156  36.4580046704  34.3899891152  31.6571505797  28.1677039342  23.8698309201  18.7737175786  12.9687058567  6.62866999062  
26.7253041872  26.634753161  26.4396325143  26.1118280343  25.6092911387  24.8770334618  23.8497417753  22.4568254314  20.6304665829  18.316642159  15.4881033859  12.1570699449  8.38430109452  4.28086557318  
17.1450133054  17.083936606  16.952668606  16.7330134053  16.3979597644  15.912548157  15.2358074439  14.3242104951  13.1369051455  11.6425736725  9.82717895337  7.7011846343  5.30432754971  2.70599605382  
