578.172660063  578.172659998  578.172659366  578.172653735  578.172607377  578.172256158  578.169819056  578.154405741  578.065991648  577.608012032  575.471871639  566.49442294  532.238169105  411.169800226  
272.084317873  272.084317803  272.084317121  272.08431106  272.084261351  272.083887037  272.081313519  272.065258712  271.975018055  271.521676339  269.504983618  261.649655714  235.26956894  161.040841992  
105.178940928  105.178940886  105.178940476  105.178936833  105.178907044  105.178683838  105.177161082  105.167770556  105.115872742  104.861495028  103.770060836  99.7414499976  87.2704076241  56.2746063803  
33.9521732096  33.9521731917  33.9521730187  33.9521714825  33.952158938  33.9520652542  33.9514296814  33.9475438326  33.9263389973  33.8242873455  33.3977237332  31.8808199526  27.4267395254  17.1340239151  
9.31250022477  9.31250021898  9.3125001628  9.31249966356  9.31249558749  9.31246519692  9.31225974274  9.31101099338  9.30425768765  9.2721791386  9.14055932318  8.68442754725  7.39123929345  4.53470003595  
2.20519247113  2.20519246961  2.20519245481  2.20519232304  2.20519124608  2.20518321817  2.20512903935  2.20480092879  2.20303711022  2.19473439551  2.16110643749  2.04663166306  1.72967698918  1.04962125554  
0.457125736094  0.457125735758  0.457125732486  0.457125703259  0.457125463909  0.457123677933  0.457111627501  0.457038776682  0.456648568826  0.454822652959  0.447492180719  0.422842721845  0.355685974408  0.214343376401  
0.0839434751214  0.0839434750579  0.0839434744355  0.0839434688563  0.0839434230333  0.0839430804136  0.0839407663339  0.0839267797317  0.0838519927426  0.0835032740138  0.0821112601093  0.0774689703103  0.0649589102501  0.0389675615023  
0.0137939234361  0.0137939234256  0.013793923322  0.0137939223889  0.0137939146972  0.0137938570185  0.0137934666541  0.0137911048296  0.0137784785501  0.0137197013616  0.0134858605597  0.0127101306969  0.0106348510126  0.00636036746085  
0.00204589138193  0.00204589138038  0.00204589136506  0.00204589122644  0.00204589007889  0.00204588144209  0.00204582281828  0.00204546739776  0.00204356535032  0.00203471234789  0.00199954484617  0.00188323798791  0.0015735149884  0.000939187481907  
0.00027592008216  0.000275920081956  0.000275920079922  0.000275920061431  0.000275919907599  0.000275918744834  0.000275910823474  0.000275862658308  0.000275604370178  0.000274400900087  0.000269620604464  0.000253832076121  0.000211896434986  0.000126312167471  
3.40536113874e-05  3.4053611363e-05  3.40536111186e-05  3.40536088836e-05  3.40535901904e-05  3.4053448208e-05  3.40524767978e-05  3.40465486795e-05  3.4014666474e-05  3.38658087509e-05  3.32738861272e-05  3.13188055468e-05  2.61314155803e-05  1.5564965539e-05  
3.86751918174e-06  3.86751917909e-06  3.8675191523e-06  3.86751890571e-06  3.86751683142e-06  3.86750099211e-06  3.86739209865e-06  3.86672472815e-06  3.86312252198e-06  3.84625538369e-06  3.77904720286e-06  3.55681470917e-06  2.96707604146e-06  1.76662457113e-06  
4.06162700807e-07  4.06162700542e-07  4.06162697844e-07  4.06162672857e-07  4.06162461367e-07  4.06160837097e-07  4.06149611001e-07  4.06080479103e-07  4.05705752287e-07  4.03944836116e-07  3.96908455939e-07  3.7359501924e-07  3.1165848877e-07  1.8554647003e-07  
