838.826527648  838.756469208  838.587043127  838.250379651  837.619163358  836.468371513  834.407751489  830.759899641  824.326877058  812.904281129  792.161074337  752.752784473  671.98876348  487.036167599  
684.227384622  684.098619253  683.787920439  683.172772975  682.025291479  679.947867109  676.264085768  669.833532233  658.728510779  639.646953507  606.807741668  549.859228968  450.232679423  277.210626964  
541.972388029  541.804364074  541.400329837  540.604760291  539.131924984  536.492377317  531.87524962  523.964722549  510.65710207  488.632099247  452.739012114  395.274138319  305.753358195  173.554543733  
416.386587781  416.201754217  415.75919215  414.893598253  413.305690095  410.493611311  405.650328785  397.519346608  384.204654283  362.947461001  329.935228958  280.351168967  209.195332104  113.930204566  
309.991415798  309.810239228  309.378490013  308.540272166  307.017692334  304.354996156  299.841153232  292.41351932  280.555142317  262.220403998  234.868327473  195.761242172  142.786109016  76.0533515274  
223.467692257  223.30527987  222.920156282  222.178139174  220.843720306  218.538977806  214.69121593  208.476796033  198.778401333  184.18954817  163.124411752  134.116879488  96.3920672051  50.6907986399  
155.90156761  155.766429145  155.447553516  154.837777732  153.751781715  151.898222016  148.847343026  144.002302959  136.589547517  125.692995896  110.365961632  89.8554994432  63.9482021206  33.3666333786  
105.217139907  105.111763149  104.864292401  104.394453067  103.565320617  102.165651606  99.8913480732  96.333015838  90.9808876388  83.262671308  72.6313358343  58.7129874053  41.5018560513  21.5444184269  
68.6775957132  68.6000725462  68.4188285293  68.0770347742  67.478964622  66.4794193871  64.8738600904  62.3943387451  58.718614309  53.5012850536  46.4343868826  37.337870369  26.2651897677  13.5872210701  
43.3494260916  43.2953510834  43.1694524499  42.9335006532  42.5238191544  41.8452708161  40.766369178  39.1189026014  36.7065390468  33.3270580424  28.8109832932  23.0742645179  16.1739828491  8.34613779802  
26.4597587407  26.4238580286  26.3405919067  26.1854216196  25.9178810379  25.4783109142  24.7856189895  23.7381657703  22.2203209915  20.1169892089  17.336875541  13.8420451607  9.67674749339  4.98426144884  
15.6191739531  15.5964191457  15.543826082  15.4463182696  15.2792519982  15.0067168159  14.5806018651  13.941658481  13.0239406846  11.7637008797  10.1127845212  8.05471561784  5.61936402307  2.89037769031  
8.91805386733  8.90425049198  8.87244700666  8.81375511521  8.71375849376  8.55166305923  8.29995676017  7.92526676781  7.39113447698  6.66318852695  5.7165665527  4.54443162913  3.16531529871  1.62635814367  
4.92630812589  4.91827770396  4.89982765448  4.86591983678  4.80843806205  4.71577916628  4.57275676739  4.36118684685  4.0615178144  3.65570870401  3.13120222393  2.48531803727  1.72886723408  0.887545882561  
