866.924979608  866.734224399  866.30798035  865.548152832  864.283912069  862.236265018  858.955127737  853.703982513  845.234840723  831.311633438  807.598955162  764.782022429  680.236796819  491.231703401  
737.565785238  737.207618797  736.408849528  734.989614508  732.639476647  728.858457282  722.856680014  713.381657882  698.41084514  674.582212389  636.10646187  572.688351813  465.885551672  285.172704444  
615.323962026  614.839808562  613.763291299  611.860082253  608.731039835  603.746120987  595.938683143  583.839110717  565.213631462  536.659838751  493.016040034  426.656209142  327.269974773  184.499110658  
503.017745747  502.458472029  501.219566602  499.042759465  495.495014589  489.908728302  481.293319038  468.211188412  448.613292109  419.64441809  377.479471618  317.39357986  234.591856175  126.847989677  
402.693960503  402.110625238  400.823828447  398.578333102  394.953378178  389.316260651  380.760123896  368.029263892  349.443781851  322.855650768  285.71103551  235.370866205  169.941343544  89.8652532947  
315.540276967  314.976657839  313.738807032  311.594046832  308.16528604  302.89935711  295.029775392  283.542040229  267.157974005  244.370307422  213.581141399  173.42258553  123.337271407  64.3953422452  
241.898832537  241.387010883  240.267853913  238.342389729  235.293401751  230.666412667  223.851438392  214.074337997  200.412380455  181.856362807  157.449081735  126.529650865  89.0875695043  46.1521333969  
181.3659385  180.925044989  179.965078698  178.324660331  175.75042262  171.887225502  166.272164484  158.339829688  147.449441163  132.94727144  114.277744143  91.1488015407  63.734083227  32.8508045107  
132.951554099  132.588973215  131.802693631  130.467609861  128.390041261  125.303856944  120.871214708  114.693404181  106.33862065  95.3936897634  81.5441568819  64.6793473558  45.003901439  23.1163970134  
95.2677141615  94.9817235876  94.3638547553  93.3208878313  91.7103169697  89.3397872974  85.9707911943  81.3303120991  75.1344200446  67.1270044475  57.1339859923  45.1276183968  31.2868865198  16.0309942661  
66.7167957319  66.4996761685  66.0322113552  65.2473598414  64.0437804824  62.2868257248  59.8129723597  56.4400054866  51.9851310188  46.292184267  39.2668374583  30.9150352816  21.3753655944  10.9325532252  
45.6567994438  45.497714587  45.1562711672  44.5857891498  43.7164026736  42.4565642518  40.697099237  38.3191886448  35.2073780217  31.2678474694  26.4506064702  20.7720956315  14.3324269364  7.3203012049  
30.5294888703  30.4167491412  30.1754602545  29.774079982  29.1658082946  28.2900621452  27.0757321675  25.4470052762  23.332263166  20.6759322554  17.4521533237  13.6779054094  9.42214455544  4.8072244499  
19.9460836073  19.8686736907  19.7034202981  19.4296027323  19.0167101161  18.4256620245  17.6112177666  16.5260029  15.1263649974  13.3798430391  11.2734219958  8.82106966011  6.06855898862  3.09358924459  
