881.063496094  880.772855697  880.141670086  879.062070854  877.349972355  874.711272391  870.680974505  864.510169904  854.943388093  839.744170253  814.585495285  770.170642452  683.903233644  493.087800633  
764.800716017  764.25010547  763.056490063  761.021186197  757.808231546  752.88855469  745.443566898  734.196926334  717.111687845  690.825081081  649.563964821  583.067891587  472.947806851  288.74789419  
653.699628019  652.94422488  651.311184673  648.539675177  644.194610365  637.604981672  627.763720901  613.167632282  591.562684141  559.545449479  511.977014717  441.280381373  337.220233534  189.536304793  
549.899662974  549.008871179  547.089810762  543.851858629  538.818104818  531.270947558  520.170473271  504.038116064  480.800133106  447.600106237  400.640791744  335.257212548  246.746150521  133.000922028  
455.070285557  454.116373166  452.069315917  448.637769293  443.352010693  435.523547768  424.190488084  408.05143906  385.3989827  354.083802437  311.583211062  255.32505507  183.517913289  96.7381525478  
370.341658619  369.390041495  367.356227966  363.969808561  358.802532718  351.242947676  340.467083921  325.412739082  304.773036381  277.039431078  240.64665606  194.296836854  137.539680493  71.585011844  
296.289634034  295.39241407  293.482671517  290.324040965  285.548610599  278.644156472  268.943756169  255.626043926  237.739914648  214.274985753  184.306490325  147.243034864  103.18034179  53.2862434875  
232.969788557  232.162909451  230.45222769  227.640947039  223.427690693  217.402641912  209.049001616  197.756685081  182.858112103  163.69853003  139.75319016  110.795968495  77.1012303332  39.617521752  
179.989820956  179.293290467  177.822057333  175.418794831  171.846150904  166.788269566  159.858312021  150.616979399  138.608161092  123.417844833  104.759730963  82.5832468305  57.184790703  29.2825416255  
136.606740299  136.026926145  134.806452964  132.823844428  129.898302987  125.79388486  120.229148998  112.895538713  103.487883372  91.749430237  77.5308970839  60.8573591709  41.9883870272  21.448186982  
101.834786061  101.367746755  100.387764884  98.8038514252  96.4822183982  93.2512928273  88.9111971095  83.2496463226  76.0659142908  67.2033786333  56.5888267718  44.2730774012  30.4631257885  15.5327972216  
74.5514825307  74.1864866703  73.4228159709  72.1941372536  70.4039614425  67.9304520733  64.6346280328  60.3730378536  55.0155729405  48.4681152816  40.698092163  31.7588673243  21.8067919429  11.1037880174  
53.5920210706  53.3146912066  52.7359390807  51.8085796817  50.4646267696  48.6194016955  46.1780954987  43.0453279613  39.1378705312  34.399979103  28.8197348122  22.4435883152  15.3853442046  7.82572120983  
37.8256079442  37.6203981276  37.1931417585  36.5110269489  35.527170413  34.1838774141  32.4176089707  30.1658984086  27.3761636007  24.0158671564  20.0828331051  15.6138783984  10.6895129038  5.43262030989  
