592.017666634  592.017666492  592.017665216  592.017654674  592.01757404  592.017005613  592.013328545  591.991599574  591.874813396  591.305985909  588.79967481  578.788187102  542.180080532  416.898158193  
289.019939282  289.019939122  289.01993768  289.019925794  289.019835286  289.019201461  289.015141097  288.991486438  288.866988312  288.279368825  285.812886531  276.697575723  247.444709771  168.05926277  
117.091500025  117.091499922  117.091499002  117.091491428  117.091433964  117.091033859  117.088492692  117.073872271  116.998293045  116.650688949  115.245694722  110.335408127  95.8475151346  61.2220669982  
39.9097843939  39.9097843476  39.9097839326  39.9097805217  39.9097547035  39.9095756926  39.9084461747  39.9020100878  39.8691973496  39.7212203944  39.1394602798  37.1842728943  31.7237931424  19.6144848755  
11.6213762399  11.6213762238  11.6213760791  11.6213748899  11.6213658977  11.621303712  11.6209130996  11.618702801  11.6075480705  11.5579612516  11.3668714534  10.7419984957  9.05973540573  5.49860950926  
2.93342878261  2.93342877804  2.93342873698  2.9334283991  2.93342584403  2.93340819488  2.93329763391  2.93267492422  2.92955456108  2.91582479186  2.86366293439  2.69633685997  2.25698591611  1.35451361206  
0.650204576213  0.650204575126  0.650204565317  0.650204484446  0.650203872214  0.65019964289  0.650173180437  0.650024545964  0.649283217037  0.646044234664  0.633860820314  0.595300754612  0.495781884641  0.295419546322  
0.127983500496  0.127983500273  0.127983498254  0.12798348156  0.127983354931  0.127982479186  0.12797699935  0.127946256874  0.127793342378  0.127128279171  0.124643529742  0.116852211276  0.0969816375681  0.0575167695875  
0.0225881753739  0.0225881753337  0.0225881749692  0.022588171945  0.0225881489414  0.0225879895335  0.0225869909402  0.0225813882565  0.0225535524434  0.0224328048025  0.0219836304553  0.0205839491831  0.0170432063171  0.0100759243092  
0.00360445413594  0.00360445412952  0.00360445407101  0.00360445358363  0.00360444986376  0.00360442401497  0.00360426176192  0.00360335039359  0.00359882193342  0.00357919938341  0.0035063833216  0.00328037453143  0.00271172508542  0.00159975883173  
0.000523773649058  0.000523773648137  0.000523773639695  0.000523773569065  0.000523773027839  0.000523769254117  0.000523745500967  0.000523611811502  0.000522946761708  0.00052006453562  0.000509379395726  0.000476286915266  0.000393303814956  0.000231697717054  
6.97422563128e-05  6.97422561929e-05  6.97422550884e-05  6.97422458027e-05  6.97421743301e-05  6.97416740053e-05  6.97385140619e-05  6.97206799598e-05  6.96317837598e-05  6.92460694675e-05  6.78158101331e-05  6.3389763034e-05  5.23108927622e-05  3.07888037227e-05  
8.55568729511e-06  8.55568728087e-06  8.55568714887e-06  8.55568603325e-06  8.5556774042e-06  8.55561672957e-06  8.55523200536e-06  8.55305333954e-06  8.54216373544e-06  8.49481951636e-06  8.31905425952e-06  7.77496982052e-06  6.41385549533e-06  3.77304357461e-06  
9.71607113514e-07  9.71607111958e-07  9.71607097457e-07  9.71606974211e-07  9.71606015892e-07  9.71599244609e-07  9.71556118898e-07  9.71310940862e-07  9.70081352331e-07  9.64721018642e-07  9.4478117187e-07  8.8298282933e-07  7.28323483118e-07  4.28345926938e-07  
