866.033335853  865.847933153  865.432802438  864.690629163  863.451661274  861.438168788  858.201367731  853.005900019  844.604604475  830.761722211  807.141487865  764.427995203  679.99530848  491.109261978  
735.856626696  735.508719834  734.731252447  733.34585699  731.044162332  727.328611058  721.4118188  712.043521636  697.202760102  673.528099254  635.229551617  572.009723245  465.422646616  284.937998382  
612.935283127  612.465467171  611.418718921  609.562800462  606.501457784  601.60803204  593.919363863  581.968944964  563.525220471  535.186614902  491.790472005  425.707757823  326.623017938  184.171084874  
500.132867263  499.590907638  498.387951787  496.268254217  492.802266736  487.32647344  478.854500194  465.952502122  446.574113608  417.865127012  375.999284078  316.24807945  233.810487184  126.451812677  
399.518195961  398.953918135  397.706691039  395.524057091  391.989095375  386.473603595  378.075357745  365.542786815  347.198941818  320.896902262  284.081552707  234.109824593  169.08115988  89.4291144145  
312.276939989  311.73290074  310.535704861  308.455531215  305.11923534  299.978275511  292.270928624  280.986942293  264.851171302  242.35748443  211.90666765  172.12672173  122.453332673  63.9471581716  
238.728438178  238.235635238  237.155968555  235.293242003  232.334074177  227.828482962  221.171111557  211.591947784  198.17120809  179.900796382  155.822232606  125.270638732  88.2287657403  45.7166927686  
178.431392545  178.008099197  177.084678301  175.502320428  173.011209079  169.26036618  163.791171731  156.042039029  145.374917862  131.137106564  112.771847807  89.9833893034  62.939123743  32.447734145  
130.35063357  130.003648179  129.249752017  127.966117889  125.962213129  122.975596861  118.672225708  112.656779386  104.499874107  93.7892459757  80.2093944683  63.6463705667  44.2992772339  22.7591287755  
93.0526283892  92.7799162637  92.1896201451  91.19046107  89.6426150306  87.3568708923  84.0979576792  79.5957474936  73.5683736034  65.7605020262  55.9971634784  44.2478231948  30.686749618  15.7267038562  
64.8994274604  64.6931990346  64.248350169  63.4994322999  62.3473053601  60.6599020917  58.276356013  55.0168235618  50.7002047335  45.1709730889  38.3340713673  30.1931565795  20.8829464947  10.682878827  
44.2175605144  44.0670980088  43.7435597174  43.2015274994  42.3728792606  41.1681118153  39.4801555238  37.1920704964  34.1897450029  30.379865534  25.7118644567  20.2003707991  13.9424312516  7.12255861597  
29.4276145222  29.3214737704  29.0938886314  28.7142833308  28.1371934  27.3036016187  26.1440110713  24.5840482452  22.5531237412  19.9960524394  16.8865337711  13.2401599341  9.12353984154  4.65582006035  
19.1295219144  19.0570004888  18.9018990422  18.6442133647  18.2544227463  17.6946077142  16.9207231978  15.8864623242  14.5489358867  12.8759713542  10.8542270176  8.49664300461  5.84725261104  2.98137778071  
