859.711149427  859.560593926  859.218276767  858.592877102  857.523003576  855.740859839  852.808081351  847.99887077  840.073264396  826.798836855  803.838011397  761.867096629  678.246220141  490.221714992  
723.767729537  723.486455483  722.848217963  721.686110193  719.707747827  716.43456789  711.099109367  702.469389749  688.538212085  665.950515533  628.912848963  567.11293212  462.078148665  283.240886258  
596.109292921  595.732220466  594.879260569  593.334126979  590.7228169  586.445108893  579.565573886  568.643148536  551.465433267  524.639724318  482.998544462  418.892140152  321.96796573  181.808952967  
479.927547237  479.496958221  478.526712139  476.780218816  473.854650081  469.11823696  461.617904764  449.950363705  432.092250398  405.200010541  365.441596548  308.063622131  228.220520789  123.615273604  
377.437744702  376.995173831  376.00225426  374.227461301  371.283073606  366.575581813  359.2391514  348.055601764  331.373120545  307.056429007  272.544084951  225.165829803  162.97243155  86.3293380465  
289.788423536  289.368341398  288.430154612  286.76536165  284.030557033  279.712532837  273.086627598  263.176596031  248.732893718  228.261246024  200.155995039  163.01744898  116.231720488  60.7901008934  
217.10706888  216.733444361  215.902801501  214.439441545  212.058575108  208.344191084  202.72656483  194.46837953  182.674464837  166.348123694  144.524680406  116.512632154  82.2470682499  42.6813765764  
158.655788817  158.341501015  157.645847491  156.42876621  154.466591596  151.439416207  146.92120994  140.380289857  131.201117313  118.741416181  102.438762146  81.9730509793  57.4680826387  29.6715425626  
113.05642092  112.804764446  112.250058128  111.285869619  109.744535569  107.390786722  103.919079876  98.9602457927  92.1045870955  82.9489568637  71.1728984155  56.6411663534  39.514740986  20.3312932523  
78.5403749527  78.3476581082  77.9245120186  77.1934151266  76.0337337212  74.2790571137  71.7180295414  68.102467031  63.1670220503  56.6640106568  48.4143044186  38.369497889  26.6718694574  13.6894180924  
53.1838191791  53.0421711367  52.7322627418  52.1997515181  51.360989331  50.102315218  48.2821688671  45.7384214433  42.3033083427  37.8274785961  32.212517083  25.4476539288  17.6417817743  9.03820260932  
35.1003503097  35.0001457356  34.7816210768  34.408000949  33.8232190593  32.952095945  31.7025859236  29.9715345501  27.6552075037  24.6650968015  20.9480215  16.5073834295  11.4201320169  5.84265915099  
22.5771260429  22.5087487384  22.3600699816  22.1070078958  21.71315635  21.1302604773  20.30011181  19.1586946608  17.6432167281  15.7021034294  13.3070904519  10.4653340655  7.22834260537  3.69413338641  
14.1531067027  14.1080183658  14.0102380295  13.844478786  13.587800077  13.2101003908  12.6755347518  11.9453203249  10.9822317463  9.75671910786  8.25401405044  6.48092854259  4.4705264134  2.28278082436  
