849.1018969  848.998332176  848.755878185  848.294683657  847.469741724  846.033365729  843.569193111  839.37280515  832.221912737  819.894729098  798.054191936  757.364753248  675.161473289  488.653352502  
703.603327369  703.411375333  702.962960277  702.112974016  700.60017153  697.984208511  693.539438148  686.074506513  673.615804815  652.8284878  617.920078762  558.555760948  456.215275256  280.260057349  
568.323243476  568.069275935  567.477928493  566.362950607  564.39324473  561.021247644  555.369140739  546.051835433  530.903204493  506.558390223  467.851250404  407.100973733  313.889366965  177.701600897  
447.023916105  446.739140559  446.078759279  444.841746024  442.676073516  439.012319318  432.965615762  423.198939911  407.743704381  383.789312169  347.505283812  294.101450117  218.654511041  118.751696371  
342.117209491  341.831211245  341.171012235  339.943258955  337.814753458  334.258898536  328.483057483  319.340160422  305.237168801  284.074158106  253.29135188  210.178999933  152.704433596  81.1088677947  
254.586857634  254.32287961  253.716407769  252.596977061  250.675510824  247.50547096  242.435123896  234.559066828  222.686300006  205.357754929  180.969412516  148.082214063  105.999124743  55.5876465864  
184.112381522  183.885139359  183.365542079  182.413536046  180.795242644  178.157122228  173.997780268  167.646269491  158.262259569  144.882020453  126.54238907  102.514954516  72.656880343  37.805553537  
129.342095711  129.157925351  128.738745133  127.976154592  126.691706911  124.6209776  121.398617344  116.551876139  109.513902271  99.6716761667  86.4640934773  69.5382501177  48.9487230707  25.3401665433  
88.24286099  88.1014095661  87.780856083  87.2015626672  86.2341312674  84.690239973  82.3156859467  78.7911550596  73.7481293463  66.808196092  57.6519931821  46.1165017642  32.3041147211  16.6653156155  
58.4545618845  58.3511088905  58.1176122979  57.6982340088  57.0033044709  55.9043992431  54.231698669  51.7773474736  48.3093017552  43.5998713605  37.4707934577  29.8511728397  20.8358709587  10.7223353751  
37.5933534264  37.5210390987  37.3584286524  37.0680052068  36.5901459473  35.8406608361  34.7102106311  33.0679460176  30.7719270959  27.6882983301  23.7192991241  18.836696405  13.1125847241  6.7355250232  
23.4717723789  23.4233208032  23.314737727  23.1217936078  22.8063349691  22.3151529683  21.5802195888  20.5216922397  19.0550782024  17.1034081211  14.6139752293  11.5771504455  8.04244165447  4.12542714587  
14.2278924442  14.1967030901  14.1270196121  14.0037648868  13.8033885677  13.4934020027  13.0328294449  12.374378436  11.469056235  10.2735582124  8.75994970293  6.92602662954  4.80359860017  2.46139179146  
8.37410424127  8.35477776137  8.31171751197  8.2358670548  8.11318004976  7.92446144252  7.64578536901  7.24993344556  6.70922018512  5.99980897184  5.10715164452  4.03157818139  2.79252076488  1.42968779144  
