875.218495908  874.972597834  874.432716715  873.494398356  871.97812714  869.594901989  865.884592005  860.102073511  850.99373969  836.322331952  811.756820646  767.993005114  682.423635074  492.339417218  
753.511667076  753.047472976  752.030205223  750.267774238  747.433043989  743.006795032  736.179835618  725.683134116  709.483344547  684.216151629  644.100671881  578.862011091  470.090116359  287.302469771  
637.72258194  637.08948373  635.706027476  633.320712822  629.510944677  623.619656878  614.653079604  601.118362107  580.76656572  550.192076352  504.245022718  435.327960347  333.175855358  187.490652269  
530.261411488  529.520955369  527.908679837  525.145431316  520.769652011  514.080876145  504.055534366  489.227774886  467.530113599  436.103443039  391.137050242  327.940826902  241.7750276  130.486521353  
432.958664415  432.174027847  430.472405176  427.57536482  423.030468291  416.168515463  406.046014432  391.375885814  370.457756627  341.139280801  300.882604681  247.087278411  177.920754014  93.9071028896  
346.986875154  346.21405849  344.545115037  341.723272804  337.338535011  330.799823216  321.302600119  307.799778418  288.991919897  263.367278065  229.344565657  185.596021053  131.627913496  68.594834587  
272.853038156  272.135253975  270.591676729  267.999624536  264.009500856  258.129524402  249.712269695  237.951535627  221.903678708  200.555101119  172.964958471  138.51186552  97.2479562127  50.2856389337  
210.453684658  209.819203774  208.460324754  206.193395561  202.734632597  197.693855539  190.572992777  180.776524917  167.644036975  150.517684825  128.85727242  102.407862081  71.40194424  36.7348208415  
159.177066132  158.639902267  157.493877629  155.593813345  152.718616803  148.570579438  142.780169318  134.921547142  124.545222002  111.234321395  94.6882655254  74.8298479373  51.916761588  26.6179724952  
118.033185115  117.595601978  116.665368411  115.131847001  112.828747506  109.536317655  104.988557404  98.8889176887  90.9381319186  80.8768922387  68.5431712726  53.9382760627  37.2872377483  19.0703475112  
85.7922958043  85.4481151381  84.7188398383  83.5228408775  81.7388579568  79.2092998517  75.747622122  71.1519074883  65.2265259731  57.8126457867  48.826044697  38.2970122456  26.4027126937  13.4790436108  
61.1152691776  60.8531811843  60.2995040668  59.3957422971  58.0558967779  56.1698382951  53.6097494402  50.2408586991  45.9373227412  40.6031708193  34.1966080017  26.7538041571  18.4061273028  9.38373623017  
42.6638193377  42.4701963669  42.0622552631  41.3991841802  40.4215266409  39.0541233138  37.2112421812  34.8045598229  31.754314155  28.0032521727  23.531953161  18.3728834094  12.619529019  6.42677686242  
29.1838734209  29.0448634966  28.7526927011  28.2795875999  27.5854081938  26.6199851215  25.3269547147  23.6494281237  21.5375621712  18.9576245727  15.9015061927  12.3949655858  8.50244639171  4.3264071942  
