850.408729174  850.300101486  850.046767997  849.567395186  848.714829793  847.238703405  844.719654487  840.450269511  833.20568409  820.762425132  798.78308611  757.933463724  675.551803165  488.852022516  
706.078632768  705.877091823  705.408071561  704.523656155  702.958534896  700.26728362  695.718574693  688.115381127  675.479215644  654.472038322  619.300720002  559.63299077  456.954624311  280.636371388  
571.714693041  571.447589843  570.828015347  569.665872042  567.62449158  564.149350164  558.354844914  548.848113336  533.45634279  508.810297228  469.742939491  408.576947285  314.902393243  178.217211955  
451.007976987  450.707774171  450.014240761  448.721831069  446.471973018  442.687066336  436.473097414  426.483909102  410.743058238  386.434802289  349.72760883  295.835406595  219.844606222  119.357433317  
346.350165854  346.047781538  345.352369121  344.065772929  341.847840567  338.163284761  332.209749495  322.830457433  308.42402051  286.885044341  255.6526315  212.021384719  153.968953278  81.7524870885  
258.752927771  258.472828556  257.831711475  256.654384735  254.644926193  251.348243395  246.103034651  237.994339973  225.822938492  208.124374817  183.293523946  149.895610104  107.243754112  56.2211439831  
187.959838722  187.717714739  187.166134544  186.160678764  184.461145823  181.706094212  177.385290447  170.818957617  161.159169164  147.437216401  128.688912017  104.18979918  73.8064211954  38.3906544273  
132.702460647  132.505298968  132.05819762  131.248942617  129.893563677  127.720733101  124.357379055  119.323036369  112.044214956  101.90354317  88.3390192076  71.0011911526  49.9528290478  25.8512451303  
91.0329383502  90.8807063722  90.5369820994  89.9189608785  88.8926576473  87.264017217  84.7724224152  81.0921501462  75.8491670925  68.6614435775  59.2088696452  47.3312915204  33.1379054394  17.0897076191  
60.6648936253  60.5529054124  60.3010630264  59.8510192128  59.1094697198  57.9434467255  56.1780469544  53.6003351216  49.9738948647  45.0681675812  38.7042956284  30.8136524739  21.496489911  11.0585862171  
39.2686909738  39.1899116693  39.0134044821  38.6997503697  38.186570895  37.3862311623  36.1855370167  34.4497864327  32.0337227743  28.8013138159  24.6543461624  19.5663054098  13.6133722933  6.99042412966  
24.6893151131  24.6361685737  24.5174928671  24.3076758079  23.9665607552  23.4384344166  22.6524658658  21.5260107825  19.9721639852  17.9123722325  15.2935981479  12.1074609829  8.40643865424  4.3107014529  
15.0777825466  15.0433184967  14.9665950434  14.8315697348  14.613293545  14.2775289361  13.7813425988  13.0754850212  12.1092779436  10.8383096356  9.23441349928  7.296256315  5.05772119716  2.59074091515  
8.94476349533  8.92324005191  8.87545642196  8.79170785982  8.65700859832  8.45098880165  8.14840746468  7.72073117886  7.13914161964  6.37905774144  5.42577482507  4.28020720993  2.96317955987  1.51655420227  
