734.841489997  734.841055359  734.839315595  734.833072837  734.811952078  734.744419625  734.540292497  733.956281379  732.369819965  728.252837727  717.935873482  692.523424788  629.322959818  464.86901242  
498.868287501  498.867585617  498.864784949  498.854779556  498.821126431  498.714366747  498.395153161  497.495828039  495.107347337  489.118481865  474.905804874  442.895010792  374.499223447  237.876352937  
311.673875927  311.673132968  311.670181269  311.659699381  311.624717519  311.514869893  311.19084826  310.294566257  307.973583933  302.357116515  289.689098508  263.18533351  212.309556608  125.048786443  
178.895987059  178.895370635  178.892933506  178.884335915  178.855883717  178.767498813  178.510390214  177.811984613  176.046127738  171.906627327  162.958260807  145.268435506  113.742863213  64.4191738307  
94.3404680931  94.3400413554  94.338362366  94.3324779983  94.3131646664  94.2537867253  94.08329662  93.6277690909  92.4999666892  89.9260900481  84.5484162886  74.3618764197  57.1237859621  31.6618839846  
45.7667962253  45.7665415765  45.7655442414  45.762070199  45.7507543766  45.7162903061  45.6184801978  45.3608854576  44.7344099871  43.3357901521  40.4910960778  35.2727584685  26.7589357663  14.6447282951  
20.4683947744  20.4682610512  20.4677394829  20.4659326553  20.4600871562  20.4424307721  20.3928252801  20.2637790148  19.9545714731  19.2764832021  17.9261200601  15.5083056467  11.6657909144  6.33412060427  
8.46154536524  8.46148265277  8.46123893709  8.46039870528  8.45769636104  8.44959207203  8.42701855154  8.36889826807  8.23133721389  7.93399153304  7.35160843713  6.32792835127  4.73198790983  2.5559359459  
3.24280869388  3.24278213187  3.24267922594  3.2423259092  3.24119529536  3.23782515317  3.22850599098  3.20471760379  3.14898012354  3.02989663355  2.79970102547  2.40078178799  1.78768862156  0.962141626041  
1.15563230184  1.15562204967  1.15558243453  1.15544689203  1.15501499621  1.15373415768  1.15021380468  1.14129154191  1.12055846837  1.07667728634  0.992731726105  0.848853788798  0.630110478963  0.338260974681  
0.384117840444  0.384114207877  0.384100201493  0.384052416648  0.383900691052  0.383452637795  0.382227358452  0.379140133917  0.372014591245  0.357047934411  0.328653415742  0.280405861713  0.207660204803  0.111268565234  
0.119438142804  0.119436953921  0.119432377749  0.119416801937  0.11936748886  0.119222372637  0.1188271673  0.117836200659  0.115561571789  0.110813250067  0.101864552268  0.0867625451048  0.0641388807836  0.0343184795785  
0.0348410655058  0.034840704189  0.0348393153001  0.0348345967388  0.0348196925318  0.0347759573204  0.0346572515178  0.0343607696177  0.0336832857056  0.0322760641802  0.0296381389882  0.0252104055283  0.0186109029718  0.00994731935348  
0.00956057955587  0.00956047712075  0.00956008375797  0.0095587492679  0.00955454182582  0.00954222335021  0.00950887943337  0.00942586385742  0.00923685529302  0.00884583798065  0.00811598975291  0.00689623278353  0.00508544762599  0.00271584727834  
