864.65772107  864.480360969  864.081961759  863.366445821  862.16577501  860.204236508  857.035134835  851.924991938  843.628012371  829.908990493  806.431653499  763.878372778  679.620251503  490.919050427  
733.221784162  732.889281347  732.143860037  730.80952199  728.581179049  724.965137679  719.178014066  709.973145579  695.33218895  671.894769168  633.86992696  570.956969385  464.704257177  284.573664336  
609.257587588  608.809270897  607.807249267  606.022592082  603.063628065  598.309092056  590.801409251  579.079098699  560.914257867  532.906791288  489.892686639  424.23830533  325.620276109  183.662540036  
495.699115043  495.183071785  494.034032216  492.000238469  488.657667834  483.349307777  475.095517834  462.46851513  443.426338358  415.116565105  373.711302877  314.4764952  232.601571338  125.838705204  
394.648518434  394.112701273  392.924684191  390.836389877  387.436967058  382.105357419  373.946734144  361.716185849  343.741602475  317.878025622  281.568545793  232.163997712  167.75333951  88.7557031073  
307.286873022  306.771993318  305.63546215  303.651947669  300.454526223  295.501978191  288.040162358  277.065652615  261.308264288  239.263878426  209.331443668  170.13271357  121.09263038  63.2570695768  
233.896318282  233.431746532  232.410814009  230.641672603  227.816966093  223.493804411  217.074174743  207.794677415  194.740334659  176.905000864  153.328418021  123.339658892  86.911069918  45.048413985  
173.975486322  173.57822047  172.708949898  171.212875547  168.845738342  165.263101905  160.013120642  152.540307954  142.211047635  128.374438661  110.472085471  88.2026578212  61.7239530309  31.8314504424  
126.417964467  126.093944611  125.387829231  124.180331448  122.285824776  119.447643672  115.337725865  109.566137277  101.707409839  91.3508708586  78.1795752388  62.0746512768  43.2267324174  22.2151777063  
89.7190194615  89.4657692169  88.9159652054  87.9813303041  86.5262005888  84.366262199  81.2713162267  76.975802774  71.2011765833  63.6934543785  54.2764435635  42.9154368201  29.7775223895  15.2655796439  
62.1783943344  61.9880467463  61.5762400631  60.8799766823  59.8035132997  58.2187815361  55.9690567906  52.8782261286  48.7679026757  43.4836641876  36.92945597  29.1055294539  20.1407408732  10.3064603378  
42.0746784242  41.9367183924  41.639193785  41.138617281  40.3695427856  39.2456176275  37.6630355794  35.5077964542  32.6679268929  29.0509844147  24.6056168121  19.3437713353  13.3578779261  6.82609448012  
27.7968750498  27.7002453665  27.4924502657  27.1443838455  26.6126188705  25.8405367339  24.7611252798  23.3022495441  21.3949488395  18.9847020883  16.0446124214  12.5882313613  8.67865393626  4.43018940929  
17.9287889884  17.8632680363  17.7227331486  17.4882628037  17.1318369531  16.617303089  15.9024467183  14.942610362  13.6961051609  12.1312484618  10.2342600939  8.01657774231  5.51964697285  2.8152270179  
