869.485116419  869.278376741  868.819040371  868.006872117  866.668097927  864.520296325  861.109887178  855.697278966  847.032354673  832.878360146  808.901050894  765.788889409  680.923186962  491.579593322  
742.478889218  742.090048302  741.227774145  739.708095748  737.214925494  733.241704962  726.991847913  717.206968113  701.860434871  677.588903467  638.605304009  574.620623941  467.202799354  285.840338349  
622.203616942  621.676513317  620.511076661  618.467226219  615.137907589  609.88386357  601.729055155  589.195605264  570.044020736  540.8700524  496.515126855  429.361940422  329.114498186  185.433989505  
511.348869221  510.73758758  509.391009962  507.043899242  503.253636187  497.341457738  488.305401951  474.69786435  454.462871179  424.74297786  381.716866105  320.670225716  236.825580185  127.980131885  
411.896786456  411.256007034  409.85028257  407.416679035  403.523848147  397.526758098  388.505979045  375.194751669  355.905520533  328.487790718  290.391897578  238.990438892  172.408848013  91.1158860883  
325.036669002  324.413780136  323.053221083  320.714370478  317.009210442  311.371849152  303.022825031  290.936226635  273.825972739  250.182245165  218.411446978  177.157727391  125.883565271  65.6859101758  
251.170490794  250.600809913  249.361863737  247.246923413  243.928102326  238.938497462  231.655451891  221.293680689  206.922733135  187.53091514  162.165222131  130.176522183  91.5736934459  47.4122063438  
189.996762272  189.502017048  188.430557254  186.613781407  183.788387616  179.587666231  173.536912605  165.060339641  153.50997792  138.229778274  118.668071171  94.5437406176  66.0484669765  34.0238340074  
140.650319999  140.23971141  139.353994951  137.861621502  135.560046568  132.172816365  127.351559611  120.688305881  111.744834041  100.105896003  85.4605203554  67.7077922998  47.0684459546  24.1627989763  
101.871272933  101.54409502  100.840950431  99.6630910338  97.8604060994  95.2316837593  91.5293820695  86.4725384012  79.7717159545  71.1690227793  60.493365649  47.72536946  33.0578247508  16.9285853319  
72.1772601644  71.9260902241  71.388125171  70.4917510227  69.1293363775  67.1589074942  64.4094679034  60.6922291068  55.8198405304  49.6346620876  42.0448337182  33.0632219799  22.8398317763  11.6748120126  
50.0181292089  49.8318543163  49.4341138161  48.7745745072  47.7783448711  46.3480238674  44.3684654444  41.7155975973  38.2703240384  33.9376443787  28.6695378069  22.4879732931  15.5021827489  7.91318855339  
33.8993501696  33.7656068552  33.4808291578  33.0106512981  32.3043887794  31.2969339902  29.9125616222  28.0713975652  25.6990074844  22.7389039406  19.1667485747  15.0037918448  10.3260373183  5.26536098518  
22.468120764  22.3749958008  22.1772030976  21.8519080917  21.3656916888  20.6760858668  19.7343936939  18.4901996682  16.8977421351  14.9238747485  12.5567198504  9.81344186812  6.74508887159  3.43648816939  
