863.234168807  863.06485921  862.683249772  861.994583945  860.832660782  858.923940983  855.823995673  850.801409157  842.611914984  829.02097833  805.691864956  763.305178437  679.228915088  490.720521591  
730.497725178  730.180626778  729.467332342  728.184371697  726.03017245  722.51520047  716.860409527  707.823083765  693.387806067  670.195485348  632.454279529  569.86011289  463.955400872  284.193761953  
605.461401122  605.034549946  604.077296265  602.36423278  599.5085881  594.894894056  587.571621273  576.082789683  558.20457531  530.538672576  487.919839316  422.709722872  324.576666503  183.133105929  
491.132656866  490.64243172  489.547238226  487.599557166  484.381260606  479.242310163  471.210338584  458.864181295  440.166784365  412.267879514  371.338095562  312.637705622  231.346171836  125.201827203  
389.647328789  389.139783581  388.010730928  386.016736294  382.753405306  377.607319032  369.691617856  357.768640525  340.171653297  314.758058476  278.969328091  230.150086858  166.378376271  88.0581681826  
302.17975022  301.693736257  300.617408725  298.730177639  295.671714186  290.908601525  283.694836364  273.034398481  257.662595574  236.077721266  206.677072655  168.076062048  119.688483037  62.5447280685  
228.970937943  228.534198979  227.571316619  225.895016722  223.20430454  219.063816924  212.883391606  203.906773734  191.224284929  173.832108415  150.768394797  121.35610158  85.5568223958  44.3613859793  
169.454744285  169.083018614  168.26701752  166.85614104  164.611970347  161.196979515  156.166530885  148.971698317  138.983732237  125.553871357  108.122260922  86.3819581769  60.4808900755  31.2008264949  
122.449003769  122.147400803  121.488041555  120.3553266  118.568758242  115.877739809  111.960539511  106.432985574  98.8738851313  88.8744462627  76.1164442208  60.4760801782  42.1353210166  21.6614874474  
86.3742289737  86.1398646909  85.6294530388  84.7578252746  83.3936409828  81.3577025203  78.4251480752  74.3352762713  68.8131471312  61.6063644333  52.5376585209  41.5681701313  28.8576830028  14.7989293134  
59.4656578685  59.2906224585  58.9107547132  58.2655787636  57.2628589596  55.7786779055  53.6606414875  50.736579343  46.8310307413  41.7908624239  35.5191473636  28.0127699174  19.3946613519  9.92796024638  
39.95313469  39.8271456014  39.5545912734  39.0939571743  38.3825414041  37.3372389676  35.8576320066  33.8328055175  31.1530764035  27.7270118145  23.5025783385  18.4890901935  12.7743429393  6.53005531271  
26.1944241031  26.106832918  25.9178918276  25.5999855296  25.1117603326  24.3990517529  23.3974082781  22.0370267395  20.2506778185  17.9846043017  15.2113956201  11.942614708  8.23785560459  4.20656267085  
16.7583040129  16.6993824081  16.5726139635  16.3601663384  16.0355346887  15.5643599249  14.9062989741  14.0183987415  12.8602361759  11.4006875671  9.62559816901  7.54495329176  5.19764084228  2.65186558012  
