699.67242282  699.67236141  699.672060356  699.670720259  699.665126337  699.64324035  699.563083931  699.288397255  698.406698296  695.746260022  688.14062334  667.240840581  610.707463132  454.939889489  
441.684076683  441.683983823  441.683530053  441.68151915  441.673174952  441.640790563  441.523494409  441.127795119  439.886371092  436.267388402  426.464955186  401.79271651  344.237017456  221.735606825  
250.594556874  250.594468088  250.594036011  250.592131995  250.584289501  250.554147512  250.446383351  250.089177957  248.995313871  245.912848696  237.958363059  219.294829254  179.996724651  107.81515967  
127.750369405  127.750304778  127.749991609  127.748619546  127.743010334  127.721660087  127.646287137  127.400556998  126.664390827  124.649775875  119.65157398  108.52890586  86.6971895716  49.9956678241  
58.6482792501  58.6482409057  58.6480558335  58.6472493361  58.6439749512  58.6316214225  58.5885003432  58.449942714  58.0425213391  56.9540403085  54.3357339711  48.7338406903  38.2599269469  21.6025626777  
24.3376559123  24.337636667  24.3375441  24.337142609  24.3355223564  24.3294561654  24.3084858524  24.2419226949  24.0491877338  23.5441153301  22.3579832706  19.8934024302  15.4402205009  8.60947990807  
9.17061048572  9.17060211445  9.17056196583  9.17038851522  9.16969208494  9.16710139253  9.1582177146  9.13030257631  9.05047813807  8.84448189623  8.36962190859  7.40432588959  5.70237117858  3.15469173059  
3.1528686541  3.15286544283  3.15285007694  3.15278390483  3.15251931463  3.15154023258  3.14820504023  3.1378105381  3.10838457563  3.0333657687  2.86291041216  2.52209786635  1.93184408715  1.06318717211  
0.99378058222  0.993779481274  0.99377422242  0.993751631927  0.993661601132  0.993329862973  0.99220582502  0.988725676849  0.978952543387  0.954275288437  0.898830483759  0.789362978222  0.602273304065  0.330271867332  
0.28851215164  0.288511810716  0.288510184236  0.288503210305  0.288475487304  0.288373674878  0.288030155266  0.286972144357  0.284019872738  0.276621666008  0.260144321939  0.22792595389  0.173408104832  0.0948500799107  
0.0774861314473  0.0774860352627  0.0774855767368  0.0774836132195  0.0774758223465  0.0774472827436  0.0773513039879  0.07705691049  0.0762395460299  0.0742034398276  0.0696994855328  0.0609584473025  0.0462790209457  0.0252663926248  
0.0193302197576  0.0193301948551  0.0193300761833  0.019329568399  0.0193275561819  0.0193201985818  0.0192955160261  0.0192200466971  0.0190113258871  0.0184937967177  0.0173550710638  0.0151578337181  0.0114891791385  0.00626393266367  
0.00449609489036  0.00449608893754  0.00449606056915  0.00449593922436  0.00449545873496  0.00449370403733  0.00448782803971  0.00446990399376  0.00442047962846  0.00429836793714  0.00403078671913  0.00351677315607  0.00266234885481  0.00145001043113  
0.000978415105418  0.000978413784641  0.000978407488283  0.000978380554278  0.000978273937475  0.000977884870808  0.000976583551169  0.000972620723811  0.000961717511615  0.000934851916049  0.000876166535555  0.00076381961826  0.000577704910529  0.000314390984448  
