867.797067545  867.600970352  867.163651343  866.386269926  865.096968076  863.015551654  859.690706326  854.384824832  845.849152633  831.84735368  808.044397134  765.126601871  680.471768227  491.350817808  
739.238448832  738.870036893  738.050026674  736.597124425  734.198920778  730.35313323  724.26752533  714.687520194  699.58910288  675.609731513  636.960826838  573.349261355  466.336231326  285.401168244  
617.66394273  617.165457257  616.059226749  614.108921403  610.91264026  605.83711698  597.912407018  585.665970667  566.86197995  538.097310981  494.21127616  427.580807054  327.900466356  184.818727031  
505.847705042  505.271099931  503.996262659  501.762501967  498.133444258  492.43758711  483.680354923  470.420612212  450.606827806  421.382921663  378.925014083  318.51180924  235.354387904  127.234541778  
405.814772946  405.212327372  403.885910286  401.577614181  397.86299687  392.105055123  383.392526894  370.465806557  351.642251931  324.77287802  287.305189117  236.604059904  170.782272162  90.2915478213  
318.754047209  318.170751482  316.892105875  314.682682179  311.161597669  305.771255564  297.740633441  286.051211603  269.421986146  246.344700262  215.222833584  174.692557642  124.203281616  64.8343520812  
245.028977634  244.497994748  243.33911096  241.350674904  238.211776315  233.463622816  226.491809335  216.518279082  202.617546928  183.779446981  159.048118055  127.766629898  89.9310835794  46.5797398945  
184.271651661  183.812974369  182.816136568  181.117271038  178.45958079  174.483918935  168.723275603  160.60860433  149.49656709  134.732541323  115.76219581  92.2971451528  64.5171579303  33.2477729565  
135.535356112  135.156965227  134.337905868  132.950859673  130.799095365  127.612917978  123.050833368  116.710895964  108.159024931  96.9812487871  82.8642193553  65.7005273455  45.7002635648  23.4694085272  
97.4762261324  97.1767253273  96.5308444428  95.4434716361  93.7694926956  91.3135052437  87.8338788444  83.0548302228  76.6904825148  68.48404265  58.262376352  46.0005282882  31.8821427352  16.3327522061  
68.5360054526  68.3077602383  67.8172270802  66.9958055342  65.7400051261  63.9126670014  61.3476944215  57.8605921882  53.2669612617  47.4100737398  40.1963796591  31.634122574  21.8657289177  11.1811376351  
47.1037493994  46.9358181683  46.576031935  45.9764702563  45.065557104  43.7497467146  41.9178165015  39.4491326845  36.2269631998  32.1570392935  27.1899885399  21.3440799024  14.7224788868  7.51803440847  
31.6424502233  31.522908273  31.2675147536  30.8437729876  30.2035669868  29.284775964  28.0147144758  26.3161726169  24.1165484817  21.3599224997  18.0209104105  14.1178975011  9.72218886683  4.95932958755  
20.7749934924  20.6925191894  20.5167643534  20.2262971512  19.7896261786  19.1665251683  18.3105789242  17.1733719482  15.7105185381  13.8892993988  11.6970528727  9.14879403083  6.29204563402  3.20688444057  
