505.066725265  505.066725264  505.066725249  505.06672505  505.066722648  505.066696253  505.066432887  505.064063023  505.044966332  504.908205359  504.044414824  499.263996327  476.144122528  377.763220449  
193.20758746  193.207587459  193.207587447  193.207587284  193.207585324  193.207563816  193.207350287  193.205446584  193.190341361  193.084817479  192.444345121  189.12399629  174.766271455  125.013649867  
57.7098233534  57.709823353  57.7098233477  57.7098232774  57.7098224285  57.7098131128  57.7097208381  57.7089028561  57.7024799057  57.658375402  57.397880238  56.1039081064  50.8740078413  34.6067315721  
13.9034059447  13.9034059445  13.903405943  13.9034059223  13.9034056715  13.9034029126  13.9033755789  13.9031338674  13.9012472952  13.8884330949  13.8140778739  13.4547613578  12.0619678742  7.98929791806  
2.77768745226  2.77768745224  2.77768745189  2.77768744729  2.7776873912  2.77768677168  2.77768061935  2.77762620261  2.7772025426  2.77434241381  2.75792644668  2.67996945889  2.38562181075  1.55632568627  
0.470634074942  0.470634074938  0.470634074877  0.470634074058  0.470634063999  0.470633952299  0.47063283851  0.470622963915  0.470546068521  0.470028242861  0.46707394843  0.453192025961  0.401628550196  0.259646415805  
0.068856035368  0.0688560353674  0.0688560353584  0.0688560352371  0.0688560337368  0.0688560169648  0.0688558488078  0.0688543518735  0.0688426672997  0.0687639619277  0.0683160132853  0.0662232038018  0.0585254259599  0.037626126776  
0.00882624436045  0.00882624436037  0.00882624435925  0.00882624434394  0.00882624415299  0.00882624200191  0.00882622029104  0.00882602595764  0.00882450284693  0.00881421893022  0.00875567060474  0.00848274461637  0.00748411125362  0.00479530483798  
0.00100310290749  0.00100310290748  0.00100310290736  0.00100310290568  0.00100310288455  0.00100310264448  0.00100310020278  0.00100307820129  0.00100290481479  0.00100172933848  0.000995021046915  0.000963737861329  0.000849495782937  0.000543232799826  
0.000102074951761  0.000102074951761  0.000102074951749  0.000102074951587  0.000102074949524  0.000102074925874  0.000102074683278  0.000102072480559  0.000102055006149  0.000101935890451  0.000101253349177  9.80627414494e-05  8.64052043026e-05  5.51998754876e-05  
9.37714698018e-06  9.37714698012e-06  9.37714697913e-06  9.37714696515e-06  9.37714678557e-06  9.37714470578e-06  9.37712317415e-06  9.37692600532e-06  9.3753499025e-06  9.36453526635e-06  9.30223126206e-06  9.00981727349e-06  7.93887239426e-06  5.07031616547e-06  
7.8311493406e-07  7.83114934056e-07  7.8311493398e-07  7.83114932896e-07  7.8311491882e-07  7.83114754072e-07  7.83113031483e-07  7.83097111292e-07  7.8296877189e-07  7.82081485419e-07  7.76936392901e-07  7.52660634892e-07  6.63407718675e-07  4.23800478205e-07  
5.98095562403e-08  5.980955624e-08  5.98095562347e-08  5.98095561585e-08  5.98095551578e-08  5.98095433139e-08  5.9809418168e-08  5.98082500891e-08  5.9798746977e-08  5.97324943818e-08  5.93454478764e-08  5.75076279837e-08  5.0716291193e-08  3.24195826403e-08  
4.19892458201e-09  4.19892458199e-09  4.19892458166e-09  4.19892457678e-09  4.19892451183e-09  4.19892373423e-09  4.19891542658e-09  4.19883706958e-09  4.19819329467e-09  4.19366415409e-09  4.16698602023e-09  4.03938738984e-09  3.5649996607e-09  2.28105867285e-09  
