876.606026323  876.349947301  875.789229449  874.818524499  873.257112261  870.814632741  867.029635403  861.155932131  851.939324629  837.142630843  812.435712053  768.516147109  682.779339111  492.519412414  
756.187809224  755.703979489  754.646524596  752.821630483  749.899837726  745.359305775  738.388297517  727.715728156  711.307110769  685.79827757  645.410063354  579.871006068  470.776170485  287.649630509  
641.501244554  640.840422247  639.400224511  636.926715854  632.994020315  626.94137043  617.771401973  603.988364768  583.341708787  552.426027919  506.093876902  436.752657407  334.144561788  187.980842415  
534.890871421  534.116450698  532.434661301  529.563365895  525.036986617  518.150522404  507.875999517  492.744013217  470.685104602  438.840420531  393.402220037  329.686332112  242.961864915  131.087091619  
438.149415558  437.326698997  435.547139309  432.528958908  427.815211138  420.731609846  410.329723766  395.318488799  373.995316838  344.208146279  303.422455417  249.044451561  179.251514173  94.5805023003  
352.44148884  351.628659776  349.877823846  346.928692347  342.366530278  335.594913522  325.804113083  311.942853124  292.709366544  266.592204893  232.013581743  187.652731049  133.026354685  69.3024829786  
278.293776715  277.536085818  275.910831843  273.191824418  269.024739786  262.912463281  254.20238947  242.08413787  225.611740681  203.77189632  175.627251753  140.563399532  98.6428803358  50.9915083146  
215.644417141  214.971867565  213.535073077  211.147033572  207.519454309  202.257065229  194.856851183  184.719303813  171.181789143  153.586744525  131.397304209  104.365187688  72.7328146321  37.4082780875  
163.937365231  163.365293889  162.147823238  160.13670315  157.106702759  152.755444343  146.708860705  138.537452668  127.789692796  114.048965544  97.0177445982  76.624928654  53.1373172641  27.2356082571  
122.244003318  121.775546428  120.782122156  119.150375539  116.710354592  113.23817539  108.463824496  102.087513762  93.8081736351  83.366722388  70.6038330251  55.5262130345  38.3669496917  19.6167131548  
89.3939984952  89.0234142128  88.24009686  86.9600922035  85.0590067937  82.3757140478  78.7202351502  73.8878807214  67.6814772066  59.9423851364  50.5886914333  39.6553048951  27.3262812317  13.9463969045  
64.0997981363  63.8158346446  63.2173829533  62.2440200799  60.8071496703  58.793711722  56.0730415648  52.5080691874  47.9716708993  42.3680343286  35.6572774663  27.87939791  19.17147484  9.77102564735  
45.0632545005  44.8520477641  44.4081159122  43.6890969102  42.633445336  41.1636445553  39.1916722672  36.6273559299  33.3899029885  29.4221869059  24.706324403  19.2778591108  13.2348691904  6.7381585252  
31.0576664415  30.9049275016  30.5846555443  30.0678660458  29.3127869644  28.2674071497  26.8735733705  25.072951713  22.8148933385  20.0657640044  16.8186548107  13.1017275096  8.98301226404  4.56958927804  
