781.220191108  781.215106123  781.199319183  781.156657008  781.047310005  780.77882265  780.14542786  778.70474894  775.52787283  768.676288352  754.02413111  722.302876056  650.70869778  476.079546577  
578.857055293  578.848261047  578.821035563  578.747767297  578.561017238  578.105904373  577.043308017  574.661874951  569.524300028  558.81238557  537.117484349  494.224523474  411.356819525  257.195896226  
405.641534172  405.631146478  405.599121769  405.513456151  405.296829608  404.774357428  403.571227314  400.92495681  395.362701568  384.184909865  362.716774913  323.426297557  255.558334826  147.715629023  
268.308497443  268.298525005  268.267932835  268.186677017  267.983067216  267.497672887  266.396558598  264.021537787  259.156355377  249.708491884  232.373306404  202.513040878  154.830432954  85.9497653815  
167.320634786  167.312390692  167.287234348  167.220914181  167.056292251  166.668437946  165.801471466  163.965896774  160.293058477  153.369628344  141.133075416  121.009200529  90.5949824242  49.1977775858  
98.3309245312  98.3248873108  98.3065626566  98.2586090136  98.1406667267  97.8658962285  97.2600811222  95.9988011202  93.5264160531  88.9809598159  81.1849118369  68.8061829058  50.8119176517  27.2433129769  
54.4632055085  54.4592218278  54.4471916606  54.4159304508  54.3397028388  54.163942563  53.7811934723  52.9960237205  51.4837376202  48.7603467398  44.199692699  37.1488775966  27.1820783058  14.4591376174  
28.4464069669  28.4440106867  28.4368085137  28.4182143496  28.3732294964  28.2704672276  28.0491191194  27.6008216551  26.7501042681  25.2439232546  22.7691357601  19.0204438004  13.8286135515  7.31794834017  
14.0231821175  14.0218567489  14.0178904992  14.0077108148  13.9832564373  13.9278521842  13.8096463771  13.5728563936  13.1290807214  12.3542651781  11.100343813  9.23071001725  6.68042598295  3.52266487322  
6.53205761988  6.53137903008  6.52935621419  6.52419180333  6.51186296088  6.48413183184  6.42545410395  6.30900565328  6.09303568279  5.72025412222  5.12426245875  4.24651270999  3.06294440301  1.61103590049  
2.87872523964  2.87840184816  2.8774411887  2.87499997797  2.86920416847  2.85624960401  2.82903287555  2.77544820768  2.67693448144  2.50848781578  2.24181421042  1.85287568324  1.33306765171  0.699854303855  
1.20200712746  1.20186301841  1.201436241  1.20035616587  1.19780421563  1.19213126926  1.18028542144  1.1571202255  1.1148433229  1.04311596738  0.930465387128  0.767438470126  0.551066416705  0.288899583472  
0.476219956466  0.476159673016  0.475981622693  0.475532631628  0.474476206587  0.472138842365  0.46728362786  0.457843301724  0.440720443712  0.411856802183  0.366820563148  0.302051291708  0.216561035373  0.113409809738  
0.179287874652  0.179264120983  0.179194126914  0.179018171188  0.178605663748  0.177696681131  0.175816969809  0.172179870584  0.165617029429  0.154613545402  0.137536753797  0.113102226579  0.0809928787767  0.0423785358437  
