861.760081316  861.598819545  861.234039088  860.57239321  859.449649058  857.594608248  854.565300984  849.632572982  841.553867207  828.095452037  804.92018712  762.706863744  678.820216446  490.513118003  
727.679777836  727.378063301  726.696938524  725.465628523  723.386323401  719.973964304  714.454206226  705.588656701  691.365166788  668.426181153  630.979081578  568.716327926  463.174100122  283.79727261  
601.54088989  601.135439883  600.222939123  598.581730298  595.830277067  591.359338134  584.223925495  572.974074885  555.390510052  528.077062769  485.867411531  421.118383891  323.489647561  182.581472303  
486.427570424  485.963026144  484.921535527  483.060080237  479.96681573  474.999177595  467.192650228  455.133290115  436.789502526  409.31358546  368.8748732  310.727854743  230.041580046  124.539780329  
384.509600274  384.030092974  382.959672853  381.059820742  377.933004409  372.973967496  365.304425711  353.694604772  336.483734059  311.532019809  276.279521596  228.064548456  164.95377161  87.3352168331  
296.952132048  296.494641141  295.477961536  293.686505381  290.766927279  286.194117458  279.230800084  268.888982274  253.910041581  232.795126691  203.940098924  165.953944777  118.238887805  61.809093363  
223.950738213  223.541384483  222.635771588  221.051429912  218.494072412  214.536315303  208.596379863  199.925722762  187.620497348  170.679630974  148.139896997  119.318082494  84.1646691887  43.6549002917  
164.869388376  164.522669471  163.758964881  162.432063912  160.309675864  157.061564998  152.250753519  145.335361658  135.691969264  122.674323949  105.721314644  84.5203630808  59.2092458219  30.5554948297  
118.445357544  118.165582643  117.551873297  116.49246341  114.812207395  112.266875868  108.541427599  103.257846027  95.999594399  86.3600738245  74.0199642344  58.8505466546  41.0249243155  21.0979839203  
83.0206976398  82.804611129  82.3324254389  81.5221835261  80.247029313  78.3331003373  75.5611411977  71.675608816  66.4054658569  59.5001552705  50.7814914364  40.2064942845  27.9275222906  14.3268904833  
56.7639367759  56.6036214182  56.2545398737  55.6588044609  54.7277934244  53.3418891784  51.3532163334  48.5937625005  44.8912133438  40.0939192905  34.1042167063  26.9156704386  18.6452289128  9.54763636227  
37.8554725457  37.7409080113  37.4922482181  37.069988763  36.4142346101  35.4452205604  34.0660388608  32.1690047428  29.6468799553  26.4093852814  22.4039165121  17.637210842  12.192417984  6.23473753529  
24.6223366715  24.5433040832  24.3722639158  24.0831078495  23.6365865762  22.9810397037  22.0546477232  20.7900299016  19.1217907628  16.9970390324  14.3879372612  11.3041172832  7.80169078054  3.9852150495  
15.6195478145  15.5668229942  15.4530160038  15.2613864842  14.9669545296  14.5371757567  13.9336146657  13.115074072  12.0424604932  10.6852785178  9.029064884  7.08240627993  4.88166771771  2.49151294874  
