883.363403079  883.05383369  882.384206631  881.245567529  879.452398359  876.709037487  872.54906644  866.222577311  856.47380084  841.066917637  815.67665176  771.009204967  684.472258491  493.37538433  
769.253937293  768.666675687  767.398628381  765.249008978  761.879081574  756.756755128  749.060687364  737.512601743  720.074974491  693.386273267  651.676735877  584.691573569  474.049591833  289.304733563  
660.028544043  659.221053427  657.482232522  654.54826041  649.980108981  643.102477848  632.90438511  617.879885036  595.7741233  563.185432129  514.979700099  443.587970932  338.786099529  190.32768972  
557.724446062  556.769257401  554.719417806  551.280608756  545.971045991  538.067820948  526.526180685  509.86415876  486.00699471  452.100444995  404.353202873  338.110234314  248.68213256  133.979363011  
463.946787231  462.919824974  460.724415428  457.065021454  451.466390308  443.234008717  431.400493509  414.660593581  391.305735728  359.189069711  315.794642982  258.56158157  185.714132455  97.8481172191  
379.803090382  378.773612908  376.581677344  372.952404673  367.451648862  359.461538364  348.152249904  332.457467145  311.069080943  282.481174652  245.135659228  197.746683088  139.880654431  72.7681358365  
305.886616775  304.910424859  302.840302264  299.435349227  294.321672914  286.980537307  276.739080932  262.771763708  244.12622928  219.794759905  188.859869125  150.742358661  105.554892018  54.4863375403  
242.30409378  241.42040859  239.553744755  236.502894934  231.960663787  225.510899271  216.631024195  204.706892192  189.069704665  169.067299846  144.182009714  114.199571798  79.4108295035  40.7847903826  
188.73855005  187.970036405  186.352615253  183.724824574  179.843857509  174.387918641  166.964751847  157.131249739  144.430158292  128.449892511  108.910788686  85.7733916747  59.3495448816  30.3766065588  
144.535451198  143.890405499  142.53745529  140.351375623  137.146424121  132.681272702  126.669569036  118.799303206  108.764266855  96.3099059262  81.2929516181  63.7485547572  43.9502841047  22.4397289012  
108.799819732  108.275481781  107.179132998  105.41649047  102.849421138  99.3016206229  94.5688953142  88.4359251422  80.70107091  71.2096406361  59.8937037549  46.812930017  32.1866122802  16.4038473029  
80.4931612149  80.0792896214  79.2163574102  77.835220646  75.8356824185  73.0918686151  69.4611147123  64.7973785251  58.9697712583  51.8858206963  43.51745958  33.9256023335  23.2770915608  11.8468781647  
58.5212951482  58.2034212397  57.5423278918  56.4884975189  54.9708667773  52.9014060742  50.1822492724  46.7158655085  42.4183777785  37.2354064717  31.158770057  24.2411833944  16.605155485  8.44221506858  
41.8070617008  41.5691070504  41.075348504  40.2910894712  39.1669603305  37.6425586303  35.6518748586  33.1307040493  30.0259392777  26.3061445189  21.9721621292  17.0658688292  11.6748057144  5.93058885127  
