800.82401368  800.810694266  800.773135562  800.682548384  800.475199883  800.017794053  799.040837078  797.011662687  792.887137475  784.603765282  767.925596548  733.52383459  658.618467309  480.174708478  
614.040926597  614.01734358  613.951019383  613.791692605  613.428977602  612.63468411  610.955311713  607.517465879  600.678870069  587.397058173  562.065872235  514.362129227  425.551918876  264.545155211  
449.735022615  449.70608038  449.625006506  449.43139604  448.994085258  448.046293316  446.069850359  442.09921018  434.404703905  420.005818811  393.980354512  348.660953676  273.346149105  156.924877209  
314.088682834  314.059416326  313.977827912  313.784363873  313.351399356  312.424059699  310.519548724  306.76886446  299.689177271  286.896401085  264.829228568  228.709550552  173.295936083  95.5097646282  
208.9100603  208.884254285  208.812688908  208.644278528  208.271035228  207.481283698  205.883887866  202.79785279  197.112436014  187.149595897  170.613849565  144.80370723  107.36698608  57.8808912174  
132.240031734  132.219642688  132.163400626  132.032060403  131.743767952  131.140921383  129.939003798  127.657477699  123.543404779  116.519148988  105.217470909  88.2027052605  64.4835622319  34.3212042813  
79.63926967  79.6246022347  79.5843529765  79.4910535146  79.2881308038  78.8684490451  78.0426396965  76.4993753694  73.7675454762  69.2031716715  62.0394205292  51.5466714792  37.3300612288  19.7127049285  
45.6315948979  45.6218844936  45.5953689663  45.5343305697  45.4026979512  45.1331762272  44.6090289018  43.6427932671  41.9591096709  39.195829047  34.9439238777  28.8458618195  20.7536184412  10.9029143687  
24.8835615056  24.8775991737  24.8613925126  24.8243229146  24.744996187  24.5840277777  24.2742113597  23.7097842204  22.7392558718  21.1696935624  18.792533085  15.4382525341  11.0553706678  5.78744976324  
12.9210701226  12.9176544193  12.9084086477  12.8873832093  12.8427016621  12.752755876  12.5811963203  12.2718009548  11.74572799  10.9052124792  9.64832720247  7.89722075135  5.63578273106  2.94288640222  
6.39334778694  6.39151334665  6.38656652079  6.37537571526  6.3517407365  6.3044961475  6.21508963109  6.05524616305  5.78601428718  5.3601511907  4.72985432696  3.86050200776  2.74788281789  1.43222431715  
3.01691273388  3.01598547424  3.01349344003  3.00788210982  2.99609578404  2.97268069339  2.92867074958  2.8505713186  2.72006802752  2.51535250748  2.21489745268  1.80380351602  1.2813812238  0.66693128509  
1.35894795304  1.3585053376  1.35731938046  1.35465996785  1.34910093635  1.33811658528  1.31759240614  1.28140145804  1.2213323004  1.12775528474  0.991358074374  0.805940912336  0.571629891751  0.297197956125  
0.584894374047  0.584694279575  0.584159572695  0.582964907279  0.580478254234  0.575587819067  0.566496603484  0.550552869332  0.524240110661  0.483486769874  0.424422210127  0.344553774985  0.244078841248  0.12679126981  
