856.44380464  856.309194939  856.000511903  855.429809501  854.440464631  852.770447348  849.98758462  845.3719487  837.688247415  824.706616432  802.089114954  760.508199092  677.316482187  489.749424817  
717.541070675  717.290183299  716.716039998  715.658165653  713.833263225  710.773759407  705.723993132  697.463168472  683.992991917  661.963283975  625.57990025  564.523218859  460.306303141  282.340820147  
587.491017219  587.155999023  586.391744233  584.990869081  582.591949211  578.609975024  572.125851148  561.713999248  545.174344763  519.120941824  478.385354819  415.307669096  319.515517794  180.563151928  
469.658913438  469.278425659  468.413859213  466.839231945  464.166704103  459.782633407  452.753409138  441.694194709  424.596314968  398.624270347  359.944873277  303.79263122  225.298359897  122.130864913  
366.32797601  365.93960172  365.061001602  363.472128973  360.80148041  356.475160629  349.648396816  339.122977136  323.262984825  299.941859459  266.596928152  220.544835332  159.81079534  84.7232776791  
278.610530126  278.244966378  277.421779591  275.944017908  273.484595371  269.550041556  263.436889999  254.188991534  240.572799952  221.102817037  194.172149914  158.367930605  113.050559871  59.1741197073  
206.513383034  206.191415813  205.469739755  204.183603569  202.063686847  198.712687917  193.580974004  185.950279548  174.940602006  159.56356721  138.853332687  112.105909315  79.2320166265  41.1497731876  
149.124902112  148.857077076  148.259434914  147.201764232  145.47431899  142.774027792  138.692941462  132.716522649  124.242884727  112.637244802  97.3361325955  78.0082115269  54.7553548774  28.2935122623  
104.874927119  104.663143512  104.192549346  103.365169675  102.02529232  99.9521038905  96.8555867855  92.3812952945  86.1312568946  77.7087621426  66.7924601094  53.2374645711  37.1859318542  19.1482855756  
71.815280208  71.6553277929  71.3013003007  70.682629353  69.6885071299  68.1644086749  65.9117442716  62.6944374639  58.2567836118  52.3563949925  44.8134114181  35.5715039197  24.7574762336  12.7169260679  
47.8764467828  47.7606469065  47.5052683371  47.0614570885  46.3533213836  45.2765830941  43.6997603456  41.4702836988  38.4280031063  34.4277513694  29.3705387307  23.2393431321  16.1308434424  8.27065912588  
31.0707304735  30.9901435601  30.8130059704  30.5067103719  30.021081021  29.2880646238  28.2232705189  26.7308057458  24.7127210281  22.083688244  18.7900925107  14.8305894943  10.2728542169  5.25985007944  
19.6288730702  19.5748430015  19.4564333623  19.2526125343  18.9312853894  18.4494126647  17.754388992  16.7875142838  15.4902317483  13.8132959591  11.7281269655  9.23840916095  6.38886443574  3.26768282178  
12.0716248798  12.0366612913  11.9602424083  11.829235365  11.6237441049  11.3173506973  10.878167746  10.2711673434  9.46211661069  8.42311201514  7.13916375269  5.61463310685  3.87779198681  1.9816736387  
