821.754730519  821.720184049  821.631221019  821.439436406  821.047796709  820.272650517  818.775003976  815.93496992  810.611731438  800.648115115  781.739324963  744.53576124  666.303512932  484.127798115  
652.396073788  652.333555379  652.172952247  651.828044967  651.127411412  649.750577754  647.116692372  642.192560162  633.156960477  616.79584959  587.377002787  534.539190673  439.633009372  271.788237921  
499.483130968  499.403608123  499.200075863  498.76546373  497.889411952  496.185426654  492.970172073  487.070899109  476.525968393  458.132505296  426.804995879  374.826896053  291.606404762  166.317544569  
368.250162981  368.165708051  367.95053337  367.494239693  366.582935921  364.831387346  361.57699967  355.725283684  345.54105178  328.398402469  300.558528544  257.190013512  193.170909312  105.732841069  
261.154712146  261.075523292  260.874776173  260.452289935  259.616809074  258.030878977  255.129953543  250.015650183  241.334034353  227.174141729  205.069641413  172.26792071  126.532158766  67.7386651209  
178.008061747  177.940752144  177.771002186  177.416505869  176.7224066  175.420880989  173.07552536  169.015489219  162.275037345  151.572838583  135.392375177  112.253510669  81.2661298051  42.9532503569  
116.557738324  116.505077471  116.372949624  116.099103129  115.568024204  114.583635074  112.83407305  109.854613568  105.002726213  97.4704535022  86.3709128415  70.9389054564  50.8612863962  26.6722356276  
73.2956465743  73.2573439031  73.161712287  72.9649288207  72.5867106779  71.8930886101  70.6755582192  68.6318112298  65.3582338843  60.3700821918  53.1686814347  43.3700885518  30.8876033111  16.1149687568  
44.2603959812  44.2343117965  44.1694860358  44.0369833494  43.7844070633  43.3256501892  42.5292447728  41.2090631327  39.1239326407  35.9952671276  31.5519497974  25.6061527361  18.1494183232  9.43588907819  
25.6679699298  25.6512495424  25.6098717559  25.5258147033  25.3667819639  25.080414021  24.5880984745  23.7808005658  22.5207899098  20.654109623  18.0378538511  14.5822667228  10.299590797  5.34136942935  
14.2990789267  14.2889479565  14.2639742745  14.2135238594  14.1187151016  13.9493000412  13.6605219247  13.1913871402  12.4664927766  11.4038479018  9.93034833766  8.0040808632  5.638452208  2.91871125124  
7.65450490612  7.64868304665  7.63438217139  7.60563737598  7.55194347912  7.45664629512  7.29541242706  7.03557660533  6.63748606691  6.05901240279  5.26385658442  4.23289889076  2.9758056242  1.53825699122  
3.93923617152  3.93605416281  3.92826261589  3.9126720906  3.88370557398  3.83260188526  3.74669897161  3.60921666803  3.40009699669  3.09844152155  2.68676015345  2.15653811564  1.51367541446  0.781604425137  
1.94992924476  1.94827114816  1.94422263149  1.93615431874  1.92123495538  1.89505197467  1.85128793008  1.78166238973  1.67640586815  1.52550558603  1.32078713585  1.05855131216  0.742056678528  0.382842594044  
