874.141133237  873.902950649  873.378887007  872.465217293  870.983411756  868.645587692  864.992710115  859.280554668  850.256040216  835.681900178  811.226441654  767.584082123  682.145480005  492.198628461  
751.435374901  750.986049697  749.99926464  748.284335496  745.516026288  741.177273031  734.460996159  724.099897355  708.061643874  682.981905134  643.078519499  578.073929637  469.554052235  287.031139746  
634.794716132  634.182584273  632.842111229  630.523778539  626.807670695  621.039761338  612.229259456  598.88575887  578.761750028  548.451597511  502.803627797  434.216641035  332.419919747  187.108033645  
526.680843102  525.966025788  524.406312699  521.724974257  517.463730009  510.925832144  501.091354759  486.497436183  465.078340559  433.974934758  389.374302045  326.58174156  240.850557006  130.018598056  
428.953350285  428.197391736  426.554562555  423.749143107  419.3323616  412.63917765  402.730175835  388.321622436  367.715100884  338.758237007  298.910712294  245.566939547  176.886594999  93.3836600915  
342.789933735  342.047164338  340.439821904  337.713976647  333.463474655  327.101597178  317.828079479  304.599341077  286.117994758  260.872265358  227.278283261  184.002903722  130.544247716  68.046333262  
268.680799822  267.99288277  266.510537703  264.013908818  260.15722069  254.453027156  246.258151389  234.769879723  219.046608764  198.07471309  170.910781666  136.928077815  96.1706346426  49.7403481389  
206.488491277  205.882391799  204.581699512  202.405448869  199.073488719  194.199759925  187.29023004  177.752695436  164.928681253  148.16031812  126.904971266  100.902617146  70.3780467637  36.2165702033  
155.556477363  155.045224658  153.952322856  152.135046772  149.375621532  145.380102825  139.782648236  132.160447496  122.065782512  109.08175875  92.9055702022  73.4553665524  50.9818098639  26.1447414867  
114.845992202  114.431214965  113.547738371  112.087085644  109.885888092  106.727708308  102.34979548  96.4582683841  88.7554223154  78.9819310189  66.9738079496  52.7282721809  36.4641649869  18.6537439846  
83.0806219511  82.7558412369  82.0663404735  80.9323295258  79.2350346567  76.8196860602  73.5025050268  69.0838453892  63.3694072238  56.2003440177  47.490767194  37.2674882433  25.7024045175  13.1245775291  
58.8812476346  58.6351393253  58.1142248114  57.2615240963  55.9930874479  54.2011110955  51.7600573279  48.5370268658  44.4072732209  39.2748143521  33.0964829723  25.9055835522  17.8291444524  9.09169159226  
40.8789748358  40.6981160251  40.3163452195  39.6940618663  38.7734474966  37.4812015336  35.733414281  33.4432591283  30.5318512268  26.94192927  22.6529765202  17.6951699968  12.1585282572  6.19343702731  
27.7993687546  27.6702578191  27.3983831856  26.9569114179  26.3069736971  25.3998432224  24.1805707199  22.5934292572  20.5892568991  18.1343155216  15.2196461409  11.8692315276  8.14482519073  4.14539348035  
