851.680426283  851.566684125  851.30239414  850.804795393  849.924675944  848.409108646  845.835888728  841.494785495  834.158538357  821.602139415  799.487928775  758.483048043  675.928818179  489.043855849  
708.489721868  708.278485018  707.788693501  706.869725085  705.252365725  702.486339748  697.834928473  690.095763191  677.285812978  656.064127457  620.637096702  560.675000515  457.669444244  281.000087409  
575.023482208  574.743075249  574.095000112  572.885445055  570.772384749  567.194636977  561.259199756  551.565878945  535.935625328  510.995207595  471.576927923  410.006962651  315.883387598  178.716364014  
454.90367174  454.587808876  453.860726341  452.512505097  450.1782653  446.272566245  439.892681381  429.683819638  413.662193034  389.007353162  351.886988265  297.519145641  220.999659155  119.945151404  
350.501142331  350.182076556  349.450925964  348.104874551  345.797048028  341.9838036  335.853499445  326.240156085  311.534556578  289.626289654  257.953625462  213.815554304  155.199766792  82.3787554374  
262.852592267  262.556023531  261.879621325  260.643590652  258.545369626  255.121611988  249.701842735  241.362010551  228.89515916  210.831875129  185.566208896  151.667716962  108.459438085  56.8397158438  
191.761497379  191.504107285  190.919819115  189.859944381  188.078123387  185.205259076  180.722608975  173.941962491  164.00821636  149.948060793  130.796541224  105.833217027  74.9338293025  38.9643111691  
136.038410613  135.827859203  135.352068969  134.495079258  133.067515019  130.791329107  127.285980558  122.063600447  114.544397527  104.106959222  90.1886078127  72.4434144376  50.9422209913  26.3546773555  
93.8173438895  93.6539418178  93.2862834329  92.6284363743  91.5419034397  89.8270193378  87.2169303161  83.3797306041  77.9361241312  70.5007051403  60.7527970248  48.5351854971  33.9638048459  17.5099517901  
62.8835955242  62.7627117991  62.4918081296  62.0100445749  61.2205206221  59.9857967269  58.1259980432  55.4232600822  51.6369699703  46.5338760683  39.9346670165  31.7730575983  22.1546693582  11.3934907038  
40.9610925816  40.8755321864  40.6844937378  40.3466564402  39.7968979629  38.9441712493  37.6714881613  35.8403845172  33.3024001394  29.9194461894  25.5929613528  20.298216354  14.1154884647  7.24591957316  
25.9277444966  25.8696392479  25.7403368787  25.5128332959  25.1449634337  24.5785161877  23.7398829871  22.5436647689  20.9006101609  18.7306590808  15.9805181098  12.6431121461  8.77391721695  4.49768933001  
15.94865345  15.9107049807  15.8265138601  15.6790586252  15.4419774935  15.0792757463  14.5460657887  13.7911596343  12.7622276793  11.4137971419  9.71752027844  7.67298152697  5.31617261878  2.72225220647  
9.53412463842  9.51024497319  9.45741125786  9.36525604808  9.21783719216  8.99359517617  8.66596569137  8.20510251382  7.58106869942  6.76856410316  5.75276062531  4.53519328191  3.1381139776  1.60556900468  
