797.65099638  797.639551645  797.606794259  797.526356708  797.338899656  796.918271087  796.005582792  794.082463049  790.122970026  782.081425164  765.73650498  731.766109817  657.384714288  479.537731897  
608.295730797  608.275539835  608.217903773  608.076944654  607.750230195  607.022503758  605.459467366  602.213610502  595.673789372  582.82980752  558.101999967  511.179319002  423.317876346  263.391731604  
442.430098915  442.405464767  442.335426531  442.165149951  441.773580261  440.910378207  439.081788442  435.355179479  428.04047766  414.198218182  388.939907893  344.613639082  270.505267293  155.458133825  
306.352894476  306.328183062  306.258264858  306.08948134  305.704907588  304.867075459  303.119041724  299.626665807  292.949063976  280.745644911  259.490828615  224.422895725  170.287004369  93.9562396578  
201.70702848  201.685455517  201.624737436  201.479272992  201.151031094  200.444538481  198.992729665  196.14707642  190.835911351  181.42172238  165.642331074  140.811542757  104.56470389  56.4340395432  
126.194165026  126.177320634  126.130163994  126.018048471  125.767471016  125.234423188  124.154589831  122.074690589  118.274602827  111.710739388  101.043852764  84.8511498813  62.1308903295  33.1064708591  
75.0003962843  74.988441206  74.9551459902  74.876566335  74.7025312265  74.3363297562  73.6040920668  72.2154100994  69.7243680132  65.5131394192  58.8364020343  48.9744422488  35.5243930595  18.7803823891  
42.3484006041  42.3406040273  42.3189967592  42.2683518482  42.1571246145  41.9253944  41.4673926322  40.6104667345  39.0971014712  36.5836784177  32.6764213925  27.0248339649  19.4752388524  10.2428325488  
22.7262866062  22.7215775526  22.7085861816  22.6783280428  22.6123800703  22.4762001158  22.2097874917  21.7171138402  20.8584227884  19.4529729438  17.3022405635  14.2413443445  10.2150973394  5.35357017394  
11.5985938931  11.5959436813  11.5886625076  11.5718009264  11.5353017611  11.4605234586  11.3155330882  11.0500781376  10.5925162765  9.85256655414  8.73446973556  7.16323093424  5.12047377545  2.67679677327  
5.6339127003  5.63251612327  5.62869349883  5.61988656601  5.60093853796  5.56238632787  5.48821343739  5.35357412317  5.12365497535  4.75551723249  4.20490825672  3.43885393148  2.45184513739  1.27935521682  
2.60699815999  2.60630625951  2.60441875786  2.60009002043  2.59082678789  2.57209345839  2.53629243711  2.47178080794  2.36247989935  2.18890814507  1.93145889314  1.57612622991  1.12152226488  0.584380172771  
1.15036135334  1.15003797667  1.14915842662  1.14714945864  1.14287070612  1.13426330669  1.11790898103  1.08862342571  1.03933398954  0.961596974727  0.847079814395  0.690039598443  0.490248122287  0.255171088902  
0.484567067368  0.484424062249  0.484036125672  0.483153208017  0.48128054161  0.477530685753  0.470441450438  0.457814685055  0.436682200301  0.403543844612  0.355001464397  0.288783259051  0.204916745597  0.106566648329  
