869.895875124  869.686485152  869.221675  868.400880212  867.049875598  864.885717363  861.454297183  856.015565448  847.319097237  833.128055962  809.108400241  765.949115837  681.032358627  491.634908276  
743.267944893  742.874013023  742.001224244  740.464975017  737.948311056  733.943670519  727.653452461  717.818390589  702.411262663  678.068565555  639.003619504  574.928417134  467.412517034  285.946597862  
623.310318611  622.776075028  621.595891764  619.528800814  616.166532109  610.868420942  602.657004951  590.053172539  570.816600695  541.542817935  497.073797957  429.793646903  329.408645587  185.583027861  
512.692134992  512.072187919  510.707712925  508.332395856  504.502141773  498.536479007  489.431717728  475.738754762  455.400608833  425.559565298  382.394969777  321.194223233  237.182611453  128.161032334  
413.384960398  412.734581783  411.309031219  408.844181285  404.907048533  398.850707889  389.753814824  376.347949221  356.944439033  329.392489815  291.143172252  239.570979858  172.804406434  91.3163076707  
326.577807178  325.9449788  324.563890557  322.192684998  318.441650552  312.74293432  304.31509139  292.130489883  274.901891713  251.119168106  219.189483378  177.758949915  126.293216166  65.8934724013  
252.681486417  252.102061947  250.842991015  248.696332602  245.332539148  240.28278442  232.922466371  222.46461267  207.97763778  188.449542611  162.928068668  130.766008764  91.9753488841  47.6157177331  
191.410108961  190.906251465  189.815970616  187.969530827  185.10207619  180.845097598  174.722070365  166.155628375  154.496740102  139.089070581  119.381647829  95.0951561662  66.4241832065  34.2142028101  
141.917886973  141.499107648  140.596514594  139.077541287  136.738249091  133.300569829  128.414499283  121.670650207  112.629848275  100.876588561  86.1005249452  68.2023572067  47.4054271136  24.3335417347  
102.965073671  102.630846701  101.913142101  100.71233354  98.8771068667  96.2048566212  92.4466311689  87.3202446475  80.5354371241  71.8340945246  61.0456628953  48.1521603353  33.3486278138  17.0759307365  
73.0876994844  72.8306636158  72.2805821177  71.3651097849  69.9756131692  67.9689580835  65.1729741334  61.3978540594  56.4555615844  50.188271281  42.504571686  33.4184889726  23.0819014522  11.7974652586  
50.7505252167  50.5595327876  50.152047729  49.4771484003  48.4591368767  46.9996781946  44.9826814645  42.2832546337  38.7817493181  34.383015636  29.0393934068  22.7737844141  15.6969278212  8.01186335566  
34.46962232  34.3322068099  34.0398436546  33.557708714  32.8344893253  31.8043503422  30.3908303635  28.5134163267  26.097243603  23.0857080192  19.454751816  15.2263517506  10.4776851665  5.34219919862  
22.8984442021  22.8025490843  22.5990340929  22.2647186444  21.7657094196  21.058989124  20.0953050477  18.823759191  17.1982648711  15.1855873856  12.7740606524  9.98139713813  6.85953077403  3.49447473414  
