880.764104532  880.475873675  879.849588685  878.777533335  877.075823712  874.450579165  870.43700857  864.286353125  854.7431987  839.571016107  814.442563522  770.060738627  683.828625847  493.050084637  
764.221474993  763.675526166  762.491391971  760.470683249  757.277827993  752.384183445  744.971558169  733.763900551  716.724374512  690.490073581  649.287429504  582.855256542  472.803460307  288.674923603  
652.877497072  652.128710234  650.509126577  647.758331824  643.441793991  636.889112992  627.093784588  612.553025  591.012957429  559.069961719  511.58451822  440.978580614  337.015357055  189.432734861  
548.885092953  548.002465826  546.10001115  542.887621669  537.889071242  530.387509121  519.343717813  503.279639977  480.121724017  447.013313483  400.156416765  334.88476367  246.493314608  132.873107404  
453.922074271  452.977401533  450.949136451  447.546518388  442.300598776  434.523735374  423.254823708  407.19304691  384.631203566  353.419707547  311.035025289  254.903539837  183.231768545  96.5934994266  
369.121320244  368.179522554  366.165680469  362.810005202  357.685069017  350.180322878  339.472634956  324.500414992  303.957016593  276.333608678  240.064024688  193.848834758  137.235554848  71.4312688324  
295.056029603  294.168735071  292.279179654  289.151625514  284.418992819  277.56997142  267.938485974  254.703789755  236.9150108  213.561477249  183.717513057  146.790152406  102.872902704  53.1308253204  
231.774654148  230.977390119  229.286264379  226.505088861  222.333293026  216.361945719  208.075068824  196.863177654  182.058918138  163.007257565  139.182566555  110.357197813  76.8033705591  39.4669460232  
178.874626559  178.18706714  176.734080305  174.358906991  170.824947722  165.81717316  158.949510885  149.783222249  137.862407938  122.772794564  104.227260808  82.1738125897  56.9068455057  29.1420330726  
135.601064264  135.029339291  133.825318851  131.868038702  128.977380211  124.918145362  119.409584546  112.143646603  102.815351727  91.1677119142  77.0507040787  60.4881216269  41.737728944  21.3214726252  
100.956148826  100.496176016  99.5305669426  97.9687801467  95.6776210389  92.4861684878  88.1951492998  82.5927205338  75.4783230069  66.6951289963  56.1692787502  43.950471022  30.2441229504  15.4220852904  
73.806391349  73.4473871517  72.6959032133  71.4859860467  69.7216499937  67.2816116243  64.0274026584  59.8159467195  54.5172770761  48.0371017722  40.3422993808  31.4852839079  21.6210681365  11.0098994124  
52.9778599599  52.7054681866  52.1367599994  51.2248634946  49.9022075818  48.084569701  45.6775638667  42.5861192948  38.7271245938  34.0446924472  28.5264517838  22.2180704044  15.2322495791  7.74832745234  
37.3329702506  37.1317208303  36.7125198777  36.0428067761  35.0760314112  33.7548650927  32.0161083432  29.7975429155  27.0466808547  23.73087004  19.8475718451  15.4329752572  10.5667050357  5.37053727954  
