822.851933658  822.815707751  822.722825577  822.52369847  822.119386041  821.323523105  819.793603919  816.905618234  811.514447695  801.459129726  782.432461283  745.084687163  666.684613476  484.323179632  
654.427656703  654.362029665  654.194171993  653.835672814  653.111579357  651.696392959  649.002759054  643.989847456  634.828471722  618.297570549  588.660460739  535.555623929  440.338687022  272.150023567  
502.16365496  502.080032735  501.866933353  501.414395302  500.507400731  498.752825845  495.458754008  489.442360504  478.731492972  460.114014189  428.498524146  376.168095024  292.537562971  166.794931149  
371.23811142  371.149090407  370.923258654  370.446994917  369.501216324  367.693297848  364.35107908  358.368837029  347.999661186  330.607319861  302.446439404  258.685171773  194.208966486  106.265035653  
264.123749298  264.040027617  263.828700083  263.386385029  262.51666871  260.874752937  257.886584642  252.64261525  243.777256216  229.369271692  206.945799184  173.753792359  127.563780062  68.2675639293  
180.702649724  180.631231061  180.451888789  180.079412829  179.354265901  178.001959826  175.577461223  171.399782148  164.492604835  153.565268734  137.095320893  113.602226018  82.2025380081  43.4333388069  
118.821263568  118.765155654  118.624979861  118.336045882  117.778908759  116.75189209  114.935882509  111.857636192  106.865727421  99.1443545956  87.8016421931  72.0720512331  51.6480378876  27.0756004326  
75.0702390253  75.0292380166  74.9273056066  74.7187077563  74.3200802661  73.5930645683  72.3234704403  70.2023074063  66.818982784  61.6825964386  54.2905528057  44.2586374958  31.5045405101  16.4312739739  
45.5662745476  45.5382081102  45.4687529148  45.3275678768  45.0599893487  44.5766803352  43.7419877385  42.3648640398  40.1989968549  36.9612646225  32.3776600341  26.2601517329  18.6035119238  9.66870694935  
26.5737486197  26.5556558806  26.5110724814  26.4210019875  26.2515759748  25.9481945311  25.4293415491  24.5825678374  23.2665748463  21.3242558865  18.6106961959  15.0359959152  10.6146372229  5.50289882097  
14.8932146898  14.8821853632  14.855112851  14.8007242111  14.6991069855  14.5185436453  14.212372199  13.7173579884  12.9557553698  11.8435045  10.3061806358  8.30177406289  5.84516010812  3.02469533441  
8.02404962054  8.0176702082  8.00206645487  7.97087628072  7.91295352422  7.81072994456  7.63868672432  7.36276376953  6.94184967951  6.33252732218  5.49767439733  4.41810980058  3.10441297638  1.6041981257  
4.15769293177  4.15418208581  4.14562195118  4.12858843866  4.09712574167  4.04193233404  3.94964515794  3.80265891745  3.58005242457  3.26016422706  2.82501636471  2.26605691446  1.58972549405  0.8205984246  
2.07291560833  2.07107283463  2.06659257483  2.05771343496  2.0413909812  2.01290844424  1.96555358371  1.89058109359  1.77773496471  1.61657215141  1.39864287596  1.12022650886  0.784885287415  0.404802980806  
