823.928853018  823.890909215  823.794033667  823.58746383  823.170377572  822.353747245  820.791642868  817.856059732  812.397740944  802.252109606  783.109704659  745.620692853  667.056562934  484.513810594  
656.4236329  656.354822893  656.179565962  655.807275718  655.05951188  653.605841117  650.852562  645.751440212  636.465617706  619.767332869  589.915716004  536.549103053  441.028092745  272.503357556  
504.801471012  504.713644477  504.490771101  504.020014654  503.081748603  501.276327602  497.903446484  491.770493829  480.895176151  462.056498076  430.157523645  377.481130215  293.448724075  167.261920956  
374.185081751  374.091367084  373.85462299  373.358017157  372.37731835  370.512615575  367.082375615  360.969939218  350.417062175  332.777611434  304.300023586  260.152229399  195.22701784  106.786811859  
267.060470035  266.97207534  266.749882513  266.287310705  265.382816307  263.684340389  260.608488248  255.234809846  246.18641725  231.532201314  208.793124976  175.215916998  128.578419238  68.7875949032  
183.377141621  183.301471955  183.112244576  182.721336685  181.964539849  180.560753362  178.056434781  173.760664568  166.686828915  155.535268574  138.77790041  114.933979365  83.126718348  43.9070110467  
121.07697472  121.017286094  120.868782845  120.564318814  119.980509951  118.910102628  117.02680525  113.848994029  108.716553881  100.806086658  89.2209613953  73.1954573418  52.4276459996  27.4751786254  
76.8468083197  76.8029913458  76.6945091013  76.4736940497  76.0540801869  75.2929162943  73.9703572927  71.7708096337  68.2768320693  62.9915353548  55.4085724719  45.1435815235  32.1186741846  16.7460438297  
46.8802765888  46.8501308022  46.7758383684  46.6256287109  46.3425444721  45.8339996463  44.9601575101  43.5250841532  41.2773977344  37.9295418926  33.2047295846  26.9148167685  19.0578453124  9.90157516614  
27.4902587396  27.4707182766  27.4227664333  27.326410155  27.1461815302  26.8252144194  26.2790737942  25.3919002666  24.01885626  21.9997379467  19.1876878469  15.492724759  10.931610871  5.66536560327  
15.4980299389  15.4860471073  15.4567556516  15.3982252669  15.289488237  15.0973314846  14.773166175  14.2515058223  13.4522671209  12.2893436118  10.6870257653  8.60324822394  6.05439051233  3.13193922506  
8.40267849512  8.395703415  8.37871318393  8.34493441113  8.28256049459  8.17308691854  7.9897882044  7.6971936205  7.25272684461  6.61168764783  5.73614756487  4.60688933656  3.23543379745  1.67135568288  
4.38306386814  4.37919925253  4.36981551042  4.35124386399  4.31713550554  4.25763159532  4.1586505763  4.00174690608  3.76512649053  3.42636295929  2.96699732235  2.37845529908  1.66773667564  0.860585410477  
2.20071819007  2.19867527347  2.19372895992  2.18397917979  2.16615870507  2.13523471824  2.08408738014  2.00349454555  1.88270463683  1.71084013346  1.47917777177  1.18398374176  0.829137834051  0.427486358675  
