883.913170573  883.598967331  882.919944402  881.766909645  879.954033373  877.18531837  872.994046602  866.630110914  856.837705127  841.381187926  815.935712967  771.208178019  684.60721656  493.443573272  
770.319350152  769.723108574  768.436852936  766.259336039  762.851217963  757.679757285  749.923031155  738.302376857  720.780199038  693.995310416  652.17878132  585.077171824  474.311132824  289.436879841  
661.544885755  660.724614756  658.959879533  655.986203278  651.363698132  644.416137957  634.131714437  619.003932114  596.777834689  564.052245428  515.694237757  444.136775108  339.158338898  190.515767543  
559.602950909  558.631929917  556.549987615  553.06199283  547.685096066  539.695241722  528.046652871  511.256681858  487.250441726  453.17429714  405.238409135  338.790121912  249.143282633  134.212363982  
466.083277113  465.038308947  462.806389299  459.09105662  453.415846421  445.084940601  433.129791092  416.244371751  392.71996527  360.410412968  316.801431567  259.334851964  186.238622062  98.1131212902  
382.087530237  381.038800953  378.807828875  375.118746363  369.536111442  361.440657044  350.001313965  334.150936797  312.581262004  283.78711216  246.212182983  198.573515088  140.441474048  73.0514962074  
308.212372465  307.216581745  305.106718886  301.640877382  296.443844682  288.995463603  278.621603767  264.495880599  245.665780187  221.124337109  189.955881811  151.584160556  106.125865988  54.7748287124  
244.575830151  243.673002707  241.767524172  238.657203576  234.033556137  227.479041197  218.469841642  206.39098574  190.57352058  170.366018936  145.252587344  115.021839516  79.9685546364  41.0665876532  
190.878011894  190.091471997  188.437498873  185.75370386  181.796065331  176.241479623  168.696522358  158.717308333  145.846437745  129.673017048  109.919053606  86.5478010268  59.8748095661  30.6420030414  
146.484755318  145.823287005  144.437036338  142.199933801  138.92512981  134.370103821  128.247438555  120.244414886  110.054691189  97.4243430693  82.211624113  64.454153176  44.4288766425  22.681543948  
110.522274687  109.983426698  108.857655442  107.049931437  104.421142873  100.793931201  95.9631612734  89.7128858427  81.8413475102  72.1944103611  60.7054888952  47.4364337129  32.6095224591  16.6175283577  
81.971955441  81.545627733  80.6574376819  79.2376001295  77.1850774975  74.3730901785  70.6581648181  65.8937203  59.9487659362  52.7313066171  44.2144297283  34.4609220718  23.6401890251  12.0303382633  
59.7566098459  59.428331877  58.7461415772  57.6599854743  56.0980976341  53.9716916503  51.1822252881  47.6317170572  43.2362044656  37.9417061835  31.7410050838  24.6883801528  16.9084814086  8.59547495677  
42.8122561594  42.5658366048  42.0549131153  41.2443528319  40.0842141304  38.5134783741  36.4655855158  33.8759635327  30.6914356115  26.8808895784  22.4459524245  17.4297736509  11.9216367034  6.05530401773  
