851.048876414  850.937697586  850.678894808  850.190414066  849.324061964  847.828175658  845.281953035  840.976550466  833.685883891  821.185694676  799.138438873  758.210585859  675.741932094  488.948771524  
707.292040797  707.085664615  706.606278194  705.704599961  704.113347533  701.384643009  696.784427921  689.112964256  676.389452546  655.274363596  619.974307552  560.15828948  457.31502358  280.819764315  
573.379224834  573.105489849  572.471697411  571.285876417  569.208653629  565.682138957  559.816982966  550.216603661  534.705015936  509.910940166  470.666981108  409.297565249  315.396799109  178.468795886  
452.966685696  452.658680852  451.948420296  450.628153471  448.336125075  444.490773115  438.193674565  428.09429448  412.212455503  387.730009346  350.815001436  296.683418012  220.426416751  119.653494656  
348.43576309  348.125073787  347.41185547  346.095604559  343.83277882  340.083871937  334.041831837  324.545218518  309.988666378  288.264218048  256.810525547  212.924381935  154.588491363  82.067747333  
260.810987527  260.522695941  259.864013887  258.657432426  256.603683854  253.243511573  247.910978658  239.686522497  227.36699548  209.485411416  184.43619943  150.786744595  107.855156235  56.5322650701  
189.866386367  189.616676343  189.048830619  188.016282998  186.275732122  183.461878017  179.06019192  172.386631476  162.589630605  148.698134329  129.747540912  105.015394681  74.3728606044  38.6788965845  
134.373534412  134.169726853  133.708375247  132.87538367  131.48406438  129.259706889  125.825473294  120.697158135  113.298079437  103.008807247  89.2669751322  71.7248845664  50.449356851  26.1039126194  
92.4259290567  92.2681601558  91.912562947  91.2747637664  90.2185118159  88.5469312233  85.9962642503  82.2376683769  76.8944478046  69.5828553793  59.9824758987  47.9346166228  33.551851259  17.300352672  
61.7732870417  61.6568957918  61.395611417  60.9298379953  60.1644680149  58.9642885309  57.1518962778  54.5118724961  50.8056807602  45.8013943924  39.319911726  31.2937682596  21.8259035534  11.2262161318  
40.1128395584  40.0307091261  39.8470153034  39.521387887  38.9900747263  38.1637304457  36.9272560223  35.1440568846  32.6672604777  29.3597914139  25.1232494991  19.9320049073  13.8642856467  7.11810801837  
25.3059812731  25.2503884195  25.1264661812  24.9079073904  24.5535516013  24.0064355084  23.1943359453  22.0332251504  20.4350164663  18.3203936209  15.6361820251  12.3746467979  8.5897616472  4.40399075523  
15.5106358134  15.4744559505  15.3940524161  15.2528948265  15.0253293486  14.6762406708  14.1617177097  13.4315392025  12.4341968157  11.1247424891  9.47491274439  7.48382746079  5.18641985174  2.65623343234  
9.2371268087  9.21444539527  9.16417798113  9.07629017893  8.935320019  8.72030453107  8.40534191032  7.96124190686  7.35862498507  6.57254731194  5.58823832324  4.40691821496  3.05012104162  1.56079751793  
