824.986092172  824.946392684  824.845451234  824.631341733  824.201385878  823.363944559  821.769749383  818.786925735  813.262234475  803.027650667  783.771595549  746.144228982  667.419686877  484.699862138  
658.385002513  658.312936379  658.130138533  657.743864153  656.97222954  655.47995659  652.667150179  647.478395884  638.069446744  621.20614301  591.143684894  537.520394597  441.701781638  272.848532106  
507.397652591  507.305518219  507.072667795  506.583408389  505.613555821  503.75705183  500.305392182  494.056459859  483.018178494  463.961080713  431.783025442  378.766869744  294.340519722  167.718847472  
377.091914359  376.993379756  376.745471849  376.228160322  375.212111338  373.290233493  369.771812288  363.529542965  352.79422399  334.910231802  306.120170357  261.59194442  196.225619912  107.29846512  
269.96530085  269.872093812  269.638753834  269.155504928  268.215704898  266.460119173  263.296176633  257.792785901  248.562104351  233.663532787  210.612199563  176.654803273  129.576456942  69.2989624041  
186.03153398  185.951471578  185.752067992  185.342281478  184.553245151  183.097301112  180.512520034  176.098254989  168.857876503  157.483046759  140.440344465  116.248992385  84.0388468556  44.3743647601  
123.324553418  123.261149937  123.104039852  122.783606137  122.172520807  121.057977803  119.10658245  115.828470948  110.555042202  102.455542962  90.6288157249  74.3091079347  53.2001154948  27.870977977  
78.6248929556  78.5781412897  78.4628588426  78.2294239954  77.7882511533  76.9921963398  75.615793732  73.3369279216  69.7314394769  64.2966144999  56.5225191247  46.0247621925  32.7299041373  17.0592303017  
48.2019529804  48.1696292439  48.0902893664  47.9307108106  47.6316177993  47.0971589866  46.1833184979  44.6893120691  42.3587601539  38.8997719156  34.0328893039  27.5699431273  19.5122814433  10.1344252371  
28.4171599822  28.3960947575  28.3446086735  28.2416908197  28.0502476822  27.7111230108  27.1369500098  26.2084657354  24.7773246223  22.6802792526  19.7685952156  15.9522710541  11.2503871166  5.82870657262  
16.1133237547  16.1003306624  16.0686971136  16.0058174314  15.8896450287  15.6854465375  15.3426863189  14.793617131  13.9558247999  12.7411797487  11.0727238189  8.90837632084  6.26605525891  3.24039778628  
8.79031260319  8.7827023447  8.76423929798  8.7277247912  8.66067269412  8.5436206618  8.34861629787  8.03876364355  7.57001644568  6.89639807029  5.97919159978  4.79916883952  3.36881962079  1.73970458768  
4.61535250861  4.6111080814  4.60084347647  4.58063519701  4.54372733156  4.47968703382  4.37369724387  4.20645774822  3.95529265272  3.59700952902  3.11267574938  2.49370966531  1.74769157569  0.901556165764  
2.33338241001  2.33112306821  2.32567471255  2.31499187704  2.29557489112  2.26206309411  2.20691642204  2.12042424549  1.99133080319  1.80832035561  1.5623984357  1.24982653325  0.874815885528  0.450893255993  
