841.211750039  841.134851683  840.950348204  840.587560999  839.914970103  838.702073778  836.552182384  832.781081574  826.184520206  814.55337792  793.554652945  753.845644908  672.741755534  487.420358599  
688.711131641  688.569510527  688.230473099  687.56622406  686.340974169  684.146814726  680.295230545  673.633002458  662.220567507  642.746987793  609.427450806  551.91364021  451.648192539  277.93284979  
548.038632265  547.853219622  547.410853717  546.548865852  544.970831783  542.173368886  537.329235692  529.105287241  515.381770512  492.826392445  456.283450623  398.053746239  307.668546254  174.531712549  
423.388655884  423.183758151  422.696965234  421.754728061  420.045420168  417.051097797  411.945825283  403.453104093  389.658382016  367.789006591  334.026663304  283.559758546  211.40610414  115.058189597  
317.265651117  317.063639816  316.585959282  315.668147228  314.019485743  311.167505792  306.381535967  298.578146298  286.221115164  267.250416347  239.11906527  199.094785289  145.082989029  77.225274898  
230.434481931  230.252126213  229.823034372  229.004819789  227.549690869  225.063715219  220.955381897  214.381138521  204.205204981  189.007289813  167.195806981  137.309805657  98.5920742111  51.8132998773  
162.133335301  161.980368923  161.622186646  160.944286709  159.750360754  157.734741581  154.450838934  149.283991447  141.444120811  130.002786022  114.00813937  92.7118483649  65.9163145578  34.3708209585  
110.464969874  110.344590942  110.064041592  109.536867134  108.616888874  107.080798902  104.610318301  100.781040302  95.0692743281  86.8923107486  75.6987646937  61.1186226016  43.1594279138  22.3901641075  
72.8602403319  72.7707697775  72.5631808596  72.1757189663  71.5052809143  70.3970503036  68.6351817258  65.9397559597  61.9774273512  56.3944833356  48.8794829668  39.2554656989  27.5864975164  14.2613984615  
46.5166910737  46.4535771239  46.3077453808  46.0372363189  45.5727869888  44.8119756271  43.614750864  41.803831085  39.1744692164  35.5181449142  30.6627434579  24.5265504381  17.1746831319  8.85673366039  
28.745045458  28.7026292094  28.6049934916  28.4249082149  28.1178759897  27.6189801278  26.8409459659  25.6755858865  24.0011930397  21.6981212432  18.6731674862  14.8900798704  10.3989065731  5.35273768605  
17.1939681567  17.1667282074  17.1042425456  16.9895800597  16.7953187377  16.4819242225  15.9970234685  15.2768526397  14.2512747624  12.8534024758  11.0337630543  8.77703836907  6.11709450292  3.14434303063  
9.95645507694  9.93969757906  9.90137773059  9.83138430947  9.71346876281  9.52444674562  9.23399444034  8.80575975668  8.20051804849  7.38182491737  6.32394648629  5.02080800757  3.49357630276  1.79385372839  
5.5825681178  5.57267294969  5.55010911361  5.50906558423  5.44026805473  5.33060226845  5.16310394249  4.91770484427  4.57310356135  4.10994716546  3.51512601963  2.78644059985  1.93636760931  0.993424204996  
