872.652949009  872.42515155  871.922417068  871.042077097  869.607035416  867.331044557  863.75668606  858.141083696  849.231979932  834.792173441  810.489098349  767.015264536  681.758397203  492.002654009  
748.569704968  748.140376989  747.194662662  745.54391236  742.865650675  738.645962634  732.080881677  721.905705675  706.08968801  681.268623915  641.658670824  576.978598109  468.808674118  286.653765429  
630.759242587  630.175269827  628.892630724  626.664672202  623.075366554  617.47512231  608.877532711  595.795848051  575.984792838  546.038909181  500.804156654  432.674162634  331.370255373  186.576603294  
521.755179066  521.074730365  519.585604802  517.014570644  512.908093414  506.574839196  497.000234277  482.725880879  461.688770793  431.029988187  386.933727652  324.698974497  239.569323169  129.369926926  
423.456874959  422.739264775  421.175197323  418.492856709  414.248767911  407.783932841  398.164909658  384.112947036  363.932673251  335.471957479  296.187258279  243.465942962  175.45685285  92.6598006542  
337.047673206  336.344963097  334.819896933  332.222623932  328.152524823  322.029194636  313.058610808  300.202399568  282.16635611  257.438960609  224.432977031  181.807900117  129.05053079  67.2900835029  
262.992386118  262.344148163  260.943299163  258.574024881  254.896033829  249.428135916  241.533339672  230.414091094  215.131940995  194.673518188  168.092077528  134.753590876  94.6908766958  48.9911647655  
201.10416848  200.535621994  199.312059726  197.256342529  194.093511319  189.443430234  182.817923393  173.629672935  161.223191378  144.940851401  124.236863158  98.8443014657  68.9773413925  35.5074092405  
150.662451343  150.185326986  149.162522064  147.45479027  144.849077335  141.056824522  135.7175146  128.412780147  118.697620249  106.155361822  90.4803319096  71.5844070546  49.708599247  25.5001286797  
110.559569881  110.17467895  109.352587141  107.987865528  105.921281242  102.941115452  98.7892832604  93.1757966324  85.8053324796  76.4187599083  64.8495821637  51.0895240371  35.3489740028  18.0891338723  
79.453964493  79.1544654069  78.5168923422  77.4640347139  75.8806192212  73.6158698741  70.48995743  66.3065314668  60.8733087583  54.0316093879  45.6934216856  35.8809085706  24.7588149002  12.646846608  
55.9114564908  55.6860466703  55.2076468175  54.4213900063  53.2461940055  51.5775268464  49.293086495  46.262674084  42.3631960335  37.4988078879  31.6246044705  24.7700836664  17.0564161476  8.70046543381  
38.5217572117  38.3573239463  38.0092916901  37.4397377293  36.5931205382  35.3987376327  33.7752488989  31.6379724995  28.9093368183  25.5321907522  21.4846387153  16.7938363443  11.5451521921  5.88288896409  
25.9836430758  25.8671815723  25.6212896602  25.2204268333  24.6274789211  23.7957213478  22.6721852394  21.2027968778  19.3394069357  17.048363001  14.319644457  11.1749067739  7.67232116825  3.90616740643  
