880.156990703  879.873607165  879.257186099  878.200327482  876.519567267  873.921487225  869.941727023  863.831846299  854.336557816  839.219199041  814.152085331  769.837339874  683.676950793  492.973402576  
763.047202114  762.510628753  761.345572932  759.354257128  756.201921481  751.3608177  744.013587641  732.884795676  715.937851215  689.809589914  648.725587038  582.423158838  472.510090436  288.526605141  
651.21159489  650.47610832  648.883589774  646.174492757  641.915437563  635.437293187  625.734737703  611.305861357  589.897135742  558.104574967  510.787444366  440.365572434  336.599158996  189.222318311  
546.830578308  545.964353383  544.095276126  540.934309629  536.006649014  528.597008889  517.667630131  501.741533563  478.745597472  445.82271452  399.173394733  334.128746972  245.980021433  132.613602521  
451.598866287  450.672739874  448.682215499  445.337743047  440.171981363  432.499058618  421.359519801  405.453767577  383.075086957  352.073382193  309.923425526  254.048636257  182.651336141  96.3000508895  
366.654676144  365.732568562  363.758794889  360.464851849  355.425018717  348.030626607  337.460295469  322.653730338  302.304801701  274.904137698  238.883773133  192.941131392  136.619273587  71.1196960075  
292.565546462  291.698130814  289.849028165  286.783798911  282.137087149  275.399481567  265.906676096  252.839232384  235.246800836  212.118163957  182.525829869  145.873655566  102.250650303  52.8162334062  
229.365147321  228.587114136  226.935122657  224.214241172  220.125567488  214.262008121  206.109297332  195.05921689  180.444918657  161.610842439  138.029602273  109.470476951  76.2013335113  39.1625740829  
176.629768829  175.96012437  174.543594251  172.224590257  168.768067755  163.860710104  157.11804091  148.102502099  136.358666294  121.471769103  103.153052874  81.3476596344  56.3459299022  28.8584505955  
133.580153087  133.024554097  131.853350071  129.946631162  127.12567896  123.156837896  117.760795828  110.630565056  101.461591211  89.9964446994  76.083629562  59.744360984  41.2327525105  21.066171041  
99.1938697543  98.7479574459  97.8109617577  96.2932610227  94.0628821522  90.9502496422  86.7573444392  81.2732515912  74.2977834653  65.6737276744  55.3259403029  43.3018718078  29.8037554317  15.1994478201  
72.3150514364  71.9679444494  71.2406717731  70.0680586087  68.3551534395  65.9818121159  62.8106282687  58.6993114199  53.5182097788  47.1727062468  39.6285928605  30.9363809634  21.2483886848  10.8214828559  
51.7513275329  51.4887190562  50.9399204294  50.0587004456  48.7783389197  47.0155507534  44.6768238369  41.6677342556  37.9054300937  33.3337569655  27.9394503668  21.7666132543  14.9257304845  7.59335952159  
36.35148793  36.1580659854  35.7547945518  35.1096259398  34.1766912721  32.8994124322  31.2152896747  29.0626228279  26.3891319645  23.1619515446  19.3778281585  15.0716985698  10.3214137443  5.2465242932  
