754.385025406  754.383770768  754.379272675  754.364965975  754.321936905  754.198966012  753.864609835  752.997757707  750.845780405  745.692520654  733.643052759  705.599591601  638.784628813  469.854185409  
531.981612119  531.979521755  531.972050188  531.94838845  531.877630707  531.6769721  531.137168192  529.758718698  526.412214618  518.667728886  501.519773682  465.051231678  390.531173592  246.323327104  
349.445067991  349.442742859  349.43446809  349.408421196  349.331143783  349.114248593  348.5387203  347.096107908  343.682618775  336.063912028  320.048030126  288.459602834  230.597913154  134.684707392  
213.392675386  213.390615938  213.383323165  213.360525  213.29347866  213.107399238  212.620725523  211.423583761  208.660269267  202.692516333  190.686891436  168.353369335  130.447301844  73.2206475537  
121.060614522  121.059071943  121.053637556  121.036768082  120.987593608  120.852612958  120.504438001  119.662821235  117.762732831  113.773125575  106.027732537  92.2444675397  70.0640273888  38.4801177659  
63.826019683  63.825012356  63.8214813058  63.8105939703  63.7791216536  63.6936139023  63.4758137727  62.9574437839  61.8092522755  59.4540846562  55.0093981889  47.3602732843  35.5059307697  19.2536066078  
31.3070361303  31.3064516702  31.304412422  31.2981638519  31.2802381893  31.2319827135  31.1104301219  30.8249867129  30.2028232428  28.9508382634  26.6403816628  22.7637523546  16.9162463319  9.10068574655  
14.3101043867  14.3097990495  14.3087381616  14.3055056018  14.2962949376  14.2717004733  14.2103438727  14.067897576  13.7615604912  13.1546536023  12.0543049876  10.243488435  7.56558790488  4.04904189602  
6.107409957  6.10726487477  6.10676266311  6.10523995368  6.10092697421  6.08949119646  6.06119719594  5.99614112949  5.85778809397  5.58714293118  5.10330383951  4.31887095047  3.17580550815  1.69359525131  
2.43909970169  2.43903650008  2.43881843282  2.43816008739  2.43630493899  2.43141570566  2.41940382027  2.39200846969  2.33428394415  2.22252506857  2.02496165125  1.70836729812  1.25215755225  0.666049058546  
0.913582649617  0.913557241615  0.913469819764  0.913206866119  0.912469150137  0.91053489536  0.905811030692  0.895110448588  0.872735399206  0.829779833347  0.754526008727  0.635032880029  0.464319114809  0.246518127267  
0.32166974523  0.321660266737  0.321627731123  0.321530174909  0.321257503676  0.320545683618  0.318815960876  0.314919984954  0.306824958835  0.291391161916  0.264548794346  0.2222360289  0.162190213884  0.0859890320719  
0.106709607284  0.106706310504  0.10669501652  0.10666124135  0.106567136051  0.10632236886  0.105730078368  0.104402331803  0.101657997404  0.0964552823398  0.087460020925  0.073362876721  0.0534633440726  0.0283141145321  
0.0334263215928  0.033425248072  0.033421576464  0.033410620361  0.0333801741695  0.0333012256795  0.0331108532407  0.0326857711988  0.0318109711448  0.0301602260419  0.0273198500789  0.0228893595595  0.0166615996926  0.00881648903844  
