835.466700944  835.40540618  835.255458751  834.952938722  834.376507145  833.309033614  831.36967876  827.891168299  821.685144433  810.554593574  790.171888723  751.190432041  670.911008856  486.485865832  
677.926308697  677.813976261  677.539802743  676.988680447  675.943932495  674.02275195  670.56637953  664.453398429  653.774083643  635.240227117  603.077108291  546.929095643  448.211387108  276.178553349  
533.480403455  533.33452038  532.979699574  532.270399025  530.935994307  528.506988514  524.196309752  516.713746581  503.979828979  482.692952212  447.711041776  391.325027104  303.029135987  172.163550636  
406.637348493  406.477924463  406.091843029  405.325261702  403.896240998  401.325829608  396.834316894  389.194612015  376.538522567  356.128716549  324.162568271  275.817129874  206.067593837  112.33317081  
299.932783706  299.777810739  299.404309638  298.668208718  297.309508543  294.896089031  290.745114201  283.824285773  272.645362644  255.184877426  228.912089572  191.082980082  139.558861925  74.4055021921  
213.914264067  213.776725032  213.446895313  212.801822723  211.622994877  209.554939803  206.051745681  200.318604552  191.265480221  177.506940009  157.466892467  129.673201982  93.3266240805  49.1255603137  
147.439063556  147.325943454  147.056017881  146.532071294  145.583839375  143.939867748  141.19413201  136.77533803  129.934108911  119.773024134  105.354030641  85.9188546958  61.2325099899  31.9799733435  
98.1696390695  98.0825851093  97.8758513597  97.477447092  96.7629867397  95.5377929351  93.5175363557  90.3141074202  85.4378850343  78.3321296435  68.4570110229  55.4342043187  39.2399681535  20.389468614  
63.130022618  63.06691035  62.9177084245  62.6321085039  62.124254786  61.2619911923  59.8563448335  57.6561299828  54.3549740989  49.6197289861  43.1481084344  34.7565807239  24.4844531236  12.6779474166  
39.2057510595  39.1624299901  39.0604443089  38.866434695  38.5240979647  37.9480408523  37.018407725  35.5795135811  33.446887399  30.4274703506  26.3560350979  21.1459349964  14.8436839332  7.66686016042  
23.5141963112  23.4859323384  23.4196491474  23.2942698493  23.0745700802  22.7078185599  22.1211939626  21.2219663383  19.9029433237  18.0555491045  15.5915153533  12.4710652252  8.73093605622  4.50130708945  
13.621706952  13.6041251491  13.5630371648  13.4857139724  13.3510667087  13.1278840336  12.7736660796  12.23520956  11.4522951516  10.3656015202  8.92903100711  7.12486115069  4.97786744452  2.56281110762  
7.62333211153  7.61287785453  7.58852378525  7.54290310707  7.46390386254  7.33377858461  7.1286537143  6.81907739951  6.37230619152  5.75684129978  4.94915671208  3.94160940274  2.7494287025  1.41399255771  
4.12279151283  4.1168370013  4.10300488954  4.07720123715  4.03274008398  3.95990950877  3.84578223249  3.67460925887  3.42914679379  3.09313895197  2.65485984794  2.11113008341  1.47071127308  0.755721548017  
