653.874563751  653.87455912  653.87452959  653.874357128  653.873418512  653.868670379  653.846408329  653.749902392  653.363688712  651.936408688  647.048032244  631.385767349  583.569075114  440.16473459  
372.357283097  372.357276799  372.357236759  372.357003886  372.355743753  372.349419504  372.32009328  372.194936765  371.705294108  369.956057818  364.271043672  347.530859737  303.170601107  199.379124697  
184.32179979  184.321794638  184.321761988  184.321572962  184.320556511  184.315498673  184.292316207  184.1949431  183.822307223  182.531730683  178.519445405  167.444102757  140.760927415  86.4576773777  
79.6227899245  79.6227868297  79.6227672743  79.6226545265  79.622051696  79.6190751437  79.6055734054  79.5496487076  79.3396168475  78.6304716992  76.5008677677  70.8940008606  58.2240765829  34.498982517  
30.2234841204  30.223482645  30.2234733427  30.2234198887  30.2231354285  30.2217398843  30.2154641168  30.1897665001  30.0947109884  29.7801366118  28.8600319852  26.5194685754  21.457196428  12.4591464244  
10.162563082  10.1625624988  10.1625588272  10.1625377811  10.1624261886  10.1618814928  10.1594487544  10.149577719  10.1134984179  9.99593586034  9.65885443791  8.82265972731  7.06852435459  4.05479534887  
3.05187267369  3.05187247697  3.05187123954  3.05186415781  3.05182670614  3.05164459407  3.05083550701  3.04757561914  3.03576996765  2.99775605056  2.8903842384  2.62890526386  2.092163518  1.19093563046  
0.824917040502  0.824916982703  0.824916619178  0.824914540518  0.824903566021  0.824850344344  0.824614805011  0.82367081225  0.820276018679  0.809442928128  0.779187988412  0.706510089248  0.559641549197  0.316942718273  
0.202134881481  0.202134866454  0.202134771909  0.20213423138  0.202131380089  0.202117576114  0.20205664908  0.20181340439  0.200943184707  0.198184922415  0.190546436893  0.172382765336  0.136094466526  0.0768041918987  
0.0451929803577  0.0451929768586  0.0451929548223  0.0451928287822  0.0451921640302  0.0451889485709  0.045174780429  0.0451183651086  0.0449172893891  0.0442831103413  0.0425378472433  0.0384188625528  0.0302584907538  0.0170340038988  
0.00927308738044  0.00927308664331  0.0092730819949  0.00927305538171  0.00927291495762  0.00927223582269  0.00926924592976  0.00925736021917  0.0092151046371  0.00908230284815  0.00871849538899  0.00786460615276  0.00618329314563  0.00347472222503  
0.00175534333592  0.00175534319429  0.00175534229961  0.00175533717004  0.00175531007749  0.00175517898991  0.00175460195683  0.00175230993566  0.00174417412279  0.00171866528775  0.00164900850989  0.00148616729603  0.00116696370161  0.000654942609777  
0.000307969636675  0.000307969611685  0.000307969453494  0.000307968544848  0.000307963738799  0.000307940461827  0.000307837951134  0.000307430813909  0.000305986702795  0.000301465333413  0.000289145131828  0.000260423039919  0.000204300807751  0.000114555913506  
5.02893552651e-05  5.02893511922e-05  5.02893253477e-05  5.02891765708e-05  5.02883882039e-05  5.02845644337e-05  5.02677080583e-05  5.02007275758e-05  4.99631629652e-05  4.92198548769e-05  4.71969603415e-05  4.24894815104e-05  3.33112437834e-05  1.86662074865e-05  
