379.975563218  379.975563218  379.975563218  379.975563218  379.975563207  379.975562992  379.97555894  379.975491336  379.974501027  379.961901704  379.824459999  378.558157761  368.868269535  308.248175975  
96.3314168417  96.3314168417  96.3314168417  96.3314168415  96.3314168369  96.3314167378  96.3314148564  96.3313833214  96.3309219057  96.325106373  96.2630562864  95.7156735083  91.8591796405  71.3946924875  
17.729377851  17.729377851  17.729377851  17.7293778509  17.7293778499  17.7293778269  17.729377386  17.729369928  17.7292602921  17.7278801143  17.7132952519  17.5874991454  16.7389354858  12.5812607366  
2.51518074861  2.51518074861  2.51518074861  2.5151807486  2.51518074844  2.51518074493  2.51518067637  2.51517950235  2.51516208611  2.51494179643  2.51261661506  2.49275237355  2.36167688799  1.74526871089  
0.286770599473  0.286770599473  0.286770599473  0.286770599472  0.286770599455  0.286770599057  0.286770591154  0.286770453757  0.28676838994  0.286742046599  0.286462659368  0.284078380445  0.268489416808  0.196665899224  
0.0270769847289  0.0270769847289  0.0270769847289  0.0270769847289  0.0270769847273  0.0270769846919  0.0270769839743  0.0270769712793  0.027076777671  0.0270742753431  0.0270474934903  0.0268178381915  0.0253176411102  0.0184633271426  
0.00216479304636  0.00216479304636  0.00216479304636  0.00216479304636  0.00216479304625  0.00216479304367  0.00216479299036  0.00216479202869  0.00216477710459  0.00216458126718  0.00216245900955  0.0021440945399  0.002023552043  0.00147312875279  
0.000149058504076  0.000149058504076  0.000149058504076  0.000149058504076  0.000149058504069  0.000149058503912  0.000149058500586  0.000149058439303  0.000149057469667  0.000149044522591  0.000148902081875  0.000147654180289  0.000139389317705  0.000101470901574  
8.95772118862e-06  8.95772118862e-06  8.95772118862e-06  8.95772118861e-06  8.95772118828e-06  8.95772118008e-06  8.95772100248e-06  8.95771765557e-06  8.95766357102e-06  8.95692732437e-06  8.94868587651e-06  8.8753948612e-06  8.38405851486e-06  6.11033104701e-06  
4.74849590131e-07  4.74849590131e-07  4.74849590131e-07  4.7484959013e-07  4.74849590116e-07  4.74849589746e-07  4.74849581517e-07  4.74849422649e-07  4.74846796649e-07  4.74810290161e-07  4.74393716581e-07  4.7062508979e-07  4.44986903619e-07  3.24958139026e-07  
2.2396727929e-08  2.2396727929e-08  2.2396727929e-08  2.2396727929e-08  2.23967279284e-08  2.23967279138e-08  2.23967275793e-08  2.23967209539e-08  2.23966087688e-08  2.23950135896e-08  2.23764268046e-08  2.22050499125e-08  2.10194145455e-08  1.53904761598e-08  
9.46613679522e-10  9.46613679522e-10  9.46613679522e-10  9.46613679522e-10  9.46613679503e-10  9.46613678991e-10  9.46613666957e-10  9.46613422114e-10  9.46609169194e-10  9.46547226354e-10  9.4580910474e-10  9.38861176517e-10  8.89889783425e-10  6.53643673919e-10  
3.60654560281e-11  3.60654560281e-11  3.60654560281e-11  3.60654560281e-11  3.60654560275e-11  3.60654560116e-11  3.60654556258e-11  3.60654475524e-11  3.60653035001e-11  3.606315142e-11  3.60368872041e-11  3.57841127174e-11  3.39660168042e-11  2.50382823638e-11  
1.2447911006e-12  1.2447911006e-12  1.2447911006e-12  1.2447911006e-12  1.24479110058e-12  1.24479110014e-12  1.24479108906e-12  1.24479085021e-12  1.24478646642e-12  1.24471919788e-12  1.24387724362e-12  1.23558025445e-12  1.17459132818e-12  8.69270855702e-13  
