862.257227302  862.093283911  861.722890686  861.05222081  859.916370369  858.043341363  854.990321985  850.027380928  841.911370167  828.408274642  805.18108259  762.909194253  678.958449227  490.583275064  
728.629828124  728.322989278  727.631139014  726.382584862  724.278234463  720.831500799  715.266429657  706.34314355  692.048364017  669.02399396  631.477660819  569.102988152  463.438267709  283.931345229  
602.861917391  602.449342794  601.521929736  599.856745062  597.07046904  592.551735285  585.353317958  574.023187603  556.34049709  528.908324619  486.560690094  421.656039114  323.856975948  182.767902141  
488.011716152  487.538629349  486.479258416  484.589054897  481.454035399  476.429086806  468.547009514  456.391382984  437.928728223  410.310439128  369.706259094  311.372617361  230.482085513  124.763349928  
386.237667838  385.748843483  384.658921623  382.72771374  379.555354085  374.533805554  366.781855401  355.067026586  337.726492332  312.619472024  277.186471108  228.767915024  165.434316803  87.5791081525  
298.708275881  298.24131848  297.204824035  295.381507949  292.415652962  287.779322779  280.732264776  270.283738543  255.173031198  233.900287789  204.86182224  166.668771701  118.727264251  62.0569597403  
225.634767393  225.216338088  224.291728257  222.67684091  220.075114053  216.056452768  210.036222934  201.26324555  188.831668392  171.739455534  149.023813781  120.00359239  84.6330176065  43.8926023327  
166.404998913  166.050006575  165.268983724  163.914235397  161.751395933  158.447756694  153.563735248  146.555047432  136.796443261  123.640791066  106.527374432  85.1454953544  59.6363452534  30.7722622104  
119.783651778  119.49666877  118.867870784  117.784197861  116.068695575  113.474978697  109.68573517  104.320851995  96.9621966995  87.2024032213  74.7224948446  59.3953910966  41.3971716194  21.2869125248  
84.1393527137  83.9172431595  83.4324491757  82.6019319124  81.2973228548  79.3429568675  76.517679597  72.5641946712  67.2101299897  60.2042864267  51.3687648193  40.6619545392  28.2387023068  14.4848257825  
57.6631112821  57.4979564354  57.1387438894  56.5267161509  55.5720353611  54.1536343789  52.1221107245  49.3080419007  45.5380398657  40.6599382309  34.5763031357  27.2818000511  18.8953777329  9.67459651913  
38.5518780119  38.4335668605  38.1770636412  37.7421900717  37.068108909  36.0739318051  34.6615676843  32.7222389752  30.1478751564  26.847796138  22.7695752652  17.9208020472  12.3861756768  6.33307738865  
25.1428620028  25.06103026  24.8841299517  24.5855488971  24.1253332639  23.4509827835  22.4997929946  21.2035658045  19.4962831031  17.324753501  14.6612719353  11.5161072085  7.94652934468  4.05872676318  
15.9955165971  15.9407709398  15.8227330941  15.624298635  15.3199785755  14.876621604  14.2551526581  13.4137837609  12.3129712794  10.9220026581  9.22651000493  7.23554001217  4.9862944937  2.54461570138  
