796.006357035  795.995784812  795.965286621  795.889690829  795.711857652  795.309265102  794.428494779  792.558655867  788.682935441  780.765264107  764.592369226  730.846051867  656.7381424  479.203650591  
605.325367112  605.306750777  605.253192213  605.120972574  604.811631157  604.116466513  602.611059207  599.461410748  593.072867674  580.452593301  556.035469252  509.517498482  422.150019828  262.788301085  
438.669000995  438.646358132  438.581476995  438.422255628  438.052666014  437.230667113  435.475011012  431.87017701  424.746977337  411.187938236  386.322998265  342.509189055  269.026328654  154.693960378  
302.392770128  302.370151715  302.305655  302.148496046  301.787039633  300.992552014  299.321258002  295.957035805  289.481001077  277.575731731  256.735073277  222.206735803  168.729529136  93.1514757942  
198.046308693  198.026666231  197.970949831  197.836212826  197.529310334  196.862839698  195.481906437  192.754641764  187.629724061  178.491075681  163.094496571  138.762528531  103.124659832  55.6899416382  
123.148137516  123.132895232  123.089890565  122.986683039  122.753831801  122.254040412  121.233119552  119.251653858  115.60645969  109.271801971  98.9234141605  83.145792533  60.9323322918  32.4871414137  
72.6865858252  72.6758440365  72.645694117  72.5738652625  72.4132690566  72.0722901355  71.3847490869  70.0707724808  67.697319997  63.6601406996  57.2253108808  47.6786714488  34.6136692249  18.3097747158  
40.7291729893  40.722222588  40.7028096824  40.6568766151  40.5550334942  40.3409232124  39.9141580191  39.1094595768  37.6783296552  35.2866616457  31.5486709831  26.117762051  18.837684948  9.91337455841  
21.6755132609  21.6713512571  21.6597790779  21.6325697566  21.5726967972  21.4479288724  21.2017563564  20.7429377135  19.9375727201  18.6111008046  16.5701948301  13.6525146756  9.80120895027  5.13968616628  
10.9630890093  10.960768304  10.9543423118  10.9393188515  10.9064842416  10.8385933957  10.7058242766  10.4608203547  10.0354841595  9.34327830589  8.29159338647  6.80697785555  4.87005198877  2.54738311137  
5.27422835994  5.27301746375  5.26967695876  5.26190686615  5.24502710681  5.21036429329  5.14309635435  5.02001717769  4.80832154168  4.46719276191  3.95416515252  3.23714201089  2.31004834765  1.20607473956  
2.41582307039  2.41522940386  2.41359708659  2.40981746936  2.4016502745  2.38497924986  2.35284147673  2.29446582748  2.1948420457  2.03561831773  1.7981401437  1.4688701707  1.04612087963  0.545411470963  
1.05464837178  1.05437393693  1.05362158722  1.05188650606  1.04815477693  1.0405772858  1.02605341651  0.999835494629  0.955386327907  0.884828811184  0.780308329216  0.636317724938  0.452479383331  0.235650873894  
0.439306601062  0.439186621519  0.438858559768  0.438104647819  0.436489811081  0.433225694085  0.427000276767  0.415821960032  0.396976032195  0.367230752014  0.323414596922  0.263367825445  0.187047599755  0.0973308994859  
