852.303558301  852.187241294  851.91744748  851.41072243  850.516856919  848.981689  846.381648187  842.005158431  834.623824221  822.011923147  799.831699694  758.7509668  676.112543663  489.137318082  
709.671991471  709.455869815  708.955636777  708.019354314  706.375916157  703.572703709  698.870406936  691.064104352  678.168611485  656.841622071  621.289344574  561.183332434  458.018033672  281.17741704  
576.647843012  576.360725703  575.698306668  574.464966234  572.316079097  568.687243728  562.681897377  552.896338016  537.148557008  512.063459578  472.473097957  410.705398197  316.362341904  178.960011397  
456.819293532  456.495518829  455.751523817  454.375257197  451.998772658  448.032832453  441.570510098  431.252876771  415.092653443  390.26719318  352.943888763  298.342850641  221.564519033  120.232500076  
352.546574918  352.219063527  351.46985904  350.093868484  347.740942906  343.863384508  337.645065983  327.915588515  313.062006216  290.971559036  259.082200685  214.695124015  155.802938448  82.6855943335  
264.877888242  264.572959879  263.878687096  262.613020091  260.470154069  256.982726895  251.475821105  243.021008111  230.4076378  212.163969557  186.683739342  152.538684033  109.056713148  57.1435559565  
193.645189101  193.38002697  192.77912379  191.69169364  189.868360124  186.936290229  182.372608386  175.48503121  165.415018117  151.18709318  131.836008084  106.643349596  75.489389432  39.2469314032  
137.697002221  137.479610656  136.989197038  136.107953645  134.643848687  132.315544638  128.738860093  123.422338449  115.783160131  105.1980036  91.1039312201  73.1567987105  51.4314375832  26.6035487752  
95.2070319642  95.0379016582  94.6579965228  93.9798363264  92.8626973595  91.1041565926  88.4343088747  84.5182409266  78.9741176684  71.4149322927  61.5197892212  49.1329689083  34.3737488176  17.7184970022  
63.9956471905  63.8701822414  63.5894836333  63.0914725609  62.2774663804  61.0078180357  59.1002098599  56.334369386  52.4676505129  47.2655190133  40.5484872433  32.2514656523  22.4827513905  11.5603922027  
41.8132917954  41.7242228506  41.5256825269  41.1754004549  40.6068882325  39.7274065128  38.4180942781  36.5386409335  33.939026945  30.4801794134  26.0634010441  20.6648784581  14.3669396111  7.37383816676  
26.554481262  26.4937974417  26.358981346  26.122330378  25.7406745214  25.1545576205  24.2889930306  23.0572228919  21.3688480467  19.1430837648  16.3265359151  12.912802676  8.9588684455  4.59177852003  
16.3917540116  16.35198382  16.2638971045  16.1099784455  15.863155341  15.48655246  14.9343073878  14.1542708054  13.093300884  11.7054118078  9.96218409235  7.86367795276  5.44695170485  2.78878311318  
9.83571448392  9.81059584659  9.75511253045  9.65856080227  9.50451460795  9.27081479234  8.9302331682  8.45226870972  7.80643110323  6.96707049869  5.91930957668  4.66500701698  3.22714080397  1.65085968516  
