806.744952926  806.727359992  806.679075439  806.566387903  806.316857768  805.783417734  804.676691747  802.437941348  797.993527023  789.24926042  771.944999348  736.742192073  660.872385371  481.336702257  
624.811634267  624.780281196  624.694454453  624.494940603  624.055517905  623.122946779  621.207559439  617.38853069  609.968083235  595.847907389  569.377822667  520.216888586  429.65221609  266.659046248  
463.535573373  463.496683497  463.390639368  463.145569678  462.610024661  461.485131652  459.20637976  454.747443192  446.307523911  430.834531644  403.349830083  356.16328345  278.600347686  159.633673544  
328.859607862  328.819706317  328.711419151  328.462925832  327.924896208  326.808113154  324.580181573  320.307036644  312.42969478  298.487422514  274.858464412  236.740293086  178.920276871  98.4094114822  
222.850323675  222.814495086  222.717764919  222.497477473  222.025168684  221.056759094  219.154303629  215.575391949  209.137382334  198.08985201  180.080216908  152.383896654  112.675867926  60.6179310043  
144.131546104  144.10262216  144.024946904  143.849412615  143.476707108  142.721593848  141.259626987  138.557867936  133.802017349  125.852650531  113.293765137  94.6699522208  69.0130691996  36.656460097  
88.9357595408  88.9144329937  88.8574577774  88.72966159  88.4608309508  87.9222324982  86.8932828783  85.0216783  81.78831186  76.500859627  68.3543179985  56.60358913  40.8718868862  21.5387733491  
52.3515670764  52.3370539022  52.2984723697  52.212541155  52.0333353365  51.6779535333  51.007096154  49.8036721232  47.7576066572  44.4717708834  39.5095064295  32.5020588414  23.3144554622  12.2232335799  
29.40324874  29.3940641654  29.3697602614  29.3159803617  29.2047077814  28.9860653764  28.5776718596  27.853830875  26.6396878372  24.7187588094  21.8638663943  17.8979154387  12.7781916104  6.67571982668  
15.7630617137  15.7576252984  15.7433002735  15.7117891818  15.6470546068  15.5208933563  15.2874141417  14.8778562759  14.198675937  13.1372822945  11.5800240254  9.44427017126  6.71941518924  3.5016079964  
8.07057839039  8.06755484661  8.05961823348  8.04225301868  8.00680543856  7.93821963297  7.81231231417  7.59340591906  7.23386570974  6.67768855856  5.87014008881  4.77376682779  3.38760114706  1.76207048963  
3.94895731332  3.9473712907  3.9432224073  3.93418807058  3.91585034618  3.88059455848  3.81632558412  3.7054335591  3.52477480271  3.24766649878  2.84872176775  2.31146107126  1.63699458528  0.850293780763  
1.84803700527  1.84724982346  1.84519696996  1.84074583443  1.83175610126  1.81456870295  1.7834272437  1.73004443624  1.64367247393  1.51212036294  1.32404629478  1.07241767723  0.758303337102  0.393453401197  
0.827859168695  0.827488484241  0.826524443591  0.82444203736  0.820254820428  0.81228827082  0.79792978734  0.773453977528  0.734083204674  0.674471697929  0.589738470714  0.476975246662  0.336846873876  0.174626946768  
