860.747907347  860.592003668  860.238454088  859.594903356  858.498507306  856.679726936  853.698346399  848.826838619  840.823895785  827.4564035  804.386986695  762.293204521  678.537526146  490.369620328  
725.746521075  725.455039928  724.795365034  723.598615225  721.569633137  718.226529525  712.79830966  704.049689321  689.970905853  667.20558306  629.96065458  567.926226929  462.634153078  283.523187559  
598.85508129  598.463846822  597.581143019  595.987943776  593.30639812  588.93166861  581.923422203  570.836013421  553.453481825  526.381297869  484.452517822  420.020699922  322.739500378  182.200686245  
483.210739704  482.76321929  481.75741249  479.953452709  476.943909924  472.091494987  464.437268495  452.572460628  434.469449091  407.282495466  367.180189405  309.413104376  229.143089932  124.083692605  
381.005998152  380.545029164  379.513467806  377.676228058  374.640586452  369.807033145  362.303358394  350.905424255  333.956788125  309.319796146  274.433697736  226.632537597  163.975144163  86.8384493723  
293.398371851  292.959680721  291.982408581  290.254450411  287.427339282  282.981795419  276.186706035  266.059797035  251.346837736  230.551148938  202.06777127  164.50136615  117.246201472  61.3051884336  
220.550519493  220.159148869  219.291232268  217.767633037  215.298732795  211.462727225  205.683736107  197.218689787  185.167945649  168.532511077  146.348375391  117.928187802  83.2148174283  43.1727378763  
161.776777066  161.446409779  160.71698229  159.445315977  157.403367451  154.265977106  149.601533827  142.873138397  133.46119648  120.721349382  104.091774178  83.2561294343  58.3452670944  30.1169220528  
115.757887899  115.492317994  114.908386616  113.896963145  112.286593883  109.83746198  106.239191592  101.118096262  94.0609659126  84.6628490705  72.6038082872  57.7518547632  40.2740735707  20.7168360705  
80.7814625183  80.5772076306  80.1298252718  79.3595548804  78.1426174228  76.3088283004  73.6428210027  69.8926622113  64.7900883232  58.0859166047  49.6014481554  39.2909787707  27.3018518845  14.0092858393  
54.9703341195  54.819492104  54.4902706756  53.9265420097  53.0421498307  51.7204236072  49.8166043368  47.1655726444  43.5972375923  38.9610518831  33.1589417425  26.1822903039  18.1440284435  9.2932146309  
36.471606788  36.3643484096  36.13100589  35.7334330732  35.1136378507  34.1941297854  32.8804067891  31.0670175867  28.6484408027  25.5352489137  21.6745220956  17.0713144686  11.8056755141  6.03841677189  
23.5921931943  23.518596822  23.3589540149  23.088167861  22.66840612  22.0497024778  21.1720291498  19.9696691038  18.3785060187  16.3462835998  13.8449301217  10.8828247388  7.5137709623  3.83905870067  
14.8787323117  14.8299149956  14.7243006313  14.5458764585  14.2706820519  13.8673918847  13.2988596913  12.5250855621  11.5078967657  10.2172552842  8.63852989192  6.77940657621  4.67459016873  2.38639399696  
