872.27129096  872.046106006  871.548744456  870.676817875  869.253610945  866.993312375  863.438937498  857.84797577  848.968399364  834.563038285  810.299111161  766.868639081  681.658586721  491.95211162  
747.835221646  747.410921159  746.475546495  744.840986966  742.185500232  737.996010771  731.4693869  721.341630294  705.582436452  680.827660947  641.29304652  576.696421895  468.616591794  286.556498066  
629.725971778  629.149071327  627.880977366  625.675795059  622.118528071  616.560765994  608.017276708  595.002300762  575.271184768  545.418555824  500.289790181  432.277191908  331.100030178  186.439765582  
520.4957466  519.823917574  518.352519605  515.809245272  511.741817379  505.460341784  495.95167675  481.758631745  460.818957054  430.273840618  386.306766129  324.215105954  239.239944668  129.203134808  
422.054021292  421.34601149  419.801688724  417.150266828  412.949671463  406.542508566  396.996931675  383.035534535  362.963790617  334.629684943  295.488884364  242.926959585  175.08995609  92.4740097066  
335.585301485  334.892597948  333.388112028  330.823066553  326.798302656  320.735087809  311.841062943  299.079256863  281.156346228  256.5609323  223.704953938  181.246033062  128.668055962  67.0964038411  
261.547468191  260.909116074  259.528599197  257.191164353  253.557963361  248.149459044  240.330304062  229.304330762  214.133961381  193.805944753  167.372720692  134.198410605  94.3129528979  48.799789427  
199.740551863  199.181333556  197.976956683  195.951283676  192.830717915  188.23668391  181.682557937  172.582331036  160.281338633  144.122067086  123.557957608  98.3203386948  68.6206671818  35.3267941232  
149.427156265  148.958480826  147.953053123  146.27253443  143.705105101  139.963620413  134.688969771  127.463972053  117.844372343  105.413600958  89.8652886051  71.109729858  49.3854740343  25.3365020533  
109.481668895  109.104148971  108.297217602  106.956238053  104.923055133  101.98718432  97.8917686568  92.3478558085  85.0607741492  75.7714834189  64.3128794854  50.6753067516  35.0670045713  17.9463477554  
78.5457079616  78.2524185073  77.6276173952  76.5947617806  75.0394867674  72.8120568417  69.7336779337  65.6088728291  60.2459077103  53.4861794078  45.2411646844  35.5318633366  24.5212091276  12.5265254931  
55.1710211718  54.9506724617  54.482682454  53.7127287853  52.5604700785  50.9222229684  48.6765297566  45.6939038924  41.8517001107  37.054136857  31.2558921056  24.4855155449  16.8627012078  8.60236996175  
37.9368809943  37.7764445633  37.43663326  36.8799546988  36.0514528148  34.881095766  33.2882107579  31.1886790045  28.5052833775  25.1809227458  21.1933724165  16.5690390485  11.3921246254  5.80539701547  
25.5354509335  25.4220514093  25.1824576956  24.7914591904  24.2123905716  23.3990414438  22.2989546061  20.8584881261  19.0297646174  16.779170196  14.0964321861  11.0026321233  7.55504714817  3.84678061481  
