882.52025701  882.217712786  881.562341107  880.445568619  878.682378303  875.977651002  871.865457787  865.596225802  855.914268034  840.583510666  815.278028039  770.702952459  684.264491227  493.270393952  
767.620663484  767.047010257  765.806576934  763.69931524  760.387459832  755.33997058  747.736453584  736.299281415  718.991089679  692.449853225  650.904551308  584.098323509  473.647120108  289.101353759  
657.7056258  656.917489188  655.217941289  652.344211073  647.858650938  641.087455312  631.020991293  616.154236511  594.232563469  561.853603604  513.881455576  442.744216672  338.213680903  190.038431089  
554.849538868  553.91830244  551.917066655  548.552812521  543.345464564  535.57396452  524.195229306  507.728435551  484.099103776  450.452123314  402.993972261  337.065969984  247.973683722  133.621364493  
460.681160999  459.681405061  457.541202663  453.966493049  448.483964831  440.401206902  428.752733334  412.234591875  389.138528865  357.31670936  314.250664731  257.375378777  184.909389211  97.4414583102  
376.316670602  375.316237364  373.183238661  369.644371986  364.267564354  356.437189042  345.325448862  329.867414704  308.755319058  280.482194353  243.487265523  196.480258655  139.021486412  72.333974329  
302.343549324  301.396871711  299.386640091  296.073557193  291.085837435  283.907026726  273.866323282  260.139597456  241.774840663  217.763267582  187.1846623  149.455332311  104.681746234  54.0451123656  
238.850504147  237.995585827  236.187296536  233.225991373  228.806529613  222.514984218  213.830786436  202.141165464  186.777662345  167.087075172  142.549075634  112.94502048  78.5597143368  40.354697548  
185.493674258  184.752186794  183.189608223  180.645944978  176.880321269  171.573032965  164.333711817  154.720543668  142.276594298  126.589301938  107.376503611  84.594628088  58.5498445787  29.9724947519  
141.58669803  140.966209922  139.663093226  137.553457887  134.453316996  130.123243668  124.278601982  116.608558039  106.807194805  94.6190711012  79.8986471875  62.6773333804  43.2235416958  22.0724844609  
106.201707189  105.699004494  104.646559361  102.951265466  100.476537082  97.0477456864  92.4622107743  86.5056492334  78.9766792278  69.7198276393  58.6651632501  45.8690600379  31.5462669543  16.0802614982  
78.2695614644  77.8742044361  77.0488434375  75.725341922  73.8048278322  71.1628620267  67.6580757208  63.1453149403  57.4939117875  50.6107259735  42.4659782048  33.1177621636  22.7290312093  11.5699263987  
56.6700905199  56.3676286575  55.7378108873  54.7319586638  53.2801121282  51.2954369562  48.6811464168  45.3404497612  41.1896544606  36.1738251333  30.2833551407  23.5686109583  16.1488633894  8.21163631914  
40.3061824185  40.0807216329  39.6123170254  38.8669525799  37.7961537794  36.3404877839  34.434820802  32.0155484939  29.0297139974  25.4454310558  21.2623867868  16.5205539016  11.304847838  5.74363723029  
