843.49068851  843.406745795  843.206814618  842.817540096  842.103429675  840.828858894  838.591191746  834.70000802  827.945401737  816.114140586  794.871679849  754.877195144  673.451830439  487.782436646  
693.003075186  692.848189191  692.480100294  691.765972892  690.46253596  688.15223271  684.135348391  677.246975219  665.536899133  645.686436806  611.907868756  553.856411109  452.985514964  278.61477168  
553.863377219  553.659966448  553.178181999  552.248514703  550.564386125  547.609318951  542.540870749  534.01003115  519.882589216  496.815737245  459.64982512  400.690446688  309.483546079  175.457211393  
430.14101894  429.915263417  429.382787625  428.362112488  426.529839595  423.352843599  417.98756439  409.139107532  394.876155662  372.413862233  337.929332224  286.616525729  213.510269696  116.13114161  
324.319213288  324.095422641  323.57003917  322.570316646  320.793239238  317.750477108  312.692944695  304.517990409  291.671873309  272.081822567  243.196063285  202.288117301  147.281172088  78.346171758  
237.235181408  237.03183744  236.556773443  235.65961558  234.080714194  231.410842324  227.040730859  220.108288864  209.460837547  193.665790013  171.126935202  140.388909448  100.711639622  52.8941122879  
168.264270907  168.092394201  167.692789144  166.943753118  165.638286471  163.456931231  159.937083507  154.447362791  146.182448536  134.202807077  117.552414384  95.4879712334  67.8273307051  35.345294049  
115.674157185  115.537721549  115.221998249  114.634414094  113.619705433  111.942844533  109.271942154  105.168379848  99.0955087862  90.4611864946  78.7104730736  63.4776279699  44.7833239867  23.2182321114  
77.0537717889  76.9513847015  76.7154989231  76.2794340675  75.5327723964  74.3112605771  72.388092713  69.4719032605  65.2189079922  59.2677935328  51.3042510966  41.1547568254  28.8939469706  14.9281057969  
49.7273852271  49.6543900396  49.4869094849  49.1792125308  48.6564352014  47.808928702  46.4882467549  44.5083394057  41.6564617107  37.718267894  32.5194425018  25.9808996535  18.1758502059  9.36726181937  
31.0896513988  31.040025792  30.926593879  30.7193712853  30.3697698564  29.8075939166  28.9394358621  27.6507012709  25.8138382523  23.3049418121  20.02919785  15.9522717934  11.130122675  5.72561156604  
18.8307029894  18.7984351168  18.7249320233  18.5913397628  18.3673801543  18.0098325621  17.4620406913  16.6557653974  15.5167858996  13.9752382073  11.9805218962  9.51865566888  6.62763228529  3.40468693904  
11.0507572619  11.0306416014  10.9849625325  10.9023231711  10.7645650296  10.5460383767  10.2135542804  9.72776649799  9.04671751245  8.13197019615  6.95703454197  5.51672842742  3.8349780059  1.96794971821  
6.28440999993  6.27236338938  6.24508434804  6.19593722621  6.114422535  5.98584428471  5.79139967988  5.50909878638  5.11588574369  4.59112780089  3.92122889334  3.10456119613  2.15537133003  1.10510496293  
