854.124164632  854.00006049  853.713667999  853.179531282  852.244573472  850.651099125  847.971652884  843.490860337  835.977156349  823.202869396  800.830068388  759.52857087  676.645538248  489.408376885  
713.129354965  712.898446643  712.366694852  711.378360647  709.656891833  706.742959294  701.889875061  693.885503874  680.738641415  659.103279376  623.185292326  562.660040295  459.030217403  281.692171809  
581.405178808  581.097717863  580.391934545  579.086978858  576.830731396  573.049556145  566.836737179  556.778644903  540.684985814  515.175569661  475.081988147  412.737404753  317.755148104  179.668335842  
462.441437729  462.093625911  461.298392831  459.837505624  457.334160739  453.188205936  446.48071401  435.841021572  419.272056114  393.945146543  356.0271396  300.744334513  223.210581854  121.06962189  
358.565840119  358.212600149  357.408550927  355.941980662  353.453256391  349.382993063  342.902212431  332.82794905  317.536768292  294.909457131  262.383382206  217.266361289  157.565362263  83.5818945888  
270.857382086  270.526902868  269.778162868  268.422536454  266.14479611  262.465967486  256.69836401  247.901069654  234.85301064  216.076032029  189.963283625  155.093082233  110.807602003  58.0339922577  
199.227969437  198.938960106  198.287219964  197.115822719  195.16659291  192.055853332  187.248803112  180.041495699  169.565653776  154.839808289  134.898160399  109.028438919  77.1242349398  40.0783549143  
142.634275665  142.395802795  141.860447015  140.904969384  139.329554915  136.843273324  133.051393343  127.452139488  119.454076565  108.42857844  93.812217309  75.266279414  52.8773767494  27.3389038575  
99.3643073575  99.1774343101  98.7597029294  98.0190590182  96.8082238322  94.9166947702  92.0656802738  87.9115743405  82.0652829407  74.1353285146  63.8003996325  50.9093480707  35.5913717678  18.3377406785  
67.3406077101  67.200874098  66.8897544859  66.3414891429  65.4521199383  64.0754969197  62.0221495058  59.0648074352  54.9549800722  49.4545322759  42.3836390256  33.6808877342  23.4625585773  12.0586926003  
44.3920241358  44.2919611272  44.0699802459  43.6809728  43.0543822751  42.0924543232  40.6708111021  38.6437441727  35.8567249356  32.167901292  27.4783135072  21.7669819224  15.1223896707  7.75803909116  
28.4633118962  28.3944949206  28.2423371999  27.9770346846  27.5524051949  26.9052789904  25.956583817  24.6155637903  22.7884793756  20.3924860998  17.3739936861  13.7286971178  9.5181376374  4.87620874422  
17.7507332788  17.7051764692  17.6047508051  17.4304443946  17.1530395865  16.7330161351  16.1216014181  15.2637978916  14.1040835224  12.5950041451  10.7079991902  8.44462108721  5.84517286827  2.99130946948  
10.7675942498  10.7385103359  10.6745712927  10.5640469647  10.3890398437  10.1255763331  9.74443157127  9.21315008803  8.49960791886  7.57714692488  6.43079198767  5.06342459529  3.50024806633  1.78975672308  
