847.758379737  847.659820864  847.428158444  846.985079336  846.187813405  844.791483934  842.382891403  838.260801062  831.205691804  818.997628325  797.299994036  756.77590085  674.757110717  488.447473767  
701.061090648  700.878609776  700.450612758  699.634901967  698.174464934  695.63427466  691.294669939  683.970322177  671.6928609  651.130944873  616.492941265  557.441497808  455.450114144  279.870479892  
564.845900305  564.604885341  564.041461625  562.973359917  561.075272416  557.806909687  552.298641343  543.17362167  528.272889998  504.236382947  465.899113686  405.576803285  312.842721256  177.168706354  
442.94845105  442.678852157  442.051190048  440.869104853  438.787355468  435.245045377  429.366905092  419.825574406  404.660867545  381.067808787  345.21727461  292.315032597  217.427776561  118.127109212  
337.800011443  337.530084843  336.90453544  335.734953232  333.695329722  330.268100699  324.670799028  315.766593469  301.971348607  281.191097774  250.867503349  208.286512064  151.404854991  80.44719057  
250.353211071  250.104987466  249.532482419  248.470079125  246.635752142  243.591823172  238.696533886  231.054525262  219.483532187  202.530332444  178.592320879  146.226220369  104.724600249  54.9387235058  
180.219059471  180.006298625  179.517924504  178.618342438  177.080159188  174.557984459  170.559599775  164.423297825  155.316784879  142.281711255  124.356217314  100.808014322  71.4847048867  37.208739124  
125.958123887  125.78653367  125.394478681  124.677434512  123.462592234  121.492612294  118.410123618  113.750410864  106.953611595  97.4113867232  84.5637679636  68.054482204  47.9297955302  24.8213762274  
85.4484337704  85.3173646743  85.0191986054  84.477498885  83.5675240311  82.1068043658  79.8477278155  76.4776184144  71.6337336046  64.9415294593  56.0825849297  44.8911004505  31.4626051847  16.2368561787  
56.2540658755  56.1587831892  55.9429051904  55.553114947  54.9034105422  53.8699773274  52.2881877459  49.955416652  46.6441713306  42.1298113805  36.2348175662  28.8861061814  20.1731331558  10.3848967847  
35.9363990434  35.8702324905  35.7208800011  35.4527234036  35.0089022212  34.308698701  33.246684971  31.6959523027  29.5179905083  26.581243156  22.7885116669  18.1099160326  12.6134799788  6.48140010391  
22.2761207944  22.2321019989  22.1330790305  21.9561926757  21.6652832484  21.2096483904  20.52408389  19.5315924971  18.1501584729  16.3044735686  13.9422382032  11.0526356437  7.68223588268  3.94202307098  
13.3996237074  13.371502545  13.3084366451  13.1962983266  13.0129187799  12.7275463468  12.3011624484  11.6884470505  10.8421248715  9.72004353564  8.29455166572  6.56262303119  4.55403176404  2.33432029463  
7.82246114608  7.80517633617  7.76651995244  7.69806802318  7.58669460054  7.41436197396  7.15844851597  6.79305047966  6.29162735385  5.63111104457  4.79714292985  3.78950582481  2.62627603471  1.34504064698  
