883.639498705  883.327607404  882.653271609  881.507416486  879.704366012  876.948288235  872.772612311  866.427328382  856.656647011  841.224837048  815.806837717  771.109200452  684.540085574  493.40965554  
769.788948141  769.19718726  767.920015613  765.756413363  762.367338422  757.220369692  749.49386961  737.909364056  720.429290139  693.692286489  651.929007852  584.885343067  474.181026001  289.371143742  
660.789890075  659.97599693  658.224191942  655.27032197  650.674923143  643.762225335  633.520826378  618.444499323  596.278334127  563.620906283  515.338697675  443.863716273  338.97313813  190.422195361  
558.667450884  557.704332303  555.638411102  552.17495721  546.831646561  538.884988679  527.289709982  510.563495612  486.63151601  452.639828887  404.797862344  338.451776677  248.913801554  134.096419251  
465.01903548  463.983056858  461.769362382  458.08194688  452.444943707  444.16317779  432.268673817  415.455784377  392.015857578  359.80238563  316.300251496  258.949939232  185.977556589  97.9812185601  
380.949246004  379.910131198  377.698651333  374.039426995  368.497655794  360.454758593  349.080278975  333.307476793  311.828158634  283.136773789  245.67612626  198.161816107  140.162240643  72.9104140877  
307.053087629  306.067088171  303.977076014  300.541642006  295.386225148  287.991369083  277.683567748  263.636849518  244.898772087  220.461989995  189.409925591  151.164857985  105.841475152  54.6311407101  
243.443006436  242.549746095  240.663663892  237.583054995  233.00007149  226.497857779  217.553207059  205.551551367  189.824007969  169.71877843  144.71908199  114.612098678  79.6906486571  40.9261760011  
189.810653412  189.033127029  187.397427982  184.741625798  180.822299118  175.316989993  167.832849349  157.926372676  145.140226516  129.063167725  109.41636773  86.1617292881  59.6129567237  30.5097020964  
145.511762874  144.858510458  143.48891687  141.277330418  138.037448923  133.527340712  127.460113215  119.523394605  109.410903959  96.8683983614  81.7533694422  64.1022046208  44.1901674291  22.5609361814  
109.662025453  109.130440659  108.019395045  106.234228684  103.63631394  100.048813141  95.2670553122  89.0754005123  81.272145235  71.7028721108  60.3003220514  47.125256892  32.3984663049  16.5108921728  
81.2329411359  80.8128523597  79.9373114148  78.5368507483  76.5108489075  73.7329739828  70.0601516179  65.3460649338  59.4597697462  52.3090293059  43.8663524119  34.1935905235  23.4588706363  11.9387269818  
59.1388592669  58.8157958959  58.1441779979  57.0742177112  55.5344971148  53.4366042424  50.6823306068  47.1739158121  42.8274364259  37.5887092646  31.4500336201  24.4649065994  16.7569095069  8.51889301418  
42.3092219752  42.0670481441  41.5647327689  40.7673593827  39.6252698962  38.0777507579  36.058513884  33.5031674774  30.3585666945  26.5934351107  22.2090059947  17.2477921499  11.798206682  5.99294071637  
