857.005464236  856.868210208  856.553933674  855.974096816  854.971237266  853.282304964  850.474024411  845.825413598  838.100329632  825.068424805  802.391790382  760.74353418  677.477575366  489.831282656  
718.610403988  718.354482504  717.769690576  716.694426353  714.843794857  711.748280496  706.650123082  698.326519323  684.777555849  662.652132709  626.156166421  564.971275834  460.613010474  282.496670419  
588.968692837  588.62671904  587.847750952  586.422847714  583.988376661  579.956643959  573.405653193  562.907051711  546.258526087  520.072858102  479.181696037  415.926839665  319.939357825  180.778522243  
471.4156009  471.026845607  470.144790515  468.541602205  465.826815365  461.383596223  454.274884683  443.112545324  425.885240667  399.755957893  360.8916087  304.528738515  225.802247688  122.386911126  
368.223086175  367.825794888  366.928331913  365.308653199  362.592422484  358.202300929  351.289793758  340.653129424  324.653518055  301.16276583  267.618306297  221.3389822  160.354414659  84.9995136546  
280.510576234  280.136074674  279.293980595  277.785339291  275.280224114  271.2817114  265.082602081  255.723176862  241.967007732  222.32695771  195.19623984  159.164189905  113.595627264  59.4510921572  
208.306696631  207.97629634  207.236780286  205.921506529  203.758473015  200.347118027  195.134284802  187.398336933  176.256550607  160.71900372  139.819952888  112.857488639  79.7465012781  41.4112059341  
150.730664379  150.455290974  149.841679927  148.757926611  146.991883252  144.237558552  140.083846812  134.013191072  125.421266655  113.671903358  98.2017187253  78.6812380013  55.216069441  28.5276227497  
106.245989197  106.02776313  105.543539237  104.693896518  103.321071584  101.20175714  98.0432393875  93.4884931062  87.1374627448  78.5922531106  67.5315873928  53.8121687531  37.5793429617  19.3481967552  
72.9355989118  72.7703846319  72.4052246909  71.7683688419  70.7473327161  69.1855528414  66.8822354498  63.599195194  59.0790241533  53.0783646113  45.4174161575  36.0411482538  25.0789711287  12.8802937879  
48.7548382359  48.6349148119  48.3708117723  47.9127482461  47.183517547  46.0772426356  44.4607127322  42.1797039412  39.0727297178  34.9938613927  29.8441554023  23.6076074857  16.3829404386  8.39876283408  
31.7329309744  31.6492370765  31.4655255493  31.1484901096  30.6469634028  29.8916862582  28.7969639694  27.2656555242  25.1988032461  22.5105041867  19.1471777352  15.108246654  10.4629270774  5.35643652012  
20.1096721266  20.0533874957  19.9302073056  19.7185923059  19.3857271406  18.8876966204  18.1709480434  17.1758745397  15.8431864973  14.1232205278  11.987421133  9.44002951028  6.52688668094  3.3378198423  
12.4082965735  12.3717552388  12.2919977535  12.1555356791  11.9419684397  11.6242644641  11.1698726164  10.5431295665  9.70928879771  8.64015365636  7.32075113808  5.75583230224  3.97445285125  2.03079283145  
