121.816730764  121.816730764  121.816730764  121.816730764  121.816730764  121.816730764  121.816730764  121.816730763  121.81673075  121.816729318  121.816618316  121.810423991  121.565193277  114.92118362  
7.41099487824  7.41099487824  7.41099487824  7.41099487824  7.41099487824  7.41099487824  7.41099487824  7.41099487824  7.41099487763  7.41099479801  7.41098762765  7.41054238725  7.39185710202  6.89531802314  
0.277545273032  0.277545273032  0.277545273032  0.277545273032  0.277545273032  0.277545273032  0.277545273032  0.277545273032  0.277545273022  0.277545271209  0.277545071864  0.277530692858  0.276859287794  0.257947837896  
0.007003071045  0.007003071045  0.007003071045  0.007003071045  0.007003071045  0.007003071045  0.007003071045  0.007003071045  0.00700307104491  0.0070030710239  0.00700306799843  0.00700280160494  0.00698835554946  0.0065358394508  
0.000124356392319  0.000124356392319  0.000124356392319  0.000124356392319  0.000124356392319  0.000124356392319  0.000124356392319  0.000124356392319  0.000124356392319  0.000124356392196  0.000124356365908  0.000124353335164  0.000124152773169  0.00011686147886  
1.58219395182e-06  1.58219395182e-06  1.58219395182e-06  1.58219395182e-06  1.58219395182e-06  1.58219395182e-06  1.58219395182e-06  1.58219395182e-06  1.58219395182e-06  1.58219395152e-06  1.58219382802e-06  1.58217277307e-06  1.58034900573e-06  1.49950526224e-06  
1.44067108806e-08  1.44067108806e-08  1.44067108806e-08  1.44067108806e-08  1.44067108806e-08  1.44067108806e-08  1.44067108806e-08  1.44067108806e-08  1.44067108806e-08  1.44067108806e-08  1.44067106361e-08  1.4406628249e-08  1.43960800488e-08  1.3784595445e-08  
9.1945566237e-11  9.1945566237e-11  9.1945566237e-11  9.1945566237e-11  9.1945566237e-11  9.1945566237e-11  9.1945566237e-11  9.1945566237e-11  9.1945566237e-11  9.1945566237e-11  9.1945566237e-11  9.19454265386e-11  9.19100828469e-11  8.88844486326e-11  
3.91561770812e-13  3.91561770812e-13  3.91561770812e-13  3.91561770812e-13  3.91561770812e-13  3.91561770812e-13  3.91561770812e-13  3.91561770812e-13  3.91561770812e-13  3.91561770812e-13  3.91561770812e-13  3.91561770812e-13  3.91509383917e-13  3.82655998692e-13  
1.00117176771e-15  1.00117176771e-15  1.00117176771e-15  1.00117176771e-15  1.00117176771e-15  1.00117176771e-15  1.00117176771e-15  1.00117176771e-15  1.00117176771e-15  1.00117176771e-15  1.00117176771e-15  1.00117176771e-15  1.00117176771e-15  9.89530235529e-16  
1.16415321827e-18  1.16415321827e-18  1.16415321827e-18  1.16415321827e-18  1.16415321827e-18  1.16415321827e-18  1.16415321827e-18  1.16415321827e-18  1.16415321827e-18  1.16415321827e-18  1.16415321827e-18  1.16415321827e-18  1.16415321827e-18  1.16415321827e-18  
0.0  0.0  0.0  0.0  0.0  0.0  0.0  0.0  0.0  0.0  0.0  0.0  0.0  0.0  
0.0  0.0  0.0  0.0  0.0  0.0  0.0  0.0  0.0  0.0  0.0  0.0  0.0  0.0  
0.0  0.0  0.0  0.0  0.0  0.0  0.0  0.0  0.0  0.0  0.0  0.0  0.0  0.0  
