727.213889047  727.213603529  727.212409619  727.207919129  727.192013658  727.138873863  726.971428182  726.473355732  725.071062117  721.313208608  711.630047202  687.224499487  625.45665704  462.820142196  
486.195374389  486.194919351  486.193022626  486.185920271  486.160911146  486.078016099  485.819648091  485.062926383  482.98015036  477.587594732  464.427590776  434.089523488  368.074123519  234.471397958  
297.670431337  297.669959535  297.668001432  297.660712721  297.635245257  297.551682537  297.294719098  296.555693375  294.572011323  289.613809596  278.108341875  253.452578909  205.207372637  121.284833684  
166.643132701  166.642751676  166.641177837  166.635357223  166.615186844  166.549701699  166.351063783  165.789883693  164.318576948  160.754291606  152.822391734  136.749143477  107.525599975  61.1239931423  
85.3374731482  85.3372177263  85.3361676534  85.3323086189  85.319042148  85.2764019489  85.1486921427  84.7936619245  83.8817644686  81.7298582861  77.0983787612  68.0992847064  52.5529246563  29.2391162769  
40.0449163719  40.0447694116  40.0441678741  40.0419700878  40.0344695145  40.0105789879  39.939825471  39.7458604156  39.2562237995  38.1252925234  35.7543525207  31.2904339206  23.8519956469  13.10377777  
17.2638963209  17.2638221757  17.2635198648  17.2624210495  17.2586950706  17.246920672  17.2123860161  17.1188253645  16.8860175897  16.3575382545  15.2721916823  13.2767184563  10.0365889026  5.47040503372  
6.85895369  6.85892038137  6.8587850291  6.85829526046  6.85664367053  6.85145966406  6.83637896787  6.79592445727  6.69644395197  6.47375191027  6.02373946015  5.21118484138  3.91656794448  2.12359735467  
2.51970964879  2.51969616844  2.51964154517  2.51944463933  2.51878373582  2.51672106425  2.51076159002  2.49490542858  2.4562890158  2.37080962454  2.20026064629  1.89655892671  1.41945652449  0.766881194898  
0.858793307558  0.858788346602  0.858768291356  0.858696222684  0.858455267277  0.857706797246  0.855556564603  0.849873929735  0.836142906943  0.806021992917  0.746527457577  0.641718312914  0.478814104084  0.25802415674  
0.272471802188  0.272470129271  0.27246337894  0.272439183226  0.272358543888  0.272109027981  0.271395543745  0.269520310513  0.2650180733  0.255213362579  0.236001753911  0.202441174227  0.150702813059  0.0810586087516  
0.0807321218203  0.0807316015616  0.0807295053224  0.0807220067179  0.0806970791403  0.0806201898093  0.0804011582495  0.0798280552345  0.0784592102837  0.0754956155407  0.0697256412533  0.0597127066421  0.0443738408168  0.023833816171  
0.0224074145856  0.0224072645544  0.0224066606909  0.0224045038873  0.0223973483618  0.022375332213  0.0223128061288  0.0221497939459  0.0217620658135  0.0209265584481  0.0193081378892  0.0165142909401  0.0122555226077  0.00657555786034  
0.00584265452159  0.0058426142108  0.00584245208149  0.00584187365478  0.00583995754034  0.00583407347881  0.0058174027533  0.00577406513435  0.0056713294664  0.00545077741857  0.00502529005711  0.00429382516479  0.0031831563958  0.00170647279543  
