808.144100254  808.125329391  808.074132634  807.955559602  807.695021386  807.14212408  806.002794013  803.712267161  799.190010192  790.335069019  772.8821556  737.49090156  661.395794632  481.606231968  
627.366155899  627.332653378  627.241512245  627.031257387  626.571743518  625.60365785  623.628755753  619.715209768  612.152653974  597.830422869  571.088937214  521.583936742  430.607900688  267.151178209  
466.828574275  466.786916082  466.674026836  466.41512076  465.853691511  464.683038417  462.327594111  457.746847876  449.123769378  433.390333915  405.555781677  357.925690955  279.832435278  160.268144066  
332.413762346  332.370876689  332.255209903  331.991797392  331.425853226  330.259712798  327.949047433  323.544479383  315.469498785  301.246164031  277.239623232  238.642713544  180.25026559  99.0943030405  
226.240252513  226.201582224  226.097823508  225.863323745  225.364417375  224.348969397  222.367652266  218.663446584  212.036986121  200.72142299  182.351667911  154.1987076  113.944631487  61.2713016382  
147.060091815  147.028717627  146.944980887  146.757186778  146.361531848  145.565822084  144.035778051  141.225836634  136.307241891  128.126366977  115.256391914  96.2380660923  70.1093866943  37.221034696  
91.258892286  91.2356263301  91.1738522957  91.0363473906  90.7493374332  90.1785714327  89.0956650487  87.1382963019  83.7758826025  78.3048223094  69.9115172281  57.8478109082  41.7417831899  21.986754269  
54.0586123472  54.0426776481  54.0005778634  53.9075264381  53.7149837767  53.3359954098  52.6255293303  51.3591301656  49.2182843996  45.7975666891  40.6539923193  33.4165501289  23.9538392308  12.5525107252  
30.572282589  30.562127203  30.5354198977  30.4767742992  30.356384439  30.1215984769  29.686109236  28.9191748845  27.6401569333  25.6268825288  22.6478334649  18.5243621242  13.2161973653  6.90129359553  
16.5126763459  16.5066192958  16.4907573291  16.4561334956  16.385563968  16.2490670316  15.9982339038  15.5610670816  14.8403105932  13.7197206596  12.0828566846  9.84608732866  7.00037168095  3.64630430073  
8.52232899898  8.51893264552  8.51007250861  8.49083612376  8.45187944994  8.3770752572  8.24072303578  8.00519358812  7.6206128944  7.02877311342  6.17325514317  5.01599945453  3.55698003025  1.84930492518  
4.20562372786  4.20382662132  4.19915466177  4.1890600431  4.16873300707  4.1299504401  4.05975515415  3.93942784987  3.74455126026  3.44718795057  3.02099155439  2.44913626689  1.73326645683  0.899877500825  
1.98589354479  1.98499340276  1.98266052692  1.97764151831  1.96758581798  1.94850771852  1.91418778393  1.85574250798  1.76173928931  1.61931214439  1.41660261754  1.14639103847  0.810032699478  0.420096727737  
0.898023971264  0.897596013737  0.896489942188  0.89411936271  0.889390933354  0.88046396527  0.864490172723  0.837440526638  0.794188452254  0.729044026325  0.636862607948  0.514640116728  0.363186960884  0.188193850314  
