844.228005963  844.141673451  843.936529565  843.538356721  842.810388561  841.515368934  839.248782402  835.318264754  828.51215853  816.6159818  795.294757594  755.208303956  673.679612976  487.898542126  
694.393325298  694.233933838  693.856017344  693.125113528  691.795549466  689.446691595  685.375281146  678.412744473  666.605564579  646.63270148  612.705620301  554.480748306  453.415021385  278.833700247  
555.753868175  555.544332176  555.049186749  554.09671067  552.377059198  549.369570824  544.226983325  535.595300621  521.33581941  498.102526368  460.734661779  401.539466  310.06762198  175.75492786  
432.338623773  432.105750232  431.557747466  430.51056491  428.63700698  425.39908386  419.947631759  410.981959301  396.565525404  373.909755538  339.190463514  287.603522724  214.189268981  116.47724352  
326.622934229  326.39168489  325.850030746  324.822529803  323.002185366  319.895567512  314.747715197  306.449898245  293.442897666  273.65003249  244.518172537  203.322844419  147.993010759  78.7090138595  
239.465806295  239.255243861  238.764432564  237.840388213  236.2196062  233.48792046  229.030371391  221.978980314  211.175761749  195.184340203  172.407190262  141.390888346  101.400953566  53.24547436  
170.285272498  170.106859464  169.692994508  168.919609834  167.576212689  165.338869252  161.739818387  156.142342991  147.736311914  135.57875625  118.712458934  96.3958773587  68.4519316656  35.6636716301  
117.401117619  117.259100334  116.931199213  116.322819872  115.275713374  113.551026463  110.812461514  106.616837818  100.423393305  91.6370474474  79.7018387382  64.2535265453  45.3171138566  23.4903220365  
78.4529070924  78.3460012584  78.1002560329  77.6473534004  76.8744566551  75.6142123383  73.6362416577  70.6454809427  66.2948112196  60.2205364088  52.1075180924  41.7834465886  29.3264666555  15.1485763506  
50.806157124  50.7296807087  50.5546039373  50.2339330216  49.6909385805  48.8135808614  47.4506576403  45.4132659803  42.4860877866  38.4529381294  33.1388602215  26.4657034777  18.5093841747  9.53727697485  
31.8834731202  31.831288115  31.712271038  31.4955082285  31.1310386094  30.5469065601  29.6476755762  28.3166505454  26.424384524  23.8456175394  20.4850622247  16.3090715533  11.3755955715  5.85073948547  
19.3894473476  19.3553797381  19.2779489039  19.1376467463  18.9032285393  18.5302344703  17.9605794718  17.1245448031  15.9465746168  14.3558499631  12.3014362844  9.76983569243  6.80044251516  3.49277630504  
11.4276351159  11.4063067718  11.3579809121  11.2708193785  11.1260116032  10.897071723  10.5498465825  10.043991223  9.33664674468  8.38873099868  7.17352786668  5.68618090572  3.95156175443  2.02737833897  
6.52839631863  6.5155654939  6.48657467383  6.434502504  6.34842725222  6.21311142275  6.0091276468  5.71383894019  5.30360529951  4.75737577946  4.06140742697  3.21428299331  2.23086127472  1.14358633709  
