875.570520808  875.322065793  874.776947859  873.830481147  872.302837465  869.904662275  866.175480108  860.369887277  851.234117855  836.530925689  811.929503322  768.126101632  682.514147785  492.385223727  
754.19039794  753.721273988  752.693909494  750.915768196  748.059111353  743.604037983  736.74069193  726.199501637  709.946814302  684.618338591  644.433619405  579.118633137  470.264633072  287.390788896  
638.680413914  638.040358941  636.642654627  634.235170193  630.394459924  624.462495763  615.444570161  601.847070308  581.42062444  550.759652181  504.714886744  435.690112258  333.422138198  187.61529073  
531.434011512  530.68503927  529.055321897  526.264933947  521.851276138  515.112704949  505.024502852  490.119884929  468.330836692  436.79829181  391.712277285  328.384188893  242.076537976  130.639109378  
434.272146445  433.477971311  431.756812634  428.829374093  424.242050386  417.324321903  407.131410345  392.375190805  371.354695944  341.917625573  301.526954797  247.583918548  178.258496871  94.0780275423  
348.365476965  347.582649761  345.893203519  343.039458461  338.610192901  332.012943185  322.441821489  308.848642799  289.933344748  264.184228751  230.02087725  186.117296945  131.982410583  68.7742383806  
274.226197254  273.498443146  271.934446133  269.310619933  265.276147642  259.337867867  250.847009527  238.996277717  222.84140688  201.368846617  173.638618648  139.03109907  97.6010650386  50.4643403583  
211.761624649  211.11764856  209.739321899  207.442130963  203.941129434  198.844822034  191.653855013  181.77166667  168.537249084  151.292802974  129.498957085  102.902451425  71.7382942891  36.9050412004  
160.374353727  159.828499189  158.664674541  156.736911913  153.823054011  149.62418815  143.769608261  135.832520449  125.362890594  111.943886913  95.2756844394  75.2826124719  52.2246690201  26.7737988153  
119.090113789  118.644860004  117.698915443  116.140945968  113.803721145  110.466425338  105.862021558  99.6931175884  91.6599668853  81.5032972103  69.0617473468  54.3379800545  37.5590615003  19.2079127651  
86.6943090964  86.3435832148  85.6009018665  84.3840412092  82.5709382539  80.0030938917  76.4930782973  71.8382541833  65.8425815695  58.3472587547  49.2686318559  38.6381474239  26.6347066572  13.5964519149  
61.8608914074  61.5933940305  61.0286371538  60.1076333749  58.7437198039  56.8260164105  54.2259735248  50.8082240673  46.4465854329  41.045111469  34.5624768993  27.0358080004  18.597908744  9.48079383199  
43.2616846283  43.0637251151  42.6469015709  41.9700075847  40.9730541915  39.5802797346  37.7053647114  35.259507817  32.1626746156  28.3576315834  23.8253344577  18.5990164094  12.7733150817  6.50460575883  
29.6494399873  29.507053873  29.2079675994  28.7241003422  28.0148972489  27.0297196717  25.7117461812  24.0037155078  21.8555721306  19.2335987346  16.1299792222  12.5710693304  8.62220954314  4.38701772573  
