867.3634272  867.169999523  866.738212912  865.969595575  864.69279755  862.628217681  859.325148355  854.046518572  845.543949311  831.581232925  807.823149519  764.95546935  680.355080552  491.291667954  
738.406605028  738.043313758  737.233915825  735.797824972  733.423606495  729.610115461  723.566279362  714.038550104  699.003633175  675.09923308  636.536407947  573.020977881  466.112389244  285.287700975  
616.4999465  616.008625869  614.917244152  612.990461616  609.827741266  604.797408722  596.931148326  584.757860159  566.042724536  537.382962494  493.617379126  427.121433402  327.587239309  184.659949734  
504.43949425  503.871556383  502.614681684  500.409376821  496.820918536  491.179730638  482.493208485  469.321958804  449.615670594  420.518681382  378.206497894  317.956042776  234.975434205  127.042446939  
404.26115217  403.66826763  402.361665648  400.084760529  396.414931125  390.717299715  382.082779182  369.253686498  350.54872612  323.819374125  286.512458119  235.990887341  170.364174876  90.0796105187  
317.153298118  316.579851977  315.321619718  313.144535282  309.669592579  304.341385292  296.39113247  284.802295946  268.295259892  245.362243056  214.406028158  174.060761719  123.772484833  64.6159769767  
243.468905636  242.947520352  241.80852793  239.851604811  236.757670098  232.070066754  225.176574872  215.301069542  201.519419119  182.821921739  158.252037369  127.15086226  89.5112147155  46.3669039026  
182.822397237  182.372633988  181.394271128  179.724675217  177.108749127  173.189330212  167.501439237  159.47782514  148.47640796  133.842996805  115.022630199  91.7250894999  64.1270934178  33.0500447266  
134.245616321  133.875156528  133.072535155  131.711532115  129.596929337  126.460798279  121.963452623  115.704545339  107.25111591  96.1895776136  82.206021759  65.1914076557  45.3531116431  23.2934328059  
96.3728285305  96.080111208  95.4482900364  94.3831930467  92.7410010224  90.3278233523  86.9035768909  82.1938466593  75.9137149392  67.8067183992  57.6992435896  45.5649395435  31.5851279836  16.1821912907  
67.62621365  67.4035601083  66.9246167078  66.1215582162  64.8919623103  63.0999171439  60.5806023734  57.1506516574  52.6264574318  46.8515641938  39.7320272062  31.2749393273  21.6208117114  11.0569853627  
46.379352866  46.2158725011  45.8653117023  45.2803674846  44.3903146346  43.1026007179  41.3070199596  38.88383796  35.7169533868  31.7123148247  26.820235799  21.0580691117  14.527455066  7.41917357081  
31.0846198185  30.9685041926  30.720212682  30.3077242709  29.6835784244  28.7864196406  27.5443459139  25.8808403824  23.7237872924  21.0174348097  17.7361570685  13.8976338945  9.57199570395  4.88319392426  
20.3590222731  20.2791020685  20.108641447  19.8265634176  19.4018655623  18.7948925707  17.9598137946  16.8487309063  15.4176210832  13.6338904073  11.4846972426  8.98453063326  6.18003724593  3.1501051499  
