208.053339115  208.053339115  208.053339115  208.053339115  208.053339115  208.053339115  208.053339113  208.053339044  208.053335957  208.053223248  208.04988632  207.971276446  206.537100231  187.041109292  
24.2006599422  24.2006599422  24.2006599422  24.2006599422  24.2006599422  24.2006599422  24.200659942  24.2006599316  24.2006594455  24.2006409172  24.2000763157  24.1866628653  23.9481936556  21.0050041904  
1.86804058825  1.86804058825  1.86804058825  1.86804058825  1.86804058825  1.86804058825  1.86804058824  1.86804058752  1.86804055121  1.8680390896  1.86799258609  1.86685536003  1.84646285963  1.60101459999  
0.104495249668  0.104495249668  0.104495249668  0.104495249668  0.104495249668  0.104495249668  0.104495249667  0.104495249636  0.10449524794  0.104495175115  0.104492728113  0.104430248926  0.103277047188  0.0892749965668  
0.00446144798435  0.00446144798435  0.00446144798435  0.00446144798435  0.00446144798435  0.00446144798435  0.00446144798434  0.0044614479834  0.00446144792828  0.00446144537733  0.00446135393065  0.00445888830655  0.0044113807707  0.00381779996752  
0.000150279376232  0.000150279376232  0.000150279376232  0.000150279376232  0.000150279376232  0.000150279376232  0.000150279376231  0.000150279376211  0.000150279374895  0.000150279308564  0.000150276746403  0.000150203055275  0.000148704073465  0.000129162929727  
4.08280965178e-06  4.08280965178e-06  4.08280965178e-06  4.08280965178e-06  4.08280965178e-06  4.08280965178e-06  4.08280965178e-06  4.08280965145e-06  4.08280962768e-06  4.08280830805e-06  4.08275280543e-06  4.0810330147e-06  4.04372784466e-06  3.53067205328e-06  
9.08123568551e-08  9.08123568551e-08  9.08123568551e-08  9.08123568551e-08  9.08123568551e-08  9.08123568551e-08  9.0812356855e-08  9.0812356851e-08  9.08123565218e-08  9.0812336102e-08  9.0811389969e-08  9.07794743138e-08  9.00338912192e-08  7.91081542284e-08  
1.67014328228e-09  1.67014328228e-09  1.67014328228e-09  1.67014328228e-09  1.67014328228e-09  1.67014328228e-09  1.67014328228e-09  1.67014328224e-09  1.67014327873e-09  1.67014303127e-09  1.67013022593e-09  1.66965445551e-09  1.65755925429e-09  1.46684658835e-09  
2.55503891779e-11  2.55503891779e-11  2.55503891779e-11  2.55503891779e-11  2.55503891779e-11  2.55503891779e-11  2.55503891779e-11  2.55503891777e-11  2.5550389149e-11  2.55503868026e-11  2.55502489161e-11  2.55445286276e-11  2.53844201115e-11  2.26397292623e-11  
3.26044584859e-13  3.26044584859e-13  3.26044584859e-13  3.26044584859e-13  3.26044584859e-13  3.26044584859e-13  3.26044584859e-13  3.26044584858e-13  3.26044584681e-13  3.26044567431e-13  3.26043391267e-13  3.2598799024e-13  3.24257278651e-13  2.91624274557e-13  
3.46973661003e-15  3.46973661003e-15  3.46973661003e-15  3.46973661003e-15  3.46973661003e-15  3.46973661003e-15  3.46973661003e-15  3.46973661003e-15  3.46973660923e-15  3.46973651272e-15  3.46972865505e-15  3.46929932294e-15  3.454077332e-15  3.13405889718e-15  
3.06936986432e-17  3.06936986432e-17  3.06936986432e-17  3.06936986432e-17  3.06936986432e-17  3.06936986432e-17  3.06936986432e-17  3.06936986432e-17  3.06936986407e-17  3.06936982432e-17  3.06936579631e-17  3.06910304104e-17  3.05830129472e-17  2.80083440143e-17  
2.24216307957e-19  2.24216307957e-19  2.24216307957e-19  2.24216307957e-19  2.24216307957e-19  2.24216307957e-19  2.24216307957e-19  2.24216307957e-19  2.24216307953e-19  2.24216306815e-19  2.24216153733e-19  2.24203728445e-19  2.23594157756e-19  2.06764969245e-19  
