731.10862879  731.108274808  731.106827318  731.101512266  731.083121723  731.023041577  730.83770747  730.297283339  728.803350183  724.865240908  714.861534302  689.943502349  627.442871101  463.873558729  
492.648225513  492.647657512  492.645342203  492.636878077  492.60776288  492.513395054  492.225443582  491.398652844  489.164205375  483.473207524  469.782328091  438.595284909  371.365710274  236.217195699  
304.76862282  304.768027581  304.765611756  304.756832784  304.726868372  304.630731461  304.341321717  303.525395499  301.375152678  296.089028991  283.999960937  258.410519342  208.829566961  123.206083128  
172.81641718  172.815929748  172.813960964  172.806853146  172.782794583  172.706426766  172.479681053  171.851824437  170.235983371  166.386930406  157.947900576  141.062868799  110.677463482  62.7958944151  
89.8398444967  89.839512299  89.8381769339  89.8333868995  89.817304725  89.7667742306  89.6186622041  89.2151826591  88.1981577169  85.838938353  80.8379708933  71.247026569  54.8531378767  30.4593676033  
42.8818777928  42.8816830496  42.8809037214  42.878124906  42.8688645753  42.8400360207  42.7564974092  42.5321341726  41.9764630481  40.7151757366  38.1116940035  33.2750003719  25.3024258755  13.8733009974  
18.8374701548  18.8373698665  18.8369701401  18.8355524552  18.8308591954  18.8163664053  18.7747833568  18.6644414237  18.3951332765  17.7945172419  16.580355811  14.3782099306  10.8417474486  5.89762823625  
7.6376547239  7.63760866842  7.63742574334  7.63677998462  7.63465439667  7.62813610563  7.60959038979  7.56087396275  7.44339865274  7.18509872105  6.67143127662  5.75665293801  4.31535813509  2.33522407664  
2.86710298904  2.86708391108  2.86700836176  2.86674271326  2.86587254659  2.86321977926  2.85572532699  2.83620345401  2.78959133213  2.6882691716  2.48936550966  2.14008399685  1.59752970559  0.861391817611  
0.999694095966  0.999686901982  0.999658484079  0.999558890619  0.999233985933  0.998248355238  0.995480132678  0.988319229631  0.971358845309  0.934830331233  0.863853655703  0.740567954438  0.551110029204  0.29639973606  
0.324799084491  0.324796596475  0.324786788012  0.32475250648  0.324641044897  0.324304288417  0.323363059874  0.320942113137  0.3152458313  0.303068494836  0.2795997951  0.239181476984  0.177579076839  0.0953268871079  
0.0986342301179  0.0986334359363  0.0986303100251  0.0986194084512  0.0985840600929  0.0984776171166  0.0981812895195  0.0974226432159  0.095647151433  0.0918743156416  0.0846504320002  0.0722927737364  0.0535783290913  0.0287210833557  
0.028079379571  0.0280791443326  0.0280782195514  0.0280749998716  0.0280645826833  0.0280332975809  0.0279464820635  0.0277250583704  0.0272090949219  0.026118000377  0.0240397562579  0.0205034948715  0.0151749397442  0.00812590257507  
0.00751462799468  0.00751456303528  0.0075143078856  0.0075134207002  0.00751055504925  0.00750196699528  0.00747819635541  0.00741775280707  0.00727739779398  0.00698174740293  0.00642096239746  0.00547079231649  0.00404468531421  0.00216405526502  
