855.29887606  855.169534649  854.872015765  854.319593511  853.357379404  851.725458833  848.993954425  844.44514577  836.845537075  823.966306376  801.469488578  760.026226367  676.986453771  489.581690992  
715.36260511  715.121740992  714.568838328  713.545743646  711.772460532  708.785440761  703.833391542  695.699717231  682.389542702  660.554672147  624.400915197  563.606151007  459.678344846  282.021666065  
584.483752241  584.162568907  583.427632352  582.074763924  579.747095957  575.865175793  569.515938945  559.279606207  542.960822831  517.176382156  476.757785704  414.041669352  318.648628356  180.122562788  
466.088930325  465.724863273  464.895095407  463.37744975  460.789496445  456.524190818  449.655082679  438.804221099  421.968535398  396.31577915  358.01269115  302.289684296  224.269219085  121.607812102  
362.483728643  362.113032597  361.271896646  359.744372064  357.16478171  352.966335942  346.311974167  336.010901123  320.433237139  297.455926752  264.51621915  218.926350141  158.702536387  84.1600125883  
274.764834433  274.416950716  273.631232704  272.214828583  269.846481811  266.039831705  260.099128863  251.075645818  237.741878237  218.615836486  192.090551402  156.748745348  111.941817321  58.6106074938  
202.893181931  202.587852676  201.901437882  200.673046489  198.638846732  195.408231375  190.438834338  183.019379174  172.275553712  157.222289187  136.893673154  110.581566082  78.1882127986  40.6192642381  
145.892996652  145.640019518  145.07384582  144.067710966  142.416769919  139.823929295  135.887729386  130.099874955  121.863562244  110.546961838  95.5865428756  76.6472642342  53.8234326904  27.8198651778  
102.124661645  101.925507938  101.481682319  100.69814356  99.4233511203  97.4415802804  94.4683378883  90.1544926343  84.106400092  75.9298666435  65.3034916096  52.079236973  36.3928194197  18.7451867474  
69.5763396835  69.4266642879  69.0944193097  68.5114251826  67.5702710569  66.1205759552  63.9682493958  60.8815435583  56.6082796708  50.9081203474  43.6011665273  34.6285240328  24.1117535335  12.3887366609  
46.128128816  46.0203498805  45.781972669  45.3660089923  44.6992204411  43.6805659753  42.1820786388  40.0545710358  37.1406484478  33.296746643  28.4238469018  22.5029245954  15.6265638727  8.01435725834  
29.7585131192  29.6839431009  29.5195596073  29.2341560633  28.7795488713  28.0901153307  27.0841042439  25.6681626623  23.7464110492  21.234725971  18.0794719403  14.2778019978  9.89431736526  5.06745648267  
18.6806263765  18.6309417287  18.5217435706  18.3330127952  18.0340943504  17.5837061397  16.9311511643  16.0195660551  14.7918909961  13.1997523204  11.2145560688  8.8389011233  6.11528779297  3.1286351668  
11.4109796203  11.3790415887  11.3090366429  11.1885375457  10.9986519106  10.7141865841  10.30458449  9.73609828137  8.97553900811  7.9956113991  6.78131654616  5.33625970042  3.68716472152  1.88478518498  
