836.326880683  836.263435642  836.108690705  835.797716782  835.207640623  834.119293765  832.149389997  828.628002908  822.36424456  811.159125139  790.684070234  751.592982355  671.188843339  486.627774498  
679.537847588  679.421487405  679.138327383  678.571369201  677.501061461  675.540778799  672.027177496  665.833871508  655.046394981  636.372836691  604.036700465  547.683291792  448.731923767  276.444426657  
535.648575399  535.497275112  535.130367354  534.399766513  533.030980707  530.54937539  526.161710062  518.571086541  505.691654969  484.216826721  449.002136935  392.33977484  303.729504827  172.521277303  
409.120605271  408.954979555  408.555060292  407.764091833  406.295705117  403.665064078  399.085391949  391.32193764  378.499199425  357.874134549  325.64137729  276.979421282  206.869800268  112.742914377  
302.487063794  302.325715402  301.937988089  301.176813804  299.777636717  297.302283032  293.060647114  286.01254902  274.662226191  256.980333746  230.433309718  192.278616019  140.384088334  74.8270055538  
216.331312059  216.187744292  215.844461151  215.175675196  213.958562304  211.831921292  208.242959617  202.389408455  193.174110717  179.206068104  158.906515871  130.804717672  94.1076014125  49.5244645786  
149.570858406  149.45242536  149.170642827  148.625794759  147.643813811  145.948191776  143.126833886  138.60186291  131.617617802  121.271765233  106.62389077  86.9169526659  61.9214086442  32.331848259  
99.9362187954  99.8447661472  99.6282149916  99.212502604  98.4700917821  97.2021164181  95.1192151971  91.8278206511  86.8331006826  79.5742407733  69.5094504935  56.2614238878  39.8109310472  20.6811065111  
64.512924737  64.4463726629  64.2894927508  63.9903547911  63.4606357203  62.5648998284  61.1102337234  58.8411769048  55.4472745741  50.5921852667  43.9720853401  35.404238905  24.9314849508  12.9062853085  
40.2323744406  40.186502663  40.0788229752  39.8747721223  39.5162152072  38.9153237542  37.9493156873  36.4593306926  34.257864743  31.1494857008  26.9678224658  21.6268177388  15.1756073128  7.83640368544  
24.2391091668  24.2090463276  24.1387470428  24.0062843821  23.7751405108  23.3908642199  22.7785669089  21.8432750732  20.4756528083  18.5654463782  16.023577968  12.810685759  8.96535850105  4.62104914669  
14.1097439896  14.0909527371  14.0471642528  13.9650772855  13.8227321096  13.5877591831  13.2162662437  12.6535385325  11.8379122447  10.708934889  9.21996248083  7.35355115607  5.1357228815  2.64344387232  
7.93722188055  7.92599084987  7.89990215481  7.85122099899  7.76727527919  7.62957241497  7.41334287012  7.08816195328  6.62035622783  5.97769833438  5.13630995253  4.08872668269  2.85097957109  1.46586544679  
4.31598987438  4.30955798152  4.29465967869  4.26697454696  4.21947183531  4.1419808802  4.02102264813  3.8402489004  3.58184282156  3.22909941159  2.77007533341  2.20170076716  1.53323079663  0.787657328467  
