875.919084148  875.668079897  875.117743412  874.163162676  872.624204654  870.211170643  866.463250542  860.634770093  851.471811903  836.737146838  812.100190045  768.257639472  682.603590211  492.430485368  
754.86260402  754.388563978  753.351135716  751.557346804  748.678870578  744.195142293  737.295660406  726.710331511  710.405210667  685.016039326  644.762791665  579.372306249  470.437124487  287.478076852  
639.629389062  638.982394171  637.570483058  635.140909138  631.269396624  625.296980309  616.228041423  602.568230335  582.067762759  551.321104524  505.179594824  436.048234948  333.665652902  187.738519529  
532.596369646  531.838897497  530.191779776  527.374336676  522.922952063  516.134834378  505.98414979  491.003210695  469.123497153  437.485999297  392.281486292  328.822844762  242.37481357  130.790049608  
435.57501993  434.77131806  433.030656891  430.072894413  425.443285361  418.470023064  408.207077705  393.365312297  372.243192697  342.688481816  302.164986538  248.075612871  178.592837774  94.2472184948  
349.734050122  348.941216688  347.231286237  344.34569049  339.872010066  333.216429047  323.571744642  309.888708372  290.866662168  264.993973483  230.691098347  186.633798805  132.333620581  68.9519659915  
275.590665777  274.852936515  273.268518763  270.6129402  266.534189537  260.537756814  251.97355953  240.033242092  223.77194466  202.176182387  174.306847805  139.546067092  97.9512326892  50.6415406926  
213.062709796  212.409223096  211.011426523  208.683961278  205.140741829  199.988986584  192.728090852  182.760481072  169.424582237  152.062657259  130.136165071  103.393514468  72.0722077355  37.0740164032  
161.566837835  161.012267741  159.83060063  157.875093851  154.922545662  150.672864028  144.754195902  136.738819525  126.176180603  112.649504034  95.8597255621  75.7327039842  52.5307233248  26.928676264  
120.14424857  119.691291577  118.72957686  117.147085169  114.775662477  111.393450228  106.732397078  100.49429014  92.3789226326  82.1270721016  69.5780496102  54.7358699702  37.8296203397  19.3448281073  
87.5952969751  87.2379881409  86.4818298858  85.2440125834  83.4016835351  80.7954518562  77.2370203135  72.5230497508  66.4571064275  58.8804308921  49.7099437064  38.9782470468  26.8659696719  13.7134819502  
62.6068910415  62.3339441207  61.7580305582  60.8196777475  59.4315686658  57.4820845743  54.8419572289  51.3752380313  46.9554180005  41.4865856951  34.927891318  27.3174179827  18.7894002107  9.57769776666  
43.8609152733  43.6585792407  43.2327956575  42.541968206  41.5255822498  40.1072824662  38.2001718237  35.7149815731  32.5714148098  28.7122656571  24.1188716559  18.8252345662  12.9271412761  6.58244940702  
30.11695914  29.9711592011  29.6650837076  29.1703474953  28.4459853871  27.4408953139  26.0978049839  24.3590881479  22.1744842525  19.5102973561  16.3590091356  12.747574982  8.74223213869  4.44775521911  
