562.857828044  562.857828017  562.857827726  562.857824916  562.857799834  562.857594197  562.856053165  562.845552503  562.780844343  562.422088887  560.639694882  552.712014526  520.973983573  404.611429243  
254.095905016  254.095904988  254.095904691  254.095901824  254.095876313  254.0956683  254.094122712  254.083726693  254.020901192  253.682747272  252.078196178  245.45000368  222.022246112  153.323384745  
93.1879129947  93.1879129788  93.1879128118  93.1879111991  93.1878968789  93.1877805791  93.1869222503  93.1812089553  93.1472184632  92.9684546078  92.1488419514  88.9330970057  78.4252249163  51.1177877565  
28.3136050088  28.3136050026  28.3136049373  28.3136043054  28.3135986973  28.3135532528  28.3132193512  28.3110131953  28.2980361672  28.2309229425  27.9306320844  26.79321557  23.2596667663  14.7024765591  
7.2681384677  7.26813846585  7.26813844624  7.26813825635  7.26813656958  7.26812290865  7.26802277351  7.26736425429  7.26352041151  7.24387178301  7.15743539273  6.83782136913  5.87735854443  3.65049854621  
1.60403022129  1.60403022084  1.60403021608  1.60403016989  1.60402975874  1.60402642594  1.60400201108  1.60384184267  1.60291136349  1.59819162628  1.57766710335  1.50300638388  1.28357230109  0.788809798758  
0.308900519495  0.308900519404  0.308900518439  0.308900509022  0.308900424939  0.308899741949  0.308894734266  0.308861902489  0.308671634394  0.307711055535  0.303565153118  0.288648378411  0.245454406651  0.149830952528  
0.0525630913394  0.0525630913237  0.0525630911554  0.0525630895066  0.0525630747257  0.0525629542909  0.0525620694168  0.0525562628448  0.0525226321779  0.0523532479509  0.0516254796505  0.0490254570726  0.0415704682871  0.025265048529  
0.00798696691359  0.00798696691121  0.00798696688558  0.0079869666331  0.00798696435913  0.00798694575721  0.00798680865768  0.00798590711879  0.00798068088707  0.00795437259874  0.00784159008992  0.00744035049995  0.00629708195099  0.00381623924981  
0.00109345610048  0.00109345610017  0.00109345609671  0.00109345606242  0.00109345575198  0.00109345320052  0.00109343432112  0.00109330978786  0.00109258634791  0.0010889412661  0.00107332203444  0.00101786637826  0.000860431020846  0.000520492570489  
0.00013590864765  0.000135908647612  0.000135908647193  0.000135908643019  0.000135908604995  0.000135908290817  0.000135905955142  0.000135890487424  0.000135800353372  0.000135345251817  0.000133393260348  0.000126465055717  0.000106829411573  6.45506649714e-05  
1.54369279601e-05  1.54369279559e-05  1.54369279101e-05  1.54369274502e-05  1.54369232344e-05  1.54368881942e-05  1.54366263092e-05  1.54348838873e-05  1.54246903869e-05  1.53730630106e-05  1.51511603067e-05  1.43627704269e-05  1.21287143273e-05  7.32420908216e-06  
1.61139780867e-06  1.61139780826e-06  1.61139780369e-06  1.6113977575e-06  1.61139733122e-06  1.61139376553e-06  1.61136695935e-06  1.61118766151e-06  1.61013385887e-06  1.60477581517e-06  1.5816759802e-06  1.49943472075e-06  1.26614652525e-06  7.64424414221e-07  
1.55352378862e-07  1.55352378824e-07  1.55352378407e-07  1.55352374152e-07  1.55352334598e-07  1.55352001482e-07  1.55349481248e-07  1.55332525688e-07  1.55232347259e-07  1.54720652999e-07  1.52506166353e-07  1.4459866043e-07  1.22122987925e-07  7.37365219155e-08  
