881.654133083  881.358702195  880.717778501  879.623200666  877.890495384  875.225135941  871.161734521  864.951099989  855.337662583  840.085111123  814.866864413  770.386953781  684.0500553  493.162016048  
765.943748787  765.383867578  764.171406798  762.107115931  758.854282382  753.883013133  746.37396202  735.050240745  717.874711996  691.484891109  650.108488169  583.486511133  473.231945614  288.891520687  
655.322698319  654.5541315  652.894332155  650.081662987  645.679972509  639.017085389  629.084857763  614.379317768  592.64616075  560.482365292  512.750226596  441.87481286  337.623705168  189.740251748  
551.903921501  550.996875085  549.044772179  545.75599541  540.652318949  533.014700023  521.801896521  505.534383959  482.138082212  448.757073801  401.595607612  335.991258631  247.244386209  133.252770453  
457.340395836  456.368073674  454.283592811  450.794482382  445.429529128  437.498608238  426.038322189  409.74619232  386.914418303  355.394250449  312.66469202  256.15648011  184.082245706  97.0234117384  
372.756765876  371.785564301  369.71193909  366.264282251  361.012757014  353.344173488  342.432960489  327.215759761  306.385287391  278.433601441  241.7972331  195.181383146  138.140069789  71.8884973002  
298.733852968  297.816813904  295.866782479  292.646180033  287.785489027  280.770726957  270.93334991  257.450821781  239.371624973  215.685986637  185.470959663  148.138262901  103.78798215  53.5933944649  
235.340972927  234.514868512  232.765104744  229.893708076  225.597743514  219.465687772  210.979168132  199.526963918  184.441094241  165.067397582  140.882890483  111.664468327  77.6907296727  39.9155030526  
182.205766873  181.491271408  179.983518096  177.524079648  173.874147365  168.71626987  161.662137133  152.271388087  140.087537134  124.697124039  105.815498619  83.3949099609  57.7357127262  29.5610230765  
138.608451742  138.012411124  136.75895168  134.725602585  131.730250001  127.535508426  121.858607187  114.390029475  104.824265377  92.9050604192  78.4846221809  61.5905748918  42.4860632552  21.6997539051  
103.586897188  103.105656374  102.096804491  100.468481704  98.0857474265  94.7757661816  90.3374959365  84.5578107749  77.2356870254  68.2149380547  57.4236551246  44.9148880941  30.8987609965  15.7530037376  
76.040305437  75.6632436199  74.8750440321  73.6086332431  71.7665423511  69.2258615963  65.8466198552  61.4846504917  56.0095916355  49.3276951856  41.407496161  32.3042542203  22.1769793992  11.2909120182  
54.8219198289  54.5346237653  53.9356111669  52.9770852442  51.5902499603  49.6895395733  47.1793267893  43.9636401058  39.9590413111  35.1100915598  29.4057869109  22.8941442438  15.6911648243  7.98030900773  
38.8144771916  38.6012554617  38.1577113685  37.4505409102  36.4322093803  35.0443084033  33.2226406074  30.9042634861  28.0364259675  24.5868358216  20.5540525604  15.9761524406  10.9354117018  5.55691871386  
