882.80381446  882.498918652  881.8387737  880.714675898  878.941436623  876.223750511  872.095519913  865.807055288  856.102638477  840.746278682  815.412267496  770.806097156  684.33447249  493.305759242  
768.16985481  767.591647129  766.341969111  764.220520002  760.889202077  755.816614541  748.182036693  736.707615081  719.355924969  692.765101979  651.164546127  584.298094109  473.782659824  289.169849268  
658.486490999  657.691878823  655.979186711  653.085284614  648.572052287  641.765171292  631.654544001  616.734826623  594.751305803  562.301841537  514.251130723  443.028261842  338.40639905  190.135821963  
555.81557778  554.876330466  552.858834004  549.46962519  544.228043745  536.412396819  524.979026292  508.446711047  484.740865295  451.006661061  403.451316516  337.417377274  248.212105682  133.741852017  
461.777935318  460.769084787  458.610421927  455.007381566  449.485988251  441.35311027  429.642608682  413.050079507  389.867148257  357.946300843  314.769908812  257.774348176  185.180081224  97.5782537102  
377.486875941  376.476739755  374.32404566  370.754952856  365.336679676  357.452830362  346.274910792  330.737509684  309.532730442  281.153947699  244.041282761  196.905947147  139.310307043  72.479931199  
303.531901863  302.575371484  300.545140277  297.201364203  292.171537822  284.938425862  274.830518554  261.023196366  242.564319416  218.445449749  187.747281644  149.887631081  104.975052155  54.1933360091  
240.007874358  239.14336088  237.315594811  234.324398587  229.86393019  223.519501519  214.769854024  203.001739525  187.546570961  167.751484562  143.097038398  113.366058391  78.8453803931  40.4990604715  
186.580069667  185.829576234  184.24871675  181.676997499  177.872884181  172.515958013  165.215202961  155.528356485  142.998363873  127.212980576  107.890875553  84.9898566719  58.8179999303  30.1080086759  
142.572908355  141.944245572  140.624535275  138.489433224  135.35435451  130.979223228  125.078815125  117.34188898  107.462418131  95.1852491857  80.3655975314  63.0361254206  43.4669759484  22.1955055618  
107.069635446  106.559739271  105.492692145  103.774987878  101.269514253  97.8010713093  93.1664604906  87.1510399416  79.5533311055  70.2181139596  59.0761217591  46.1848302837  31.7605120709  16.1885318066  
79.0114372352  78.6099321706  77.7720912208  76.4294359084  74.4826439499  71.8067875185  68.260054754  63.6969847845  57.9868268149  51.0366567296  42.8172631237  33.3876814787  22.9121675813  11.6624758  
57.2868732287  56.9793006306  56.3391084496  55.3173337379  53.8436421477  51.8307928534  49.1816305236  45.7991090295  41.5994667212  36.5279477926  30.5754176649  23.7930258244  16.301125995  8.28858352885  
40.8055056448  40.5759079596  40.0991056819  39.3408524445  38.2523704026  36.7738974406  34.840001158  32.3868702683  29.3614917768  25.7321246759  21.4988381813  16.7022389116  11.4281190872  5.80593350442  
