738.423357884  738.42282902  738.420754855  738.413474998  738.389370984  738.313872526  738.090072859  737.461324234  735.781608189  731.487304638  720.86428295  694.974652436  631.105188086  465.811151885  
504.868915172  504.868055989  504.864696871  504.852958794  504.814319476  504.694240183  504.342120615  503.367937252  500.823364813  494.537607325  479.812360718  447.00223313  377.485606171  239.455089011  
318.39349998  318.392581875  318.389007991  318.376594355  318.336049743  318.21133284  317.850554461  316.870606385  314.375074663  308.426450006  295.184739148  267.786007714  215.654949335  126.817391586  
184.881145116  184.880373879  184.877386338  184.867078295  184.8336962  184.732122336  184.442384174  183.669650076  181.748614949  177.313630889  167.854627211  149.367828537  116.724009287  65.9953090562  
98.8343127371  98.8337708403  98.8316820158  98.8245226351  98.8015304319  98.7323001011  98.5374108901  98.0262515586  96.7822044836  93.986807116  88.2260523823  77.4412780306  59.3634174787  32.8460678079  
48.6947495673  48.6944206914  48.6931588881  48.6888610228  48.6751651835  48.6343194826  48.5206873367  48.2269782583  47.5249653515  45.9822683929  42.8882211419  37.2802249585  28.2191358401  15.416861673  
22.153964094  22.1537881498  22.153115957  22.150839263  22.1436344221  22.1223282764  22.0636623191  21.9139103872  21.5613463688  20.8004785234  19.3067229371  16.6646663249  12.5070260707  6.77899674383  
9.32997760957  9.32989342633  9.32957300635  9.32849312897  9.32509642556  9.31512509192  9.28791022442  9.21916932886  9.05934246275  8.7194386724  8.06326477484  6.92409496068  5.16575547243  2.78535220932  
3.64723020616  3.64719378383  3.64705559959  3.64659188165  3.64514086713  3.64090786275  3.6294404995  3.60072961247  3.53465893647  3.39580185726  3.13128596584  2.67860587051  1.98986441001  1.06908277819  
1.3272407543  1.32722637915  1.32717198968  1.32699013147  1.32642359052  1.3247795464  1.3203535339  1.3093529443  1.28425116038  1.23199971881  1.13351048102  0.96682994034  0.715977653872  0.383685895261  
0.450919333508  0.450914120453  0.450894441263  0.450828840596  0.450625229845  0.450036975898  0.448461532679  0.444569510819  0.435749854204  0.417533170279  0.38348520428  0.32636534972  0.241117062668  0.128969890386  
0.143431836178  0.14343008858  0.143423503627  0.143401607247  0.14333385267  0.143138816356  0.142618720032  0.141340253997  0.138459541705  0.132546943407  0.121570600721  0.103283347554  0.0761676451378  0.0406834634383  
0.0428332808906  0.0428327364964  0.0428306882287  0.0428238909333  0.0428029100488  0.0427426954594  0.0425826893259  0.0421909779759  0.041312433945  0.0395184474187  0.036206136616  0.0307179264318  0.0226216795812  0.0120698902834  
0.0120404588664  0.0120403005734  0.0120397056701  0.0120377345485  0.0120316624284  0.0120142776099  0.0119682137845  0.0118558195256  0.0116046863606  0.0110939954738  0.0101552181491  0.00860657506653  0.00633122382088  0.00337522276738  
