809.513117836  809.493125364  809.438925688  809.314328545  809.0426099  808.470097946  807.298128548  804.956098274  800.356849278  791.392987301  773.794394421  738.219095403  661.904523622  481.868090106  
629.869077323  629.833342552  629.73671389  629.51544985  629.035502096  628.031565345  625.997002273  621.989308503  614.286004767  599.764648283  572.756826178  522.915337653  431.538046267  267.629953998  
470.062341727  470.017801971  469.89782839  469.624708019  469.036892901  467.819940846  465.387440889  460.685085719  451.880190297  435.889507377  407.710856944  359.646012211  281.03430092  160.886786821  
335.914899265  335.868897539  335.745568975  335.466781217  334.872291545  333.656054918  331.262002119  326.725815037  318.454028323  303.952209727  279.573132167  240.505504226  181.551682247  99.7641941144  
229.592852137  229.551202518  229.440117138  229.190911763  228.664697583  227.601316114  225.540196894  221.710010301  214.895146153  203.312954014  184.586481366  155.982750716  115.191053705  61.9128920342  
149.970186589  149.936231035  149.846145144  149.64560446  149.226273803  148.388996161  146.789732633  143.870494799  138.788418636  130.376148478  117.196553288  97.7869302035  71.1915235933  37.7780674071  
93.5801332024  93.554812579  93.4879838089  93.3403282577  93.0344589679  92.4305722702  91.2924987289  89.248001737  85.7552378477  80.0996434886  71.4593832217  59.0835364706  42.6051620601  22.4311876368  
55.7748979067  55.7574476566  55.7116185479  55.6110758121  55.4046102683  55.001163038  54.2499455838  52.9191688563  50.6819869751  47.1248602495  41.7987029516  34.3304514527  24.5923828165  12.8812135316  
31.7557515845  31.7445539149  31.7152811857  31.6514805301  31.5215064133  31.2698776679  30.8063174132  29.9950245993  28.6496103434  26.5422994352  23.4373586507  19.1547184235  13.6566411296  7.12802504956  
17.2772509907  17.2705225229  17.2530074911  17.2150607044  17.1383107761  16.990948739  16.7220010133  16.2562000213  15.492571405  14.3112470169  12.5930574951  10.253448156  7.28501300311  3.79283494589  
8.98682249759  8.98301951393  8.97315792467  8.95190764498  8.90920374832  8.82780932257  8.6804655746  8.42755563797  8.01694429962  7.38821858053  6.48329788859  5.26355866648  3.72996692174  1.93835896488  
4.47180475057  4.46977539473  4.46453126205  4.45328553133  4.43081569061  4.38826296634  4.31177711407  4.18149915626  3.97171468968  3.65322061593  3.19871617053  2.5910504446  1.83243554735  0.950931214184  
2.13016245775  2.12913687909  2.12649486837  2.1208536564  2.10963917705  2.0885213424  2.05079664376  1.98696351371  1.88488553916  1.73100960933  1.51295868711  1.22333581591  0.863803571769  0.447779480374  
0.972154221149  0.971662047434  0.970397659309  0.967708282482  0.96238583943  0.952412765245  0.934692020214  0.90487680052  0.857478474289  0.786453432231  0.686389865678  0.554192014158  0.390827946235  0.202424589516  
