861.257011011  861.098429294  860.739263658  860.086657834  858.977065448  857.140107633  854.13467971  849.232428563  841.191410308  827.778193317  804.655515989  762.501555889  678.679924202  490.44190772  
726.718740575  726.422145567  725.751746454  724.537705251  722.483523542  719.105708121  713.631566769  704.824237661  690.672743316  667.820101612  630.473462783  568.324114292  462.906090029  283.661234552  
600.205358507  599.807022302  598.909425422  597.292212772  594.575670698  590.152733861  583.080711367  571.91176635  554.428250824  527.23479341  485.164751013  420.573321978  323.11719162  182.392418875  
484.827325808  484.371304194  483.347669304  481.514963287  478.463525813  473.553400073  465.822823329  453.860401644  435.636491811  408.304347077  368.032916696  310.074737623  229.595286111  124.313247493  
382.765777647  382.295556085  381.244590648  379.376062885  376.294821106  371.398451011  363.811668791  352.307479216  335.227239007  310.432195994  275.361990603  227.352804812  164.467415248  87.0883484608  
295.182208345  294.73414018  293.737202619  291.977534255  289.1042063  284.594994193  277.715668267  267.481057168  252.634698531  231.678799009  203.008795032  165.231514351  117.745227332  61.5585170421  
222.256006756  221.855673228  220.968959354  219.415048927  216.901969337  213.005100125  207.145580196  198.577568875  186.399288834  169.610681332  147.248113484  118.626305501  83.6919535223  43.4149547779  
163.326641244  162.988131277  162.24162633  160.942421161  158.860332457  155.667640708  150.930024999  144.108066876  134.580230995  121.701188866  104.909460233  83.8905854977  58.7788947759  30.3370525958  
117.103411523  116.83077482  116.232022034  115.196696887  113.551487388  111.054353577  107.392566178  102.190250605  95.032510618  85.5135518774  73.3137337906  58.3027010977  40.6505588179  20.9079588904  
81.9013659761  81.6912314053  81.2315170639  80.4413587327  79.1954302206  77.3216959383  74.6028297345  70.7850761121  65.5987670649  58.7940174631  50.1923748995  39.7494946216  27.6152339434  14.1683748298  
55.8663070221  55.7107628723  55.3716789367  54.7920441615  53.8844640667  52.5307866693  50.5846844337  47.8795793187  44.2442559407  39.5276042979  33.6317473074  26.549155574  18.3947714749  9.42050525591  
37.1620150371  37.0511349117  36.810195694  36.4003704269  35.76271254  34.8185895544  33.4722901071  31.6172382176  29.1470453283  25.9718496809  22.0388825855  17.3540360064  11.9989096614  6.1365131799  
24.1054205153  24.0291331073  23.8638455883  23.5839547909  23.1509186849  22.5139216139  21.6120363669  20.3787092783  18.7491788156  16.6708653815  14.1158092543  11.0930123134  7.65743065607  3.91198866119  
15.2472683015  15.1965195815  15.0868537522  14.9018943936  14.617171188  14.2007484208  13.6148335939  12.8188255994  11.774087953  10.4503500922  8.83306095382  6.93035361074  4.77776068445  2.4387695451  
