815.941382659  815.914635036  815.844097204  815.68740569  815.357419215  814.684831464  813.349585967  810.754491045  805.782933652  796.299643809  778.014446351  741.579937609  664.248155026  483.073006053  
641.66602446  641.61789693  641.491293909  641.211146338  640.624289905  639.436728183  637.102564539  632.630497385  624.243985848  608.769421567  580.501573466  529.083270876  435.83917556  269.841270965  
485.39948069  485.338837955  485.17991405  484.830271909  484.103514065  482.647898882  479.825972952  474.519980885  464.826938806  447.59706016  417.780276757  367.665383282  286.626541832  163.761907789  
352.66470559  352.601130944  352.435293409  352.072984572  351.326828002  349.850046281  347.030823841  341.835539677  332.593933849  316.738876895  290.570810817  249.264244893  187.659569493  102.90444021  
245.809775297  245.75112811  245.598921716  245.268912493  244.595946842  243.280433013  240.807824653  236.339680853  228.586014594  215.693755259  195.235245133  164.463727992  121.10530862  64.9536075298  
164.234927565  164.186037807  164.059818613  163.788264691  163.239943829  162.181016128  160.219961144  156.739744013  150.832050433  141.26754384  126.564450428  105.247914297  76.3945499096  40.4531393626  
105.135653823  105.098251518  105.002187325  104.797065293  104.386793778  103.603476579  102.172477586  99.6737149878  95.5123004082  88.9234254856  79.0490518153  65.1283829291  46.8206890522  24.5985703762  
64.4699030736  64.4433756262  64.3755781655  64.2318451616  63.9468978236  63.4085416768  62.4370411933  60.7645948372  58.0244213659  53.765143917  47.5104025467  38.879676078  27.7649552391  14.5123869275  
37.8694110549  37.8518416724  37.8071458124  37.7130165006  37.5279192917  37.1815142475  36.5631692023  35.5117532252  33.8127812437  31.2118502919  27.454024196  22.3539692419  15.8878017385  8.27518715296  
21.312180327  21.3012542933  21.2735769864  21.2156420673  21.1025543166  20.8926997465  20.5216691525  19.897471359  18.9005768891  17.3935266825  15.2444591031  12.3653303778  8.75787271479  4.55012316942  
11.4954168323  11.4890092742  11.4728408228  11.4391825054  11.373915219  11.2537071275  11.0429453005  10.6916113145  10.1360258218  9.30482786035  8.13203333803  6.57683952052  4.64589032601  2.40929865727  
5.94541559141  5.9418594559  5.93291753786  5.91439489271  5.87868862483  5.81336031053  5.69965168743  5.51159103459  5.21667759109  4.77927001485  4.1674170128  3.36268133661  2.37060824934  1.22764738955  
2.95016045834  2.94828718354  2.9435916501  2.93390814618  2.91533870207  2.88156170639  2.82314221501  2.72717566061  2.57774635898  2.35771441158  2.05211036777  1.6528178056  1.16335275672  0.601803395429  
1.40537660938  1.40443762589  1.40209060596  1.39726947142  1.38806707233  1.37141389736  1.34276964142  1.29598877338  1.22358434473  1.11761544064  0.971298067948  0.781154314696  0.549130749018  0.283823036396  
