820.636613433  820.603707297  820.518587513  820.334041846  819.954968346  819.200480939  817.735187128  814.943455646  809.688940843  799.818442335  781.029729569  743.973442435  665.912919523  483.927486275  
650.327842591  650.268357346  650.114861041  649.783340406  649.105946007  647.767319176  645.193270202  640.358477102  631.449991215  615.261119566  586.064384514  533.49900114  438.91047832  271.41769431  
496.758786484  496.683256768  496.489081069  496.072094515  495.226643011  493.57297052  490.436517279  484.65490666  474.277398265  456.11080374  425.075865809  373.45662852  290.654590347  165.829412974  
365.220373263  365.140355672  364.935579184  364.498875223  363.621585347  361.925968073  358.759190124  353.038300367  343.040236494  326.149874867  298.635372073  255.665969803  192.112269256  105.189921488  
258.152930478  258.078133552  257.887679186  257.484586469  256.682783419  255.152239321  252.338080234  247.353358348  238.856157836  224.946199629  203.164059377  170.75778166  125.483164982  67.2006885897  
175.293396204  175.23005366  175.06960181  174.732627582  174.068961272  172.817493245  170.550568341  166.6076808  160.033970548  149.557777338  133.668837138  110.887613554  80.3173179745  42.4666477758  
114.286739385  114.237392584  114.113033341  113.853829217  113.348186506  112.405643876  110.721658803  107.840164358  103.127733757  95.7845073638  84.9288418227  69.7960458636  50.0673931348  26.2650794993  
71.5235121304  71.4877914032  71.3982131406  71.2128414162  70.8544516425  70.193457205  69.0270671476  67.0597321886  63.8949476095  59.0542950572  52.0431948805  42.4781049251  30.2679707715  15.7971802161  
42.9631019243  42.9389045064  42.878503003  42.7543427675  42.516265322  42.081371943  41.3223782487  40.0581070626  38.0525941564  35.0318894534  30.7278794324  24.9530336474  17.6957079373  9.20319331526  
24.7732664221  24.757844752  24.7195128734  24.6412006452  24.4921548117  24.222228457  23.7556952427  22.9869365618  21.7818172853  19.9895819799  17.4694001963  14.1317242316  9.98659970751  5.180842456  
13.715820962  13.7065348467  13.6835430153  13.6368315222  13.5485244302  13.3898161457  13.1178318907  12.6738064135  11.9846827992  10.9705600236  9.55968978968  7.71029671089  5.43435584229  2.81403259889  
7.29411797658  7.28881696514  7.27573814993  7.24929952746  7.19961709554  7.11092786556  6.96006164912  6.71573095357  6.33973406049  5.79123579256  5.03477683738  4.05132405163  2.84965946592  1.47355700681  
3.72768475322  3.72480775654  3.7177320186  3.70349271946  3.67687735317  3.62964786835  3.54982525444  3.42143868113  3.22528287766  2.94121973992  2.55225331072  2.0499205172  1.4396025007  0.743611972644  
1.83170978036  1.83022170042  1.82657227831  1.81925757364  1.80564994775  1.7816291611  1.74125959789  1.67671343135  1.57869823299  1.43762681475  1.24560161377  0.998952838463  0.700649225851  0.36160405709  
