841.982827551  841.903602713  841.713993367  841.342414092  840.655995272  839.422488946  837.24317068  833.431693169  826.781851002  815.083089888  794.001850374  754.196047672  672.983031089  487.543412169  
690.1624397  690.016440387  689.667794122  688.986998798  687.735724823  685.502776641  681.595808948  674.857587568  663.344870772  643.744021231  610.269176351  552.573178206  452.102329086  278.164465425  
550.00629487  549.814947824  549.359557397  548.475140794  546.861829464  544.011784178  539.092570044  530.765597734  516.906125512  494.178199322  457.4246921  398.947975069  308.284285287  174.845748214  
425.666517169  425.454751898  424.952886005  423.984691463  422.234554292  419.179371012  413.987192836  405.375217149  391.423114798  369.353993331  335.347887442  284.595020224  212.118957309  115.421755866  
319.640903453  319.431734202  318.938342684  317.993473061  316.302249121  313.386820784  308.51024514  300.582516711  288.061387589  268.882407824  240.4968694  200.174388924  145.826379088  77.6044168104  
232.719657162  232.530418696  232.086219199  231.241984375  229.745921683  227.198920915  223.003435959  216.309586086  205.975790692  190.577499475  168.521465905  138.348559294  99.3073408301  52.1780999209  
164.188258787  164.029107106  163.657347316  162.95606072  161.725340784  159.654863325  156.292609432  151.018224709  143.036411918  131.414897308  115.200337447  93.6460352031  66.5595835902  34.6989024776  
112.205910617  112.080295281  111.788250651  111.241274328  110.29013888  108.70759013  106.170748451  102.250381666  96.4183749046  88.0887684928  76.7089079147  61.9101637545  43.70447798  22.6681533754  
74.2572047602  74.1635358418  73.946729764  73.5433887342  72.8479628926  71.7024685151  69.8873671223  67.118865473  63.0600652676  57.3546434115  49.6901379586  39.8906978234  28.0239187175  14.484495741  
47.5824195381  47.5161055871  47.36324796  47.0806335181  46.5971325092  45.8079062127  44.5700847014  42.7034292155  40.0004802953  36.2507238378  31.2812643499  25.0112328012  17.5084394802  9.02696012709  
29.5202477926  29.4755061736  29.3727644677  29.1838806785  28.8629993129  28.3434450996  27.5358922642  26.3300008385  24.6020893294  22.2310595532  19.1231390928  15.2426901651  10.641719998  5.47658130347  
17.7328347696  17.7039800981  17.6379485459  17.5171750792  17.3132934733  16.9855465464  16.4801347774  15.7317971559  14.669022817  13.2239137505  11.3466003094  9.02219064905  6.28591277888  3.23044717366  
10.3150985536  10.2972675942  10.2565902193  10.1825332791  10.0582196893  9.85965098182  9.55555345784  9.10857786113  8.47858425449  7.62845466049  6.53219023909  5.18399952445  3.60595586351  1.85117236205  
5.81147427174  5.80089478724  5.77682790494  5.73319328867  5.66031539428  5.54456016361  5.36835671592  5.11099988429  4.75060345925  4.26738395921  3.64806209597  2.89061885806  2.00810960631  1.03001620249  
