829.029464901  828.982378975  828.864483518  828.619311522  828.137022249  827.216032857  825.494543233  822.326367259  816.543777176  805.966463218  786.275622771  748.121990634  668.789923099  485.401422426  
665.903081601  665.817284637  665.602969892  665.158949743  664.290023213  662.642422979  659.59295181  654.059582771  644.171125923  626.670575473  595.799695925  541.197875791  444.24962756  274.153030296  
517.386229187  517.275858993  517.001149688  516.435192049  515.336109013  513.273276844  509.507229429  502.800487091  491.125169241  471.22144595  437.969316585  383.653048969  297.725795843  169.452115352  
388.333912473  388.214864756  387.919868291  387.316270345  386.154824875  384.000791515  380.12860467  373.371151492  361.918921452  343.082104096  313.083188976  267.091659326  200.035994469  109.249392155  
281.274171191  281.16034316  280.879663983  280.30966192  279.22366525  277.234624853  273.714906148  267.693362708  257.741587946  241.884574117  217.61719792  182.187733869  133.409875698  71.2616983342  
196.448503414  196.349462071  196.106485577  195.616839666  194.693208859  193.02231313  190.109919435  185.21847352  177.31396422  165.056338506  146.893501036  121.346112904  87.5703551652  46.1825318561  
132.227886227  132.148277202  131.953958209  131.565320625  130.839269798  129.541099335  127.309799134  123.623949619  117.782982898  108.929018576  96.1449189955  78.666147667  56.2188981965  29.4166357941  
85.7438069554  85.6841119086  85.5391076589  85.2511852931  84.7181536747  83.7753566786  82.1752427006  79.5704547785  75.5112582018  69.4732303318  60.93364215  49.5090627745  35.1440395796  18.2953107591  
53.5568310224  53.5147831332  53.4131112187  53.2125861527  52.8444511808  52.1996813185  51.117643419  49.3785578364  46.7067943525  42.7941172409  37.3514289822  30.1912725841  21.3285244928  11.0643827209  
32.2220063041  32.1940409789  32.1267064758  31.9947251352  31.7542676037  31.3368165391  30.6431946257  29.5406352878  27.8671046083  25.447729421  22.1269144742  17.8151564502  12.5411469874  6.48961151133  
18.6751975587  18.6575652698  18.6152747978  18.5328484353  18.3837047859  18.1268069659  17.7036646809  17.0374335661  16.0364755178  14.6048243074  12.6608937497  10.1629327843  7.13533003146  3.68549554262  
10.4291557063  10.4185823737  10.3933117206  10.3443084094  10.256185755  10.1054486699  9.85905447284  9.47428438543  8.90118654478  8.08876511538  6.995336772  5.60188021359  3.92502397268  2.02450318799  
5.61357894004  5.60753269727  5.5931278173  5.56532246331  5.51559423422  5.43105369624  5.29378220531  5.08093067573  4.76622282884  4.32340509066  3.73173419521  2.98275193564  2.08655913108  1.0750719264  
2.91342995356  2.91012545937  2.90227512444  2.88718387454  2.86032572583  2.81491241061  2.74160094686  2.62861720324  2.46261131696  2.23048637068  1.92219344809  1.53406418289  1.0717741962  0.551746304951  
