817.150044996  817.121819264  817.047757688  816.884274477  816.542204401  815.849268355  814.48143273  811.836674476  806.793154491  797.210793056  778.796109298  742.201043491  664.680499226  483.295029751  
643.892174306  643.841325448  643.708234654  643.415581848  642.806475238  641.581443134  639.187263415  634.623735058  626.104690133  610.447659479  581.941321272  530.227294814  436.635520326  270.250222758  
488.311079676  488.246880069  488.079475869  487.713486507  486.957639942  485.453033645  482.552632538  477.127039698  467.26067659  449.792163034  419.663459938  369.161775744  287.668175194  164.29682677  
355.870969794  355.803481931  355.628313673  355.248016156  354.469846002  352.939140572  350.033532003  344.706576697  335.274140302  319.156319508  292.644771451  250.91225307  188.806754286  103.49356796  
248.946826094  248.884354667  248.723028673  248.375435169  247.671170657  246.302928854  243.745837761  239.148907089  231.208568537  218.059244815  197.264673923  166.076378207  122.227895874  65.5301084186  
167.029371804  166.97708029  166.842747877  166.555547349  165.979371229  164.873508127  162.837238421  159.242344573  153.168407412  143.374940387  128.372495382  106.684675637  77.3947149788  40.9667761343  
107.432660184  107.392466273  107.289743021  107.071776088  106.638632034  105.81676685  104.323981626  101.730998824  97.4329734516  90.6559231647  80.5354920557  66.3096099755  47.6429860611  25.0208677946  
66.2269773337  66.1983184568  66.1254357984  65.9718914486  65.669468931  65.1016539621  64.0829249122  62.3384428801  59.4938047392  55.0906084498  48.6476534924  39.7834382335  28.3941119876  14.8355000303  
39.1275169323  39.10842456  39.060094401  38.9589512512  38.7613580618  38.393882157  37.7417475918  36.6387819946  34.8650383496  32.161077437  28.2684907065  23.0012375052  16.3384103018  8.50660764388  
22.159089008  22.1471400802  22.1170213149  22.0543732655  21.9328859458  21.708863712  21.3151073435  20.6562301043  19.6090224364  18.0326306013  15.7928507679  12.8011596601  9.06129182591  4.70595371341  
12.0332484963  12.0261929376  12.0084774636  11.9718317564  11.9012386916  11.7720446496  11.5468644954  11.1735221743  10.5859990241  9.7107752192  8.48037600682  6.853691657  4.83863692372  2.50829160303  
6.268553353  6.26460890845  6.25473971563  6.23442585323  6.19552515744  6.12480517185  6.00244261145  5.8011686016  5.48707542664  5.02322269646  4.37676141997  3.52906830136  2.48645165444  1.28714469023  
3.13429098441  3.13219705804  3.12697447147  3.11627249915  3.09588605332  3.0590411371  2.99569578222  2.89220578499  2.73185286937  2.4967557226  2.171432106  1.74765861577  1.22938578964  0.635718731602  
1.50510052811  1.50404239096  1.50141067757  1.49603920165  1.48585457619  1.46754232154  1.43623328589  1.38538107599  1.30706356301  1.19293760807  1.03594077527  0.832536658852  0.584906983121  0.302198525829  
