765.246127226  765.243895944  765.236358988  765.213930786  765.150730068  764.98095795  764.54539821  763.47522729  760.945027837  755.142488574  742.067878937  712.540424586  643.761450451  472.460171489  
550.765278898  550.761501945  550.748781687  550.711090076  550.60547969  550.323944058  549.609222671  547.87931021  543.878910887  535.011771295  516.091080189  477.056103934  399.139232419  250.830768624  
371.595363728  371.591054443  371.576603405  371.534042403  371.415729224  371.103582475  370.321994313  368.465243786  364.281081305  355.338964545  337.232980402  302.618226468  240.750587746  140.001053764  
234.549584345  234.545635843  234.532460815  234.493928468  234.387769048  234.110866871  233.4276446  231.835350211  228.33647069  221.105254912  207.103736391  181.879733388  140.146960596  78.2999026549  
138.37414485  138.37106256  138.360831698  138.331126063  138.250027095  138.04088149  137.532136486  136.367568479  133.866090984  128.843145982  119.464914083  103.316379444  78.003977427  42.6380238991  
76.2976331358  76.2955218866  76.2885502134  76.2684499224  76.2140512409  76.0752533712  75.7420186903  74.9913664028  73.4104369517  70.3114250452  64.6909456445  55.3381300051  41.2273601052  22.249849953  
39.3441564461  39.3428643414  39.338618323  39.3264568566  39.2938075336  39.2113072569  39.0155320991  38.5806541526  37.6799589444  35.9489866129  32.8811048589  27.9066380558  20.6047593888  11.0323939381  
18.9958412187  18.9951257148  18.9927849439  18.9861205766  18.9683583435  18.9238608662  18.8193386825  18.5899341208  18.1214268803  17.2355022316  15.6937548682  13.2429357499  9.71695465488  5.17578281973  
8.599930105  8.599568209  8.59838900122  8.5950496341  8.58620634519  8.56421896262  8.51302488933  8.40180636739  8.17731347819  7.75838461348  7.03985754836  5.91501189376  4.32072643975  2.29325662369  
3.65711417267  3.65694572902  3.65639881242  3.65485730599  3.65079797266  3.64077094361  3.61760034618  3.5676956501  3.46794206324  3.28379260746  2.97160127642  2.48867318334  1.81191795616  0.959243048661  
1.46351727192  1.46344468141  1.46320971822  1.46255018372  1.46082183617  1.45657659623  1.44682964962  1.42598921614  1.3846687387  1.3090624534  1.18208092768  0.98749515922  0.717181782162  0.378970912593  
0.552217851232  0.552188737912  0.55209475544  0.55183188518  0.551145900862  0.549469060906  0.54564010719  0.537503329303  0.521479282612  0.492372127169  0.443855834828  0.370065285668  0.268254402503  0.141549984847  
0.196843322105  0.196832407585  0.196797254626  0.196699230068  0.196444340983  0.195823835329  0.194413506269  0.191431893617  0.185593120454  0.17505072885  0.157586743459  0.131184526356  0.0949526840951  0.0500492768254  
0.0664147044301  0.0664108648372  0.0663985225293  0.0663641946314  0.066275204421  0.0660593176314  0.0655705518346  0.06454170808  0.0625364167669  0.0589336408277  0.0529955733022  0.0440619943294  0.0318551697667  0.0167764780093  
