827.043819668  827.00049824  826.891214337  826.661747846  826.205786249  825.326619026  823.668551157  820.592326159  814.937184238  804.52867129  785.051361867  747.155592878  668.120685114  485.058871396  
662.207727821  662.128934921  661.930642844  661.515845316  660.695907383  659.126129448  656.194676721  650.832419831  641.181138328  623.994726247  593.521235235  539.399314741  443.004106188  273.51550603  
512.46922098  512.368166375  512.114768475  511.587681284  510.553764185  508.594459256  504.985420597  498.506332739  487.14657633  467.660829591  434.937462207  381.259761749  296.06841228  168.60377532  
382.788417762  382.679870134  382.408896174  381.849116773  380.761138616  378.723829971  375.028680363  368.52793947  357.431570799  339.066134192  309.663566764  264.392251133  198.166604816  108.292531468  
275.680987615  275.577741992  275.321275335  274.795442584  273.783508962  271.912151755  268.570941071  262.808265177  253.21536733  237.833760793  214.167860537  179.464837333  131.524202968  70.2964975312  
191.280074687  191.190803203  190.970181997  190.521322025  189.666089551  188.103889375  185.356389829  180.704094183  173.131158188  161.312806295  143.705767659  118.829690535  85.8276519052  45.2905052829  
127.794143495  127.72290665  127.547746667  127.194068253  126.526652745  125.321676264  123.231772961  119.751020254  114.194444078  105.71728096  93.409973937  76.5071247497  54.723686545  28.6512850384  
82.1838566636  82.1308757023  82.0012377679  81.741358345  81.2553695695  80.3873538763  78.9007178846  76.4605532845  72.6296545052  66.8941409243  58.737379908  47.7752551254  33.9432895484  17.6806798116  
50.8665913315  50.8296104091  50.739536543  50.5601810533  50.2275652042  49.6392683304  48.6429408523  47.0282153819  44.5289370908  40.8448453692  35.6914578702  28.8808050829  20.4209444378  10.599812686  
30.3007935748  30.2764414236  30.2173784351  30.1004976507  29.8853815422  29.5082296758  28.875782322  27.8619984044  26.311616403  24.0554652311  20.9412519305  16.8791114699  11.8928662868  6.15776732409  
17.3745328332  17.3593427387  17.3226439267  17.25042781  17.1184225395  16.888784943  16.5070323691  15.9008764266  14.9832680691  13.6621063213  11.8580453653  9.52909242067  6.69634005182  3.4607810847  
9.59225629802  9.58325165709  9.56157326004  9.5191307486  9.44202330755  9.30881105397  9.08903096659  8.74289769378  8.22341500948  7.48207754708  6.47864677946  5.19394806072  3.64248939028  1.87987474829  
5.10067154925  5.09558493614  5.08337795182  5.05958770151  5.01660230209  4.94279204277  4.82181990628  4.63263586538  4.3507769146  3.95151803186  3.41500354662  2.73268270209  1.91335689885  0.986409089523  
2.6134581871  2.61071383625  2.60414666062  2.59140005129  2.56848046117  2.52933646287  2.46555047734  2.36640132379  2.21960077702  2.01294726522  1.73691229555  1.38777426003  0.970448935409  0.499876780245  
