770.163199524  770.160315129  770.150826173  770.123421296  770.048429809  769.852516863  769.362812142  768.188151096  765.470617756  759.356959191  745.805050347  715.602956128  645.947454086  473.601330823  
559.354614209  559.34969822  559.333573063  559.28719883  559.161013409  558.833852991  558.024612912  556.112265946  551.784741561  542.374247893  522.619881066  482.406430639  402.958310048  252.824465635  
381.890926831  381.88525586  381.866733219  381.813786058  381.670852939  381.304094805  380.409337576  378.334095193  373.758055756  364.164888574  345.059798631  309.032498835  245.329248606  142.391328214  
244.603966527  244.598693038  244.581554628  244.532907643  244.402761191  244.072628802  243.279055346  241.47363031  237.592360109  229.725662772  214.748677171  188.14525341  144.619619798  80.6349025865  
146.831182315  146.826990552  146.813439376  146.7752555  146.674039042  146.420226464  145.818836379  144.475252182  141.652455437  136.095320966  125.896840346  108.588071468  81.7673798381  44.6028150567  
82.5886549431  82.5857227493  82.576292864  82.5499115271  82.4805991632  82.3086676023  81.9066688733  81.0230727147  79.2034014374  75.707308491  69.4768778428  59.2610200914  44.0280346316  23.712079919  
43.5479742239  43.5461368422  43.540257021  43.5239178604  43.4813416524  43.3767711392  43.135161847  42.6116162912  41.5516011025  39.555510869  36.080208205  30.5290605245  22.4771159458  12.0099940814  
21.5462084713  21.5451643592  21.5418382912  21.532652401  21.5088936806  21.4510538421  21.3188025466  21.0357183479  20.4706980842  19.424080744  17.6352697944  14.8346078853  10.8534614765  5.76920873895  
10.0159225748  10.0153795478  10.0136568222  10.0089252647  9.99676822018  9.96740133712  9.90085831326  9.75990429278  9.48191239389  8.97385475884  8.11822162766  6.79914990967  4.95208171542  2.62293609583  
4.38120341758  4.38094306398  4.3801201286  4.37787093833  4.37212553461  4.35834031811  4.32734619232  4.26227293272  4.1352088537  3.90553105381  3.52326482348  2.94102215763  2.13496452729  1.12794049441  
1.80637695174  1.80626119612  1.80589648977  1.80490397032  1.80238147902  1.79636441482  1.78292566446  1.75492139911  1.7006928006  1.60355316512  1.44340908132  1.20180038195  0.870242672703  0.458905428369  
0.703237082098  0.703189118213  0.703038424472  0.70262985075  0.701596007379  0.699142270234  0.693693021743  0.682409341571  0.660710509626  0.622129896886  0.559014942447  0.464513629461  0.335717723046  0.176784302497  
0.258972410414  0.258953809701  0.258895511287  0.258737955459  0.258340782412  0.257402170235  0.255327743075  0.251055150745  0.242886418595  0.228451510086  0.204985273504  0.170063289761  0.122726107357  0.0645555803229  
0.0903736507204  0.0903668743346  0.0903456798241  0.0902885576294  0.0901450254541  0.089807065696  0.0890631924267  0.0875379597364  0.0846360115423  0.0795340929189  0.0712828129377  0.059063989901  0.0425731052372  0.0223749397098  
