855.874989412  855.74301744  855.439920646  854.878356914  853.902560994  852.251547908  849.494277069  844.911907592  837.270029298  824.339286085  801.78171812  760.269126393  677.15279602  489.666238462  
716.458555278  716.212687395  715.64917455  714.608690984  712.809572316  709.786234035  704.785170387  696.587654042  683.197070214  661.264206809  624.994883332  564.068231188  459.9947859  282.182504992  
585.996139566  585.668052051  584.918475448  583.541613274  581.178295931  577.246260464  570.82938819  560.504957783  544.075213335  518.155545299  477.57746851  414.679346805  319.085322461  180.344523528  
467.883456509  467.51119879  466.664062677  465.117951387  462.487703418  458.16293909  451.213583658  440.25819449  423.290851032  397.47764154  358.985320091  303.046349697  224.787399797  121.871190871  
364.414936095  364.035427603  363.175604579  361.617452041  358.992352748  354.729927436  347.989214073  337.575658749  321.856313785  298.706330577  265.562974039  219.740685976  159.260212857  84.4434666714  
276.695330282  276.338639881  275.534246587  274.087232819  271.673402536  267.802806026  261.775792885  252.639877175  239.164486384  219.8658372  193.136975307  157.562827927  112.499322551  58.8939752353  
204.708890979  204.395281459  203.69130723  202.434133989  200.357164725  197.066415763  192.015850878  184.49065729  173.613635646  158.39802883  137.877937401  111.347295221  78.7126067431  40.8858030036  
147.512329234  147.251970217  146.670141745  145.638345843  143.949270759  141.302811022  137.294232592  131.412085005  123.056988115  111.595605401  96.4644166177  77.3302294198  54.2911499121  28.0575971039  
103.501114064  103.295688375  102.838561296  102.033217905  100.726020406  98.6986829786  95.6639281761  91.2699414024  85.1208868652  76.8212885953  66.049753998  52.6598161842  36.7904216977  18.9472813075  
70.6954807926  70.5407083271  70.1976531994  69.5969373736  68.629444334  67.1427100595  64.9403792981  61.7885213753  57.4331745393  51.6329576068  44.207977244  35.1006163779  24.4350620972  12.5530696496  
47.0008312955  46.8890797638  46.6422768974  46.2124997177  45.5251793451  44.4776497831  42.9401771899  40.7618709845  37.7839450074  33.8620200817  28.8970812305  22.8710994344  15.8787072079  8.14251858481  
30.4125529309  30.335007373  30.1643126405  29.8685614033  29.3985726315  28.6875053216  27.6522834281  26.1982767488  24.2285620665  21.6584043845  18.4341704326  14.5537591809  10.0833072205  5.16351814815  
19.152496913  19.1006668113  18.9869178379  18.790725169  18.4807138843  18.0147225362  17.3410977676  16.4020540761  15.1397779813  13.5054539635  11.4704892073  9.03802058826  6.25165632417  3.19795029979  
11.739169262  11.7057400232  11.6325718485  11.5068856652  11.3092882273  11.013974503  10.5897218757  10.0021411786  9.21751877693  8.20825162167  6.95934126124  5.47476699722  3.78202338546  1.93300142424  
