878.908362308  878.634784172  878.03833852  877.012307585  875.374136192  872.831412622  868.920723501  862.894344035  853.497301665  838.492699702  813.551963435  769.375620552  683.363377361  492.814841077  
760.63350047  760.115881418  758.989439075  757.057714837  753.987705862  749.253609643  742.039898711  731.072520815  714.315493778  688.405200695  647.565496304  581.53061261  471.903923747  288.220090915  
647.790616849  647.081993725  645.544201156  642.919562131  638.777187414  632.450704062  622.937385093  608.737281733  587.597728153  556.114097236  509.143215888  439.100541245  335.740021232  188.7878866  
542.617188079  541.784047686  539.982370136  536.925421309  532.141464055  524.918610366  514.222297655  498.577962464  475.913545915  443.371151255  397.148285441  332.570673397  244.921865046  132.078534785  
446.842574109  445.953793223  444.039349313  440.812292159  435.808744167  428.346669325  417.470221783  401.882531937  379.878085237  349.305895302  307.637344602  252.289774748  181.456814697  95.6960283983  
361.615234477  360.732693074  358.839524146  355.669979585  350.802009132  343.631008946  333.339423956  318.869850275  298.917431142  271.971851681  236.461555459  191.077526319  135.353614652  70.4797016316  
287.489869783  286.662301741  284.89437758  281.954433273  277.480810619  270.968193617  261.756129821  249.028093883  231.835019122  209.164739003  180.086144981  143.99660816  100.975860339  52.1716212856  
224.46833483  223.728741639  222.155061496  219.555041115  215.633346638  209.986836726  202.104964728  191.38232403  177.153305319  158.761433643  135.675834258  107.659528575  74.9714325465  38.5406599994  
172.082071814  171.448123224  170.104314499  167.897545588  164.596086772  159.890292994  153.39914313  144.68769159  133.301662679  118.825443343  100.967036337  79.6657723713  55.203678451  28.2808569057  
129.500607435  128.977026131  127.871050609  126.065003737  123.38314176  119.595103933  114.424679016  107.567224179  98.7192193499  87.6224745173  74.1225880781  58.2355620767  40.2080517729  20.5480177086  
95.6502438287  95.2321397189  94.3517971627  92.9215345606  90.8119636441  87.8563720515  83.8594355396  78.612277251  71.9156090989  63.611559012  53.6224595737  41.9912328874  28.9136331245  14.7493452325  
69.3289289096  69.0052520521  68.3257135764  67.2267741347  65.615661234  63.3746444772  60.3685895062  56.456924453  51.5107565812  45.4349136648  38.1930616518  29.8318959118  20.4982743116  10.4421766558  
49.3066611883  49.0632316267  48.553506581  47.7325942847  46.5355592295  44.8810933327  42.6775455548  39.8318999925  36.2619270611  31.9110185883  26.7641698472  20.8623597079  14.3116023855  7.28281626436  
34.4048412057  34.2266887444  33.8545264536  33.2573736764  32.3907832954  31.199752258  29.623263638  27.6007393172  25.0803956997  22.0290064871  18.4419328626  14.3516238975  9.83237027019  4.99923157161  
