871.49602012  871.276078213  870.789508888  869.934503768  868.535137749  866.306506559  862.792530874  857.251468208  848.431780884  834.096381272  809.912061153  766.569849512  681.455155798  491.84908511  
746.343808573  745.929593984  745.014980062  743.412972045  740.803347836  736.67477688  730.225869249  720.194104282  704.550120513  679.929932054  640.548460566  576.12162623  468.225241883  286.35830092  
627.629162925  627.06644171  625.827534293  623.668114876  620.175324655  614.70320675  606.268978095  593.388957008  573.819816208  544.15640591  499.242948112  431.46906364  330.549815187  186.16111189  
517.942219466  517.287656878  515.851800335  513.364253439  509.375342434  503.19816154  493.822551994  479.793854105  459.051433581  428.736750447  385.031882947  323.230935769  238.569870563  128.863778808  
419.212886279  418.524085862  417.019304172  414.42988162  410.316641  404.025513788  394.627973156  380.849429454  360.997154191  332.919435648  294.070377245  241.831913983  174.34439113  92.0964213531  
332.627662599  331.954953868  330.491626086  327.991116264  324.057282055  318.114853586  309.374928413  296.803468349  279.109022666  254.780508997  222.22823905  180.106049989  127.891893772  66.7033191992  
258.629815928  258.011185641  256.671265389  254.397486672  250.853977731  245.564618102  237.89747134  227.059264198  212.114267191  192.049542028  165.915923831  133.073800454  93.5472557736  48.4120042634  
196.992138359  196.451495048  195.285354505  193.31963765  190.283552373  185.801742655  179.390798904  170.467439813  158.378742939  142.467490215  122.185611736  97.2609190506  67.8993535909  34.9614863156  
146.942548117  146.490661836  145.519794776  143.893469625  141.402402812  137.762361025  132.617140403  125.552026824  116.124341368  103.917782422  88.6246151228  70.1519547089  48.7333640156  25.0062416835  
107.318636103  106.955729539  106.178880325  104.885072719  102.918360096  100.070793461  96.0880474534  90.6833185632  83.5633082338  74.4692104144  63.2327326345  49.8414514916  34.499264784  17.6588160397  
76.7277189684  76.4467091607  75.8471865491  74.8539711607  73.3545550312  71.2013345682  68.2176444525  64.2098145533  58.9872660612  52.3915934273  44.3332750897  34.8309845913  24.0440062751  12.2848456817  
53.6930304199  53.4826625206  53.0352190397  52.2974860074  51.1906322921  49.6127084998  47.4439884425  44.5564556105  40.8284045956  36.1642151887  30.5177541444  23.9156799827  16.4747194518  8.40587580292  
36.7728732817  36.6202953831  36.2966619662  35.7653539163  34.9726050843  33.8497498818  32.3174799287  30.2928349652  27.699338786  24.4800179101  20.6120091  16.1202296309  11.0865442511  5.65063482201  
24.6463091416  24.5389108474  24.3116717395  23.9400485562  23.3882853211  22.6112157974  21.5574256187  20.1741584453  18.4141034506  16.2437447341  13.6523221377  10.659779535  7.3216084798  3.72855451304  
