845.670684606  845.579514717  845.363849789  844.947790649  844.192097261  842.856359739  840.532450073  836.524291334  829.616908555  817.593486504  796.118293767  755.85245234  674.122554795  488.12425719  
697.115889209  696.947370015  696.549600964  695.784946289  694.403064704  691.977370763  687.797787728  680.68873481  668.690433576  648.477439926  614.259794591  555.69638527  454.250942653  279.259670901  
559.461313151  559.239350121  558.717175772  557.71874729  555.927862487  552.815754246  547.525874928  538.69468502  524.174952952  500.614666315  462.851124264  403.194916908  311.20598026  176.335016046  
436.656865413  436.409521786  435.830045644  434.729352668  432.772841932  429.413081579  423.79009092  414.592060482  399.87251302  376.835883666  341.655722932  289.531804624  215.515242477  117.15293887  
331.16112854  330.914677823  330.339958635  329.256238579  327.348737731  324.114101789  318.785999532  310.244013159  296.918477552  276.725361431  247.10915285  205.349475881  149.38662063  79.419177816  
243.873483521  243.648163673  243.125251763  242.146625056  240.441218744  237.585226151  232.95264178  225.664131661  214.551560069  198.171407975  174.923832945  143.359389106  102.754597953  53.9352750233  
174.293097709  174.101273231  173.65823411  172.835239849  171.414922471  169.064580352  165.306405612  159.493351931  150.806053874  138.295042118  121.000988766  98.185966038  69.6828990724  36.290960324  
120.839912444  120.686394945  120.333475889  119.682551316  118.56947236  116.747861092  113.872796731  109.492231928  103.057476659  93.9678680823  81.6656296267  65.7896202553  46.3734281501  24.0286119192  
81.2517704524  81.1355109533  80.8694162748  80.3819046969  79.5553367438  78.2162329885  76.1271935896  72.9859346266  68.4388801642  62.1177862232  53.7060335069  43.0338332923  30.1863185399  15.586752893  
52.9751547195  52.8914351415  52.7005994213  52.3531243062  51.7685578179  50.8301114999  49.3811399011  47.2271416076  44.1477909484  39.9233747961  34.3777856762  27.4348250719  19.1758253622  9.87689440809  
33.4884246762  33.4308845429  33.3002154918  33.0636319934  32.6684179012  32.0391027029  31.0762203833  29.6589307318  27.6540784477  24.933789818  21.4019235429  17.026275765  11.8688046223  6.10207976656  
20.5259124213  20.4880562564  20.4023814521  20.2480542966  19.9918787963  19.5869054179  18.9721944308  18.0750900406  16.8174082219  15.1264769046  12.9507549623  10.2777654447  7.14974114421  3.67078084852  
12.1991323327  12.1752345779  12.1213171736  12.0246419557  11.8650734312  11.6144349707  11.236634516  10.6893318781  9.92788233225  8.91194402867  7.61438769323  6.03104924764  4.18872748689  2.14824026719  
7.0312818185  7.01677788939  6.9841457472  6.92587731445  6.83018702916  6.6807348857  6.45682898946  6.13453083996  5.68903522145  5.09846889961  4.34881865433  3.43911805108  2.38548223499  1.22238331018  
