812.164924211  812.142358245  812.081884567  811.944835198  811.650263891  811.038092348  809.800791847  807.356617387  802.605926165  793.429353756  775.547992586  739.617217412  662.88034261  482.370065114  
634.726777641  634.686330851  634.578214078  634.33414782  633.812350177  632.735780715  630.581563213  626.386781839  618.406083174  603.49509171  575.969287468  525.476610544  433.325695841  268.549549262  
476.358857209  476.308214538  476.173360643  475.870702089  475.228668611  473.917608183  471.330060379  466.385256811  457.220855334  440.725168445  411.875125747  362.966192008  283.351652995  162.078876283  
342.762708207  342.710076405  342.570580472  342.259695239  341.606281002  340.287752974  337.725148393  332.925365396  324.262673139  309.211692115  284.102456994  244.116800351  184.072253036  101.06083341  
236.187621102  236.139595165  236.012959109  235.732875201  235.14996377  233.988139956  231.764784389  227.680840152  220.489609487  208.378617613  188.948991012  159.461111647  117.618878069  63.1618330425  
155.733899218  155.694380072  155.590723398  155.363229934  154.894399312  153.971157459  152.23019373  149.089279021  143.678364234  134.804006041  121.009890675  100.827491975  73.3138132579  38.8698460338  
98.214278759  98.1844934555  98.1067723359  97.9374783369  97.5918588988  96.9189229062  95.6670047608  93.4443708387  89.6873062714  83.6602522136  74.5259273719  61.5287108372  44.3119131318  23.3092113105  
59.232250333  59.2114763689  59.1575367706  59.0408775146  58.8047971068  58.3498919891  57.5138114841  56.0502147002  53.6159265141  49.7817264236  44.0869861461  36.1551198949  25.8660474015  13.5364499442  
34.1636528656  34.150145918  34.1152367883  34.0402325053  33.8896645867  33.6022415636  33.0796331944  32.1758991442  30.6932687638  28.3930326416  25.0314039661  20.4258482181  14.5439461474  7.5845069322  
18.8498755608  18.8416428256  18.8204552904  18.7752061357  18.6850287528  18.5143204242  18.2068472651  17.6807164042  16.827513435  15.5202195865  13.6343951507  11.083867056  7.86469962678  4.09106557408  
9.95348989422  9.948764868  9.93665159003  9.91092246775  9.85997985181  9.76425554853  9.59325696358  9.30329263657  8.83764977112  8.13151379546  7.12355758111  5.77415713395  4.08640951076  2.12174132643  
5.03273634032  5.03017355695  5.02362637414  5.00978774814  4.98254642008  4.93169125628  4.84149529382  4.68973386004  4.44803363905  4.08463355497  3.57034466582  2.8874320395  2.03934307095  1.05738322436  
2.43823967354  2.43692205614  2.4335664337  2.42650465403  2.41267490914  2.38700460828  2.34175937243  2.2661375747  2.14654091738  1.96800914967  1.71712570217  1.38617082401  0.97748477828  0.506268781381  
1.13267525482  1.13203142581  1.13039633833  1.12696870571  1.1202865248  1.10794549139  1.08631136889  1.05035955227  0.993838861793  0.909971285087  0.792802004525  0.639065954743  0.450083888723  0.232912689481  
