883.084852311  882.777614767  882.112718005  880.981331336  879.19809917  876.46753536  872.323379121  866.015829274  856.289140281  840.907406179  815.545135141  770.908175875  684.403724482  493.340754113  
768.714259292  768.131515451  766.872632728  764.737064375  761.386389212  756.28885622  748.62342866  737.112036797  719.71720284  693.077226729  651.421928014  584.495833921  473.916810015  289.237638934  
659.260770498  658.459706928  656.733923728  653.81994095  649.279178269  642.436819089  632.282316233  617.310018243  595.265136257  562.745763935  514.617194839  443.309499558  338.597195787  190.232236665  
556.773850712  555.826619228  553.792921351  550.378860774  545.10320773  537.243652735  525.755981194  509.158591106  485.376803144  451.556078462  403.904373644  337.765449803  248.448244514  133.861179343  
462.866448759  461.848529324  459.671463861  456.040195152  450.480100737  442.297348325  430.525166715  413.858719131  390.589524705  358.570397676  315.284548321  258.169733358  185.448318056  97.7138010915  
378.648991313  377.629173544  375.456833528  371.85760504  366.39801551  358.460921047  347.217152322  331.600835798  310.30396114  281.820253386  244.590729223  197.32807425  139.596686394  72.6246465795  
304.712906207  303.746537518  301.696342275  298.321942345  293.250129975  285.962909384  275.788084384  261.900565445  243.348096896  219.122596734  188.305669101  150.316628033  105.266092495  54.3404068243  
241.159060343  240.284957671  238.437732979  235.416687951  230.91529579  224.518126839  215.703253199  203.856968299  188.310571984  168.411547288  143.641339089  113.784233558  79.1290794014  40.6424216283  
187.661691943  186.90218953  185.303048704  182.703286315  178.860724449  173.454247319  166.092209708  156.331918111  143.716211317  127.833170447  108.402297597  85.3827726608  59.0845629839  30.2427106776  
143.555829669  142.918980767  141.582658805  139.422074619  136.252058198  131.831899977  125.87580365  118.07213608  108.114773581  95.7488585362  80.8303633561  63.3931971373  43.7092218594  22.3179195403  
107.93568148  107.41857331  106.336891158  104.596736665  102.060481875  98.5523682599  93.8686929549  87.7944685193  80.1281306748  70.7147198338  59.4856361742  46.499454081  31.9739607141  16.2963938059  
79.7526486635  79.3449718578  78.494606739  77.1327390481  75.1596049077  72.4497981994  68.8610751913  64.2476789877  58.4787852086  51.4616924736  43.1677600891  33.6569638025  23.0948558154  11.7547937605  
57.9039540624  57.5912439297  56.9406261874  55.9028582141  54.4072378453  52.3661258499  49.6820071188  46.2575888476  42.0090479274  36.8818138414  30.8672270743  24.0172199268  16.4532255313  8.36544418984  
41.3058109099  41.0720484555  40.5867945697  39.8155760276  38.7093166191  37.207931031  35.2456949674  32.758596949  29.6935739806  26.0190351542  21.7354347866  16.8840141853  11.5514408037  5.86825192413  
