868.225979992  868.027216545  867.584375843  866.79825671  865.49650492  863.398348146  860.051881855  854.71897906  846.15052412  832.110062503  808.262755652  765.29546596  680.586891907  491.409169446  
740.061460267  739.687932438  738.857327407  737.38765949  734.965567142  731.087658346  724.96056408  715.328710107  700.167388504  676.113829982  637.3798242  573.673286575  466.557136783  285.513136521  
618.816132118  618.310485044  617.189423064  615.215647609  611.985924588  606.865434222  598.882646213  586.563624403  567.671570468  538.803041994  494.797867751  428.034439339  328.209732255  184.975481837  
507.242565655  506.657291398  505.364500445  503.102328601  499.432788157  493.682495808  484.854955905  471.507342057  451.586948051  422.237307966  379.635167063  319.060997029  235.728799748  127.42431669  
407.354986699  406.742969749  405.396730304  403.057065504  399.297750567  393.479705013  384.689546222  371.665800985  352.724529178  325.716319337  288.089365605  237.210494331  171.195712986  90.5011052564  
320.342642411  319.749476094  318.450388235  316.20861435  312.641432765  307.189103733  299.078417096  287.28892631  270.538288182  247.317805568  216.031669329  175.318063919  124.629725766  65.0505007095  
246.579110147  246.038497313  244.859669398  242.839670842  239.655796553  234.847162535  227.797228313  217.726056222  203.706853612  184.729024367  159.837400979  128.377017325  90.3472214302  46.7906649908  
185.713707526  185.246073466  184.230685458  182.502462733  179.802938174  175.771018532  169.93770674  161.732205861  150.509960807  135.615948213  116.496481809  92.8650033291  64.9043022096  33.4440026392  
136.820733379  136.434360653  135.598769971  134.185560983  131.996513308  128.760196516  124.133344492  117.712450647  109.062348608  97.7687090528  83.5187583205  66.206715677  46.0453648553  23.6443284842  
98.5778365165  98.2714967047  97.611451185  96.5016605389  94.7957339277  92.2967810791  88.7616522718  83.9132256876  77.4646934485  69.1589552463  58.8233688408  46.4343745691  32.1779249034  16.4826743528  
69.4460871301  69.2121934909  68.7099613429  67.8700236867  66.5878350021  64.7250067337  62.114186416  58.5697723961  53.9065958778  47.9676746344  40.6598648805  31.9925631344  22.1101029611  11.3050030337  
47.8299061382  47.6574693447  47.2883510104  46.6740188388  45.742054651  44.3979310717  42.5294230566  40.0150134319  36.737355413  32.6019768828  27.5598292353  21.630101343  14.9174806298  7.61687484325  
32.202908709  32.0798904073  31.817296362  31.3821574777  30.7257075099  29.7850676918  28.4867784434  26.7529475854  24.5104983207  21.7033537559  18.3063793341  14.3386703048  9.87270657879  5.03562265598  
21.1939429653  21.108870935  20.9277353221  20.6287510109  20.1799403053  19.5405100533  18.663466042  17.4998823992  16.0050180819  14.1460359028  11.9104606806  9.31383816164  6.40456943735  3.26391968292  
