1000.0  692.388828479  507.984109029  383.097711644  292.176925457  223.289803727  170.013375704  128.423645621  95.8495486898  70.3053047331  50.209913334  34.2376143173  21.2309103497  10.1438992517  
692.388828479  571.394511473  451.926901293  353.304557467  274.662571989  212.270176991  162.774032915  123.54400868  92.5181468634  68.027173897  48.6696180655  33.2300374967  20.6242106439  9.85909177117  
507.984109029  451.926901293  378.835616126  307.848433832  245.465252137  192.942335503  149.686656729  114.554548894  86.3048847544  63.7427580891  45.7560642402  31.3165338737  19.4689754828  9.31595981692  
383.097711644  353.304557467  307.848433832  258.28286407  211.022075643  168.908265199  132.825712791  102.689619863  77.9649725688  57.9229201862  41.7645385665  28.6792667758  17.8703582135  8.56261878996  
292.176925457  274.662571989  245.465252137  211.022075643  176.043401532  143.326399242  114.248507206  89.281722064  68.3631092635  51.1294255678  37.0576233978  25.5464086562  15.9618074133  7.66058990021  
223.289803727  212.270176991  192.942335503  168.908265199  143.326399242  118.440747065  95.6088756827  75.5008825098  58.3087023155  43.9131662067  32.0030763485  22.1549968956  13.8842032421  6.67542720993  
170.013375704  162.774032915  149.686656729  132.825712791  114.248507206  95.6088756827  78.0471381246  62.2317046877  48.4564041599  36.7425563644  26.9253768177  18.7198422537  11.7675617982  5.66827614238  
128.423645621  123.54400868  114.554548894  102.689619863  89.281722064  75.5008825098  62.2317046877  50.0521849518  39.2678325736  29.9668270162  22.076615005  15.4128969116  9.7181091205  4.6896961949  
95.8495486898  92.5181468634  86.3048847544  77.9649725688  68.3631092635  58.3087023155  48.4564041599  39.2678325736  31.0152585774  23.8077421407  17.6254444454  12.3535334512  7.81145335302  3.7762003831  
70.3053047331  68.027173897  63.7427580891  57.9229201862  51.1294255678  43.9131662067  36.7425563644  29.9668270162  23.8077421407  18.3697410109  13.659412763  9.60773228905  6.09109263299  2.94927412963  
50.209913334  48.6696180655  45.7560642402  41.7645385665  37.0576233978  32.0030763485  26.9253768177  22.076615005  17.6254444454  13.659412763  10.195337787  7.19324591788  4.57076843622  2.21625684554  
34.2376143173  33.2300374967  31.3165338737  28.6792667758  25.5464086562  22.1549968956  18.7198422537  15.4128969116  12.3535334512  9.60773228905  7.19324591788  5.08792809997  3.23906734711  1.57237159732  
21.2309103497  20.6242106439  19.4689754828  17.8703582135  15.9618074133  13.8842032421  11.7675617982  9.7181091205  7.81145335302  6.09109263299  4.57076843622  3.23906734711  2.06494521646  1.00327951086  
10.1438992517  9.85909177117  9.31595981692  8.56261878996  7.66058990021  6.67542720993  5.66827614238  4.6896961949  3.7762003831  2.94927412963  2.21625684554  1.57237159732  1.00327951086  0.487719756718  
