1000.0  635.681677405  420.703729098  280.834075878  185.769422398  120.538573913  76.2461362123  46.8308954111  27.8561178702  16.0149059744  8.87873008236  4.71855074421  2.34477181946  0.956180730865  
635.681677405  493.674296843  356.64732685  248.505416929  168.234375457  110.658532786  70.6024758403  43.6156099316  26.0487570564  15.019846767  8.34526712112  4.44232712733  2.21015816059  0.901975082367  
420.703729098  356.64732685  275.638562372  200.932633366  140.13868098  94.0364330107  60.8276688257  37.9449510247  22.8232887838  13.2296997487  7.38010506251  3.94054122709  1.96491921699  0.803047327671  
280.834075878  248.505416929  200.932633366  151.99044153  109.025496074  74.7040806625  49.0791853375  30.9748016512  18.7962195212  10.969594034  6.15162641674  3.29803178274  1.64955535974  0.675488202055  
185.769422398  168.234375457  140.13868098  109.025496074  80.0877389932  55.9403958367  37.3158339678  23.8352179639  14.6014874904  8.58576505214  4.8436296365  2.60904998003  1.30961734873  0.537532970098  
120.538573913  110.658532786  94.0364330107  74.7040806625  55.9403958367  39.7273764717  26.8711364255  17.36112372  10.7353901543  6.36083037731  3.61079284379  1.95471352951  0.984942684841  0.405290915166  
76.2461362123  70.6024758403  60.8276688257  49.0791853375  37.3158339678  26.8711364255  18.397514101  12.0106049776  7.49231057167  4.47202331888  2.55415920299  1.38963935911  0.702945554664  0.290001105693  
46.8308954111  43.6156099316  37.9449510247  30.9748016512  23.8352179639  17.36112372  12.0106049776  7.9133218896  4.97589473301  2.9903923319  1.71787171028  0.939161973534  0.476882600415  0.197239410747  
27.8561178702  26.0487570564  22.8232887838  18.7962195212  14.6014874904  10.7353901543  7.49231057167  4.97589473301  3.15109154297  1.90551731831  1.10053231128  0.604390543914  0.308002819041  0.127700288513  
16.0149059744  15.019846767  13.2296997487  10.969594034  8.58576505214  6.36083037731  4.47202331888  2.9903923319  1.90551731831  1.15869211766  0.672459769648  0.370838469901  0.18961543099  0.0787944044213  
8.87873008236  8.34526712112  7.38010506251  6.15162641674  4.8436296365  3.61079284379  2.55415920299  1.71787171028  1.10053231128  0.672459769648  0.391958053119  0.216960383469  0.111272227756  0.0463347650517  
4.71855074421  4.44232712733  3.94054122709  3.29803178274  2.60904998003  1.95471352951  1.38963935911  0.939161973534  0.604390543914  0.370838469901  0.216960383469  0.12048652127  0.0619589471225  0.0258474988174  
2.34477181946  2.21015816059  1.96491921699  1.64955535974  1.30961734873  0.984942684841  0.702945554664  0.476882600415  0.308002819041  0.18961543099  0.111272227756  0.0619589471225  0.0319317748645  0.013341147624  
0.956180730865  0.901975082367  0.803047327671  0.675488202055  0.537532970098  0.405290915166  0.290001105693  0.197239410747  0.127700288513  0.0787944044213  0.0463347650517  0.0258474988174  0.013341147624  0.00557975529745  
