1000.0  629.881461737  411.985572669  271.038788226  176.178808231  111.990570784  69.1846246935  41.3739652656  23.8900025286  13.2950818218  7.11762474921  3.647860121  1.75093374384  0.695093619186  
629.881461737  485.80455781  347.24749447  238.607555611  158.78767041  102.342050722  63.7792671773  38.3651254057  22.2434197079  12.4154400158  6.66133386271  3.41965450737  1.64339224506  0.652911435526  
411.985572669  347.24749447  265.739964579  191.133462747  131.081784888  86.2066593715  54.4747380775  33.0917042078  19.3234320508  10.8430033891  5.84107779526  3.00775904907  1.44873068879  0.576419609265  
271.038788226  238.607555611  191.133462747  142.699352403  100.676815963  67.6188120069  43.4016796909  26.6752542774  15.7151923447  8.87839571925  4.80798417765  2.48590795388  1.20104850491  0.478828765303  
176.178808231  158.78767041  131.081784888  100.676815963  72.7478663909  49.811557111  32.4633379532  20.1932871756  12.0094586986  6.8357367448  3.72384456068  1.93441897526  0.937945402176  0.374816850328  
111.990570784  102.342050722  86.2066593715  67.6188120069  49.811557111  34.6775494896  22.9153672319  14.4172673752  8.65430307633  4.96337122316  2.72051124907  1.420224968  0.691262584899  0.276941031305  
69.1846246935  63.7792671773  54.4747380775  43.4016796909  32.4633379532  22.9153672319  15.3268575145  9.74280836975  5.89929247816  3.40793539577  1.87922099331  0.985882322535  0.481711122827  0.193488277226  
41.3739652656  38.3651254057  33.0917042078  26.6752542774  20.1932871756  14.4172673752  9.74280836975  6.24962839047  3.81396451449  2.21809721686  1.23007852698  0.648384825238  0.317995709608  0.128052811459  
23.8900025286  22.2434197079  19.3234320508  15.7151923447  12.0094586986  8.65430307633  5.89929247816  3.81396451449  2.34377331187  1.37135975779  0.764488259944  0.404748849139  0.199208771306  0.0804120907297  
13.2950818218  12.4154400158  10.8430033891  8.87839571925  6.8357367448  4.96337122316  3.40793539577  2.21809721686  1.37135975779  0.806723271498  0.451843977692  0.240188487764  0.118601547922  0.0479814608233  
7.11762474921  6.66133386271  5.84107779526  4.80798417765  3.72384456068  2.72051124907  1.87922099331  1.23007852698  0.764488259944  0.451843977692  0.254135038264  0.135579995582  0.0671449117416  0.0272193724485  
3.647860121  3.41965450737  3.00775904907  2.48590795388  1.93441897526  1.420224968  0.985882322535  0.648384825238  0.404748849139  0.240188487764  0.135579995582  0.0725596130939  0.036027755725  0.014631239767  
1.75093374384  1.64339224506  1.44873068879  1.20104850491  0.937945402176  0.691262584899  0.481711122827  0.317995709608  0.199208771306  0.118601547922  0.0671449117416  0.036027755725  0.0179270584678  0.00729119830171  
0.695093619186  0.652911435526  0.576419609265  0.478828765303  0.374816850328  0.276941031305  0.193488277226  0.128052811459  0.0804120907297  0.0479814608233  0.0272193724485  0.014631239767  0.00729119830171  0.00296851064203  
