1000.0  677.205702549  484.311354889  354.732673074  261.717292343  192.683370189  140.746868018  101.598620251  72.2307984882  50.3712799541  34.2124053407  22.2681213686  13.2869170014  6.18720516391  
677.205702549  550.469264116  425.90914981  324.017221055  243.955336688  181.758412995  133.773399043  97.057765963  69.2508806883  48.419693604  32.9505370144  21.4772004147  12.8276088612  5.97682430554  
484.311354889  425.90914981  350.227793396  277.495579881  214.582572849  162.758410727  121.276390712  88.7665907377  63.742971984  44.7824550506  30.585121332  19.9885922098  11.9607887457  5.57915954989  
354.732673074  324.017221055  277.495579881  227.367072664  180.378247214  139.454336063  105.40446086  77.9826136067  56.4592059023  39.9154259817  27.3929607086  17.9674810479  10.7790217551  5.03569178299  
261.717292343  243.955336688  214.582572849  180.378247214  146.268805036  115.120098237  88.2614436043  66.0428648633  48.2461108023  34.3524571365  23.7073694152  15.6166721231  9.39743465816  4.39840043956  
192.683370189  181.758412995  162.758410727  139.454336063  115.120098237  92.0310689311  71.4982899987  54.0909992807  39.8742293134  28.6019499638  19.856384154  13.1405204019  7.93391082291  3.72101326277  
140.746868018  133.773399043  121.276390712  105.40446086  88.2614436043  71.4982899987  56.202638976  42.9538070356  31.9394604162  23.0771718021  16.1167045758  10.7161163541  6.49252807493  3.0514925665  
101.598620251  97.057765963  88.7665907377  77.9826136067  66.0428648633  54.0909992807  42.9538070356  33.1286822833  24.8312548871  18.064820627  12.6889000246  8.47600177021  5.15292635098  2.42702422418  
72.2307984882  69.2508806883  63.742971984  56.4592059023  48.2461108023  39.8742293134  31.9394604162  24.8312548871  18.7460921444  13.7240300882  9.69179864663  6.50235949205  3.96602528083  1.8718141214  
50.3712799541  48.419693604  44.7824550506  39.9154259817  34.3524571365  28.6019499638  23.0771718021  18.064820627  13.7240300882  10.104097161  7.17027751493  4.82998693072  2.95492447755  1.39726653355  
34.2124053407  32.9505370144  30.585121332  27.3929607086  23.7073694152  19.856384154  16.1167045758  12.6889000246  9.69179864663  7.17027751493  5.11008446084  3.45446218903  2.1191091047  1.00374900525  
22.2681213686  21.4772004147  19.9885922098  17.9674810479  15.6166721231  13.1405204019  10.7161163541  8.47600177021  6.50235949205  4.82998693072  3.45446218903  2.34221085179  1.44008230734  0.683100011496  
13.2869170014  12.8276088612  11.9607887457  10.7790217551  9.39743465816  7.93391082291  6.49252807493  5.15292635098  3.96602528083  2.95492447755  2.1191091047  1.44008230734  0.886966405344  0.421196835915  
6.18720516391  5.97682430554  5.57915954989  5.03569178299  4.39840043956  3.72101326277  3.0514925665  2.42702422418  1.8718141214  1.39726653355  1.00374900525  0.683100011496  0.421196835915  0.200155928664  
