1000.0  674.347113261  479.875097805  349.460301777  256.121271689  187.144275088  135.545306077  96.9286711311  68.2108144018  47.0569806114  31.6127893883  20.3628562255  12.0432422059  5.57442248184  
674.347113261  546.537534982  421.045608904  318.588810731  238.331094256  176.254300287  128.636445151  92.4628351099  65.3048805623  45.1716251475  30.4057162342  19.6135392444  11.6117154304  5.37790644651  
479.875097805  421.045608904  344.909800024  271.903063424  208.96157128  157.348949741  116.277982718  84.3239007228  59.9438857349  41.6645104741  28.1473230099  18.2059067586  10.7988560506  5.00714215829  
349.460301777  318.588810731  271.903063424  221.723251844  174.853935665  134.227709241  100.628964244  73.7704197336  52.8765140892  36.9863736429  25.1092113482  16.3007547142  9.69412251184  4.50201262259  
256.121271689  238.331094256  208.96157128  174.853935665  140.970036926  110.180705056  83.7966866361  62.1355590915  44.9419426401  31.6627325511  21.6169240073  14.0945689266  8.40824891618  3.91225767599  
187.144275088  176.254300287  157.348949741  134.227709241  110.180705056  87.4818059996  67.4249566865  50.5524113112  36.89889371  26.1905594849  17.9885582173  11.7839057816  7.05380094889  3.28891993041  
135.545306077  128.636445151  116.277982718  100.628964244  83.7966866361  67.4249566865  52.5844285177  39.8311336168  29.3277416725  20.969448978  14.48952931  9.53726962972  5.72910587609  2.6770853749  
96.9286711311  92.4628351099  84.3239007228  73.7704197336  62.1355590915  50.5524113112  39.8311336168  30.4488540248  22.6005536196  16.2716438182  11.3089265037  7.4786855635  4.50818994899  2.11115670985  
68.2108144018  65.3048805623  59.9438857349  52.8765140892  44.9419426401  36.89889371  29.3277416725  22.6005536196  16.8969206213  12.242768924  8.55516302506  5.6827743783  3.43706011687  1.61292447804  
47.0569806114  45.1716251475  41.6645104741  36.9863736429  31.6627325511  26.1905594849  20.969448978  16.2716438182  12.242768924  8.92117008521  6.26489555161  4.17848854776  2.53507515369  1.19197012874  
31.6127893883  30.4057162342  28.1473230099  25.1092113482  21.6169240073  17.9885582173  14.48952931  11.3089265037  8.55516302506  6.26489555161  4.41864733817  2.95779814483  1.79946106994  0.847575222973  
20.3628562255  19.6135392444  18.2059067586  16.3007547142  14.0945689266  11.7839057816  9.53726962972  7.4786855635  5.6827743783  4.17848854776  2.95779814483  1.98597185479  1.21105889996  0.57127881461  
12.0432422059  11.6117154304  10.7988560506  9.69412251184  8.40824891618  7.05380094889  5.72910587609  4.50818994899  3.43706011687  2.53507515369  1.79946106994  1.21105889996  0.739848740362  0.349402674989  
5.57442248184  5.37790644651  5.00714215829  4.50201262259  3.91225767599  3.28891993041  2.6770853749  2.11115670985  1.61292447804  1.19197012874  0.847575222973  0.57127881461  0.349402674989  0.165131089497  
