1000.0  599.870813328  367.702013345  222.85346626  131.089946805  74.0569563374  39.9363743944  20.4868812836  9.97912797991  4.61187457959  2.02180797833  0.840094413089  0.327754543446  0.109803207323  
599.870813328  445.402281582  299.950087273  190.426378372  114.867386408  65.8575093896  35.8452889162  18.50131806  9.05019206083  4.19521404909  1.84321596051  0.767147578351  0.299660400218  0.10047353414  
367.702013345  299.950087273  216.985939188  144.485252298  89.9290606589  52.6483798667  29.0679692396  15.1542535119  7.46643479171  3.4793713949  1.53473457532  0.640660477714  0.250810855533  0.084221599372  
222.85346626  190.426378372  144.485252298  99.9791108583  64.0509973774  38.3034614678  21.4807263339  11.3289108747  5.63016353997  2.6408746797  1.17071081641  0.490582497772  0.192617762981  0.0648092920392  
131.089946805  114.867386408  89.9290606589  64.0509973774  42.0289398035  25.6168349588  14.580860078  7.77897068206  3.90062622835  1.84238833788  0.821189880981  0.34558372252  0.136131474612  0.0459068780049  
74.0569563374  65.8575093896  52.6483798667  38.3034614678  25.6168349588  15.8663683545  9.15055824478  4.93395068765  2.49515946557  1.18657103285  0.5317518885  0.224745174804  0.088828702435  0.0300250877346  
39.9363743944  35.8452889162  29.0679692396  21.4807263339  14.580860078  9.15055824478  5.33687765723  2.9046558611  1.48026728942  0.708378284037  0.319079149206  0.13541584544  0.0536959275615  0.0181910190029  
20.4868812836  18.50131806  15.1542535119  11.3289108747  7.77897068206  4.93395068765  2.9046558611  1.59361061213  0.817633348613  0.393480586578  0.178061206298  0.0758550056118  0.0301690469908  0.0102422313346  
9.97912797991  9.05019206083  7.46643479171  5.63016353997  3.90062622835  2.49515946557  1.48026728942  0.817633348613  0.421940419532  0.204053205064  0.0927186306781  0.0396321527417  0.0158050784035  0.00537595747107  
4.61187457959  4.19521404909  3.4793713949  2.6408746797  1.84238833788  1.18657103285  0.708378284037  0.393480586578  0.204053205064  0.0990963812047  0.0451875537107  0.0193720736855  0.00774372270925  0.0026383509349  
2.02180797833  1.84321596051  1.53473457532  1.17071081641  0.821189880981  0.5317518885  0.319079149206  0.178061206298  0.0927186306781  0.0451875537107  0.0206674273261  0.0088824598341  0.00355780920781  0.00121390079253  
0.840094413089  0.767147578351  0.640660477714  0.490582497772  0.34558372252  0.224745174804  0.13541584544  0.0758550056118  0.0396321527417  0.0193720736855  0.0088824598341  0.00382551452236  0.0015348614368  0.000524303292801  
0.327754543446  0.299660400218  0.250810855533  0.192617762981  0.136131474612  0.088828702435  0.0536959275615  0.0301690469908  0.0158050784035  0.00774372270925  0.00355780920781  0.0015348614368  0.000616639203278  0.000210839022622  
0.109803207323  0.10047353414  0.084221599372  0.0648092920392  0.0459068780049  0.0300250877346  0.0181910190029  0.0102422313346  0.00537595747107  0.0026383509349  0.00121390079253  0.000524303292801  0.000210839022622  7.21359633912e-05  
