1000.0  678.37698242  486.131113861  356.899675883  264.023816519  194.974755602  142.908099002  103.548772749  73.9188232584  51.7710227622  35.3165538569  23.0815378347  13.8200986938  6.45063178841  
678.37698242  552.081034639  427.905373687  326.249863169  246.275179044  184.03706734  135.909475621  98.9781517786  70.9092160259  49.7926256812  34.0323410393  22.2735476227  13.3493387437  6.23451856439  
486.131113861  427.905373687  352.413465087  279.798988617  216.904537091  165.001345714  123.358166801  90.6263767139  65.3422199482  46.102613053  31.6232080827  20.751661623  12.4602391734  5.82571394816  
356.899675883  326.249863169  279.798988617  229.696760605  182.665484957  141.626548153  107.39817167  79.750226125  57.9711166066  41.1587412259  28.3679411574  18.6827647385  11.2465803105  5.26632710892  
264.023816519  246.275179044  216.904537091  182.665484957  148.469427806  117.179393518  90.131394822  67.6878710156  49.6450898489  35.4980067453  24.60285043  16.2721292761  9.82521778484  4.60922305826  
194.974755602  184.03706734  165.001345714  141.626548153  117.179393518  93.9351535248  73.2110922653  55.5867818402  41.1391284519  29.633205034  20.6598488663  13.7271823693  8.31614448907  3.90919919384  
142.908099002  135.909475621  123.358166801  107.39817167  90.131394822  73.2110922653  57.7312165786  44.2800566926  33.0551157168  23.9829433649  16.8200900189  11.2284318558  6.82574118044  3.21537411374  
103.548772749  98.9781517786  90.6263767139  79.750226125  67.6878710156  55.5867818402  44.2800566926  34.2729686347  25.7893267887  18.8396485053  13.2887324266  8.91184920645  5.4359212571  2.56606488341  
73.9188232584  70.9092160259  65.3422199482  57.9711166066  49.6450898489  41.1391284519  33.0551157168  25.7893267887  19.5449826189  14.3678904078  10.1888283512  6.86270557936  4.1996216538  1.98647269412  
51.7710227622  49.7926256812  46.102613053  41.1587412259  35.4980067453  29.633205034  23.9829433649  18.8396485053  14.3678904078  10.6214571191  7.56865257532  5.1182313737  3.14150794796  1.48876768065  
35.3165538569  34.0323410393  31.6232080827  28.3679411574  24.60285043  20.6598488663  16.8200900189  13.2887324266  10.1888283512  7.56865257532  5.41618386166  3.67555879678  2.26204523881  1.07379060403  
23.0815378347  22.2735476227  20.751661623  18.6827647385  16.2721292761  13.7271823693  11.2284318558  8.91184920645  6.86270557936  5.1182313737  3.67555879678  2.50168526914  1.54307281732  0.73353488067  
13.8200986938  13.3493387437  12.4602391734  11.2465803105  9.82521778484  8.31614448907  6.82574118044  5.4359212571  4.1996216538  3.14150794796  2.26204523881  1.54307281732  0.953426987728  0.453727084987  
6.45063178841  6.23451856439  5.82571394816  5.26632710892  4.60922305826  3.90919919384  3.21537411374  2.56606488341  1.98647269412  1.48876768065  1.07379060403  0.73353488067  0.453727084987  0.216073607196  
