1000.0  666.554081294  467.81906484  335.210969575  241.116443815  172.443228376  121.910001335  84.8603506666  57.9842043698  38.7637588705  25.2136895318  15.7430222319  9.06443267798  4.11853744369  
666.554081294  535.833428574  407.850354614  303.94523803  223.28097376  161.676957853  115.199902473  80.6149427689  55.2893655869  37.062947201  24.1561921448  15.1053031254  8.70641401851  3.9583856695  
467.81906484  407.850354614  330.535281727  256.876384413  193.982276624  143.083546996  103.261216507  72.9198836364  50.3451937913  33.9166518893  22.1886274417  13.9139359461  8.03572226813  3.65787578624  
335.210969575  303.94523803  256.876384413  206.65200538  160.225518392  120.533849701  88.2749682899  63.030788646  43.886308843  29.7581676633  19.5660359784  12.3162550471  7.13250638845  3.25216635471  
241.116443815  223.28097376  193.982276624  160.225518392  127.058828492  97.3519711253  72.3485458157  52.2624162522  36.7257020574  25.0858552224  16.5898119315  10.4897106631  6.09454203711  2.78447161394  
172.443228376  161.676957853  143.083546996  120.533849701  97.3519711253  75.7945890324  57.0951654137  41.7101866339  29.5832403825  20.3609302287  13.5480220494  8.60789994543  5.019028132  2.2981627618  
121.910001335  115.199902473  103.261216507  88.2749682899  72.3485458157  57.0951654137  43.5280480141  32.1304721737  22.990993585  15.9418067336  10.6730134299  6.8147236294  3.98809048227  1.83030803726  
84.8603506666  80.6149427689  72.9198836364  63.030788646  52.2624162522  41.7101866339  32.1304721737  23.9385466403  17.2693131273  12.0587997719  8.12135102613  5.21056579026  3.06041954616  1.40778437749  
57.9842043698  55.2893655869  50.3451937913  43.886308843  36.7257020574  29.5832403825  22.990993585  17.2693131273  12.5497095765  8.81994004123  5.97309614986  3.84986378159  2.26911500177  1.04610091829  
38.7637588705  37.062947201  33.9166518893  29.7581676633  25.0858552224  20.3609302287  15.9418067336  12.0587997719  8.81994004123  6.23467461788  4.24370315329  2.74680345188  1.62424109154  0.750359147727  
25.2136895318  24.1561921448  22.1886274417  19.5660359784  16.5898119315  13.5480220494  10.6730134299  8.12135102613  5.97309614986  4.24370315329  2.90148641279  1.88514847638  1.11799706018  0.517458877592  
15.7430222319  15.1053031254  13.9139359461  12.3162550471  10.4897106631  8.60789994543  6.8147236294  5.21056579026  3.84986378159  2.74680345188  1.88514847638  1.22876729916  0.730558608606  0.338682478504  
9.06443267798  8.70641401851  8.03572226813  7.13250638845  6.09454203711  5.019028132  3.98809048227  3.06041954616  2.26911500177  1.62424109154  1.11799706018  0.730558608606  0.435205069834  0.202014724234  
4.11853744369  3.9583856695  3.65787578624  3.25216635471  2.78447161394  2.2981627618  1.83030803726  1.40778437749  1.04610091829  0.750359147727  0.517458877592  0.338682478504  0.202014724234  0.0938488549221  
