1000.0  688.925624719  502.569548272  376.578663951  285.128692536  216.146041955  163.111922499  122.024713577  90.1458568767  65.4312076475  46.251689957  31.2449028097  19.2282765496  9.14116541506  
688.925624719  566.615795638  445.967091444  346.562166554  267.544099066  205.134890456  155.921757528  117.213106328  86.8877698137  63.2229261262  44.7720985707  30.2852660994  18.654545189  8.87311674467  
502.569548272  445.967091444  372.260814442  300.83606731  238.279555093  185.85656353  142.947343956  108.365695516  80.8228346211  59.0778314331  41.9787253969  28.4662736741  17.5641478501  8.36290205044  
376.578663951  346.562166554  300.83606731  251.101582775  203.851870215  161.953940677  126.282644542  96.7246207156  72.70778352  53.4652081958  38.1640711429  25.9672438052  16.0600233684  7.65744187531  
285.128692536  267.544099066  238.279555093  203.851870215  169.024420031  136.615793138  107.999510593  83.6270159972  63.4062681686  46.9429684274  33.6859635567  23.0119283242  14.2723069031  6.81649863697  
216.146041955  205.134890456  185.85656353  161.953940677  136.615793138  112.098759862  89.7561245827  70.241263765  53.7224711626  40.055196809  28.9052642618  19.8314255647  12.3375833418  5.90338398974  
163.111922499  155.921757528  142.947343956  126.282644542  107.999510593  89.7561245827  72.6863022595  57.4434143217  44.3013855517  33.2606188093  24.1376748389  16.6333994033  10.3808517576  4.97666270478  
122.024713577  117.213106328  108.365695516  96.7246207156  83.6270159972  70.241263765  57.4434143217  45.7973737107  35.5915292427  26.8967212134  19.6253298696  13.5820136338  8.50299812149  4.08418144885  
90.1458568767  86.8877698137  80.8228346211  72.70778352  63.4062681686  53.7224711626  44.3013855517  35.5915292427  27.8504275944  21.1728074574  15.5267596151  10.7889483522  6.7744538785  3.25985061165  
65.4312076475  63.2229261262  59.0778314331  53.4652081958  46.9429684274  40.055196809  33.2606188093  26.8967212134  21.1728074574  16.1816507794  11.9203209606  8.31336039472  5.23419800114  2.52290459999  
46.251689957  44.7720985707  41.9787253969  38.1640711429  33.6859635567  28.9052642618  24.1376748389  19.6253298696  15.5267596151  11.9203209606  8.81554106645  6.16771218379  3.89252645797  1.87898382868  
31.2449028097  30.2852660994  28.4662736741  25.9672438052  23.0119283242  19.8314255647  16.6333994033  13.5820136338  10.7889483522  8.31336039472  6.16771218379  4.32653882831  2.73592079318  1.32229044686  
19.2282765496  18.654545189  17.5641478501  16.0600233684  14.2723069031  12.3375833418  10.3808517576  8.50299812149  6.7744538785  5.23419800114  3.89252645797  2.73592079318  1.73264619004  0.838174067787  
9.14116541506  8.87311674467  8.36290205044  7.65744187531  6.81649863697  5.90338398974  4.97666270478  4.08418144885  3.25985061165  2.52290459999  1.87898382868  1.32229044686  0.838174067787  0.405703554554  
