1000.0  640.084529051  427.35218714  288.364720975  193.22884098  127.287990129  81.9254148033  51.31545915  31.1965109687  18.3686341871  10.4476312378  5.70082908983  2.90440241953  1.20711379433  
640.084529051  499.659794669  363.832766593  256.135342989  175.603028303  117.244946455  76.1071787515  47.9442565289  29.2641241245  17.2810998612  9.85040773858  5.38370707283  2.7460901114  1.14217178624  
427.35218714  363.832766593  283.246312578  208.529709933  147.245394929  100.275528002  65.9852511061  41.9717737419  25.7997900142  15.3155851496  8.76488928108  4.80495392565  2.45634103685  1.02310273319  
288.364720975  256.135342989  208.529709933  159.258371456  115.636851944  80.4030140183  53.7325057662  34.5768012353  21.4422259024  12.8153346641  7.3726970898  4.05822270102  2.08088756615  0.868400927377  
193.22884098  175.603028303  147.245394929  115.636851944  85.9731255687  60.9327304716  41.3441515031  26.9259566769  16.8567373474  10.1508037379  5.8748210099  3.24901666286  1.67189082389  0.699321098789  
127.287990129  117.244946455  100.275528002  80.4030140183  60.9327304716  43.9067127249  30.2081160368  19.9001291794  12.57577523  7.63118983756  4.44424868634  2.47020914615  1.27600978189  0.535066426358  
81.9254148033  76.1071787515  65.9852511061  53.7325057662  41.3441515031  30.2081160368  21.0380877146  14.0046861992  8.9287063091  5.45839576699  3.19853083012  1.78680180548  0.926601216609  0.389548906548  
51.31545915  47.9442565289  41.9717737419  34.5768012353  26.9259566769  19.9001291794  14.0046861992  9.40930436775  6.04738240165  3.72260641527  2.19423483934  1.23176641869  0.641219146555  0.270257151658  
31.1965109687  29.2641241245  25.7997900142  21.4422259024  16.8567373474  12.57577523  8.9287063091  6.04738240165  3.91464960923  2.42497388923  1.43716782234  0.810488546899  0.423453932117  0.17890929232  
18.3686341871  17.2810998612  15.3155851496  12.8153346641  10.1508037379  7.63118983756  5.45839576699  3.72260641527  2.42497388923  1.51065779886  0.899734723083  0.5095532013  0.267127790874  0.113118655292  
10.4476312378  9.85040773858  8.76488928108  7.3726970898  5.8748210099  4.44424868634  3.19853083012  2.19423483934  1.43716782234  0.899734723083  0.538240358604  0.305988715997  0.160905713885  0.0682794961794  
5.70082908983  5.38370707283  4.80495392565  4.05822270102  3.24901666286  2.47020914615  1.78680180548  1.23176641869  0.810488546899  0.5095532013  0.305988715997  0.174533281862  0.0920278642889  0.0391233854227  
2.90440241953  2.7460901114  2.45634103685  2.08088756615  1.67189082389  1.27600978189  0.926601216609  0.641219146555  0.423453932117  0.267127790874  0.160905713885  0.0920278642889  0.048631993528  0.0207059294726  
1.20711379433  1.14217178624  1.02310273319  0.868400927377  0.699321098789  0.535066426358  0.389548906548  0.270257151658  0.17890929232  0.113118655292  0.0682794961794  0.0391233854227  0.0207059294726  0.00882501164793  
