1000.0  625.649405965  405.654714284  263.984921125  169.354509397  106.001857241  64.3303110278  37.7052867312  21.2903413268  11.5617480662  6.02871813502  3.00604434318  1.40506482592  0.546257486064  
625.649405965  480.074062354  340.438382323  231.499472165  152.085678087  96.5336307379  59.103828027  34.846858277  19.7575175761  10.7613270384  5.62375013414  2.80877557219  1.31446516911  0.511439640084  
405.654714284  340.438382323  258.609427563  184.137538212  124.695640117  80.7727063352  50.1497447588  29.8611205429  17.0524654717  9.3375079199  4.89933956773  2.45447842533  1.15128092567  0.448613464743  
263.984921125  231.499472165  184.137538212  136.127131605  94.8455323805  62.7489072105  39.5744152043  23.841758241  13.7361899958  7.57279034014  3.99431337531  2.0092399498  0.945336317881  0.369108098174  
169.354509397  152.085678087  124.695640117  94.8455323805  67.6867932237  45.6537357863  29.2352684992  17.8251438321  10.366972894  5.75800512274  3.05505809678  1.54395076908  0.729012953764  0.285318152065  
106.001857241  96.5336307379  80.7727063352  62.7489072105  45.6537357863  31.3076312368  20.3272097318  12.5348934824  7.3577244957  4.11733944371  2.19787830471  1.11620200379  0.529044138261  0.207581945323  
64.3303110278  59.103828027  50.1497447588  39.5744152043  29.2352684992  20.3272097318  13.357438356  8.32154886934  4.92667147207  2.77672549968  1.49105763976  0.760926282507  0.362033107716  0.142418202827  
37.7052867312  34.846858277  29.8611205429  23.841758241  17.8251438321  12.5348934824  8.32154886934  5.23094478276  3.12096233949  1.7706464983  0.956121158715  0.490201473958  0.234089137469  0.0923185925066  
21.2903413268  19.7575175761  17.0524654717  13.7361899958  10.366972894  7.3577244957  4.92667147207  3.12096233949  1.87482755985  1.06999818514  0.58073720192  0.299027549396  0.143291643321  0.0566448168549  
11.5617480662  10.7613270384  9.3375079199  7.57279034014  5.75800512274  4.11733944371  2.77672549968  1.7706464983  1.06999818514  0.613884308707  0.334713477754  0.173023570724  0.0831754182438  0.0329524220487  
6.02871813502  5.62375013414  4.89933956773  3.99431337531  3.05505809678  2.19787830471  1.49105763976  0.956121158715  0.58073720192  0.334713477754  0.183239002266  0.0950535657402  0.0458248053121  0.0181909610936  
3.00604434318  2.80877557219  2.45447842533  2.0092399498  1.54395076908  1.11620200379  0.760926282507  0.490201473958  0.299027549396  0.173023570724  0.0950535657402  0.0494586303352  0.0239036604985  0.00950560179358  
1.40506482592  1.31446516911  1.15128092567  0.945336317881  0.729012953764  0.529044138261  0.362033107716  0.234089137469  0.143291643321  0.0831754182438  0.0458248053121  0.0239036604985  0.0115768243355  0.00461037419339  
0.546257486064  0.511439640084  0.448613464743  0.369108098174  0.285318152065  0.207581945323  0.142418202827  0.0923185925066  0.0566448168549  0.0329524220487  0.0181909610936  0.00950560179358  0.00461037419339  0.00183791565983  
