0.0769187936836  0.166635255499  0.281957314941  0.435403284841  0.638335061462  0.899385185849  1.22223243065  1.6030468973  2.02822431352  2.47326952124  2.90373384159  3.27881554036  3.55752846963  3.70634979866  3.70634979866  3.55752846963  3.27881554036  2.90373384159  2.47326952124  2.02822431352  1.6030468973  1.22223243065  0.899385185849  0.638335061462  0.435403284841  0.281957314941  0.166635255499  0.0769187936836  
0.166635255499  0.361301801264  0.612144065454  0.946849245189  1.39081781591  1.96374173625  2.67466752107  3.51620304529  4.45920772288  5.44989859726  6.41150263474  7.25202777607  7.87817712004  8.21306661629  8.21306661629  7.87817712004  7.25202777607  6.41150263474  5.44989859726  4.45920772288  3.51620304529  2.67466752107  1.96374173625  1.39081781591  0.946849245189  0.612144065454  0.361301801264  0.166635255499  
0.281957314941  0.612144065454  1.03922726014  1.61156596851  2.37426054989  3.36334866813  4.59716179005  6.06584210149  7.7212512321  9.4706994608  11.1785570117  12.67915035  13.8017402172  14.4038159571  14.4038159571  13.8017402172  12.67915035  11.1785570117  9.4706994608  7.7212512321  6.06584210149  4.59716179005  3.36334866813  2.37426054989  1.61156596851  1.03922726014  0.612144065454  0.281957314941  
0.435403284841  0.946849245189  1.61156596851  2.50728517258  3.70802793116  5.27518863801  7.2436830465  9.60441904148  12.2863735544  15.1437928957  17.9556959772  20.4446367829  22.3179753319  23.3267982192  23.3267982192  22.3179753319  20.4446367829  17.9556959772  15.1437928957  12.2863735544  9.60441904148  7.2436830465  5.27518863801  3.70802793116  2.50728517258  1.61156596851  0.946849245189  0.435403284841  
0.638335061462  1.39081781591  2.37426054989  3.70802793116  5.50858055985  7.87667214782  10.8763708576  14.5071256012  18.6731722599  23.1584659812  27.6191199225  31.6069614069  34.6338678545  36.2733336439  36.2733336439  34.6338678545  31.6069614069  27.6191199225  23.1584659812  18.6731722599  14.5071256012  10.8763708576  7.87667214782  5.50858055985  3.70802793116  2.37426054989  1.39081781591  0.638335061462  
0.899385185849  1.96374173625  3.36334866813  5.27518863801  7.87667214782  11.3284394978  15.7442396967  21.1483707226  27.4253842056  34.2729703717  41.1766069406  47.4311811433  52.2342191985  54.8572072778  54.8572072778  52.2342191985  47.4311811433  41.1766069406  34.2729703717  27.4253842056  21.1483707226  15.7442396967  11.3284394978  7.87667214782  5.27518863801  3.36334866813  1.96374173625  0.899385185849  
1.22223243065  2.67466752107  4.59716179005  7.2436830465  10.8763708576  15.7442396967  22.0425377067  29.8512162856  39.0558958612  49.2634132157  59.7375821891  69.398144643  76.9389391354  81.1072123209  81.1072123209  76.9389391354  69.398144643  59.7375821891  49.2634132157  39.0558958612  29.8512162856  22.0425377067  15.7442396967  10.8763708576  7.2436830465  4.59716179005  2.67466752107  1.22223243065  
1.6030468973  3.51620304529  6.06584210149  9.60441904148  14.5071256012  21.1483707226  29.8512162856  40.8042982121  53.9448802985  68.8162712345  84.427582475  99.1792549922  110.966987691  117.604720901  117.604720901  110.966987691  99.1792549922  84.427582475  68.8162712345  53.9448802985  40.8042982121  29.8512162856  21.1483707226  14.5071256012  9.60441904148  6.06584210149  3.51620304529  1.6030468973  
2.02822431352  4.45920772288  7.7212512321  12.2863735544  18.6731722599  27.4253842056  39.0558958612  53.9448802985  72.1809899138  93.3396155764  116.211624182  138.550349799  157.024017444  167.740532958  167.740532958  157.024017444  138.550349799  116.211624182  93.3396155764  72.1809899138  53.9448802985  39.0558958612  27.4253842056  18.6731722599  12.2863735544  7.7212512321  4.45920772288  2.02822431352  
2.47326952124  5.44989859726  9.4706994608  15.1437928957  23.1584659812  34.2729703717  49.2634132157  68.8162712345  93.3396155764  122.658437922  155.556642401  189.169798674  218.424998452  236.265005277  236.265005277  218.424998452  189.169798674  155.556642401  122.658437922  93.3396155764  68.8162712345  49.2634132157  34.2729703717  23.1584659812  15.1437928957  9.4706994608  5.44989859726  2.47326952124  
2.90373384159  6.41150263474  11.1785570117  17.9556959772  27.6191199225  41.1766069406  59.7375821891  84.427582475  116.211624182  155.556642401  201.799447661  252.007146847  299.180718863  330.565768322  330.565768322  299.180718863  252.007146847  201.799447661  155.556642401  116.211624182  84.427582475  59.7375821891  41.1766069406  27.6191199225  17.9556959772  11.1785570117  6.41150263474  2.90373384159  
3.27881554036  7.25202777607  12.67915035  20.4446367829  31.6069614069  47.4311811433  69.398144643  99.1792549922  138.550349799  189.169798674  252.007146847  325.848526707  403.531508888  463.866332181  463.866332181  403.531508888  325.848526707  252.007146847  189.169798674  138.550349799  99.1792549922  69.398144643  47.4311811433  31.6069614069  20.4446367829  12.67915035  7.25202777607  3.27881554036  
3.55752846963  7.87817712004  13.8017402172  22.3179753319  34.6338678545  52.2342191985  76.9389391354  110.966987691  157.024017444  218.424998452  299.180718863  403.531508888  532.317419789  663.990713886  663.990713886  532.317419789  403.531508888  299.180718863  218.424998452  157.024017444  110.966987691  76.9389391354  52.2342191985  34.6338678545  22.3179753319  13.8017402172  7.87817712004  3.55752846963  
3.70634979866  8.21306661629  14.4038159571  23.3267982192  36.2733336439  54.8572072778  81.1072123209  117.604720901  167.740532958  236.265005277  330.565768322  463.866332181  663.990713886  1000.0  1000.0  663.990713886  463.866332181  330.565768322  236.265005277  167.740532958  117.604720901  81.1072123209  54.8572072778  36.2733336439  23.3267982192  14.4038159571  8.21306661629  3.70634979866  
3.70634979866  8.21306661629  14.4038159571  23.3267982192  36.2733336439  54.8572072778  81.1072123209  117.604720901  167.740532958  236.265005277  330.565768322  463.866332181  663.990713886  1000.0  1000.0  663.990713886  463.866332181  330.565768322  236.265005277  167.740532958  117.604720901  81.1072123209  54.8572072778  36.2733336439  23.3267982192  14.4038159571  8.21306661629  3.70634979866  
3.55752846963  7.87817712004  13.8017402172  22.3179753319  34.6338678545  52.2342191985  76.9389391354  110.966987691  157.024017444  218.424998452  299.180718863  403.531508888  532.317419789  663.990713886  663.990713886  532.317419789  403.531508888  299.180718863  218.424998452  157.024017444  110.966987691  76.9389391354  52.2342191985  34.6338678545  22.3179753319  13.8017402172  7.87817712004  3.55752846963  
3.27881554036  7.25202777607  12.67915035  20.4446367829  31.6069614069  47.4311811433  69.398144643  99.1792549922  138.550349799  189.169798674  252.007146847  325.848526707  403.531508888  463.866332181  463.866332181  403.531508888  325.848526707  252.007146847  189.169798674  138.550349799  99.1792549922  69.398144643  47.4311811433  31.6069614069  20.4446367829  12.67915035  7.25202777607  3.27881554036  
2.90373384159  6.41150263474  11.1785570117  17.9556959772  27.6191199225  41.1766069406  59.7375821891  84.427582475  116.211624182  155.556642401  201.799447661  252.007146847  299.180718863  330.565768322  330.565768322  299.180718863  252.007146847  201.799447661  155.556642401  116.211624182  84.427582475  59.7375821891  41.1766069406  27.6191199225  17.9556959772  11.1785570117  6.41150263474  2.90373384159  
2.47326952124  5.44989859726  9.4706994608  15.1437928957  23.1584659812  34.2729703717  49.2634132157  68.8162712345  93.3396155764  122.658437922  155.556642401  189.169798674  218.424998452  236.265005277  236.265005277  218.424998452  189.169798674  155.556642401  122.658437922  93.3396155764  68.8162712345  49.2634132157  34.2729703717  23.1584659812  15.1437928957  9.4706994608  5.44989859726  2.47326952124  
2.02822431352  4.45920772288  7.7212512321  12.2863735544  18.6731722599  27.4253842056  39.0558958612  53.9448802985  72.1809899138  93.3396155764  116.211624182  138.550349799  157.024017444  167.740532958  167.740532958  157.024017444  138.550349799  116.211624182  93.3396155764  72.1809899138  53.9448802985  39.0558958612  27.4253842056  18.6731722599  12.2863735544  7.7212512321  4.45920772288  2.02822431352  
1.6030468973  3.51620304529  6.06584210149  9.60441904148  14.5071256012  21.1483707226  29.8512162856  40.8042982121  53.9448802985  68.8162712345  84.427582475  99.1792549922  110.966987691  117.604720901  117.604720901  110.966987691  99.1792549922  84.427582475  68.8162712345  53.9448802985  40.8042982121  29.8512162856  21.1483707226  14.5071256012  9.60441904148  6.06584210149  3.51620304529  1.6030468973  
1.22223243065  2.67466752107  4.59716179005  7.2436830465  10.8763708576  15.7442396967  22.0425377067  29.8512162856  39.0558958612  49.2634132157  59.7375821891  69.398144643  76.9389391354  81.1072123209  81.1072123209  76.9389391354  69.398144643  59.7375821891  49.2634132157  39.0558958612  29.8512162856  22.0425377067  15.7442396967  10.8763708576  7.2436830465  4.59716179005  2.67466752107  1.22223243065  
0.899385185849  1.96374173625  3.36334866813  5.27518863801  7.87667214782  11.3284394978  15.7442396967  21.1483707226  27.4253842056  34.2729703717  41.1766069406  47.4311811433  52.2342191985  54.8572072778  54.8572072778  52.2342191985  47.4311811433  41.1766069406  34.2729703717  27.4253842056  21.1483707226  15.7442396967  11.3284394978  7.87667214782  5.27518863801  3.36334866813  1.96374173625  0.899385185849  
0.638335061462  1.39081781591  2.37426054989  3.70802793116  5.50858055985  7.87667214782  10.8763708576  14.5071256012  18.6731722599  23.1584659812  27.6191199225  31.6069614069  34.6338678545  36.2733336439  36.2733336439  34.6338678545  31.6069614069  27.6191199225  23.1584659812  18.6731722599  14.5071256012  10.8763708576  7.87667214782  5.50858055985  3.70802793116  2.37426054989  1.39081781591  0.638335061462  
0.435403284841  0.946849245189  1.61156596851  2.50728517258  3.70802793116  5.27518863801  7.2436830465  9.60441904148  12.2863735544  15.1437928957  17.9556959772  20.4446367829  22.3179753319  23.3267982192  23.3267982192  22.3179753319  20.4446367829  17.9556959772  15.1437928957  12.2863735544  9.60441904148  7.2436830465  5.27518863801  3.70802793116  2.50728517258  1.61156596851  0.946849245189  0.435403284841  
0.281957314941  0.612144065454  1.03922726014  1.61156596851  2.37426054989  3.36334866813  4.59716179005  6.06584210149  7.7212512321  9.4706994608  11.1785570117  12.67915035  13.8017402172  14.4038159571  14.4038159571  13.8017402172  12.67915035  11.1785570117  9.4706994608  7.7212512321  6.06584210149  4.59716179005  3.36334866813  2.37426054989  1.61156596851  1.03922726014  0.612144065454  0.281957314941  
0.166635255499  0.361301801264  0.612144065454  0.946849245189  1.39081781591  1.96374173625  2.67466752107  3.51620304529  4.45920772288  5.44989859726  6.41150263474  7.25202777607  7.87817712004  8.21306661629  8.21306661629  7.87817712004  7.25202777607  6.41150263474  5.44989859726  4.45920772288  3.51620304529  2.67466752107  1.96374173625  1.39081781591  0.946849245189  0.612144065454  0.361301801264  0.166635255499  
0.0769187936836  0.166635255499  0.281957314941  0.435403284841  0.638335061462  0.899385185849  1.22223243065  1.6030468973  2.02822431352  2.47326952124  2.90373384159  3.27881554036  3.55752846963  3.70634979866  3.70634979866  3.55752846963  3.27881554036  2.90373384159  2.47326952124  2.02822431352  1.6030468973  1.22223243065  0.899385185849  0.638335061462  0.435403284841  0.281957314941  0.166635255499  0.0769187936836  
