0.0512567481673  0.112562013407  0.194192015825  0.306588413462  0.459753705723  0.661943489009  0.91766212324  1.22521918181  1.57440754946  1.94513224028  2.30790834698  2.62689779873  2.86548196835  2.99337792253  2.99337792253  2.86548196835  2.62689779873  2.30790834698  1.94513224028  1.57440754946  1.22521918181  0.91766212324  0.661943489009  0.459753705723  0.306588413462  0.194192015825  0.112562013407  0.0512567481673  
0.112562013407  0.247413592987  0.42742323684  0.675973647459  1.01568437947  1.46554078186  2.0364036849  2.72542550153  3.51059273922  4.3472706958  5.16892105689  5.89370356392  6.43718503035  6.72901289044  6.72901289044  6.43718503035  5.89370356392  5.16892105689  4.3472706958  3.51059273922  2.72542550153  2.0364036849  1.46554078186  1.01568437947  0.675973647459  0.42742323684  0.247413592987  0.112562013407  
0.194192015825  0.42742323684  0.739946334084  1.17331589965  1.76833378719  2.56011940208  3.57014797492  4.79604193674  6.20116268407  7.70736028268  9.19503869315  10.5141961451  11.5075779052  12.0424799388  12.0424799388  11.5075779052  10.5141961451  9.19503869315  7.70736028268  6.20116268407  4.79604193674  3.57014797492  2.56011940208  1.76833378719  1.17331589965  0.739946334084  0.42742323684  0.194192015825  
0.306588413462  0.675973647459  1.17331589965  1.86670809545  2.8242792927  4.10652732135  5.75338716476  7.76697868396  10.0930632733  12.6066607028  15.1092067311  17.3446543897  19.0383171091  19.9540243364  19.9540243364  19.0383171091  17.3446543897  15.1092067311  12.6066607028  10.0930632733  7.76697868396  5.75338716476  4.10652732135  2.8242792927  1.86670809545  1.17331589965  0.675973647459  0.306588413462  
0.459753705723  1.01568437947  1.76833378719  2.8242792927  4.29251398087  6.27332517741  8.83846504202  12.0033922055  15.6955471115  19.7268129014  23.7825227832  27.4413790393  30.2368290947  31.7569615835  31.7569615835  30.2368290947  27.4413790393  23.7825227832  19.7268129014  15.6955471115  12.0033922055  8.83846504202  6.27332517741  4.29251398087  2.8242792927  1.76833378719  1.01568437947  0.459753705723  
0.661943489009  1.46554078186  2.56011940208  4.10652732135  6.27332517741  9.2217639577  13.0770156442  17.8855357328  23.5628319597  29.8425780864  36.246311393  42.1001630013  46.6247068895  49.1053797752  49.1053797752  46.6247068895  42.1001630013  36.246311393  29.8425780864  23.5628319597  17.8855357328  13.0770156442  9.2217639577  6.27332517741  4.10652732135  2.56011940208  1.46554078186  0.661943489009  
0.91766212324  2.0364036849  3.57014797492  5.75338716476  8.83846504202  13.0770156442  18.6808396925  25.7598551263  34.2399439488  43.7728637184  53.6648727945  62.869004402  70.0994522337  74.1118070753  74.1118070753  70.0994522337  62.869004402  53.6648727945  43.7728637184  34.2399439488  25.7598551263  18.6808396925  13.0770156442  8.83846504202  5.75338716476  3.57014797492  2.0364036849  0.91766212324  
1.22521918181  2.72542550153  4.79604193674  7.76697868396  12.0033922055  17.8855357328  25.7598551263  35.8547661647  48.1589921283  62.2707743605  77.2473178614  91.5207799878  102.997488768  109.484919249  109.484919249  102.997488768  91.5207799878  77.2473178614  62.2707743605  48.1589921283  35.8547661647  25.7598551263  17.8855357328  12.0033922055  7.76697868396  4.79604193674  2.72542550153  1.22521918181  
1.57440754946  3.51059273922  6.20116268407  10.0930632733  15.6955471115  23.5628319597  34.2399439488  48.1589921283  65.4737244153  85.8262865906  108.06112429  129.957499952  148.17408094  158.780946815  158.780946815  148.17408094  129.957499952  108.06112429  85.8262865906  65.4737244153  48.1589921283  34.2399439488  23.5628319597  15.6955471115  10.0930632733  6.20116268407  3.51059273922  1.57440754946  
1.94513224028  4.3472706958  7.70736028268  12.6066607028  19.7268129014  29.8425780864  43.7728637184  62.2707743605  85.8262865906  114.346404071  146.676416551  179.969847427  209.111237491  226.945041069  226.945041069  209.111237491  179.969847427  146.676416551  114.346404071  85.8262865906  62.2707743605  43.7728637184  29.8425780864  19.7268129014  12.6066607028  7.70736028268  4.3472706958  1.94513224028  
2.30790834698  5.16892105689  9.19503869315  15.1092067311  23.7825227832  36.246311393  53.6648727945  77.2473178614  108.06112429  146.676416551  192.50713394  242.636711556  289.98282316  321.584850012  321.584850012  289.98282316  242.636711556  192.50713394  146.676416551  108.06112429  77.2473178614  53.6648727945  36.246311393  23.7825227832  15.1092067311  9.19503869315  5.16892105689  2.30790834698  
2.62689779873  5.89370356392  10.5141961451  17.3446543897  27.4413790393  42.1001630013  62.869004402  91.5207799878  129.957499952  179.969847427  242.636711556  316.786020427  395.155479865  456.19019349  456.19019349  395.155479865  316.786020427  242.636711556  179.969847427  129.957499952  91.5207799878  62.869004402  42.1001630013  27.4413790393  17.3446543897  10.5141961451  5.89370356392  2.62689779873  
2.86548196835  6.43718503035  11.5075779052  19.0383171091  30.2368290947  46.6247068895  70.0994522337  102.997488768  148.17408094  209.111237491  289.98282316  395.155479865  525.479508072  659.0001067  659.0001067  525.479508072  395.155479865  289.98282316  209.111237491  148.17408094  102.997488768  70.0994522337  46.6247068895  30.2368290947  19.0383171091  11.5075779052  6.43718503035  2.86548196835  
2.99337792253  6.72901289044  12.0424799388  19.9540243364  31.7569615835  49.1053797752  74.1118070753  109.484919249  158.780946815  226.945041069  321.584850012  456.19019349  659.0001067  1000.0  1000.0  659.0001067  456.19019349  321.584850012  226.945041069  158.780946815  109.484919249  74.1118070753  49.1053797752  31.7569615835  19.9540243364  12.0424799388  6.72901289044  2.99337792253  
2.99337792253  6.72901289044  12.0424799388  19.9540243364  31.7569615835  49.1053797752  74.1118070753  109.484919249  158.780946815  226.945041069  321.584850012  456.19019349  659.0001067  1000.0  1000.0  659.0001067  456.19019349  321.584850012  226.945041069  158.780946815  109.484919249  74.1118070753  49.1053797752  31.7569615835  19.9540243364  12.0424799388  6.72901289044  2.99337792253  
2.86548196835  6.43718503035  11.5075779052  19.0383171091  30.2368290947  46.6247068895  70.0994522337  102.997488768  148.17408094  209.111237491  289.98282316  395.155479865  525.479508072  659.0001067  659.0001067  525.479508072  395.155479865  289.98282316  209.111237491  148.17408094  102.997488768  70.0994522337  46.6247068895  30.2368290947  19.0383171091  11.5075779052  6.43718503035  2.86548196835  
2.62689779873  5.89370356392  10.5141961451  17.3446543897  27.4413790393  42.1001630013  62.869004402  91.5207799878  129.957499952  179.969847427  242.636711556  316.786020427  395.155479865  456.19019349  456.19019349  395.155479865  316.786020427  242.636711556  179.969847427  129.957499952  91.5207799878  62.869004402  42.1001630013  27.4413790393  17.3446543897  10.5141961451  5.89370356392  2.62689779873  
2.30790834698  5.16892105689  9.19503869315  15.1092067311  23.7825227832  36.246311393  53.6648727945  77.2473178614  108.06112429  146.676416551  192.50713394  242.636711556  289.98282316  321.584850012  321.584850012  289.98282316  242.636711556  192.50713394  146.676416551  108.06112429  77.2473178614  53.6648727945  36.246311393  23.7825227832  15.1092067311  9.19503869315  5.16892105689  2.30790834698  
1.94513224028  4.3472706958  7.70736028268  12.6066607028  19.7268129014  29.8425780864  43.7728637184  62.2707743605  85.8262865906  114.346404071  146.676416551  179.969847427  209.111237491  226.945041069  226.945041069  209.111237491  179.969847427  146.676416551  114.346404071  85.8262865906  62.2707743605  43.7728637184  29.8425780864  19.7268129014  12.6066607028  7.70736028268  4.3472706958  1.94513224028  
1.57440754946  3.51059273922  6.20116268407  10.0930632733  15.6955471115  23.5628319597  34.2399439488  48.1589921283  65.4737244153  85.8262865906  108.06112429  129.957499952  148.17408094  158.780946815  158.780946815  148.17408094  129.957499952  108.06112429  85.8262865906  65.4737244153  48.1589921283  34.2399439488  23.5628319597  15.6955471115  10.0930632733  6.20116268407  3.51059273922  1.57440754946  
1.22521918181  2.72542550153  4.79604193674  7.76697868396  12.0033922055  17.8855357328  25.7598551263  35.8547661647  48.1589921283  62.2707743605  77.2473178614  91.5207799878  102.997488768  109.484919249  109.484919249  102.997488768  91.5207799878  77.2473178614  62.2707743605  48.1589921283  35.8547661647  25.7598551263  17.8855357328  12.0033922055  7.76697868396  4.79604193674  2.72542550153  1.22521918181  
0.91766212324  2.0364036849  3.57014797492  5.75338716476  8.83846504202  13.0770156442  18.6808396925  25.7598551263  34.2399439488  43.7728637184  53.6648727945  62.869004402  70.0994522337  74.1118070753  74.1118070753  70.0994522337  62.869004402  53.6648727945  43.7728637184  34.2399439488  25.7598551263  18.6808396925  13.0770156442  8.83846504202  5.75338716476  3.57014797492  2.0364036849  0.91766212324  
0.661943489009  1.46554078186  2.56011940208  4.10652732135  6.27332517741  9.2217639577  13.0770156442  17.8855357328  23.5628319597  29.8425780864  36.246311393  42.1001630013  46.6247068895  49.1053797752  49.1053797752  46.6247068895  42.1001630013  36.246311393  29.8425780864  23.5628319597  17.8855357328  13.0770156442  9.2217639577  6.27332517741  4.10652732135  2.56011940208  1.46554078186  0.661943489009  
0.459753705723  1.01568437947  1.76833378719  2.8242792927  4.29251398087  6.27332517741  8.83846504202  12.0033922055  15.6955471115  19.7268129014  23.7825227832  27.4413790393  30.2368290947  31.7569615835  31.7569615835  30.2368290947  27.4413790393  23.7825227832  19.7268129014  15.6955471115  12.0033922055  8.83846504202  6.27332517741  4.29251398087  2.8242792927  1.76833378719  1.01568437947  0.459753705723  
0.306588413462  0.675973647459  1.17331589965  1.86670809545  2.8242792927  4.10652732135  5.75338716476  7.76697868396  10.0930632733  12.6066607028  15.1092067311  17.3446543897  19.0383171091  19.9540243364  19.9540243364  19.0383171091  17.3446543897  15.1092067311  12.6066607028  10.0930632733  7.76697868396  5.75338716476  4.10652732135  2.8242792927  1.86670809545  1.17331589965  0.675973647459  0.306588413462  
0.194192015825  0.42742323684  0.739946334084  1.17331589965  1.76833378719  2.56011940208  3.57014797492  4.79604193674  6.20116268407  7.70736028268  9.19503869315  10.5141961451  11.5075779052  12.0424799388  12.0424799388  11.5075779052  10.5141961451  9.19503869315  7.70736028268  6.20116268407  4.79604193674  3.57014797492  2.56011940208  1.76833378719  1.17331589965  0.739946334084  0.42742323684  0.194192015825  
0.112562013407  0.247413592987  0.42742323684  0.675973647459  1.01568437947  1.46554078186  2.0364036849  2.72542550153  3.51059273922  4.3472706958  5.16892105689  5.89370356392  6.43718503035  6.72901289044  6.72901289044  6.43718503035  5.89370356392  5.16892105689  4.3472706958  3.51059273922  2.72542550153  2.0364036849  1.46554078186  1.01568437947  0.675973647459  0.42742323684  0.247413592987  0.112562013407  
0.0512567481673  0.112562013407  0.194192015825  0.306588413462  0.459753705723  0.661943489009  0.91766212324  1.22521918181  1.57440754946  1.94513224028  2.30790834698  2.62689779873  2.86548196835  2.99337792253  2.99337792253  2.86548196835  2.62689779873  2.30790834698  1.94513224028  1.57440754946  1.22521918181  0.91766212324  0.661943489009  0.459753705723  0.306588413462  0.194192015825  0.112562013407  0.0512567481673  
