0.0564250415625  0.123505811833  0.212082572453  0.33306859991  0.496788034685  0.711606548795  0.981872496182  1.30544144829  1.67136013622  2.05854791923  2.43639266843  2.7679175951  3.01549450365  3.14808755016  3.14808755016  3.01549450365  2.7679175951  2.43639266843  2.05854791923  1.67136013622  1.30544144829  0.981872496182  0.711606548795  0.496788034685  0.33306859991  0.212082572453  0.123505811833  0.0564250415625  
0.123505811833  0.270575740686  0.46525960117  0.73192266703  1.09384645061  1.57022902554  2.17158320529  2.8940909679  3.71416523463  4.58511197129  5.4380573839  6.18882085974  6.75091003456  7.05244665738  7.05244665738  6.75091003456  6.18882085974  5.4380573839  4.58511197129  3.71416523463  2.8940909679  2.17158320529  1.57022902554  1.09384645061  0.73192266703  0.46525960117  0.270575740686  0.123505811833  
0.212082572453  0.46525960117  0.801681844294  1.26446908382  1.89545604931  2.73005680017  3.78913060119  5.06868766693  6.52953062254  8.09021242379  9.62745142047  10.9876057535  12.0102634216  12.5604107943  12.5604107943  12.0102634216  10.9876057535  9.62745142047  8.09021242379  6.52953062254  5.06868766693  3.78913060119  2.73005680017  1.89545604931  1.26446908382  0.801681844294  0.46525960117  0.212082572453  
0.33306859991  0.73192266703  1.26446908382  2.00103879214  3.01119409239  4.3557641527  6.07367664073  8.16460801138  10.5705501933  13.1617702828  15.7345045849  18.0276883503  19.762387934  20.6993977498  20.6993977498  19.762387934  18.0276883503  15.7345045849  13.1617702828  10.5705501933  8.16460801138  6.07367664073  4.3557641527  3.01119409239  2.00103879214  1.26446908382  0.73192266703  0.33306859991  
0.496788034685  1.09384645061  1.89545604931  3.01119409239  4.55189741688  6.61813634763  9.28008322342  12.5496663329  16.3490628379  20.4837045922  24.6320788889  28.3665153148  31.2152914757  32.7629652573  32.7629652573  31.2152914757  28.3665153148  24.6320788889  20.4837045922  16.3490628379  12.5496663329  9.28008322342  6.61813634763  4.55189741688  3.01119409239  1.89545604931  1.09384645061  0.496788034685  
0.711606548795  1.57022902554  2.73005680017  4.3557641527  6.61813634763  9.67851775548  13.6596778562  18.6031285674  24.4172863278  30.8274312913  37.3465612778  43.2933003373  47.8825974214  50.3964230637  50.3964230637  47.8825974214  43.2933003373  37.3465612778  30.8274312913  24.4172863278  18.6031285674  13.6596778562  9.67851775548  6.61813634763  4.3557641527  2.73005680017  1.57022902554  0.711606548795  
0.981872496182  2.17158320529  3.78913060119  6.07367664073  9.28008322342  13.6596778562  19.4207082092  26.6663320011  35.313121777  45.0022577472  55.0298334837  64.3407488391  71.6440654694  75.6931154155  75.6931154155  71.6440654694  64.3407488391  55.0298334837  45.0022577472  35.313121777  26.6663320011  19.4207082092  13.6596778562  9.28008322342  6.07367664073  3.78913060119  2.17158320529  0.981872496182  
1.30544144829  2.8940909679  5.06868766693  8.16460801138  12.5496663329  18.6031285674  26.6663320011  36.9586284743  49.456743132  63.7458719687  78.8715703681  93.2580585313  104.808654865  111.331927197  111.331927197  104.808654865  93.2580585313  78.8715703681  63.7458719687  49.456743132  36.9586284743  26.6663320011  18.6031285674  12.5496663329  8.16460801138  5.06868766693  2.8940909679  1.30544144829  
1.67136013622  3.71416523463  6.52953062254  10.5705501933  16.3490628379  24.4172863278  35.313121777  49.456743132  66.9866161845  87.5289248167  109.914999763  131.917339634  150.19617175  160.829892478  160.829892478  150.19617175  131.917339634  109.914999763  87.5289248167  66.9866161845  49.456743132  35.313121777  24.4172863278  16.3490628379  10.5705501933  6.52953062254  3.71416523463  1.67136013622  
2.05854791923  4.58511197129  8.09021242379  13.1617702828  20.4837045922  30.8274312913  45.0022577472  63.7458719687  87.5289248167  116.238726648  148.705444194  182.077535571  211.248685402  229.08570307  229.08570307  211.248685402  182.077535571  148.705444194  116.238726648  87.5289248167  63.7458719687  45.0022577472  30.8274312913  20.4837045922  13.1617702828  8.09021242379  4.58511197129  2.05854791923  
2.43639266843  5.4380573839  9.62745142047  15.7345045849  24.6320788889  37.3465612778  55.0298334837  78.8715703681  109.914999763  148.705444194  194.637880552  244.790935519  292.100869919  323.654539522  323.654539522  292.100869919  244.790935519  194.637880552  148.705444194  109.914999763  78.8715703681  55.0298334837  37.3465612778  24.6320788889  15.7345045849  9.62745142047  5.4380573839  2.43639266843  
2.7679175951  6.18882085974  10.9876057535  18.0276883503  28.3665153148  43.2933003373  64.3407488391  93.2580585313  131.917339634  182.077535571  244.790935519  318.874667602  397.088917448  457.96329757  457.96329757  397.088917448  318.874667602  244.790935519  182.077535571  131.917339634  93.2580585313  64.3407488391  43.2933003373  28.3665153148  18.0276883503  10.9876057535  6.18882085974  2.7679175951  
3.01549450365  6.75091003456  12.0102634216  19.762387934  31.2152914757  47.8825974214  71.6440654694  104.808654865  150.19617175  211.248685402  292.100869919  397.088917448  527.060183187  660.15440128  660.15440128  527.060183187  397.088917448  292.100869919  211.248685402  150.19617175  104.808654865  71.6440654694  47.8825974214  31.2152914757  19.762387934  12.0102634216  6.75091003456  3.01549450365  
3.14808755016  7.05244665738  12.5604107943  20.6993977498  32.7629652573  50.3964230637  75.6931154155  111.331927197  160.829892478  229.08570307  323.654539522  457.96329757  660.15440128  1000.0  1000.0  660.15440128  457.96329757  323.654539522  229.08570307  160.829892478  111.331927197  75.6931154155  50.3964230637  32.7629652573  20.6993977498  12.5604107943  7.05244665738  3.14808755016  
3.14808755016  7.05244665738  12.5604107943  20.6993977498  32.7629652573  50.3964230637  75.6931154155  111.331927197  160.829892478  229.08570307  323.654539522  457.96329757  660.15440128  1000.0  1000.0  660.15440128  457.96329757  323.654539522  229.08570307  160.829892478  111.331927197  75.6931154155  50.3964230637  32.7629652573  20.6993977498  12.5604107943  7.05244665738  3.14808755016  
3.01549450365  6.75091003456  12.0102634216  19.762387934  31.2152914757  47.8825974214  71.6440654694  104.808654865  150.19617175  211.248685402  292.100869919  397.088917448  527.060183187  660.15440128  660.15440128  527.060183187  397.088917448  292.100869919  211.248685402  150.19617175  104.808654865  71.6440654694  47.8825974214  31.2152914757  19.762387934  12.0102634216  6.75091003456  3.01549450365  
2.7679175951  6.18882085974  10.9876057535  18.0276883503  28.3665153148  43.2933003373  64.3407488391  93.2580585313  131.917339634  182.077535571  244.790935519  318.874667602  397.088917448  457.96329757  457.96329757  397.088917448  318.874667602  244.790935519  182.077535571  131.917339634  93.2580585313  64.3407488391  43.2933003373  28.3665153148  18.0276883503  10.9876057535  6.18882085974  2.7679175951  
2.43639266843  5.4380573839  9.62745142047  15.7345045849  24.6320788889  37.3465612778  55.0298334837  78.8715703681  109.914999763  148.705444194  194.637880552  244.790935519  292.100869919  323.654539522  323.654539522  292.100869919  244.790935519  194.637880552  148.705444194  109.914999763  78.8715703681  55.0298334837  37.3465612778  24.6320788889  15.7345045849  9.62745142047  5.4380573839  2.43639266843  
2.05854791923  4.58511197129  8.09021242379  13.1617702828  20.4837045922  30.8274312913  45.0022577472  63.7458719687  87.5289248167  116.238726648  148.705444194  182.077535571  211.248685402  229.08570307  229.08570307  211.248685402  182.077535571  148.705444194  116.238726648  87.5289248167  63.7458719687  45.0022577472  30.8274312913  20.4837045922  13.1617702828  8.09021242379  4.58511197129  2.05854791923  
1.67136013622  3.71416523463  6.52953062254  10.5705501933  16.3490628379  24.4172863278  35.313121777  49.456743132  66.9866161845  87.5289248167  109.914999763  131.917339634  150.19617175  160.829892478  160.829892478  150.19617175  131.917339634  109.914999763  87.5289248167  66.9866161845  49.456743132  35.313121777  24.4172863278  16.3490628379  10.5705501933  6.52953062254  3.71416523463  1.67136013622  
1.30544144829  2.8940909679  5.06868766693  8.16460801138  12.5496663329  18.6031285674  26.6663320011  36.9586284743  49.456743132  63.7458719687  78.8715703681  93.2580585313  104.808654865  111.331927197  111.331927197  104.808654865  93.2580585313  78.8715703681  63.7458719687  49.456743132  36.9586284743  26.6663320011  18.6031285674  12.5496663329  8.16460801138  5.06868766693  2.8940909679  1.30544144829  
0.981872496182  2.17158320529  3.78913060119  6.07367664073  9.28008322342  13.6596778562  19.4207082092  26.6663320011  35.313121777  45.0022577472  55.0298334837  64.3407488391  71.6440654694  75.6931154155  75.6931154155  71.6440654694  64.3407488391  55.0298334837  45.0022577472  35.313121777  26.6663320011  19.4207082092  13.6596778562  9.28008322342  6.07367664073  3.78913060119  2.17158320529  0.981872496182  
0.711606548795  1.57022902554  2.73005680017  4.3557641527  6.61813634763  9.67851775548  13.6596778562  18.6031285674  24.4172863278  30.8274312913  37.3465612778  43.2933003373  47.8825974214  50.3964230637  50.3964230637  47.8825974214  43.2933003373  37.3465612778  30.8274312913  24.4172863278  18.6031285674  13.6596778562  9.67851775548  6.61813634763  4.3557641527  2.73005680017  1.57022902554  0.711606548795  
0.496788034685  1.09384645061  1.89545604931  3.01119409239  4.55189741688  6.61813634763  9.28008322342  12.5496663329  16.3490628379  20.4837045922  24.6320788889  28.3665153148  31.2152914757  32.7629652573  32.7629652573  31.2152914757  28.3665153148  24.6320788889  20.4837045922  16.3490628379  12.5496663329  9.28008322342  6.61813634763  4.55189741688  3.01119409239  1.89545604931  1.09384645061  0.496788034685  
0.33306859991  0.73192266703  1.26446908382  2.00103879214  3.01119409239  4.3557641527  6.07367664073  8.16460801138  10.5705501933  13.1617702828  15.7345045849  18.0276883503  19.762387934  20.6993977498  20.6993977498  19.762387934  18.0276883503  15.7345045849  13.1617702828  10.5705501933  8.16460801138  6.07367664073  4.3557641527  3.01119409239  2.00103879214  1.26446908382  0.73192266703  0.33306859991  
0.212082572453  0.46525960117  0.801681844294  1.26446908382  1.89545604931  2.73005680017  3.78913060119  5.06868766693  6.52953062254  8.09021242379  9.62745142047  10.9876057535  12.0102634216  12.5604107943  12.5604107943  12.0102634216  10.9876057535  9.62745142047  8.09021242379  6.52953062254  5.06868766693  3.78913060119  2.73005680017  1.89545604931  1.26446908382  0.801681844294  0.46525960117  0.212082572453  
0.123505811833  0.270575740686  0.46525960117  0.73192266703  1.09384645061  1.57022902554  2.17158320529  2.8940909679  3.71416523463  4.58511197129  5.4380573839  6.18882085974  6.75091003456  7.05244665738  7.05244665738  6.75091003456  6.18882085974  5.4380573839  4.58511197129  3.71416523463  2.8940909679  2.17158320529  1.57022902554  1.09384645061  0.73192266703  0.46525960117  0.270575740686  0.123505811833  
0.0564250415625  0.123505811833  0.212082572453  0.33306859991  0.496788034685  0.711606548795  0.981872496182  1.30544144829  1.67136013622  2.05854791923  2.43639266843  2.7679175951  3.01549450365  3.14808755016  3.14808755016  3.01549450365  2.7679175951  2.43639266843  2.05854791923  1.67136013622  1.30544144829  0.981872496182  0.711606548795  0.496788034685  0.33306859991  0.212082572453  0.123505811833  0.0564250415625  
