0.0974619507011  0.209541480284  0.350694137298  0.534737430171  0.773808248425  1.07663145072  1.44618306856  1.87710262375  2.35350105903  2.84803265789  3.32311862048  3.73489072744  4.03970624663  4.20209335559  4.20209335559  4.03970624663  3.73489072744  3.32311862048  2.84803265789  2.35350105903  1.87710262375  1.44618306856  1.07663145072  0.773808248425  0.534737430171  0.350694137298  0.209541480284  0.0974619507011  
0.209541480284  0.450878415053  0.755555285762  1.15392483405  1.6729522983  2.33246823361  3.14000781828  4.08496473292  5.13345245705  6.22581795301  7.27889574146  8.19448331142  8.87394689009  9.23651469144  9.23651469144  8.87394689009  8.19448331142  7.27889574146  6.22581795301  5.13345245705  4.08496473292  3.14000781828  2.33246823361  1.6729522983  1.15392483405  0.755555285762  0.450878415053  0.209541480284  
0.350694137298  0.755555285762  1.26859355509  1.94231639708  2.82419267253  3.95034103426  5.33655547318  6.96777738902  8.78832423197  10.6963105955  12.5462378322  14.1629901113  15.3678391081  16.0125362103  16.0125362103  15.3678391081  14.1629901113  12.5462378322  10.6963105955  8.78832423197  6.96777738902  5.33655547318  3.95034103426  2.82419267253  1.94231639708  1.26859355509  0.755555285762  0.350694137298  
0.534737430171  1.15392483405  1.94231639708  2.98340705376  4.35437398716  6.1164510895  8.30064988819  10.8902424111  13.8033923127  16.8814387656  19.889853639  22.538549546  24.524478867  25.5914505761  25.5914505761  24.524478867  22.538549546  19.889853639  16.8814387656  13.8033923127  10.8902424111  8.30064988819  6.1164510895  4.35437398716  2.98340705376  1.94231639708  1.15392483405  0.534737430171  
0.773808248425  1.6729522983  2.82419267253  4.35437398716  6.38381568362  9.01257660244  12.2989742806  16.2317948559  20.7006157525  25.4723754053  30.1858939201  34.3774967727  37.5469113127  39.259586147  39.259586147  37.5469113127  34.3774967727  30.1858939201  25.4723754053  20.7006157525  16.2317948559  12.2989742806  9.01257660244  6.38381568362  4.35437398716  2.82419267253  1.6729522983  0.773808248425  
1.07663145072  2.33246823361  3.95034103426  6.1164510895  9.01257660244  12.7976974505  17.577328964  23.3613388676  30.0151072227  37.2148361209  44.4251439524  50.9234142957  55.8947257027  58.6033599401  58.6033599401  55.8947257027  50.9234142957  44.4251439524  37.2148361209  30.0151072227  23.3613388676  17.577328964  12.7976974505  9.01257660244  6.1164510895  3.95034103426  2.33246823361  1.07663145072  
1.44618306856  3.14000781828  5.33655547318  8.30064988819  12.2989742806  17.577328964  24.3194381309  32.5861490595  42.238612967  52.8573634482  63.6822544584  73.6150853768  81.33957872  85.5996750038  85.5996750038  81.33957872  73.6150853768  63.6822544584  52.8573634482  42.238612967  32.5861490595  24.3194381309  17.577328964  12.2989742806  8.30064988819  5.33655547318  3.14000781828  1.44618306856  
1.87710262375  4.08496473292  6.96777738902  10.8902424111  16.2317948559  23.3613388676  32.5861490595  44.0699855414  57.7193590858  73.0459834396  89.0325051017  104.063269404  116.030472746  122.754195134  122.754195134  116.030472746  104.063269404  89.0325051017  73.0459834396  57.7193590858  44.0699855414  32.5861490595  23.3613388676  16.2317948559  10.8902424111  6.96777738902  4.08496473292  1.87710262375  
2.35350105903  5.13345245705  8.78832423197  13.8033923127  20.7006157525  30.0151072227  42.238612967  57.7193590858  76.507627759  98.1409601849  121.381435647  143.97069186  162.586317185  173.361705562  173.361705562  162.586317185  143.97069186  121.381435647  98.1409601849  76.507627759  57.7193590858  42.238612967  30.0151072227  20.7006157525  13.8033923127  8.78832423197  5.13345245705  2.35350105903  
2.84803265789  6.22581795301  10.6963105955  16.8814387656  25.4723754053  37.2148361209  52.8573634482  73.0459834396  98.1409601849  127.921170636  161.138002313  194.920952713  224.226907883  242.060899742  242.060899742  224.226907883  194.920952713  161.138002313  127.921170636  98.1409601849  73.0459834396  52.8573634482  37.2148361209  25.4723754053  16.8814387656  10.6963105955  6.22581795301  2.84803265789  
3.32311862048  7.27889574146  12.5462378322  19.889853639  30.1858939201  44.4251439524  63.6822544584  89.0325051017  121.381435647  161.138002313  207.597872294  257.823664292  304.870997708  336.113017399  336.113017399  304.870997708  257.823664292  207.597872294  161.138002313  121.381435647  89.0325051017  63.6822544584  44.4251439524  30.1858939201  19.889853639  12.5462378322  7.27889574146  3.32311862048  
3.73489072744  8.19448331142  14.1629901113  22.538549546  34.3774967727  50.9234142957  73.6150853768  104.063269404  143.97069186  194.920952713  257.823664292  331.445352074  408.688004435  468.585307763  468.585307763  408.688004435  331.445352074  257.823664292  194.920952713  143.97069186  104.063269404  73.6150853768  50.9234142957  34.3774967727  22.538549546  14.1629901113  8.19448331142  3.73489072744  
4.03970624663  8.87394689009  15.3678391081  24.524478867  37.5469113127  55.8947257027  81.33957872  116.030472746  162.586317185  224.226907883  304.870997708  408.688004435  536.514626059  667.050502003  667.050502003  536.514626059  408.688004435  304.870997708  224.226907883  162.586317185  116.030472746  81.33957872  55.8947257027  37.5469113127  24.524478867  15.3678391081  8.87394689009  4.03970624663  
4.20209335559  9.23651469144  16.0125362103  25.5914505761  39.259586147  58.6033599401  85.5996750038  122.754195134  173.361705562  242.060899742  336.113017399  468.585307763  667.050502003  1000.0  1000.0  667.050502003  468.585307763  336.113017399  242.060899742  173.361705562  122.754195134  85.5996750038  58.6033599401  39.259586147  25.5914505761  16.0125362103  9.23651469144  4.20209335559  
4.20209335559  9.23651469144  16.0125362103  25.5914505761  39.259586147  58.6033599401  85.5996750038  122.754195134  173.361705562  242.060899742  336.113017399  468.585307763  667.050502003  1000.0  1000.0  667.050502003  468.585307763  336.113017399  242.060899742  173.361705562  122.754195134  85.5996750038  58.6033599401  39.259586147  25.5914505761  16.0125362103  9.23651469144  4.20209335559  
4.03970624663  8.87394689009  15.3678391081  24.524478867  37.5469113127  55.8947257027  81.33957872  116.030472746  162.586317185  224.226907883  304.870997708  408.688004435  536.514626059  667.050502003  667.050502003  536.514626059  408.688004435  304.870997708  224.226907883  162.586317185  116.030472746  81.33957872  55.8947257027  37.5469113127  24.524478867  15.3678391081  8.87394689009  4.03970624663  
3.73489072744  8.19448331142  14.1629901113  22.538549546  34.3774967727  50.9234142957  73.6150853768  104.063269404  143.97069186  194.920952713  257.823664292  331.445352074  408.688004435  468.585307763  468.585307763  408.688004435  331.445352074  257.823664292  194.920952713  143.97069186  104.063269404  73.6150853768  50.9234142957  34.3774967727  22.538549546  14.1629901113  8.19448331142  3.73489072744  
3.32311862048  7.27889574146  12.5462378322  19.889853639  30.1858939201  44.4251439524  63.6822544584  89.0325051017  121.381435647  161.138002313  207.597872294  257.823664292  304.870997708  336.113017399  336.113017399  304.870997708  257.823664292  207.597872294  161.138002313  121.381435647  89.0325051017  63.6822544584  44.4251439524  30.1858939201  19.889853639  12.5462378322  7.27889574146  3.32311862048  
2.84803265789  6.22581795301  10.6963105955  16.8814387656  25.4723754053  37.2148361209  52.8573634482  73.0459834396  98.1409601849  127.921170636  161.138002313  194.920952713  224.226907883  242.060899742  242.060899742  224.226907883  194.920952713  161.138002313  127.921170636  98.1409601849  73.0459834396  52.8573634482  37.2148361209  25.4723754053  16.8814387656  10.6963105955  6.22581795301  2.84803265789  
2.35350105903  5.13345245705  8.78832423197  13.8033923127  20.7006157525  30.0151072227  42.238612967  57.7193590858  76.507627759  98.1409601849  121.381435647  143.97069186  162.586317185  173.361705562  173.361705562  162.586317185  143.97069186  121.381435647  98.1409601849  76.507627759  57.7193590858  42.238612967  30.0151072227  20.7006157525  13.8033923127  8.78832423197  5.13345245705  2.35350105903  
1.87710262375  4.08496473292  6.96777738902  10.8902424111  16.2317948559  23.3613388676  32.5861490595  44.0699855414  57.7193590858  73.0459834396  89.0325051017  104.063269404  116.030472746  122.754195134  122.754195134  116.030472746  104.063269404  89.0325051017  73.0459834396  57.7193590858  44.0699855414  32.5861490595  23.3613388676  16.2317948559  10.8902424111  6.96777738902  4.08496473292  1.87710262375  
1.44618306856  3.14000781828  5.33655547318  8.30064988819  12.2989742806  17.577328964  24.3194381309  32.5861490595  42.238612967  52.8573634482  63.6822544584  73.6150853768  81.33957872  85.5996750038  85.5996750038  81.33957872  73.6150853768  63.6822544584  52.8573634482  42.238612967  32.5861490595  24.3194381309  17.577328964  12.2989742806  8.30064988819  5.33655547318  3.14000781828  1.44618306856  
1.07663145072  2.33246823361  3.95034103426  6.1164510895  9.01257660244  12.7976974505  17.577328964  23.3613388676  30.0151072227  37.2148361209  44.4251439524  50.9234142957  55.8947257027  58.6033599401  58.6033599401  55.8947257027  50.9234142957  44.4251439524  37.2148361209  30.0151072227  23.3613388676  17.577328964  12.7976974505  9.01257660244  6.1164510895  3.95034103426  2.33246823361  1.07663145072  
0.773808248425  1.6729522983  2.82419267253  4.35437398716  6.38381568362  9.01257660244  12.2989742806  16.2317948559  20.7006157525  25.4723754053  30.1858939201  34.3774967727  37.5469113127  39.259586147  39.259586147  37.5469113127  34.3774967727  30.1858939201  25.4723754053  20.7006157525  16.2317948559  12.2989742806  9.01257660244  6.38381568362  4.35437398716  2.82419267253  1.6729522983  0.773808248425  
0.534737430171  1.15392483405  1.94231639708  2.98340705376  4.35437398716  6.1164510895  8.30064988819  10.8902424111  13.8033923127  16.8814387656  19.889853639  22.538549546  24.524478867  25.5914505761  25.5914505761  24.524478867  22.538549546  19.889853639  16.8814387656  13.8033923127  10.8902424111  8.30064988819  6.1164510895  4.35437398716  2.98340705376  1.94231639708  1.15392483405  0.534737430171  
0.350694137298  0.755555285762  1.26859355509  1.94231639708  2.82419267253  3.95034103426  5.33655547318  6.96777738902  8.78832423197  10.6963105955  12.5462378322  14.1629901113  15.3678391081  16.0125362103  16.0125362103  15.3678391081  14.1629901113  12.5462378322  10.6963105955  8.78832423197  6.96777738902  5.33655547318  3.95034103426  2.82419267253  1.94231639708  1.26859355509  0.755555285762  0.350694137298  
0.209541480284  0.450878415053  0.755555285762  1.15392483405  1.6729522983  2.33246823361  3.14000781828  4.08496473292  5.13345245705  6.22581795301  7.27889574146  8.19448331142  8.87394689009  9.23651469144  9.23651469144  8.87394689009  8.19448331142  7.27889574146  6.22581795301  5.13345245705  4.08496473292  3.14000781828  2.33246823361  1.6729522983  1.15392483405  0.755555285762  0.450878415053  0.209541480284  
0.0974619507011  0.209541480284  0.350694137298  0.534737430171  0.773808248425  1.07663145072  1.44618306856  1.87710262375  2.35350105903  2.84803265789  3.32311862048  3.73489072744  4.03970624663  4.20209335559  4.20209335559  4.03970624663  3.73489072744  3.32311862048  2.84803265789  2.35350105903  1.87710262375  1.44618306856  1.07663145072  0.773808248425  0.534737430171  0.350694137298  0.209541480284  0.0974619507011  
