0.221493883914  0.464791928023  0.750660585054  1.09752379976  1.51970013827  2.02514137639  2.61284845403  3.27039845053  3.97226403692  4.67975940925  5.34339062592  5.90801427809  6.32047971117  6.53847554869  6.53847554869  6.32047971117  5.90801427809  5.34339062592  4.67975940925  3.97226403692  3.27039845053  2.61284845403  2.02514137639  1.51970013827  1.09752379976  0.750660585054  0.464791928023  0.221493883914  
0.464791928023  0.976007857387  1.57800592154  2.31042561183  3.2045155644  4.27831826224  5.53104134108  6.93750304487  8.44410627875  9.96819755313  11.4026496331  12.626788334  13.523201392  13.9977181647  13.9977181647  13.523201392  12.626788334  11.4026496331  9.96819755313  8.44410627875  6.93750304487  5.53104134108  4.27831826224  3.2045155644  2.31042561183  1.57800592154  0.976007857387  0.464791928023  
0.750660585054  1.57800592154  2.55568605865  3.75026991701  5.21540855247  6.98390507346  9.0581095689  11.3999913393  13.9232706354  16.4908618854  18.9211521444  21.005724777  22.5385156817  23.3520957775  23.3520957775  22.5385156817  21.005724777  18.9211521444  16.4908618854  13.9232706354  11.3999913393  9.0581095689  6.98390507346  5.21540855247  3.75026991701  2.55568605865  1.57800592154  0.750660585054  
1.09752379976  2.31042561183  3.75026991701  5.51940486246  7.70268409809  10.3556621477  13.4896194218  17.0551664213  20.9278749288  24.9010998033  28.6922518338  31.968174516  34.3916010592  35.6831146179  35.6831146179  34.3916010592  31.968174516  28.6922518338  24.9010998033  20.9278749288  17.0551664213  13.4896194218  10.3556621477  7.70268409809  5.51940486246  3.75026991701  2.31042561183  1.09752379976  
1.51970013827  3.2045155644  5.21540855247  7.70268409809  10.7951278647  14.5835269791  19.0985687895  24.2849961019  29.9764733459  35.8787241229  41.5714270109  46.5403850569  50.2476059069  52.2347388429  52.2347388429  50.2476059069  46.5403850569  41.5714270109  35.8787241229  29.9764733459  24.2849961019  19.0985687895  14.5835269791  10.7951278647  7.70268409809  5.21540855247  3.2045155644  1.51970013827  
2.02514137639  4.27831826224  6.98390507346  10.3556621477  14.5835269791  19.8119296826  26.1087571723  33.4263270621  41.5592355446  50.1090121739  58.4718626579  65.8713928854  71.4575945313  74.4768434592  74.4768434592  71.4575945313  65.8713928854  58.4718626579  50.1090121739  41.5592355446  33.4263270621  26.1087571723  19.8119296826  14.5835269791  10.3556621477  6.98390507346  4.27831826224  2.02514137639  
2.61284845403  5.53104134108  9.0581095689  13.4896194218  19.0985687895  26.1087571723  34.6536513409  44.7203850985  56.0825086284  68.2322239084  80.3344318777  91.2404771835  99.6118707429  104.192116142  104.192116142  99.6118707429  91.2404771835  80.3344318777  68.2322239084  56.0825086284  44.7203850985  34.6536513409  26.1087571723  19.0985687895  13.4896194218  9.0581095689  5.53104134108  2.61284845403  
3.27039845053  6.93750304487  11.3999913393  17.0551664213  24.2849961019  33.4263270621  44.7203850985  58.2377075994  73.7776233264  90.7489778647  108.055832585  124.044254574  136.613034785  143.619729728  143.619729728  136.613034785  124.044254574  108.055832585  90.7489778647  73.7776233264  58.2377075994  44.7203850985  33.4263270621  24.2849961019  17.0551664213  11.3999913393  6.93750304487  3.27039845053  
3.97226403692  8.44410627875  13.9232706354  20.9278749288  29.9764733459  41.5592355446  56.0825086284  73.7776233264  94.5638554955  117.858340234  142.341873851  165.739306408  184.786341531  195.727998041  195.727998041  184.786341531  165.739306408  142.341873851  117.858340234  94.5638554955  73.7776233264  56.0825086284  41.5592355446  29.9764733459  20.9278749288  13.9232706354  8.44410627875  3.97226403692  
4.67975940925  9.96819755313  16.4908618854  24.9010998033  35.8787241229  50.1090121739  68.2322239084  90.7489778647  117.858340234  149.193916212  183.417613773  217.667426916  247.03694209  264.780997898  264.780997898  247.03694209  217.667426916  183.417613773  149.193916212  117.858340234  90.7489778647  68.2322239084  50.1090121739  35.8787241229  24.9010998033  16.4908618854  9.96819755313  4.67975940925  
5.34339062592  11.4026496331  18.9211521444  28.6922518338  41.5714270109  58.4718626579  80.3344318777  108.055832585  142.341873851  183.417613773  230.461978416  280.554942931  326.982199125  357.610299937  357.610299937  326.982199125  280.554942931  230.461978416  183.417613773  142.341873851  108.055832585  80.3344318777  58.4718626579  41.5714270109  28.6922518338  18.9211521444  11.4026496331  5.34339062592  
5.90801427809  12.626788334  21.005724777  31.968174516  46.5403850569  65.8713928854  91.2404771835  124.044254574  165.739306408  217.667426916  280.554942931  353.130202168  428.559655734  486.727423092  486.727423092  428.559655734  353.130202168  280.554942931  217.667426916  165.739306408  124.044254574  91.2404771835  65.8713928854  46.5403850569  31.968174516  21.005724777  12.626788334  5.90801427809  
6.32047971117  13.523201392  22.5385156817  34.3916010592  50.2476059069  71.4575945313  99.6118707429  136.613034785  184.786341531  247.03694209  326.982199125  428.559655734  552.609061889  678.760631562  678.760631562  552.609061889  428.559655734  326.982199125  247.03694209  184.786341531  136.613034785  99.6118707429  71.4575945313  50.2476059069  34.3916010592  22.5385156817  13.523201392  6.32047971117  
6.53847554869  13.9977181647  23.3520957775  35.6831146179  52.2347388429  74.4768434592  104.192116142  143.619729728  195.727998041  264.780997898  357.610299937  486.727423092  678.760631562  1000.0  1000.0  678.760631562  486.727423092  357.610299937  264.780997898  195.727998041  143.619729728  104.192116142  74.4768434592  52.2347388429  35.6831146179  23.3520957775  13.9977181647  6.53847554869  
6.53847554869  13.9977181647  23.3520957775  35.6831146179  52.2347388429  74.4768434592  104.192116142  143.619729728  195.727998041  264.780997898  357.610299937  486.727423092  678.760631562  1000.0  1000.0  678.760631562  486.727423092  357.610299937  264.780997898  195.727998041  143.619729728  104.192116142  74.4768434592  52.2347388429  35.6831146179  23.3520957775  13.9977181647  6.53847554869  
6.32047971117  13.523201392  22.5385156817  34.3916010592  50.2476059069  71.4575945313  99.6118707429  136.613034785  184.786341531  247.03694209  326.982199125  428.559655734  552.609061889  678.760631562  678.760631562  552.609061889  428.559655734  326.982199125  247.03694209  184.786341531  136.613034785  99.6118707429  71.4575945313  50.2476059069  34.3916010592  22.5385156817  13.523201392  6.32047971117  
5.90801427809  12.626788334  21.005724777  31.968174516  46.5403850569  65.8713928854  91.2404771835  124.044254574  165.739306408  217.667426916  280.554942931  353.130202168  428.559655734  486.727423092  486.727423092  428.559655734  353.130202168  280.554942931  217.667426916  165.739306408  124.044254574  91.2404771835  65.8713928854  46.5403850569  31.968174516  21.005724777  12.626788334  5.90801427809  
5.34339062592  11.4026496331  18.9211521444  28.6922518338  41.5714270109  58.4718626579  80.3344318777  108.055832585  142.341873851  183.417613773  230.461978416  280.554942931  326.982199125  357.610299937  357.610299937  326.982199125  280.554942931  230.461978416  183.417613773  142.341873851  108.055832585  80.3344318777  58.4718626579  41.5714270109  28.6922518338  18.9211521444  11.4026496331  5.34339062592  
4.67975940925  9.96819755313  16.4908618854  24.9010998033  35.8787241229  50.1090121739  68.2322239084  90.7489778647  117.858340234  149.193916212  183.417613773  217.667426916  247.03694209  264.780997898  264.780997898  247.03694209  217.667426916  183.417613773  149.193916212  117.858340234  90.7489778647  68.2322239084  50.1090121739  35.8787241229  24.9010998033  16.4908618854  9.96819755313  4.67975940925  
3.97226403692  8.44410627875  13.9232706354  20.9278749288  29.9764733459  41.5592355446  56.0825086284  73.7776233264  94.5638554955  117.858340234  142.341873851  165.739306408  184.786341531  195.727998041  195.727998041  184.786341531  165.739306408  142.341873851  117.858340234  94.5638554955  73.7776233264  56.0825086284  41.5592355446  29.9764733459  20.9278749288  13.9232706354  8.44410627875  3.97226403692  
3.27039845053  6.93750304487  11.3999913393  17.0551664213  24.2849961019  33.4263270621  44.7203850985  58.2377075994  73.7776233264  90.7489778647  108.055832585  124.044254574  136.613034785  143.619729728  143.619729728  136.613034785  124.044254574  108.055832585  90.7489778647  73.7776233264  58.2377075994  44.7203850985  33.4263270621  24.2849961019  17.0551664213  11.3999913393  6.93750304487  3.27039845053  
2.61284845403  5.53104134108  9.0581095689  13.4896194218  19.0985687895  26.1087571723  34.6536513409  44.7203850985  56.0825086284  68.2322239084  80.3344318777  91.2404771835  99.6118707429  104.192116142  104.192116142  99.6118707429  91.2404771835  80.3344318777  68.2322239084  56.0825086284  44.7203850985  34.6536513409  26.1087571723  19.0985687895  13.4896194218  9.0581095689  5.53104134108  2.61284845403  
2.02514137639  4.27831826224  6.98390507346  10.3556621477  14.5835269791  19.8119296826  26.1087571723  33.4263270621  41.5592355446  50.1090121739  58.4718626579  65.8713928854  71.4575945313  74.4768434592  74.4768434592  71.4575945313  65.8713928854  58.4718626579  50.1090121739  41.5592355446  33.4263270621  26.1087571723  19.8119296826  14.5835269791  10.3556621477  6.98390507346  4.27831826224  2.02514137639  
1.51970013827  3.2045155644  5.21540855247  7.70268409809  10.7951278647  14.5835269791  19.0985687895  24.2849961019  29.9764733459  35.8787241229  41.5714270109  46.5403850569  50.2476059069  52.2347388429  52.2347388429  50.2476059069  46.5403850569  41.5714270109  35.8787241229  29.9764733459  24.2849961019  19.0985687895  14.5835269791  10.7951278647  7.70268409809  5.21540855247  3.2045155644  1.51970013827  
1.09752379976  2.31042561183  3.75026991701  5.51940486246  7.70268409809  10.3556621477  13.4896194218  17.0551664213  20.9278749288  24.9010998033  28.6922518338  31.968174516  34.3916010592  35.6831146179  35.6831146179  34.3916010592  31.968174516  28.6922518338  24.9010998033  20.9278749288  17.0551664213  13.4896194218  10.3556621477  7.70268409809  5.51940486246  3.75026991701  2.31042561183  1.09752379976  
0.750660585054  1.57800592154  2.55568605865  3.75026991701  5.21540855247  6.98390507346  9.0581095689  11.3999913393  13.9232706354  16.4908618854  18.9211521444  21.005724777  22.5385156817  23.3520957775  23.3520957775  22.5385156817  21.005724777  18.9211521444  16.4908618854  13.9232706354  11.3999913393  9.0581095689  6.98390507346  5.21540855247  3.75026991701  2.55568605865  1.57800592154  0.750660585054  
0.464791928023  0.976007857387  1.57800592154  2.31042561183  3.2045155644  4.27831826224  5.53104134108  6.93750304487  8.44410627875  9.96819755313  11.4026496331  12.626788334  13.523201392  13.9977181647  13.9977181647  13.523201392  12.626788334  11.4026496331  9.96819755313  8.44410627875  6.93750304487  5.53104134108  4.27831826224  3.2045155644  2.31042561183  1.57800592154  0.976007857387  0.464791928023  
0.221493883914  0.464791928023  0.750660585054  1.09752379976  1.51970013827  2.02514137639  2.61284845403  3.27039845053  3.97226403692  4.67975940925  5.34339062592  5.90801427809  6.32047971117  6.53847554869  6.53847554869  6.32047971117  5.90801427809  5.34339062592  4.67975940925  3.97226403692  3.27039845053  2.61284845403  2.02514137639  1.51970013827  1.09752379976  0.750660585054  0.464791928023  0.221493883914  
