0.412407509223  0.851689914768  1.34281056509  1.90674113836  2.55811409685  3.30264421868  4.13454507586  5.03438411456  5.96801839189  6.88735605677  7.73359680268  8.44322248288  8.95630741353  9.22581938536  9.22581938536  8.95630741353  8.44322248288  7.73359680268  6.88735605677  5.96801839189  5.03438411456  4.13454507586  3.30264421868  2.55811409685  1.90674113836  1.34281056509  0.851689914768  0.412407509223  
0.851689914768  1.75988933503  2.77726676776  3.94842649382  5.30506164215  6.86051877852  8.60420525195  10.4967435624  12.4672387665  14.4143210644  16.2125320243  17.7248895643  18.8209492353  19.3975637781  19.3975637781  18.8209492353  17.7248895643  16.2125320243  14.4143210644  12.4672387665  10.4967435624  8.60420525195  6.86051877852  5.30506164215  3.94842649382  2.77726676776  1.75988933503  0.851689914768  
1.34281056509  2.77726676776  4.38925015539  6.2524281266  8.42064278966  10.9190865668  13.7348401456  16.8081432192  20.0266246837  23.2254121729  26.1961837852  28.707287658  30.5345546941  31.4983947512  31.4983947512  30.5345546941  28.707287658  26.1961837852  23.2254121729  20.0266246837  16.8081432192  13.7348401456  10.9190865668  8.42064278966  6.2524281266  4.38925015539  2.77726676776  1.34281056509  
1.90674113836  3.94842649382  6.2524281266  8.92985261738  12.0648760404  15.7018147821  19.830509588  24.3717877772  29.1662057899  33.9707180375  38.4688077883  42.2989618888  45.1028936841  46.5878266298  46.5878266298  45.1028936841  42.2989618888  38.4688077883  33.9707180375  29.1662057899  24.3717877772  19.830509588  15.7018147821  12.0648760404  8.92985261738  6.2524281266  3.94842649382  1.90674113836  
2.55811409685  5.30506164215  8.42064278966  12.0648760404  16.3641205852  21.3932981635  27.1545101224  33.553943458  40.3811648558  47.2976047653  53.8436262657  59.4744849197  63.6318750351  65.8463319397  65.8463319397  63.6318750351  59.4744849197  53.8436262657  47.2976047653  40.3811648558  33.553943458  27.1545101224  21.3932981635  16.3641205852  12.0648760404  8.42064278966  5.30506164215  2.55811409685  
3.30264421868  6.86051877852  10.9190865668  15.7018147821  21.3932981635  28.1161583876  35.9012490714  44.6525606303  54.1112234314  63.8275007066  73.1554721382  81.2904165778  87.3685197973  90.6331304699  90.6331304699  87.3685197973  81.2904165778  73.1554721382  63.8275007066  54.1112234314  44.6525606303  35.9012490714  28.1161583876  21.3932981635  15.7018147821  10.9190865668  6.86051877852  3.30264421868  
4.13454507586  8.60420525195  13.7348401456  19.830509588  27.1545101224  35.9012490714  46.157023224  57.8494349522  70.6885283735  84.1090728805  97.2341682935  108.895189198  117.755321451  122.573044011  122.573044011  117.755321451  108.895189198  97.2341682935  84.1090728805  70.6885283735  57.8494349522  46.157023224  35.9012490714  27.1545101224  19.830509588  13.7348401456  8.60420525195  4.13454507586  
5.03438411456  10.4967435624  16.8081432192  24.3717877772  33.553943458  44.6525606303  57.8494349522  73.1422801665  90.2553419978  108.53382256  126.843216252  143.525604686  156.510309632  163.705000959  163.705000959  156.510309632  143.525604686  126.843216252  108.53382256  90.2553419978  73.1422801665  57.8494349522  44.6525606303  33.553943458  24.3717877772  16.8081432192  10.4967435624  5.03438411456  
5.96801839189  12.4672387665  20.0266246837  29.1662057899  40.3811648558  54.1112234314  70.6885283735  90.2553419978  112.641196577  137.191122599  162.551323191  186.466132957  205.749322379  216.761504717  216.761504717  205.749322379  186.466132957  162.551323191  137.191122599  112.641196577  90.2553419978  70.6885283735  54.1112234314  40.3811648558  29.1662057899  20.0266246837  12.4672387665  5.96801839189  
6.88735605677  14.4143210644  23.2254121729  33.9707180375  47.2976047653  63.8275007066  84.1090728805  108.53382256  137.191122599  169.627584888  204.469193316  238.899090494  268.158414972  285.737228148  285.737228148  268.158414972  238.899090494  204.469193316  169.627584888  137.191122599  108.53382256  84.1090728805  63.8275007066  47.2976047653  33.9707180375  23.2254121729  14.4143210644  6.88735605677  
7.73359680268  16.2125320243  26.1961837852  38.4688077883  53.8436262657  73.1554721382  97.2341682935  126.843216252  162.551323191  204.469193316  251.720991559  301.441731536  347.145029641  377.142459703  377.142459703  347.145029641  301.441731536  251.720991559  204.469193316  162.551323191  126.843216252  97.2341682935  73.1554721382  53.8436262657  38.4688077883  26.1961837852  16.2125320243  7.73359680268  
8.44322248288  17.7248895643  28.707287658  42.2989618888  59.4744849197  81.2904165778  108.895189198  143.525604686  186.466132957  238.899090494  301.441731536  372.829426061  446.482942423  503.038380735  503.038380735  446.482942423  372.829426061  301.441731536  238.899090494  186.466132957  143.525604686  108.895189198  81.2904165778  59.4744849197  42.2989618888  28.707287658  17.7248895643  8.44322248288  
8.95630741353  18.8209492353  30.5345546941  45.1028936841  63.6318750351  87.3685197973  117.755321451  156.510309632  205.749322379  268.158414972  347.145029641  446.482942423  567.029730221  689.225699297  689.225699297  567.029730221  446.482942423  347.145029641  268.158414972  205.749322379  156.510309632  117.755321451  87.3685197973  63.6318750351  45.1028936841  30.5345546941  18.8209492353  8.95630741353  
9.22581938536  19.3975637781  31.4983947512  46.5878266298  65.8463319397  90.6331304699  122.573044011  163.705000959  216.761504717  285.737228148  377.142459703  503.038380735  689.225699297  1000.0  1000.0  689.225699297  503.038380735  377.142459703  285.737228148  216.761504717  163.705000959  122.573044011  90.6331304699  65.8463319397  46.5878266298  31.4983947512  19.3975637781  9.22581938536  
9.22581938536  19.3975637781  31.4983947512  46.5878266298  65.8463319397  90.6331304699  122.573044011  163.705000959  216.761504717  285.737228148  377.142459703  503.038380735  689.225699297  1000.0  1000.0  689.225699297  503.038380735  377.142459703  285.737228148  216.761504717  163.705000959  122.573044011  90.6331304699  65.8463319397  46.5878266298  31.4983947512  19.3975637781  9.22581938536  
8.95630741353  18.8209492353  30.5345546941  45.1028936841  63.6318750351  87.3685197973  117.755321451  156.510309632  205.749322379  268.158414972  347.145029641  446.482942423  567.029730221  689.225699297  689.225699297  567.029730221  446.482942423  347.145029641  268.158414972  205.749322379  156.510309632  117.755321451  87.3685197973  63.6318750351  45.1028936841  30.5345546941  18.8209492353  8.95630741353  
8.44322248288  17.7248895643  28.707287658  42.2989618888  59.4744849197  81.2904165778  108.895189198  143.525604686  186.466132957  238.899090494  301.441731536  372.829426061  446.482942423  503.038380735  503.038380735  446.482942423  372.829426061  301.441731536  238.899090494  186.466132957  143.525604686  108.895189198  81.2904165778  59.4744849197  42.2989618888  28.707287658  17.7248895643  8.44322248288  
7.73359680268  16.2125320243  26.1961837852  38.4688077883  53.8436262657  73.1554721382  97.2341682935  126.843216252  162.551323191  204.469193316  251.720991559  301.441731536  347.145029641  377.142459703  377.142459703  347.145029641  301.441731536  251.720991559  204.469193316  162.551323191  126.843216252  97.2341682935  73.1554721382  53.8436262657  38.4688077883  26.1961837852  16.2125320243  7.73359680268  
6.88735605677  14.4143210644  23.2254121729  33.9707180375  47.2976047653  63.8275007066  84.1090728805  108.53382256  137.191122599  169.627584888  204.469193316  238.899090494  268.158414972  285.737228148  285.737228148  268.158414972  238.899090494  204.469193316  169.627584888  137.191122599  108.53382256  84.1090728805  63.8275007066  47.2976047653  33.9707180375  23.2254121729  14.4143210644  6.88735605677  
5.96801839189  12.4672387665  20.0266246837  29.1662057899  40.3811648558  54.1112234314  70.6885283735  90.2553419978  112.641196577  137.191122599  162.551323191  186.466132957  205.749322379  216.761504717  216.761504717  205.749322379  186.466132957  162.551323191  137.191122599  112.641196577  90.2553419978  70.6885283735  54.1112234314  40.3811648558  29.1662057899  20.0266246837  12.4672387665  5.96801839189  
5.03438411456  10.4967435624  16.8081432192  24.3717877772  33.553943458  44.6525606303  57.8494349522  73.1422801665  90.2553419978  108.53382256  126.843216252  143.525604686  156.510309632  163.705000959  163.705000959  156.510309632  143.525604686  126.843216252  108.53382256  90.2553419978  73.1422801665  57.8494349522  44.6525606303  33.553943458  24.3717877772  16.8081432192  10.4967435624  5.03438411456  
4.13454507586  8.60420525195  13.7348401456  19.830509588  27.1545101224  35.9012490714  46.157023224  57.8494349522  70.6885283735  84.1090728805  97.2341682935  108.895189198  117.755321451  122.573044011  122.573044011  117.755321451  108.895189198  97.2341682935  84.1090728805  70.6885283735  57.8494349522  46.157023224  35.9012490714  27.1545101224  19.830509588  13.7348401456  8.60420525195  4.13454507586  
3.30264421868  6.86051877852  10.9190865668  15.7018147821  21.3932981635  28.1161583876  35.9012490714  44.6525606303  54.1112234314  63.8275007066  73.1554721382  81.2904165778  87.3685197973  90.6331304699  90.6331304699  87.3685197973  81.2904165778  73.1554721382  63.8275007066  54.1112234314  44.6525606303  35.9012490714  28.1161583876  21.3932981635  15.7018147821  10.9190865668  6.86051877852  3.30264421868  
2.55811409685  5.30506164215  8.42064278966  12.0648760404  16.3641205852  21.3932981635  27.1545101224  33.553943458  40.3811648558  47.2976047653  53.8436262657  59.4744849197  63.6318750351  65.8463319397  65.8463319397  63.6318750351  59.4744849197  53.8436262657  47.2976047653  40.3811648558  33.553943458  27.1545101224  21.3932981635  16.3641205852  12.0648760404  8.42064278966  5.30506164215  2.55811409685  
1.90674113836  3.94842649382  6.2524281266  8.92985261738  12.0648760404  15.7018147821  19.830509588  24.3717877772  29.1662057899  33.9707180375  38.4688077883  42.2989618888  45.1028936841  46.5878266298  46.5878266298  45.1028936841  42.2989618888  38.4688077883  33.9707180375  29.1662057899  24.3717877772  19.830509588  15.7018147821  12.0648760404  8.92985261738  6.2524281266  3.94842649382  1.90674113836  
1.34281056509  2.77726676776  4.38925015539  6.2524281266  8.42064278966  10.9190865668  13.7348401456  16.8081432192  20.0266246837  23.2254121729  26.1961837852  28.707287658  30.5345546941  31.4983947512  31.4983947512  30.5345546941  28.707287658  26.1961837852  23.2254121729  20.0266246837  16.8081432192  13.7348401456  10.9190865668  8.42064278966  6.2524281266  4.38925015539  2.77726676776  1.34281056509  
0.851689914768  1.75988933503  2.77726676776  3.94842649382  5.30506164215  6.86051877852  8.60420525195  10.4967435624  12.4672387665  14.4143210644  16.2125320243  17.7248895643  18.8209492353  19.3975637781  19.3975637781  18.8209492353  17.7248895643  16.2125320243  14.4143210644  12.4672387665  10.4967435624  8.60420525195  6.86051877852  5.30506164215  3.94842649382  2.77726676776  1.75988933503  0.851689914768  
0.412407509223  0.851689914768  1.34281056509  1.90674113836  2.55811409685  3.30264421868  4.13454507586  5.03438411456  5.96801839189  6.88735605677  7.73359680268  8.44322248288  8.95630741353  9.22581938536  9.22581938536  8.95630741353  8.44322248288  7.73359680268  6.88735605677  5.96801839189  5.03438411456  4.13454507586  3.30264421868  2.55811409685  1.90674113836  1.34281056509  0.851689914768  0.412407509223  
