0.210709911328  0.442771710527  0.716564302478  1.05024778834  1.4580479249  1.94802455702  2.51949498282  3.16054314053  3.84629681631  4.53881185212  5.18935002306  5.74346518603  6.14858271449  6.36279922791  6.36279922791  6.14858271449  5.74346518603  5.18935002306  4.53881185212  3.84629681631  3.16054314053  2.51949498282  1.94802455702  1.4580479249  1.05024778834  0.716564302478  0.442771710527  0.210709911328  
0.442771710527  0.931057263719  1.50843731997  2.21402712599  3.07890028274  4.12133270645  5.34118633186  6.71431473263  8.18844731026  9.68241962195  11.0906079317  12.2937115132  13.1754411201  13.6424140543  13.6424140543  13.1754411201  12.2937115132  11.0906079317  9.68241962195  8.18844731026  6.71431473263  5.34118633186  4.12133270645  3.07890028274  2.21402712599  1.50843731997  0.931057263719  0.442771710527  
0.716564302478  1.50843731997  2.44809996141  3.60134597367  5.02159230832  6.74203669593  8.766064912  11.057252292  13.5313467264  16.053505376  18.4443424251  20.4974373857  22.0083248921  22.810675448  22.810675448  22.0083248921  20.4974373857  18.4443424251  16.053505376  13.5313467264  11.057252292  8.766064912  6.74203669593  5.02159230832  3.60134597367  2.44809996141  1.50843731997  0.716564302478  
1.05024778834  2.21402712599  3.60134597367  5.31354648214  7.43522840869  10.022558745  13.0883011049  16.5853044353  20.3919084715  24.3044627434  28.0432736621  31.2776958445  33.6723965204  34.9492352989  34.9492352989  33.6723965204  31.2776958445  28.0432736621  24.3044627434  20.3919084715  16.5853044353  13.0883011049  10.022558745  7.43522840869  5.31354648214  3.60134597367  2.21402712599  1.05024778834  
1.4580479249  3.07890028274  5.02159230832  7.43522840869  10.4483801843  14.1527455104  18.5810330096  23.6809377823  29.2896786658  35.1167083018  40.7451661697  45.6636895805  49.3363038531  51.3058653389  51.3058653389  49.3363038531  45.6636895805  40.7451661697  35.1167083018  29.2896786658  23.6809377823  18.5810330096  14.1527455104  10.4483801843  7.43522840869  5.02159230832  3.07890028274  1.4580479249  
1.94802455702  4.12133270645  6.74203669593  10.022558745  14.1527455104  19.2783430565  25.4699154989  32.6835514513  40.7182447988  49.1799550854  57.4687514148  64.8110881897  70.3586359249  73.3584753257  73.3584753257  70.3586359249  64.8110881897  57.4687514148  49.1799550854  40.7182447988  32.6835514513  25.4699154989  19.2783430565  14.1527455104  10.022558745  6.74203669593  4.12133270645  1.94802455702  
2.51949498282  5.34118633186  8.766064912  13.0883011049  18.5810330096  25.4699154989  33.8918970403  43.8388382114  55.0896131114  67.1415237604  79.1635231967  90.0093686917  98.3412378458  102.90208723  102.90208723  98.3412378458  90.0093686917  79.1635231967  67.1415237604  55.0896131114  43.8388382114  33.8918970403  25.4699154989  18.5810330096  13.0883011049  8.766064912  5.34118633186  2.51949498282  
3.16054314053  6.71431473263  11.057252292  16.5853044353  23.6809377823  32.6835514513  43.8388382114  57.2232007448  72.6423589484  89.5109512582  106.737069514  122.668179508  135.201706698  142.192104026  142.192104026  135.201706698  122.668179508  106.737069514  89.5109512582  72.6423589484  57.2232007448  43.8388382114  32.6835514513  23.6809377823  16.5853044353  11.057252292  6.71431473263  3.16054314053  
3.84629681631  8.18844731026  13.5313467264  20.3919084715  29.2896786658  40.7182447988  55.0896131114  72.6423589484  93.3034632402  116.496721617  140.906875727  164.258575393  183.282691594  194.216276115  194.216276115  183.282691594  164.258575393  140.906875727  116.496721617  93.3034632402  72.6423589484  55.0896131114  40.7182447988  29.2896786658  20.3919084715  13.5313467264  8.18844731026  3.84629681631  
4.53881185212  9.68241962195  16.053505376  24.3044627434  35.1167083018  49.1799550854  67.1415237604  89.5109512582  116.496721617  147.740441208  181.908251605  216.136142349  245.507705469  263.260855234  263.260855234  245.507705469  216.136142349  181.908251605  147.740441208  116.496721617  89.5109512582  67.1415237604  49.1799550854  35.1167083018  24.3044627434  16.053505376  9.68241962195  4.53881185212  
5.18935002306  11.0906079317  18.4443424251  28.0432736621  40.7451661697  57.4687514148  79.1635231967  106.737069514  140.906875727  181.908251605  228.925916929  279.03716235  325.511642895  356.18325168  356.18325168  325.511642895  279.03716235  228.925916929  181.908251605  140.906875727  106.737069514  79.1635231967  57.4687514148  40.7451661697  28.0432736621  18.4443424251  11.0906079317  5.18935002306  
5.74346518603  12.2937115132  20.4974373857  31.2776958445  45.6636895805  64.8110881897  90.0093686917  122.668179508  164.258575393  216.136142349  279.03716235  351.690873565  427.24558295  485.529716964  485.529716964  427.24558295  351.690873565  279.03716235  216.136142349  164.258575393  122.668179508  90.0093686917  64.8110881897  45.6636895805  31.2776958445  20.4974373857  12.2937115132  5.74346518603  
6.14858271449  13.1754411201  22.0083248921  33.6723965204  49.3363038531  70.3586359249  98.3412378458  135.201706698  183.282691594  245.507705469  325.511642895  427.24558295  551.548439042  677.989979044  677.989979044  551.548439042  427.24558295  325.511642895  245.507705469  183.282691594  135.201706698  98.3412378458  70.3586359249  49.3363038531  33.6723965204  22.0083248921  13.1754411201  6.14858271449  
6.36279922791  13.6424140543  22.810675448  34.9492352989  51.3058653389  73.3584753257  102.90208723  142.192104026  194.216276115  263.260855234  356.18325168  485.529716964  677.989979044  1000.0  1000.0  677.989979044  485.529716964  356.18325168  263.260855234  194.216276115  142.192104026  102.90208723  73.3584753257  51.3058653389  34.9492352989  22.810675448  13.6424140543  6.36279922791  
6.36279922791  13.6424140543  22.810675448  34.9492352989  51.3058653389  73.3584753257  102.90208723  142.192104026  194.216276115  263.260855234  356.18325168  485.529716964  677.989979044  1000.0  1000.0  677.989979044  485.529716964  356.18325168  263.260855234  194.216276115  142.192104026  102.90208723  73.3584753257  51.3058653389  34.9492352989  22.810675448  13.6424140543  6.36279922791  
6.14858271449  13.1754411201  22.0083248921  33.6723965204  49.3363038531  70.3586359249  98.3412378458  135.201706698  183.282691594  245.507705469  325.511642895  427.24558295  551.548439042  677.989979044  677.989979044  551.548439042  427.24558295  325.511642895  245.507705469  183.282691594  135.201706698  98.3412378458  70.3586359249  49.3363038531  33.6723965204  22.0083248921  13.1754411201  6.14858271449  
5.74346518603  12.2937115132  20.4974373857  31.2776958445  45.6636895805  64.8110881897  90.0093686917  122.668179508  164.258575393  216.136142349  279.03716235  351.690873565  427.24558295  485.529716964  485.529716964  427.24558295  351.690873565  279.03716235  216.136142349  164.258575393  122.668179508  90.0093686917  64.8110881897  45.6636895805  31.2776958445  20.4974373857  12.2937115132  5.74346518603  
5.18935002306  11.0906079317  18.4443424251  28.0432736621  40.7451661697  57.4687514148  79.1635231967  106.737069514  140.906875727  181.908251605  228.925916929  279.03716235  325.511642895  356.18325168  356.18325168  325.511642895  279.03716235  228.925916929  181.908251605  140.906875727  106.737069514  79.1635231967  57.4687514148  40.7451661697  28.0432736621  18.4443424251  11.0906079317  5.18935002306  
4.53881185212  9.68241962195  16.053505376  24.3044627434  35.1167083018  49.1799550854  67.1415237604  89.5109512582  116.496721617  147.740441208  181.908251605  216.136142349  245.507705469  263.260855234  263.260855234  245.507705469  216.136142349  181.908251605  147.740441208  116.496721617  89.5109512582  67.1415237604  49.1799550854  35.1167083018  24.3044627434  16.053505376  9.68241962195  4.53881185212  
3.84629681631  8.18844731026  13.5313467264  20.3919084715  29.2896786658  40.7182447988  55.0896131114  72.6423589484  93.3034632402  116.496721617  140.906875727  164.258575393  183.282691594  194.216276115  194.216276115  183.282691594  164.258575393  140.906875727  116.496721617  93.3034632402  72.6423589484  55.0896131114  40.7182447988  29.2896786658  20.3919084715  13.5313467264  8.18844731026  3.84629681631  
3.16054314053  6.71431473263  11.057252292  16.5853044353  23.6809377823  32.6835514513  43.8388382114  57.2232007448  72.6423589484  89.5109512582  106.737069514  122.668179508  135.201706698  142.192104026  142.192104026  135.201706698  122.668179508  106.737069514  89.5109512582  72.6423589484  57.2232007448  43.8388382114  32.6835514513  23.6809377823  16.5853044353  11.057252292  6.71431473263  3.16054314053  
2.51949498282  5.34118633186  8.766064912  13.0883011049  18.5810330096  25.4699154989  33.8918970403  43.8388382114  55.0896131114  67.1415237604  79.1635231967  90.0093686917  98.3412378458  102.90208723  102.90208723  98.3412378458  90.0093686917  79.1635231967  67.1415237604  55.0896131114  43.8388382114  33.8918970403  25.4699154989  18.5810330096  13.0883011049  8.766064912  5.34118633186  2.51949498282  
1.94802455702  4.12133270645  6.74203669593  10.022558745  14.1527455104  19.2783430565  25.4699154989  32.6835514513  40.7182447988  49.1799550854  57.4687514148  64.8110881897  70.3586359249  73.3584753257  73.3584753257  70.3586359249  64.8110881897  57.4687514148  49.1799550854  40.7182447988  32.6835514513  25.4699154989  19.2783430565  14.1527455104  10.022558745  6.74203669593  4.12133270645  1.94802455702  
1.4580479249  3.07890028274  5.02159230832  7.43522840869  10.4483801843  14.1527455104  18.5810330096  23.6809377823  29.2896786658  35.1167083018  40.7451661697  45.6636895805  49.3363038531  51.3058653389  51.3058653389  49.3363038531  45.6636895805  40.7451661697  35.1167083018  29.2896786658  23.6809377823  18.5810330096  14.1527455104  10.4483801843  7.43522840869  5.02159230832  3.07890028274  1.4580479249  
1.05024778834  2.21402712599  3.60134597367  5.31354648214  7.43522840869  10.022558745  13.0883011049  16.5853044353  20.3919084715  24.3044627434  28.0432736621  31.2776958445  33.6723965204  34.9492352989  34.9492352989  33.6723965204  31.2776958445  28.0432736621  24.3044627434  20.3919084715  16.5853044353  13.0883011049  10.022558745  7.43522840869  5.31354648214  3.60134597367  2.21402712599  1.05024778834  
0.716564302478  1.50843731997  2.44809996141  3.60134597367  5.02159230832  6.74203669593  8.766064912  11.057252292  13.5313467264  16.053505376  18.4443424251  20.4974373857  22.0083248921  22.810675448  22.810675448  22.0083248921  20.4974373857  18.4443424251  16.053505376  13.5313467264  11.057252292  8.766064912  6.74203669593  5.02159230832  3.60134597367  2.44809996141  1.50843731997  0.716564302478  
0.442771710527  0.931057263719  1.50843731997  2.21402712599  3.07890028274  4.12133270645  5.34118633186  6.71431473263  8.18844731026  9.68241962195  11.0906079317  12.2937115132  13.1754411201  13.6424140543  13.6424140543  13.1754411201  12.2937115132  11.0906079317  9.68241962195  8.18844731026  6.71431473263  5.34118633186  4.12133270645  3.07890028274  2.21402712599  1.50843731997  0.931057263719  0.442771710527  
0.210709911328  0.442771710527  0.716564302478  1.05024778834  1.4580479249  1.94802455702  2.51949498282  3.16054314053  3.84629681631  4.53881185212  5.18935002306  5.74346518603  6.14858271449  6.36279922791  6.36279922791  6.14858271449  5.74346518603  5.18935002306  4.53881185212  3.84629681631  3.16054314053  2.51949498282  1.94802455702  1.4580479249  1.05024778834  0.716564302478  0.442771710527  0.210709911328  
