0.425894331117  0.878869036549  1.3840469687  1.96247348015  2.62874055487  3.38839555073  4.23536234681  5.14981789965  6.09716288578  7.02882581577  7.88554687497  8.60340605973  9.12216065497  9.39456201613  9.39456201613  9.12216065497  8.60340605973  7.88554687497  7.02882581577  6.09716288578  5.14981789965  4.23536234681  3.38839555073  2.62874055487  1.96247348015  1.3840469687  0.878869036549  0.425894331117  
0.878869036549  1.81464941681  2.86031885366  4.06061814435  5.44714788196  7.03290857132  8.8067192713  10.7284175194  12.7261993027  14.6977490058  16.5167128286  18.0453366032  19.1525762099  19.7348811876  19.7348811876  19.1525762099  18.0453366032  16.5167128286  14.6977490058  12.7261993027  10.7284175194  8.8067192713  7.03290857132  5.44714788196  4.06061814435  2.86031885366  1.81464941681  0.878869036549  
1.3840469687  2.86031885366  4.51513585504  6.42234246199  8.63561246767  11.1795906174  14.0404524357  17.1572499808  20.4162581406  23.6512210162  26.6525360979  29.1874778677  31.0310706475  32.0032004926  32.0032004926  31.0310706475  29.1874778677  26.6525360979  23.6512210162  20.4162581406  17.1572499808  14.0404524357  11.1795906174  8.63561246767  6.42234246199  4.51513585504  2.86031885366  1.3840469687  
1.96247348015  4.06061814435  6.42234246199  9.1589360427  12.3542940559  16.0519478109  20.2404871932  24.8391357453  29.6866625571  34.538246155  39.0757871792  42.9365133996  45.7612563481  47.2567129529  47.2567129529  45.7612563481  42.9365133996  39.0757871792  34.538246155  29.6866625571  24.8391357453  20.2404871932  16.0519478109  12.3542940559  9.1589360427  6.42234246199  4.06061814435  1.96247348015  
2.62874055487  5.44714788196  8.63561246767  12.3542940559  16.7291075085  21.8339020275  27.669140761  34.1389690815  41.0307457034  48.0037948226  54.5967161784  60.2634990021  64.4450921445  66.6716989669  66.6716989669  64.4450921445  60.2634990021  54.5967161784  48.0037948226  41.0307457034  34.1389690815  27.669140761  21.8339020275  16.7291075085  12.3542940559  8.63561246767  5.44714788196  2.62874055487  
3.38839555073  7.03290857132  11.1795906174  16.0519478109  21.8339020275  28.6466490972  36.51895901  45.3523065244  54.8851991349  64.6655351434  74.0456100702  82.2196853265  88.3236653593  91.6010875449  91.6010875449  88.3236653593  82.2196853265  74.0456100702  64.6655351434  54.8851991349  45.3523065244  36.51895901  28.6466490972  21.8339020275  16.0519478109  11.1795906174  7.03290857132  3.38839555073  
4.23536234681  8.8067192713  14.0404524357  20.2404871932  27.669140761  36.51895901  46.8736304807  58.6577066136  71.5781753739  85.0672434759  98.2463902959  109.946566158  118.831635823  123.661333617  123.661333617  118.831635823  109.946566158  98.2463902959  85.0672434759  71.5781753739  58.6577066136  46.8736304807  36.51895901  27.669140761  20.2404871932  14.0404524357  8.8067192713  4.23536234681  
5.14981789965  10.7284175194  17.1572499808  24.8391357453  34.1389690815  45.3523065244  58.6577066136  74.049196211  91.2474600574  109.594946289  127.9558556  144.672855605  157.677638231  164.881135466  164.881135466  157.677638231  144.672855605  127.9558556  109.594946289  91.2474600574  74.049196211  58.6577066136  45.3523065244  34.1389690815  24.8391357453  17.1572499808  10.7284175194  5.14981789965  
6.09716288578  12.7261993027  20.4162581406  29.6866625571  41.0307457034  54.8851991349  71.5781753739  91.2474600574  113.718354848  138.332819789  163.736123071  187.674593807  206.96708038  217.981134834  217.981134834  206.96708038  187.674593807  163.736123071  138.332819789  113.718354848  91.2474600574  71.5781753739  54.8851991349  41.0307457034  29.6866625571  20.4162581406  12.7261993027  6.09716288578  
7.02882581577  14.6977490058  23.6512210162  34.538246155  48.0037948226  64.6655351434  85.0672434759  109.594946289  138.332819789  170.823721364  205.692743748  240.126525465  269.375181142  286.942385533  286.942385533  269.375181142  240.126525465  205.692743748  170.823721364  138.332819789  109.594946289  85.0672434759  64.6655351434  48.0037948226  34.538246155  23.6512210162  14.6977490058  7.02882581577  
7.88554687497  16.5167128286  26.6525360979  39.0757871792  54.5967161784  74.0456100702  98.2463902959  127.9558556  163.736123071  205.692743748  252.948029799  302.641071934  348.298924866  378.258470767  378.258470767  348.298924866  302.641071934  252.948029799  205.692743748  163.736123071  127.9558556  98.2463902959  74.0456100702  54.5967161784  39.0757871792  26.6525360979  16.5167128286  7.88554687497  
8.60340605973  18.0453366032  29.1874778677  42.9365133996  60.2634990021  82.2196853265  109.946566158  144.672855605  187.674593807  240.126525465  302.641071934  373.954972444  447.503808347  503.966097471  503.966097471  447.503808347  373.954972444  302.641071934  240.126525465  187.674593807  144.672855605  109.946566158  82.2196853265  60.2634990021  42.9365133996  29.1874778677  18.0453366032  8.60340605973  
9.12216065497  19.1525762099  31.0310706475  45.7612563481  64.4450921445  88.3236653593  118.831635823  157.677638231  206.96708038  269.375181142  348.298924866  447.503808347  567.848725707  689.819364242  689.819364242  567.848725707  447.503808347  348.298924866  269.375181142  206.96708038  157.677638231  118.831635823  88.3236653593  64.4450921445  45.7612563481  31.0310706475  19.1525762099  9.12216065497  
9.39456201613  19.7348811876  32.0032004926  47.2567129529  66.6716989669  91.6010875449  123.661333617  164.881135466  217.981134834  286.942385533  378.258470767  503.966097471  689.819364242  1000.0  1000.0  689.819364242  503.966097471  378.258470767  286.942385533  217.981134834  164.881135466  123.661333617  91.6010875449  66.6716989669  47.2567129529  32.0032004926  19.7348811876  9.39456201613  
9.39456201613  19.7348811876  32.0032004926  47.2567129529  66.6716989669  91.6010875449  123.661333617  164.881135466  217.981134834  286.942385533  378.258470767  503.966097471  689.819364242  1000.0  1000.0  689.819364242  503.966097471  378.258470767  286.942385533  217.981134834  164.881135466  123.661333617  91.6010875449  66.6716989669  47.2567129529  32.0032004926  19.7348811876  9.39456201613  
9.12216065497  19.1525762099  31.0310706475  45.7612563481  64.4450921445  88.3236653593  118.831635823  157.677638231  206.96708038  269.375181142  348.298924866  447.503808347  567.848725707  689.819364242  689.819364242  567.848725707  447.503808347  348.298924866  269.375181142  206.96708038  157.677638231  118.831635823  88.3236653593  64.4450921445  45.7612563481  31.0310706475  19.1525762099  9.12216065497  
8.60340605973  18.0453366032  29.1874778677  42.9365133996  60.2634990021  82.2196853265  109.946566158  144.672855605  187.674593807  240.126525465  302.641071934  373.954972444  447.503808347  503.966097471  503.966097471  447.503808347  373.954972444  302.641071934  240.126525465  187.674593807  144.672855605  109.946566158  82.2196853265  60.2634990021  42.9365133996  29.1874778677  18.0453366032  8.60340605973  
7.88554687497  16.5167128286  26.6525360979  39.0757871792  54.5967161784  74.0456100702  98.2463902959  127.9558556  163.736123071  205.692743748  252.948029799  302.641071934  348.298924866  378.258470767  378.258470767  348.298924866  302.641071934  252.948029799  205.692743748  163.736123071  127.9558556  98.2463902959  74.0456100702  54.5967161784  39.0757871792  26.6525360979  16.5167128286  7.88554687497  
7.02882581577  14.6977490058  23.6512210162  34.538246155  48.0037948226  64.6655351434  85.0672434759  109.594946289  138.332819789  170.823721364  205.692743748  240.126525465  269.375181142  286.942385533  286.942385533  269.375181142  240.126525465  205.692743748  170.823721364  138.332819789  109.594946289  85.0672434759  64.6655351434  48.0037948226  34.538246155  23.6512210162  14.6977490058  7.02882581577  
6.09716288578  12.7261993027  20.4162581406  29.6866625571  41.0307457034  54.8851991349  71.5781753739  91.2474600574  113.718354848  138.332819789  163.736123071  187.674593807  206.96708038  217.981134834  217.981134834  206.96708038  187.674593807  163.736123071  138.332819789  113.718354848  91.2474600574  71.5781753739  54.8851991349  41.0307457034  29.6866625571  20.4162581406  12.7261993027  6.09716288578  
5.14981789965  10.7284175194  17.1572499808  24.8391357453  34.1389690815  45.3523065244  58.6577066136  74.049196211  91.2474600574  109.594946289  127.9558556  144.672855605  157.677638231  164.881135466  164.881135466  157.677638231  144.672855605  127.9558556  109.594946289  91.2474600574  74.049196211  58.6577066136  45.3523065244  34.1389690815  24.8391357453  17.1572499808  10.7284175194  5.14981789965  
4.23536234681  8.8067192713  14.0404524357  20.2404871932  27.669140761  36.51895901  46.8736304807  58.6577066136  71.5781753739  85.0672434759  98.2463902959  109.946566158  118.831635823  123.661333617  123.661333617  118.831635823  109.946566158  98.2463902959  85.0672434759  71.5781753739  58.6577066136  46.8736304807  36.51895901  27.669140761  20.2404871932  14.0404524357  8.8067192713  4.23536234681  
3.38839555073  7.03290857132  11.1795906174  16.0519478109  21.8339020275  28.6466490972  36.51895901  45.3523065244  54.8851991349  64.6655351434  74.0456100702  82.2196853265  88.3236653593  91.6010875449  91.6010875449  88.3236653593  82.2196853265  74.0456100702  64.6655351434  54.8851991349  45.3523065244  36.51895901  28.6466490972  21.8339020275  16.0519478109  11.1795906174  7.03290857132  3.38839555073  
2.62874055487  5.44714788196  8.63561246767  12.3542940559  16.7291075085  21.8339020275  27.669140761  34.1389690815  41.0307457034  48.0037948226  54.5967161784  60.2634990021  64.4450921445  66.6716989669  66.6716989669  64.4450921445  60.2634990021  54.5967161784  48.0037948226  41.0307457034  34.1389690815  27.669140761  21.8339020275  16.7291075085  12.3542940559  8.63561246767  5.44714788196  2.62874055487  
1.96247348015  4.06061814435  6.42234246199  9.1589360427  12.3542940559  16.0519478109  20.2404871932  24.8391357453  29.6866625571  34.538246155  39.0757871792  42.9365133996  45.7612563481  47.2567129529  47.2567129529  45.7612563481  42.9365133996  39.0757871792  34.538246155  29.6866625571  24.8391357453  20.2404871932  16.0519478109  12.3542940559  9.1589360427  6.42234246199  4.06061814435  1.96247348015  
1.3840469687  2.86031885366  4.51513585504  6.42234246199  8.63561246767  11.1795906174  14.0404524357  17.1572499808  20.4162581406  23.6512210162  26.6525360979  29.1874778677  31.0310706475  32.0032004926  32.0032004926  31.0310706475  29.1874778677  26.6525360979  23.6512210162  20.4162581406  17.1572499808  14.0404524357  11.1795906174  8.63561246767  6.42234246199  4.51513585504  2.86031885366  1.3840469687  
0.878869036549  1.81464941681  2.86031885366  4.06061814435  5.44714788196  7.03290857132  8.8067192713  10.7284175194  12.7261993027  14.6977490058  16.5167128286  18.0453366032  19.1525762099  19.7348811876  19.7348811876  19.1525762099  18.0453366032  16.5167128286  14.6977490058  12.7261993027  10.7284175194  8.8067192713  7.03290857132  5.44714788196  4.06061814435  2.86031885366  1.81464941681  0.878869036549  
0.425894331117  0.878869036549  1.3840469687  1.96247348015  2.62874055487  3.38839555073  4.23536234681  5.14981789965  6.09716288578  7.02882581577  7.88554687497  8.60340605973  9.12216065497  9.39456201613  9.39456201613  9.12216065497  8.60340605973  7.88554687497  7.02882581577  6.09716288578  5.14981789965  4.23536234681  3.38839555073  2.62874055487  1.96247348015  1.3840469687  0.878869036549  0.425894331117  
