0.146534083117  0.311140281063  0.511346629914  0.763289770147  1.0803328901  1.47106318584  1.93680064027  2.46902038101  3.04736473993  3.6391090031  4.20092348887  4.68342222758  5.03825871656  5.22655028359  5.22655028359  5.03825871656  4.68342222758  4.20092348887  3.6391090031  3.04736473993  2.46902038101  1.93680064027  1.47106318584  1.0803328901  0.763289770147  0.511346629914  0.311140281063  0.146534083117  
0.311140281063  0.661152317099  1.08785919327  1.62632227857  2.3059451949  3.14617623844  4.15104806392  5.30337992727  6.56009153606  7.85055546945  9.07997134496  10.1390699815  10.9198644118  11.3348522082  11.3348522082  10.9198644118  10.1390699815  9.07997134496  7.85055546945  6.56009153606  5.30337992727  4.15104806392  3.14617623844  2.3059451949  1.62632227857  1.08785919327  0.661152317099  0.311140281063  
0.511346629914  1.08785919327  1.793267686  2.6872894535  3.8209914582  5.22963504069  6.92327816168  8.8763948323  11.0188985707  13.2319549616  15.3523629628  17.1884387138  18.5476838641  19.2720935348  19.2720935348  18.5476838641  17.1884387138  15.3523629628  13.2319549616  11.0188985707  8.8763948323  6.92327816168  5.22963504069  3.8209914582  2.6872894535  1.793267686  1.08785919327  0.511346629914  
0.763289770147  1.62632227857  2.6872894535  4.03949674697  5.76474444176  7.92254922822  10.5353567025  13.5713704258  16.9284732665  20.4246325262  23.8014688463  26.7471643826  28.9411469272  30.1151778096  30.1151778096  28.9411469272  26.7471643826  23.8014688463  20.4246325262  16.9284732665  13.5713704258  10.5353567025  7.92254922822  5.76474444176  4.03949674697  2.6872894535  1.62632227857  0.763289770147  
1.0803328901  2.3059451949  3.8209914582  5.76474444176  8.26289817407  11.4123554907  15.2592128924  19.7716605086  24.8123147988  30.1179062119  35.2974656553  39.8613521879  43.2894927708  45.1345673273  45.1345673273  43.2894927708  39.8613521879  35.2974656553  30.1179062119  24.8123147988  19.7716605086  15.2592128924  11.4123554907  8.26289817407  5.76474444176  3.8209914582  2.3059451949  1.0803328901  
1.47106318584  3.14617623844  5.22963504069  7.92254922822  11.4123554907  15.8526274438  21.3319262236  27.8328404872  35.1861799385  43.0307845155  50.7962126352  57.7314948978  63.0024631108  65.8629491577  65.8629491577  63.0024631108  57.7314948978  50.7962126352  43.0307845155  35.1861799385  27.8328404872  21.3319262236  15.8526274438  11.4123554907  7.92254922822  5.22963504069  3.14617623844  1.47106318584  
1.93680064027  4.15104806392  6.92327816168  10.5353567025  15.2592128924  21.3319262236  28.9141823982  38.0314433495  48.5015592285  59.860256131  71.3082014064  81.7195011606  89.7640532238  94.1832218754  94.1832218754  89.7640532238  81.7195011606  71.3082014064  59.860256131  48.5015592285  38.0314433495  28.9141823982  21.3319262236  15.2592128924  10.5353567025  6.92327816168  4.15104806392  1.93680064027  
2.46902038101  5.30337992727  8.8763948323  13.5713704258  19.7716605086  27.8328404872  38.0314433495  50.485984058  65.0494457082  81.1807122997  97.8204084632  113.330068385  125.60118159  132.469026871  132.469026871  125.60118159  113.330068385  97.8204084632  81.1807122997  65.0494457082  50.485984058  38.0314433495  27.8328404872  19.7716605086  13.5713704258  8.8763948323  5.30337992727  2.46902038101  
3.04736473993  6.56009153606  11.0188985707  16.9284732665  24.8123147988  35.1861799385  48.5015592285  65.0494457082  84.8141996933  107.270973196  131.137411993  154.141767475  172.985102071  183.851365273  183.851365273  172.985102071  154.141767475  131.137411993  107.270973196  84.8141996933  65.0494457082  48.5015592285  35.1861799385  24.8123147988  16.9284732665  11.0188985707  6.56009153606  3.04736473993  
3.6391090031  7.85055546945  13.2319549616  20.4246325262  30.1179062119  43.0307845155  59.860256131  81.1807122997  107.270973196  137.834427045  171.573036096  205.614323461  234.976082511  252.780263722  252.780263722  234.976082511  205.614323461  171.573036096  137.834427045  107.270973196  81.1807122997  59.860256131  43.0307845155  30.1179062119  20.4246325262  13.2319549616  7.85055546945  3.6391090031  
4.20092348887  9.07997134496  15.3523629628  23.8014688463  35.2974656553  50.7962126352  71.3082014064  97.8204084632  131.137411993  171.573036096  218.359517785  268.561271507  315.339692323  346.302095923  346.302095923  315.339692323  268.561271507  218.359517785  171.573036096  131.137411993  97.8204084632  71.3082014064  50.7962126352  35.2974656553  23.8014688463  15.3523629628  9.07997134496  4.20092348887  
4.68342222758  10.1390699815  17.1884387138  26.7471643826  39.8613521879  57.7314948978  81.7195011606  113.330068385  154.141767475  205.614323461  268.561271507  341.724107499  418.127600187  477.211593861  477.211593861  418.127600187  341.724107499  268.561271507  205.614323461  154.141767475  113.330068385  81.7195011606  57.7314948978  39.8613521879  26.7471643826  17.1884387138  10.1390699815  4.68342222758  
5.03825871656  10.9198644118  18.5476838641  28.9411469272  43.2894927708  63.0024631108  89.7640532238  125.60118159  172.985102071  234.976082511  315.339692323  418.127600187  544.175179779  672.628574902  672.628574902  544.175179779  418.127600187  315.339692323  234.976082511  172.985102071  125.60118159  89.7640532238  63.0024631108  43.2894927708  28.9411469272  18.5476838641  10.9198644118  5.03825871656  
5.22655028359  11.3348522082  19.2720935348  30.1151778096  45.1345673273  65.8629491577  94.1832218754  132.469026871  183.851365273  252.780263722  346.302095923  477.211593861  672.628574902  1000.0  1000.0  672.628574902  477.211593861  346.302095923  252.780263722  183.851365273  132.469026871  94.1832218754  65.8629491577  45.1345673273  30.1151778096  19.2720935348  11.3348522082  5.22655028359  
5.22655028359  11.3348522082  19.2720935348  30.1151778096  45.1345673273  65.8629491577  94.1832218754  132.469026871  183.851365273  252.780263722  346.302095923  477.211593861  672.628574902  1000.0  1000.0  672.628574902  477.211593861  346.302095923  252.780263722  183.851365273  132.469026871  94.1832218754  65.8629491577  45.1345673273  30.1151778096  19.2720935348  11.3348522082  5.22655028359  
5.03825871656  10.9198644118  18.5476838641  28.9411469272  43.2894927708  63.0024631108  89.7640532238  125.60118159  172.985102071  234.976082511  315.339692323  418.127600187  544.175179779  672.628574902  672.628574902  544.175179779  418.127600187  315.339692323  234.976082511  172.985102071  125.60118159  89.7640532238  63.0024631108  43.2894927708  28.9411469272  18.5476838641  10.9198644118  5.03825871656  
4.68342222758  10.1390699815  17.1884387138  26.7471643826  39.8613521879  57.7314948978  81.7195011606  113.330068385  154.141767475  205.614323461  268.561271507  341.724107499  418.127600187  477.211593861  477.211593861  418.127600187  341.724107499  268.561271507  205.614323461  154.141767475  113.330068385  81.7195011606  57.7314948978  39.8613521879  26.7471643826  17.1884387138  10.1390699815  4.68342222758  
4.20092348887  9.07997134496  15.3523629628  23.8014688463  35.2974656553  50.7962126352  71.3082014064  97.8204084632  131.137411993  171.573036096  218.359517785  268.561271507  315.339692323  346.302095923  346.302095923  315.339692323  268.561271507  218.359517785  171.573036096  131.137411993  97.8204084632  71.3082014064  50.7962126352  35.2974656553  23.8014688463  15.3523629628  9.07997134496  4.20092348887  
3.6391090031  7.85055546945  13.2319549616  20.4246325262  30.1179062119  43.0307845155  59.860256131  81.1807122997  107.270973196  137.834427045  171.573036096  205.614323461  234.976082511  252.780263722  252.780263722  234.976082511  205.614323461  171.573036096  137.834427045  107.270973196  81.1807122997  59.860256131  43.0307845155  30.1179062119  20.4246325262  13.2319549616  7.85055546945  3.6391090031  
3.04736473993  6.56009153606  11.0188985707  16.9284732665  24.8123147988  35.1861799385  48.5015592285  65.0494457082  84.8141996933  107.270973196  131.137411993  154.141767475  172.985102071  183.851365273  183.851365273  172.985102071  154.141767475  131.137411993  107.270973196  84.8141996933  65.0494457082  48.5015592285  35.1861799385  24.8123147988  16.9284732665  11.0188985707  6.56009153606  3.04736473993  
2.46902038101  5.30337992727  8.8763948323  13.5713704258  19.7716605086  27.8328404872  38.0314433495  50.485984058  65.0494457082  81.1807122997  97.8204084632  113.330068385  125.60118159  132.469026871  132.469026871  125.60118159  113.330068385  97.8204084632  81.1807122997  65.0494457082  50.485984058  38.0314433495  27.8328404872  19.7716605086  13.5713704258  8.8763948323  5.30337992727  2.46902038101  
1.93680064027  4.15104806392  6.92327816168  10.5353567025  15.2592128924  21.3319262236  28.9141823982  38.0314433495  48.5015592285  59.860256131  71.3082014064  81.7195011606  89.7640532238  94.1832218754  94.1832218754  89.7640532238  81.7195011606  71.3082014064  59.860256131  48.5015592285  38.0314433495  28.9141823982  21.3319262236  15.2592128924  10.5353567025  6.92327816168  4.15104806392  1.93680064027  
1.47106318584  3.14617623844  5.22963504069  7.92254922822  11.4123554907  15.8526274438  21.3319262236  27.8328404872  35.1861799385  43.0307845155  50.7962126352  57.7314948978  63.0024631108  65.8629491577  65.8629491577  63.0024631108  57.7314948978  50.7962126352  43.0307845155  35.1861799385  27.8328404872  21.3319262236  15.8526274438  11.4123554907  7.92254922822  5.22963504069  3.14617623844  1.47106318584  
1.0803328901  2.3059451949  3.8209914582  5.76474444176  8.26289817407  11.4123554907  15.2592128924  19.7716605086  24.8123147988  30.1179062119  35.2974656553  39.8613521879  43.2894927708  45.1345673273  45.1345673273  43.2894927708  39.8613521879  35.2974656553  30.1179062119  24.8123147988  19.7716605086  15.2592128924  11.4123554907  8.26289817407  5.76474444176  3.8209914582  2.3059451949  1.0803328901  
0.763289770147  1.62632227857  2.6872894535  4.03949674697  5.76474444176  7.92254922822  10.5353567025  13.5713704258  16.9284732665  20.4246325262  23.8014688463  26.7471643826  28.9411469272  30.1151778096  30.1151778096  28.9411469272  26.7471643826  23.8014688463  20.4246325262  16.9284732665  13.5713704258  10.5353567025  7.92254922822  5.76474444176  4.03949674697  2.6872894535  1.62632227857  0.763289770147  
0.511346629914  1.08785919327  1.793267686  2.6872894535  3.8209914582  5.22963504069  6.92327816168  8.8763948323  11.0188985707  13.2319549616  15.3523629628  17.1884387138  18.5476838641  19.2720935348  19.2720935348  18.5476838641  17.1884387138  15.3523629628  13.2319549616  11.0188985707  8.8763948323  6.92327816168  5.22963504069  3.8209914582  2.6872894535  1.793267686  1.08785919327  0.511346629914  
0.311140281063  0.661152317099  1.08785919327  1.62632227857  2.3059451949  3.14617623844  4.15104806392  5.30337992727  6.56009153606  7.85055546945  9.07997134496  10.1390699815  10.9198644118  11.3348522082  11.3348522082  10.9198644118  10.1390699815  9.07997134496  7.85055546945  6.56009153606  5.30337992727  4.15104806392  3.14617623844  2.3059451949  1.62632227857  1.08785919327  0.661152317099  0.311140281063  
0.146534083117  0.311140281063  0.511346629914  0.763289770147  1.0803328901  1.47106318584  1.93680064027  2.46902038101  3.04736473993  3.6391090031  4.20092348887  4.68342222758  5.03825871656  5.22655028359  5.22655028359  5.03825871656  4.68342222758  4.20092348887  3.6391090031  3.04736473993  2.46902038101  1.93680064027  1.47106318584  1.0803328901  0.763289770147  0.511346629914  0.311140281063  0.146534083117  
