2.90319634775e-20  5.20864612549e-19  8.46950630352e-18  1.24336226296e-16  1.63576528857e-15  1.911345623e-14  1.96195547872e-13  1.74511516195e-12  1.32173467101e-11  8.3301223114e-11  4.23354464053e-10  1.65889575294e-09  4.68342093237e-09  8.54870454332e-09  8.54870454332e-09  4.68342093237e-09  1.65889575294e-09  4.23354464053e-10  8.3301223114e-11  1.32173467101e-11  1.74511516195e-12  1.96195547872e-13  1.911345623e-14  1.63576528857e-15  1.24336226296e-16  8.46950630352e-18  5.20864612549e-19  2.90319634775e-20  
5.20864612549e-19  9.18852902405e-18  1.46953057836e-16  2.12266900755e-15  2.74876711147e-14  3.16273668459e-13  3.19819099191e-12  2.80369819087e-11  2.09396239028e-10  1.30214472133e-09  6.53475852335e-09  2.53117202283e-08  7.07555832183e-08  1.28271366844e-07  1.28271366844e-07  7.07555832183e-08  2.53117202283e-08  6.53475852335e-09  1.30214472133e-09  2.09396239028e-10  2.80369819087e-11  3.19819099191e-12  3.16273668459e-13  2.74876711147e-14  2.12266900755e-15  1.46953057836e-16  9.18852902405e-18  5.20864612549e-19  
8.46950630352e-18  1.46953057836e-16  2.31224935428e-15  3.28719349937e-14  4.19117875556e-13  4.74998645032e-12  4.73317375423e-11  4.09075657004e-10  3.01369147628e-09  1.8497940714e-08  9.17014710379e-08  3.51258687367e-07  9.72645352167e-07  1.75197265129e-06  1.75197265129e-06  9.72645352167e-07  3.51258687367e-07  9.17014710379e-08  1.8497940714e-08  3.01369147628e-09  4.09075657004e-10  4.73317375423e-11  4.74998645032e-12  4.19117875556e-13  3.28719349937e-14  2.31224935428e-15  1.46953057836e-16  8.46950630352e-18  
1.24336226296e-16  2.12266900755e-15  3.28719349937e-14  4.60115351506e-13  5.77827819433e-12  6.45289452812e-11  6.3388066774e-10  5.40337433672e-09  3.9283567996e-08  2.38110205236e-07  1.16665159626e-06  4.42181086501e-06  1.21361413171e-05  2.17315017565e-05  2.17315017565e-05  1.21361413171e-05  4.42181086501e-06  1.16665159626e-06  2.38110205236e-07  3.9283567996e-08  5.40337433672e-09  6.3388066774e-10  6.45289452812e-11  5.77827819433e-12  4.60115351506e-13  3.28719349937e-14  2.12266900755e-15  1.24336226296e-16  
1.63576528857e-15  2.74876711147e-14  4.19117875556e-13  5.77827819433e-12  7.15029961094e-11  7.87152609475e-10  7.62590640667e-09  6.4143654643e-08  4.60431217025e-07  2.75746944498e-06  1.33613085879e-05  5.01434920616e-05  0.000136512765335  0.000243170582392  0.000243170582392  0.000136512765335  5.01434920616e-05  1.33613085879e-05  2.75746944498e-06  4.60431217025e-07  6.4143654643e-08  7.62590640667e-09  7.87152609475e-10  7.15029961094e-11  5.77827819433e-12  4.19117875556e-13  2.74876711147e-14  1.63576528857e-15  
1.911345623e-14  3.16273668459e-13  4.74998645032e-12  6.45289452812e-11  7.87152609475e-10  8.54603894691e-09  8.16923575674e-08  6.78374422245e-07  4.8104984868e-06  2.84833530112e-05  0.000136591305788  0.000508002259139  0.00137315588696  0.00243541643597  0.00243541643597  0.00137315588696  0.000508002259139  0.000136591305788  2.84833530112e-05  4.8104984868e-06  6.78374422245e-07  8.16923575674e-08  8.54603894691e-09  7.87152609475e-10  6.45289452812e-11  4.74998645032e-12  3.16273668459e-13  1.911345623e-14  
1.96195547872e-13  3.19819099191e-12  4.73317375423e-11  6.3388066774e-10  7.62590640667e-09  8.16923575674e-08  7.70924190343e-07  6.32381263009e-06  4.43298380166e-05  0.000259708373745  0.00123369864499  0.00455206040862  0.01223261646  0.0216287143171  0.0216287143171  0.01223261646  0.00455206040862  0.00123369864499  0.000259708373745  4.43298380166e-05  6.32381263009e-06  7.70924190343e-07  8.16923575674e-08  7.62590640667e-09  6.3388066774e-10  4.73317375423e-11  3.19819099191e-12  1.96195547872e-13  
1.74511516195e-12  2.80369819087e-11  4.09075657004e-10  5.40337433672e-09  6.4143654643e-08  6.78374422245e-07  6.32381263009e-06  5.12773055888e-05  0.000355620728899  0.0020633994053  0.009721056813  0.0356382998227  0.0953852196383  0.168445549196  0.168445549196  0.0953852196383  0.0356382998227  0.009721056813  0.0020633994053  0.000355620728899  5.12773055888e-05  6.32381263009e-06  6.78374422245e-07  6.4143654643e-08  5.40337433672e-09  4.09075657004e-10  2.80369819087e-11  1.74511516195e-12  
1.32173467101e-11  2.09396239028e-10  3.01369147628e-09  3.9283567996e-08  4.60431217025e-07  4.8104984868e-06  4.43298380166e-05  0.000355620728899  0.00244247780028  0.0140531990443  0.0657671505143  0.24006819722  0.641714296563  1.13522184519  1.13522184519  0.641714296563  0.24006819722  0.0657671505143  0.0140531990443  0.00244247780028  0.000355620728899  4.43298380166e-05  4.8104984868e-06  4.60431217025e-07  3.9283567996e-08  3.01369147628e-09  2.09396239028e-10  1.32173467101e-11  
8.3301223114e-11  1.30214472133e-09  1.8497940714e-08  2.38110205236e-07  2.75746944498e-06  2.84833530112e-05  0.000259708373745  0.0020633994053  0.0140531990443  0.0803148599267  0.374206256276  1.36432694226  3.65809305729  6.51611730916  6.51611730916  3.65809305729  1.36432694226  0.374206256276  0.0803148599267  0.0140531990443  0.0020633994053  0.000259708373745  2.84833530112e-05  2.75746944498e-06  2.38110205236e-07  1.8497940714e-08  1.30214472133e-09  8.3301223114e-11  
4.23354464053e-10  6.53475852335e-09  9.17014710379e-08  1.16665159626e-06  1.33613085879e-05  0.000136591305788  0.00123369864499  0.009721056813  0.0657671505143  0.374206256276  1.74150728266  6.37261309093  17.2646192863  31.2686656124  31.2686656124  17.2646192863  6.37261309093  1.74150728266  0.374206256276  0.0657671505143  0.009721056813  0.00123369864499  0.000136591305788  1.33613085879e-05  1.16665159626e-06  9.17014710379e-08  6.53475852335e-09  4.23354464053e-10  
1.65889575294e-09  2.53117202283e-08  3.51258687367e-07  4.42181086501e-06  5.01434920616e-05  0.000508002259139  0.00455206040862  0.0356382998227  0.24006819722  1.36432694226  6.37261309093  23.5855135807  65.4098728859  122.940336873  122.940336873  65.4098728859  23.5855135807  6.37261309093  1.36432694226  0.24006819722  0.0356382998227  0.00455206040862  0.000508002259139  5.01434920616e-05  4.42181086501e-06  3.51258687367e-07  2.53117202283e-08  1.65889575294e-09  
4.68342093237e-09  7.07555832183e-08  9.72645352167e-07  1.21361413171e-05  0.000136512765335  0.00137315588696  0.01223261646  0.0953852196383  0.641714296563  3.65809305729  17.2646192863  65.4098728859  190.198324433  389.613558433  389.613558433  190.198324433  65.4098728859  17.2646192863  3.65809305729  0.641714296563  0.0953852196383  0.01223261646  0.00137315588696  0.000136512765335  1.21361413171e-05  9.72645352167e-07  7.07555832183e-08  4.68342093237e-09  
8.54870454332e-09  1.28271366844e-07  1.75197265129e-06  2.17315017565e-05  0.000243170582392  0.00243541643597  0.0216287143171  0.168445549196  1.13522184519  6.51611730916  31.2686656124  122.940336873  389.613558433  1000.0  1000.0  389.613558433  122.940336873  31.2686656124  6.51611730916  1.13522184519  0.168445549196  0.0216287143171  0.00243541643597  0.000243170582392  2.17315017565e-05  1.75197265129e-06  1.28271366844e-07  8.54870454332e-09  
8.54870454332e-09  1.28271366844e-07  1.75197265129e-06  2.17315017565e-05  0.000243170582392  0.00243541643597  0.0216287143171  0.168445549196  1.13522184519  6.51611730916  31.2686656124  122.940336873  389.613558433  1000.0  1000.0  389.613558433  122.940336873  31.2686656124  6.51611730916  1.13522184519  0.168445549196  0.0216287143171  0.00243541643597  0.000243170582392  2.17315017565e-05  1.75197265129e-06  1.28271366844e-07  8.54870454332e-09  
4.68342093237e-09  7.07555832183e-08  9.72645352167e-07  1.21361413171e-05  0.000136512765335  0.00137315588696  0.01223261646  0.0953852196383  0.641714296563  3.65809305729  17.2646192863  65.4098728859  190.198324433  389.613558433  389.613558433  190.198324433  65.4098728859  17.2646192863  3.65809305729  0.641714296563  0.0953852196383  0.01223261646  0.00137315588696  0.000136512765335  1.21361413171e-05  9.72645352167e-07  7.07555832183e-08  4.68342093237e-09  
1.65889575294e-09  2.53117202283e-08  3.51258687367e-07  4.42181086501e-06  5.01434920616e-05  0.000508002259139  0.00455206040862  0.0356382998227  0.24006819722  1.36432694226  6.37261309093  23.5855135807  65.4098728859  122.940336873  122.940336873  65.4098728859  23.5855135807  6.37261309093  1.36432694226  0.24006819722  0.0356382998227  0.00455206040862  0.000508002259139  5.01434920616e-05  4.42181086501e-06  3.51258687367e-07  2.53117202283e-08  1.65889575294e-09  
4.23354464053e-10  6.53475852335e-09  9.17014710379e-08  1.16665159626e-06  1.33613085879e-05  0.000136591305788  0.00123369864499  0.009721056813  0.0657671505143  0.374206256276  1.74150728266  6.37261309093  17.2646192863  31.2686656124  31.2686656124  17.2646192863  6.37261309093  1.74150728266  0.374206256276  0.0657671505143  0.009721056813  0.00123369864499  0.000136591305788  1.33613085879e-05  1.16665159626e-06  9.17014710379e-08  6.53475852335e-09  4.23354464053e-10  
8.3301223114e-11  1.30214472133e-09  1.8497940714e-08  2.38110205236e-07  2.75746944498e-06  2.84833530112e-05  0.000259708373745  0.0020633994053  0.0140531990443  0.0803148599267  0.374206256276  1.36432694226  3.65809305729  6.51611730916  6.51611730916  3.65809305729  1.36432694226  0.374206256276  0.0803148599267  0.0140531990443  0.0020633994053  0.000259708373745  2.84833530112e-05  2.75746944498e-06  2.38110205236e-07  1.8497940714e-08  1.30214472133e-09  8.3301223114e-11  
1.32173467101e-11  2.09396239028e-10  3.01369147628e-09  3.9283567996e-08  4.60431217025e-07  4.8104984868e-06  4.43298380166e-05  0.000355620728899  0.00244247780028  0.0140531990443  0.0657671505143  0.24006819722  0.641714296563  1.13522184519  1.13522184519  0.641714296563  0.24006819722  0.0657671505143  0.0140531990443  0.00244247780028  0.000355620728899  4.43298380166e-05  4.8104984868e-06  4.60431217025e-07  3.9283567996e-08  3.01369147628e-09  2.09396239028e-10  1.32173467101e-11  
1.74511516195e-12  2.80369819087e-11  4.09075657004e-10  5.40337433672e-09  6.4143654643e-08  6.78374422245e-07  6.32381263009e-06  5.12773055888e-05  0.000355620728899  0.0020633994053  0.009721056813  0.0356382998227  0.0953852196383  0.168445549196  0.168445549196  0.0953852196383  0.0356382998227  0.009721056813  0.0020633994053  0.000355620728899  5.12773055888e-05  6.32381263009e-06  6.78374422245e-07  6.4143654643e-08  5.40337433672e-09  4.09075657004e-10  2.80369819087e-11  1.74511516195e-12  
1.96195547872e-13  3.19819099191e-12  4.73317375423e-11  6.3388066774e-10  7.62590640667e-09  8.16923575674e-08  7.70924190343e-07  6.32381263009e-06  4.43298380166e-05  0.000259708373745  0.00123369864499  0.00455206040862  0.01223261646  0.0216287143171  0.0216287143171  0.01223261646  0.00455206040862  0.00123369864499  0.000259708373745  4.43298380166e-05  6.32381263009e-06  7.70924190343e-07  8.16923575674e-08  7.62590640667e-09  6.3388066774e-10  4.73317375423e-11  3.19819099191e-12  1.96195547872e-13  
1.911345623e-14  3.16273668459e-13  4.74998645032e-12  6.45289452812e-11  7.87152609475e-10  8.54603894691e-09  8.16923575674e-08  6.78374422245e-07  4.8104984868e-06  2.84833530112e-05  0.000136591305788  0.000508002259139  0.00137315588696  0.00243541643597  0.00243541643597  0.00137315588696  0.000508002259139  0.000136591305788  2.84833530112e-05  4.8104984868e-06  6.78374422245e-07  8.16923575674e-08  8.54603894691e-09  7.87152609475e-10  6.45289452812e-11  4.74998645032e-12  3.16273668459e-13  1.911345623e-14  
1.63576528857e-15  2.74876711147e-14  4.19117875556e-13  5.77827819433e-12  7.15029961094e-11  7.87152609475e-10  7.62590640667e-09  6.4143654643e-08  4.60431217025e-07  2.75746944498e-06  1.33613085879e-05  5.01434920616e-05  0.000136512765335  0.000243170582392  0.000243170582392  0.000136512765335  5.01434920616e-05  1.33613085879e-05  2.75746944498e-06  4.60431217025e-07  6.4143654643e-08  7.62590640667e-09  7.87152609475e-10  7.15029961094e-11  5.77827819433e-12  4.19117875556e-13  2.74876711147e-14  1.63576528857e-15  
1.24336226296e-16  2.12266900755e-15  3.28719349937e-14  4.60115351506e-13  5.77827819433e-12  6.45289452812e-11  6.3388066774e-10  5.40337433672e-09  3.9283567996e-08  2.38110205236e-07  1.16665159626e-06  4.42181086501e-06  1.21361413171e-05  2.17315017565e-05  2.17315017565e-05  1.21361413171e-05  4.42181086501e-06  1.16665159626e-06  2.38110205236e-07  3.9283567996e-08  5.40337433672e-09  6.3388066774e-10  6.45289452812e-11  5.77827819433e-12  4.60115351506e-13  3.28719349937e-14  2.12266900755e-15  1.24336226296e-16  
8.46950630352e-18  1.46953057836e-16  2.31224935428e-15  3.28719349937e-14  4.19117875556e-13  4.74998645032e-12  4.73317375423e-11  4.09075657004e-10  3.01369147628e-09  1.8497940714e-08  9.17014710379e-08  3.51258687367e-07  9.72645352167e-07  1.75197265129e-06  1.75197265129e-06  9.72645352167e-07  3.51258687367e-07  9.17014710379e-08  1.8497940714e-08  3.01369147628e-09  4.09075657004e-10  4.73317375423e-11  4.74998645032e-12  4.19117875556e-13  3.28719349937e-14  2.31224935428e-15  1.46953057836e-16  8.46950630352e-18  
5.20864612549e-19  9.18852902405e-18  1.46953057836e-16  2.12266900755e-15  2.74876711147e-14  3.16273668459e-13  3.19819099191e-12  2.80369819087e-11  2.09396239028e-10  1.30214472133e-09  6.53475852335e-09  2.53117202283e-08  7.07555832183e-08  1.28271366844e-07  1.28271366844e-07  7.07555832183e-08  2.53117202283e-08  6.53475852335e-09  1.30214472133e-09  2.09396239028e-10  2.80369819087e-11  3.19819099191e-12  3.16273668459e-13  2.74876711147e-14  2.12266900755e-15  1.46953057836e-16  9.18852902405e-18  5.20864612549e-19  
2.90319634775e-20  5.20864612549e-19  8.46950630352e-18  1.24336226296e-16  1.63576528857e-15  1.911345623e-14  1.96195547872e-13  1.74511516195e-12  1.32173467101e-11  8.3301223114e-11  4.23354464053e-10  1.65889575294e-09  4.68342093237e-09  8.54870454332e-09  8.54870454332e-09  4.68342093237e-09  1.65889575294e-09  4.23354464053e-10  8.3301223114e-11  1.32173467101e-11  1.74511516195e-12  1.96195547872e-13  1.911345623e-14  1.63576528857e-15  1.24336226296e-16  8.46950630352e-18  5.20864612549e-19  2.90319634775e-20  
