0.315142060344  0.655159647051  1.04340415042  1.49996209331  2.03955551534  2.66908615907  3.38503056543  4.17113086755  4.99704685959  5.81875845176  6.58142863139  7.22505493577  7.69252056192  7.93873099349  7.93873099349  7.69252056192  7.22505493577  6.58142863139  5.81875845176  4.99704685959  4.17113086755  3.38503056543  2.66908615907  2.03955551534  1.49996209331  1.04340415042  0.655159647051  0.315142060344  
0.655159647051  1.36288297057  2.17267614994  3.1274489978  4.25916366042  5.58363662357  7.0948873176  8.75994148347  10.5155065909  12.2682764351  13.9005559334  15.2821630619  16.2880121522  16.8186043285  16.8186043285  16.2880121522  15.2821630619  13.9005559334  12.2682764351  10.5155065909  8.75994148347  7.0948873176  5.58363662357  4.25916366042  3.1274489978  2.17267614994  1.36288297057  0.655159647051  
1.04340415042  2.17267614994  3.46911612769  5.00404649746  6.83194347956  8.98194898395  11.4482800644  14.1809156984  17.0788744782  19.989162904  22.7146642035  25.0332995647  26.7282298129  27.6247111007  27.6247111007  26.7282298129  25.0332995647  22.7146642035  19.989162904  17.0788744782  14.1809156984  11.4482800644  8.98194898395  6.83194347956  5.00404649746  3.46911612769  2.17267614994  1.04340415042  
1.49996209331  3.1274489978  5.00404649746  7.23811911698  9.91513373415  13.0851420132  16.7479172749  20.8375276915  25.2096804286  29.6367274016  33.8161908299  37.3980181587  40.0321985334  41.4310714604  41.4310714604  40.0321985334  37.3980181587  33.8161908299  29.6367274016  25.2096804286  20.8375276915  16.7479172749  13.0851420132  9.91513373415  7.23811911698  5.00404649746  3.1274489978  1.49996209331  
2.03955551534  4.25916366042  6.83194347956  9.91513373415  13.6374493521  18.0817611701  23.2632836305  29.1051879469  35.4159259379  41.8754190931  48.0399891258  53.3768504237  57.3352422294  59.4495096379  59.4495096379  57.3352422294  53.3768504237  48.0399891258  41.8754190931  35.4159259379  29.1051879469  23.2632836305  18.0817611701  13.6374493521  9.91513373415  6.83194347956  4.25916366042  2.03955551534  
2.66908615907  5.58363662357  8.98194898395  13.0851420132  18.0817611701  24.105152939  31.2029869498  39.3003428068  48.1609993318  57.3562946801  66.2569493547  74.0686637662  79.931804501  83.0895915784  83.0895915784  79.931804501  74.0686637662  66.2569493547  57.3562946801  48.1609993318  39.3003428068  31.2029869498  24.105152939  18.0817611701  13.0851420132  8.98194898395  5.58363662357  2.66908615907  
3.38503056543  7.0948873176  11.4482800644  16.7479172749  23.2632836305  31.2029869498  40.6745365251  51.6312881678  63.8099104363  76.668391281  89.345693158  100.679299503  109.329192017  114.045352139  114.045352139  109.329192017  100.679299503  89.345693158  76.668391281  63.8099104363  51.6312881678  40.6745365251  31.2029869498  23.2632836305  16.7479172749  11.4482800644  7.0948873176  3.38503056543  
4.17113086755  8.75994148347  14.1809156984  20.8375276915  29.1051879469  39.3003428068  51.6312881678  66.1270208425  82.5430092217  100.249790475  118.126624142  134.513988801  147.324665879  154.441823104  154.441823104  147.324665879  134.513988801  118.126624142  100.249790475  82.5430092217  66.1270208425  51.6312881678  39.3003428068  29.1051879469  20.8375276915  14.1809156984  8.75994148347  4.17113086755  
4.99704685959  10.5155065909  17.0788744782  25.2096804286  35.4159259379  48.1609993318  63.8099104363  82.5430092217  104.226996697  128.235357252  153.225662272  176.929645799  196.122914451  207.112036257  207.112036257  196.122914451  176.929645799  153.225662272  128.235357252  104.226996697  82.5430092217  63.8099104363  48.1609993318  35.4159259379  25.2096804286  17.0788744782  10.5155065909  4.99704685959  
5.81875845176  12.2682764351  19.989162904  29.6367274016  41.8754190931  57.3562946801  76.668391281  100.249790475  128.235357252  160.206198415  194.799731261  229.174639274  258.502556656  276.165723621  276.165723621  258.502556656  229.174639274  194.799731261  160.206198415  128.235357252  100.249790475  76.668391281  57.3562946801  41.8754190931  29.6367274016  19.989162904  12.2682764351  5.81875845176  
6.58142863139  13.9005559334  22.7146642035  33.8161908299  48.0399891258  66.2569493547  89.345693158  118.126624142  153.225662272  194.799731261  241.992484636  291.909880984  337.959988353  368.252309899  368.252309899  337.959988353  291.909880984  241.992484636  194.799731261  153.225662272  118.126624142  89.345693158  66.2569493547  48.0399891258  33.8161908299  22.7146642035  13.9005559334  6.58142863139  
7.22505493577  15.2821630619  25.0332995647  37.3980181587  53.3768504237  74.0686637662  100.679299503  134.513988801  176.929645799  229.174639274  291.909880984  363.863367029  438.338862082  495.632514813  495.632514813  438.338862082  363.863367029  291.909880984  229.174639274  176.929645799  134.513988801  100.679299503  74.0686637662  53.3768504237  37.3980181587  25.0332995647  15.2821630619  7.22505493577  
7.69252056192  16.2880121522  26.7282298129  40.0321985334  57.3352422294  79.931804501  109.329192017  147.324665879  196.122914451  258.502556656  337.959988353  438.338862082  560.487312175  684.480772067  684.480772067  560.487312175  438.338862082  337.959988353  258.502556656  196.122914451  147.324665879  109.329192017  79.931804501  57.3352422294  40.0321985334  26.7282298129  16.2880121522  7.69252056192  
7.93873099349  16.8186043285  27.6247111007  41.4310714604  59.4495096379  83.0895915784  114.045352139  154.441823104  207.112036257  276.165723621  368.252309899  495.632514813  684.480772067  1000.0  1000.0  684.480772067  495.632514813  368.252309899  276.165723621  207.112036257  154.441823104  114.045352139  83.0895915784  59.4495096379  41.4310714604  27.6247111007  16.8186043285  7.93873099349  
7.93873099349  16.8186043285  27.6247111007  41.4310714604  59.4495096379  83.0895915784  114.045352139  154.441823104  207.112036257  276.165723621  368.252309899  495.632514813  684.480772067  1000.0  1000.0  684.480772067  495.632514813  368.252309899  276.165723621  207.112036257  154.441823104  114.045352139  83.0895915784  59.4495096379  41.4310714604  27.6247111007  16.8186043285  7.93873099349  
7.69252056192  16.2880121522  26.7282298129  40.0321985334  57.3352422294  79.931804501  109.329192017  147.324665879  196.122914451  258.502556656  337.959988353  438.338862082  560.487312175  684.480772067  684.480772067  560.487312175  438.338862082  337.959988353  258.502556656  196.122914451  147.324665879  109.329192017  79.931804501  57.3352422294  40.0321985334  26.7282298129  16.2880121522  7.69252056192  
7.22505493577  15.2821630619  25.0332995647  37.3980181587  53.3768504237  74.0686637662  100.679299503  134.513988801  176.929645799  229.174639274  291.909880984  363.863367029  438.338862082  495.632514813  495.632514813  438.338862082  363.863367029  291.909880984  229.174639274  176.929645799  134.513988801  100.679299503  74.0686637662  53.3768504237  37.3980181587  25.0332995647  15.2821630619  7.22505493577  
6.58142863139  13.9005559334  22.7146642035  33.8161908299  48.0399891258  66.2569493547  89.345693158  118.126624142  153.225662272  194.799731261  241.992484636  291.909880984  337.959988353  368.252309899  368.252309899  337.959988353  291.909880984  241.992484636  194.799731261  153.225662272  118.126624142  89.345693158  66.2569493547  48.0399891258  33.8161908299  22.7146642035  13.9005559334  6.58142863139  
5.81875845176  12.2682764351  19.989162904  29.6367274016  41.8754190931  57.3562946801  76.668391281  100.249790475  128.235357252  160.206198415  194.799731261  229.174639274  258.502556656  276.165723621  276.165723621  258.502556656  229.174639274  194.799731261  160.206198415  128.235357252  100.249790475  76.668391281  57.3562946801  41.8754190931  29.6367274016  19.989162904  12.2682764351  5.81875845176  
4.99704685959  10.5155065909  17.0788744782  25.2096804286  35.4159259379  48.1609993318  63.8099104363  82.5430092217  104.226996697  128.235357252  153.225662272  176.929645799  196.122914451  207.112036257  207.112036257  196.122914451  176.929645799  153.225662272  128.235357252  104.226996697  82.5430092217  63.8099104363  48.1609993318  35.4159259379  25.2096804286  17.0788744782  10.5155065909  4.99704685959  
4.17113086755  8.75994148347  14.1809156984  20.8375276915  29.1051879469  39.3003428068  51.6312881678  66.1270208425  82.5430092217  100.249790475  118.126624142  134.513988801  147.324665879  154.441823104  154.441823104  147.324665879  134.513988801  118.126624142  100.249790475  82.5430092217  66.1270208425  51.6312881678  39.3003428068  29.1051879469  20.8375276915  14.1809156984  8.75994148347  4.17113086755  
3.38503056543  7.0948873176  11.4482800644  16.7479172749  23.2632836305  31.2029869498  40.6745365251  51.6312881678  63.8099104363  76.668391281  89.345693158  100.679299503  109.329192017  114.045352139  114.045352139  109.329192017  100.679299503  89.345693158  76.668391281  63.8099104363  51.6312881678  40.6745365251  31.2029869498  23.2632836305  16.7479172749  11.4482800644  7.0948873176  3.38503056543  
2.66908615907  5.58363662357  8.98194898395  13.0851420132  18.0817611701  24.105152939  31.2029869498  39.3003428068  48.1609993318  57.3562946801  66.2569493547  74.0686637662  79.931804501  83.0895915784  83.0895915784  79.931804501  74.0686637662  66.2569493547  57.3562946801  48.1609993318  39.3003428068  31.2029869498  24.105152939  18.0817611701  13.0851420132  8.98194898395  5.58363662357  2.66908615907  
2.03955551534  4.25916366042  6.83194347956  9.91513373415  13.6374493521  18.0817611701  23.2632836305  29.1051879469  35.4159259379  41.8754190931  48.0399891258  53.3768504237  57.3352422294  59.4495096379  59.4495096379  57.3352422294  53.3768504237  48.0399891258  41.8754190931  35.4159259379  29.1051879469  23.2632836305  18.0817611701  13.6374493521  9.91513373415  6.83194347956  4.25916366042  2.03955551534  
1.49996209331  3.1274489978  5.00404649746  7.23811911698  9.91513373415  13.0851420132  16.7479172749  20.8375276915  25.2096804286  29.6367274016  33.8161908299  37.3980181587  40.0321985334  41.4310714604  41.4310714604  40.0321985334  37.3980181587  33.8161908299  29.6367274016  25.2096804286  20.8375276915  16.7479172749  13.0851420132  9.91513373415  7.23811911698  5.00404649746  3.1274489978  1.49996209331  
1.04340415042  2.17267614994  3.46911612769  5.00404649746  6.83194347956  8.98194898395  11.4482800644  14.1809156984  17.0788744782  19.989162904  22.7146642035  25.0332995647  26.7282298129  27.6247111007  27.6247111007  26.7282298129  25.0332995647  22.7146642035  19.989162904  17.0788744782  14.1809156984  11.4482800644  8.98194898395  6.83194347956  5.00404649746  3.46911612769  2.17267614994  1.04340415042  
0.655159647051  1.36288297057  2.17267614994  3.1274489978  4.25916366042  5.58363662357  7.0948873176  8.75994148347  10.5155065909  12.2682764351  13.9005559334  15.2821630619  16.2880121522  16.8186043285  16.8186043285  16.2880121522  15.2821630619  13.9005559334  12.2682764351  10.5155065909  8.75994148347  7.0948873176  5.58363662357  4.25916366042  3.1274489978  2.17267614994  1.36288297057  0.655159647051  
0.315142060344  0.655159647051  1.04340415042  1.49996209331  2.03955551534  2.66908615907  3.38503056543  4.17113086755  4.99704685959  5.81875845176  6.58142863139  7.22505493577  7.69252056192  7.93873099349  7.93873099349  7.69252056192  7.22505493577  6.58142863139  5.81875845176  4.99704685959  4.17113086755  3.38503056543  2.66908615907  2.03955551534  1.49996209331  1.04340415042  0.655159647051  0.315142060344  
