0.00332054652708  0.00811641005019  0.0161851447965  0.0299121299844  0.0523929621348  0.087285080566  0.138246463716  0.207880464904  0.296281181711  0.399550395536  0.508932252726  0.611293978994  0.691373620047  0.735483714025  0.735483714025  0.691373620047  0.611293978994  0.508932252726  0.399550395536  0.296281181711  0.207880464904  0.138246463716  0.087285080566  0.0523929621348  0.0299121299844  0.0161851447965  0.00811641005019  0.00332054652708  
0.00811641005019  0.019859540352  0.0396616037947  0.073431680903  0.128882713555  0.215196497917  0.341662017283  0.515059800231  0.735990289651  0.995042202847  1.27042808916  1.52899709713  1.73183036625  1.84375754201  1.84375754201  1.73183036625  1.52899709713  1.27042808916  0.995042202847  0.735990289651  0.515059800231  0.341662017283  0.215196497917  0.128882713555  0.073431680903  0.0396616037947  0.019859540352  0.00811641005019  
0.0161851447965  0.0396616037947  0.0793790987813  0.147350366098  0.259387727246  0.434522871455  0.692332980369  1.04763013911  1.50280189986  2.03953888715  2.61331901093  3.15485212605  3.58147505579  3.81756855352  3.81756855352  3.58147505579  3.15485212605  2.61331901093  2.03953888715  1.50280189986  1.04763013911  0.692332980369  0.434522871455  0.259387727246  0.147350366098  0.0793790987813  0.0396616037947  0.0161851447965  
0.0299121299844  0.073431680903  0.147350366098  0.274393717727  0.484786321392  0.815404257469  1.30496800422  1.98405629755  2.86019050625  3.90101255277  5.022004432  6.08745902307  6.9318198247  7.4009815713  7.4009815713  6.9318198247  6.08745902307  5.022004432  3.90101255277  2.86019050625  1.98405629755  1.30496800422  0.815404257469  0.484786321392  0.274393717727  0.147350366098  0.073431680903  0.0299121299844  
0.0523929621348  0.128882713555  0.259387727246  0.484786321392  0.860103269181  1.45354922619  2.33848810806  3.57573345501  5.18593494121  7.11676890696  9.21644679756  11.2307406141  12.8399431116  13.7391269178  13.7391269178  12.8399431116  11.2307406141  9.21644679756  7.11676890696  5.18593494121  3.57573345501  2.33848810806  1.45354922619  0.860103269181  0.484786321392  0.259387727246  0.128882713555  0.0523929621348  
0.087285080566  0.215196497917  0.434522871455  0.815404257469  1.45354922619  2.46978202416  3.99767749568  6.15404800256  8.99038609072  12.4314886864  16.2201226679  19.8998032717  22.872127951  24.5463297843  24.5463297843  22.872127951  19.8998032717  16.2201226679  12.4314886864  8.99038609072  6.15404800256  3.99767749568  2.46978202416  1.45354922619  0.815404257469  0.434522871455  0.215196497917  0.087285080566  
0.138246463716  0.341662017283  0.692332980369  1.30496800422  2.33848810806  3.99767749568  6.51605707117  10.1100921576  14.8986799176  20.7936755863  27.3886196898  33.9007990416  39.2432187258  42.2880197991  42.2880197991  39.2432187258  33.9007990416  27.3886196898  20.7936755863  14.8986799176  10.1100921576  6.51605707117  3.99767749568  2.33848810806  1.30496800422  0.692332980369  0.341662017283  0.138246463716  
0.207880464904  0.515059800231  1.04763013911  1.98405629755  3.57573345501  6.15404800256  10.1100921576  15.8297419455  23.5694343827  33.2720792894  44.3539193301  55.5452707838  64.9326027396  70.3800645002  70.3800645002  64.9326027396  55.5452707838  44.3539193301  33.2720792894  23.5694343827  15.8297419455  10.1100921576  6.15404800256  3.57573345501  1.98405629755  1.04763013911  0.515059800231  0.207880464904  
0.296281181711  0.735990289651  1.50280189986  2.86019050625  5.18593494121  8.99038609072  14.8986799176  23.5694343827  35.5204471376  50.842614737  68.8181994034  87.5381731207  103.760583349  113.450740966  113.450740966  103.760583349  87.5381731207  68.8181994034  50.842614737  35.5204471376  23.5694343827  14.8986799176  8.99038609072  5.18593494121  2.86019050625  1.50280189986  0.735990289651  0.296281181711  
0.399550395536  0.995042202847  2.03953888715  3.90101255277  7.11676890696  12.4314886864  20.7936755863  33.2720792894  50.842614737  73.9922453706  102.10089034  132.633598276  160.410970115  177.829145446  177.829145446  160.410970115  132.633598276  102.10089034  73.9922453706  50.842614737  33.2720792894  20.7936755863  12.4314886864  7.11676890696  3.90101255277  2.03953888715  0.995042202847  0.399550395536  
0.508932252726  1.27042808916  2.61331901093  5.022004432  9.21644679756  16.2201226679  27.3886196898  44.3539193301  68.8181994034  102.10089034  144.293696411  192.822335727  240.318173947  272.733881496  272.733881496  240.318173947  192.822335727  144.293696411  102.10089034  68.8181994034  44.3539193301  27.3886196898  16.2201226679  9.21644679756  5.022004432  2.61331901093  1.27042808916  0.508932252726  
0.611293978994  1.52899709713  3.15485212605  6.08745902307  11.2307406141  19.8998032717  33.9007990416  55.5452707838  87.5381731207  132.633598276  192.822335727  267.453191698  348.878669387  413.500204424  413.500204424  348.878669387  267.453191698  192.822335727  132.633598276  87.5381731207  55.5452707838  33.9007990416  19.8998032717  11.2307406141  6.08745902307  3.15485212605  1.52899709713  0.611293978994  
0.691373620047  1.73183036625  3.58147505579  6.9318198247  12.8399431116  22.872127951  39.2432187258  64.9326027396  103.760583349  160.410970115  240.318173947  348.878669387  487.173557019  630.891407713  630.891407713  487.173557019  348.878669387  240.318173947  160.410970115  103.760583349  64.9326027396  39.2432187258  22.872127951  12.8399431116  6.9318198247  3.58147505579  1.73183036625  0.691373620047  
0.735483714025  1.84375754201  3.81756855352  7.4009815713  13.7391269178  24.5463297843  42.2880197991  70.3800645002  113.450740966  177.829145446  272.733881496  413.500204424  630.891407713  1000.0  1000.0  630.891407713  413.500204424  272.733881496  177.829145446  113.450740966  70.3800645002  42.2880197991  24.5463297843  13.7391269178  7.4009815713  3.81756855352  1.84375754201  0.735483714025  
0.735483714025  1.84375754201  3.81756855352  7.4009815713  13.7391269178  24.5463297843  42.2880197991  70.3800645002  113.450740966  177.829145446  272.733881496  413.500204424  630.891407713  1000.0  1000.0  630.891407713  413.500204424  272.733881496  177.829145446  113.450740966  70.3800645002  42.2880197991  24.5463297843  13.7391269178  7.4009815713  3.81756855352  1.84375754201  0.735483714025  
0.691373620047  1.73183036625  3.58147505579  6.9318198247  12.8399431116  22.872127951  39.2432187258  64.9326027396  103.760583349  160.410970115  240.318173947  348.878669387  487.173557019  630.891407713  630.891407713  487.173557019  348.878669387  240.318173947  160.410970115  103.760583349  64.9326027396  39.2432187258  22.872127951  12.8399431116  6.9318198247  3.58147505579  1.73183036625  0.691373620047  
0.611293978994  1.52899709713  3.15485212605  6.08745902307  11.2307406141  19.8998032717  33.9007990416  55.5452707838  87.5381731207  132.633598276  192.822335727  267.453191698  348.878669387  413.500204424  413.500204424  348.878669387  267.453191698  192.822335727  132.633598276  87.5381731207  55.5452707838  33.9007990416  19.8998032717  11.2307406141  6.08745902307  3.15485212605  1.52899709713  0.611293978994  
0.508932252726  1.27042808916  2.61331901093  5.022004432  9.21644679756  16.2201226679  27.3886196898  44.3539193301  68.8181994034  102.10089034  144.293696411  192.822335727  240.318173947  272.733881496  272.733881496  240.318173947  192.822335727  144.293696411  102.10089034  68.8181994034  44.3539193301  27.3886196898  16.2201226679  9.21644679756  5.022004432  2.61331901093  1.27042808916  0.508932252726  
0.399550395536  0.995042202847  2.03953888715  3.90101255277  7.11676890696  12.4314886864  20.7936755863  33.2720792894  50.842614737  73.9922453706  102.10089034  132.633598276  160.410970115  177.829145446  177.829145446  160.410970115  132.633598276  102.10089034  73.9922453706  50.842614737  33.2720792894  20.7936755863  12.4314886864  7.11676890696  3.90101255277  2.03953888715  0.995042202847  0.399550395536  
0.296281181711  0.735990289651  1.50280189986  2.86019050625  5.18593494121  8.99038609072  14.8986799176  23.5694343827  35.5204471376  50.842614737  68.8181994034  87.5381731207  103.760583349  113.450740966  113.450740966  103.760583349  87.5381731207  68.8181994034  50.842614737  35.5204471376  23.5694343827  14.8986799176  8.99038609072  5.18593494121  2.86019050625  1.50280189986  0.735990289651  0.296281181711  
0.207880464904  0.515059800231  1.04763013911  1.98405629755  3.57573345501  6.15404800256  10.1100921576  15.8297419455  23.5694343827  33.2720792894  44.3539193301  55.5452707838  64.9326027396  70.3800645002  70.3800645002  64.9326027396  55.5452707838  44.3539193301  33.2720792894  23.5694343827  15.8297419455  10.1100921576  6.15404800256  3.57573345501  1.98405629755  1.04763013911  0.515059800231  0.207880464904  
0.138246463716  0.341662017283  0.692332980369  1.30496800422  2.33848810806  3.99767749568  6.51605707117  10.1100921576  14.8986799176  20.7936755863  27.3886196898  33.9007990416  39.2432187258  42.2880197991  42.2880197991  39.2432187258  33.9007990416  27.3886196898  20.7936755863  14.8986799176  10.1100921576  6.51605707117  3.99767749568  2.33848810806  1.30496800422  0.692332980369  0.341662017283  0.138246463716  
0.087285080566  0.215196497917  0.434522871455  0.815404257469  1.45354922619  2.46978202416  3.99767749568  6.15404800256  8.99038609072  12.4314886864  16.2201226679  19.8998032717  22.872127951  24.5463297843  24.5463297843  22.872127951  19.8998032717  16.2201226679  12.4314886864  8.99038609072  6.15404800256  3.99767749568  2.46978202416  1.45354922619  0.815404257469  0.434522871455  0.215196497917  0.087285080566  
0.0523929621348  0.128882713555  0.259387727246  0.484786321392  0.860103269181  1.45354922619  2.33848810806  3.57573345501  5.18593494121  7.11676890696  9.21644679756  11.2307406141  12.8399431116  13.7391269178  13.7391269178  12.8399431116  11.2307406141  9.21644679756  7.11676890696  5.18593494121  3.57573345501  2.33848810806  1.45354922619  0.860103269181  0.484786321392  0.259387727246  0.128882713555  0.0523929621348  
0.0299121299844  0.073431680903  0.147350366098  0.274393717727  0.484786321392  0.815404257469  1.30496800422  1.98405629755  2.86019050625  3.90101255277  5.022004432  6.08745902307  6.9318198247  7.4009815713  7.4009815713  6.9318198247  6.08745902307  5.022004432  3.90101255277  2.86019050625  1.98405629755  1.30496800422  0.815404257469  0.484786321392  0.274393717727  0.147350366098  0.073431680903  0.0299121299844  
0.0161851447965  0.0396616037947  0.0793790987813  0.147350366098  0.259387727246  0.434522871455  0.692332980369  1.04763013911  1.50280189986  2.03953888715  2.61331901093  3.15485212605  3.58147505579  3.81756855352  3.81756855352  3.58147505579  3.15485212605  2.61331901093  2.03953888715  1.50280189986  1.04763013911  0.692332980369  0.434522871455  0.259387727246  0.147350366098  0.0793790987813  0.0396616037947  0.0161851447965  
0.00811641005019  0.019859540352  0.0396616037947  0.073431680903  0.128882713555  0.215196497917  0.341662017283  0.515059800231  0.735990289651  0.995042202847  1.27042808916  1.52899709713  1.73183036625  1.84375754201  1.84375754201  1.73183036625  1.52899709713  1.27042808916  0.995042202847  0.735990289651  0.515059800231  0.341662017283  0.215196497917  0.128882713555  0.073431680903  0.0396616037947  0.019859540352  0.00811641005019  
0.00332054652708  0.00811641005019  0.0161851447965  0.0299121299844  0.0523929621348  0.087285080566  0.138246463716  0.207880464904  0.296281181711  0.399550395536  0.508932252726  0.611293978994  0.691373620047  0.735483714025  0.735483714025  0.691373620047  0.611293978994  0.508932252726  0.399550395536  0.296281181711  0.207880464904  0.138246463716  0.087285080566  0.0523929621348  0.0299121299844  0.0161851447965  0.00811641005019  0.00332054652708  
