1.30007762175e-13  1.06980191113e-12  8.00482388302e-12  5.47843352971e-11  3.40681070657e-10  1.90979131034e-09  9.56054432438e-09  4.22593941902e-08  1.62674805108e-07  5.36145902676e-07  1.48111008183e-06  3.33948369624e-06  5.94762447842e-06  8.06216798148e-06  8.06216798148e-06  5.94762447842e-06  3.33948369624e-06  1.48111008183e-06  5.36145902676e-07  1.62674805108e-07  4.22593941902e-08  9.56054432438e-09  1.90979131034e-09  3.40681070657e-10  5.47843352971e-11  8.00482388302e-12  1.06980191113e-12  1.30007762175e-13  
1.06980191113e-12  8.7467759071e-12  6.50301897397e-11  4.42305803184e-10  2.73410063502e-09  1.52392671827e-08  7.58755462282e-08  3.33684244813e-07  1.27851900206e-06  4.19625973988e-06  1.15510900247e-05  2.59710433907e-05  4.61640658322e-05  6.25149418786e-05  6.25149418786e-05  4.61640658322e-05  2.59710433907e-05  1.15510900247e-05  4.19625973988e-06  1.27851900206e-06  3.33684244813e-07  7.58755462282e-08  1.52392671827e-08  2.73410063502e-09  4.42305803184e-10  6.50301897397e-11  8.7467759071e-12  1.06980191113e-12  
8.00482388302e-12  6.50301897397e-11  4.80412133902e-10  3.24747305512e-09  1.99557588694e-08  1.10604314137e-07  5.47782628192e-07  2.39723710146e-06  9.14438615901e-06  2.98968401065e-05  8.20336763058e-05  0.00018399471635  0.000326546598558  0.000441899470062  0.000441899470062  0.000326546598558  0.00018399471635  8.20336763058e-05  2.98968401065e-05  9.14438615901e-06  2.39723710146e-06  5.47782628192e-07  1.10604314137e-07  1.99557588694e-08  3.24747305512e-09  4.80412133902e-10  6.50301897397e-11  8.00482388302e-12  
5.47843352971e-11  4.42305803184e-10  3.24747305512e-09  2.18223521115e-08  1.33341720167e-07  7.35103147869e-07  3.62262696822e-06  1.5781796015e-05  5.99595325781e-05  0.000195370852637  0.000534661386683  0.00119703970665  0.00212245972538  0.00287148958274  0.00287148958274  0.00212245972538  0.00119703970665  0.000534661386683  0.000195370852637  5.99595325781e-05  1.5781796015e-05  3.62262696822e-06  7.35103147869e-07  1.33341720167e-07  2.18223521115e-08  3.24747305512e-09  4.42305803184e-10  5.47843352971e-11  
3.40681070657e-10  2.73410063502e-09  1.99557588694e-08  1.33341720167e-07  8.104068105e-07  4.44540587148e-06  2.18069620095e-05  9.46138257938e-05  0.000358216178147  0.00116398901555  0.0031793360225  0.00711111823852  0.0126072113493  0.0170624487182  0.0170624487182  0.0126072113493  0.00711111823852  0.0031793360225  0.00116398901555  0.000358216178147  9.46138257938e-05  2.18069620095e-05  4.44540587148e-06  8.104068105e-07  1.33341720167e-07  1.99557588694e-08  2.73410063502e-09  3.40681070657e-10  
1.90979131034e-09  1.52392671827e-08  1.10604314137e-07  7.35103147869e-07  4.44540587148e-06  2.42728831657e-05  0.000118581636146  0.000512677353085  0.00193557983575  0.00627715455123  0.0171290062903  0.0383162132673  0.0680004903155  0.0921445603608  0.0921445603608  0.0680004903155  0.0383162132673  0.0171290062903  0.00627715455123  0.00193557983575  0.000512677353085  0.000118581636146  2.42728831657e-05  4.44540587148e-06  7.35103147869e-07  1.10604314137e-07  1.52392671827e-08  1.90979131034e-09  
9.56054432438e-09  7.58755462282e-08  5.47782628192e-07  3.62262696822e-06  2.18069620095e-05  0.000118581636146  0.000577263561645  0.00248866374418  0.00937720166197  0.0303823415432  0.0829322214711  0.185814677823  0.330651688687  0.449193522706  0.449193522706  0.330651688687  0.185814677823  0.0829322214711  0.0303823415432  0.00937720166197  0.00248866374418  0.000577263561645  0.000118581636146  2.18069620095e-05  3.62262696822e-06  5.47782628192e-07  7.58755462282e-08  9.56054432438e-09  
4.22593941902e-08  3.33684244813e-07  2.39723710146e-06  1.5781796015e-05  9.46138257938e-05  0.000512677353085  0.00248866374418  0.0107077034053  0.0403096059686  0.130659788633  0.357375762882  0.803742124184  1.43755426627  1.96193606876  1.96193606876  1.43755426627  0.803742124184  0.357375762882  0.130659788633  0.0403096059686  0.0107077034053  0.00248866374418  0.000512677353085  9.46138257938e-05  1.5781796015e-05  2.39723710146e-06  3.33684244813e-07  4.22593941902e-08  
1.62674805108e-07  1.27851900206e-06  9.14438615901e-06  5.99595325781e-05  0.000358216178147  0.00193557983575  0.00937720166197  0.0403096059686  0.151818238323  0.493201871699  1.35494512565  3.06825917617  5.53650786953  7.61675016323  7.61675016323  5.53650786953  3.06825917617  1.35494512565  0.493201871699  0.151818238323  0.0403096059686  0.00937720166197  0.00193557983575  0.000358216178147  5.99595325781e-05  9.14438615901e-06  1.27851900206e-06  1.62674805108e-07  
5.36145902676e-07  4.19625973988e-06  2.98968401065e-05  0.000195370852637  0.00116398901555  0.00627715455123  0.0303823415432  0.130659788633  0.493201871699  1.60964616996  4.45633980831  10.2073067838  18.692546402  26.0776560257  26.0776560257  18.692546402  10.2073067838  4.45633980831  1.60964616996  0.493201871699  0.130659788633  0.0303823415432  0.00627715455123  0.00116398901555  0.000195370852637  2.98968401065e-05  4.19625973988e-06  5.36145902676e-07  
1.48111008183e-06  1.15510900247e-05  8.20336763058e-05  0.000534661386683  0.0031793360225  0.0171290062903  0.0829322214711  0.357375762882  1.35494512565  4.45633980831  12.4898736678  29.1345039015  54.678633307  78.2314807649  78.2314807649  54.678633307  29.1345039015  12.4898736678  4.45633980831  1.35494512565  0.357375762882  0.0829322214711  0.0171290062903  0.0031793360225  0.000534661386683  8.20336763058e-05  1.15510900247e-05  1.48111008183e-06  
3.33948369624e-06  2.59710433907e-05  0.00018399471635  0.00119703970665  0.00711111823852  0.0383162132673  0.185814677823  0.803742124184  3.06825917617  10.2073067838  29.1345039015  69.8999304051  136.66380461  205.229228102  205.229228102  136.66380461  69.8999304051  29.1345039015  10.2073067838  3.06825917617  0.803742124184  0.185814677823  0.0383162132673  0.00711111823852  0.00119703970665  0.00018399471635  2.59710433907e-05  3.33948369624e-06  
5.94762447842e-06  4.61640658322e-05  0.000326546598558  0.00212245972538  0.0126072113493  0.0680004903155  0.330651688687  1.43755426627  5.53650786953  18.692546402  54.678633307  136.66380461  285.901744929  474.934032716  474.934032716  285.901744929  136.66380461  54.678633307  18.692546402  5.53650786953  1.43755426627  0.330651688687  0.0680004903155  0.0126072113493  0.00212245972538  0.000326546598558  4.61640658322e-05  5.94762447842e-06  
8.06216798148e-06  6.25149418786e-05  0.000441899470062  0.00287148958274  0.0170624487182  0.0921445603608  0.449193522706  1.96193606876  7.61675016323  26.0776560257  78.2314807649  205.229228102  474.934032716  1000.0  1000.0  474.934032716  205.229228102  78.2314807649  26.0776560257  7.61675016323  1.96193606876  0.449193522706  0.0921445603608  0.0170624487182  0.00287148958274  0.000441899470062  6.25149418786e-05  8.06216798148e-06  
8.06216798148e-06  6.25149418786e-05  0.000441899470062  0.00287148958274  0.0170624487182  0.0921445603608  0.449193522706  1.96193606876  7.61675016323  26.0776560257  78.2314807649  205.229228102  474.934032716  1000.0  1000.0  474.934032716  205.229228102  78.2314807649  26.0776560257  7.61675016323  1.96193606876  0.449193522706  0.0921445603608  0.0170624487182  0.00287148958274  0.000441899470062  6.25149418786e-05  8.06216798148e-06  
5.94762447842e-06  4.61640658322e-05  0.000326546598558  0.00212245972538  0.0126072113493  0.0680004903155  0.330651688687  1.43755426627  5.53650786953  18.692546402  54.678633307  136.66380461  285.901744929  474.934032716  474.934032716  285.901744929  136.66380461  54.678633307  18.692546402  5.53650786953  1.43755426627  0.330651688687  0.0680004903155  0.0126072113493  0.00212245972538  0.000326546598558  4.61640658321e-05  5.94762447842e-06  
3.33948369624e-06  2.59710433907e-05  0.00018399471635  0.00119703970665  0.00711111823852  0.0383162132673  0.185814677823  0.803742124184  3.06825917617  10.2073067838  29.1345039015  69.8999304051  136.66380461  205.229228102  205.229228102  136.66380461  69.8999304051  29.1345039015  10.2073067838  3.06825917617  0.803742124184  0.185814677823  0.0383162132673  0.00711111823852  0.00119703970665  0.00018399471635  2.59710433907e-05  3.33948369624e-06  
1.48111008183e-06  1.15510900247e-05  8.20336763058e-05  0.000534661386683  0.0031793360225  0.0171290062903  0.0829322214711  0.357375762882  1.35494512565  4.45633980831  12.4898736678  29.1345039015  54.678633307  78.2314807649  78.2314807649  54.678633307  29.1345039015  12.4898736678  4.45633980831  1.35494512565  0.357375762882  0.0829322214711  0.0171290062903  0.0031793360225  0.000534661386683  8.20336763058e-05  1.15510900247e-05  1.48111008183e-06  
5.36145902676e-07  4.19625973988e-06  2.98968401065e-05  0.000195370852637  0.00116398901555  0.00627715455123  0.0303823415432  0.130659788633  0.493201871699  1.60964616996  4.45633980831  10.2073067838  18.692546402  26.0776560257  26.0776560257  18.692546402  10.2073067838  4.45633980831  1.60964616996  0.493201871699  0.130659788633  0.0303823415432  0.00627715455123  0.00116398901555  0.000195370852637  2.98968401065e-05  4.19625973988e-06  5.36145902676e-07  
1.62674805108e-07  1.27851900206e-06  9.14438615901e-06  5.99595325781e-05  0.000358216178147  0.00193557983575  0.00937720166197  0.0403096059686  0.151818238323  0.493201871699  1.35494512565  3.06825917617  5.53650786953  7.61675016323  7.61675016323  5.53650786953  3.06825917617  1.35494512565  0.493201871699  0.151818238323  0.0403096059686  0.00937720166197  0.00193557983575  0.000358216178147  5.99595325781e-05  9.14438615901e-06  1.27851900206e-06  1.62674805108e-07  
4.22593941902e-08  3.33684244813e-07  2.39723710146e-06  1.5781796015e-05  9.46138257938e-05  0.000512677353085  0.00248866374418  0.0107077034053  0.0403096059686  0.130659788633  0.357375762882  0.803742124184  1.43755426627  1.96193606876  1.96193606876  1.43755426627  0.803742124184  0.357375762882  0.130659788633  0.0403096059686  0.0107077034053  0.00248866374418  0.000512677353085  9.46138257938e-05  1.5781796015e-05  2.39723710146e-06  3.33684244813e-07  4.22593941902e-08  
9.56054432438e-09  7.58755462282e-08  5.47782628192e-07  3.62262696822e-06  2.18069620095e-05  0.000118581636146  0.000577263561645  0.00248866374418  0.00937720166197  0.0303823415432  0.0829322214711  0.185814677823  0.330651688687  0.449193522706  0.449193522706  0.330651688687  0.185814677823  0.0829322214711  0.0303823415432  0.00937720166197  0.00248866374418  0.000577263561645  0.000118581636146  2.18069620095e-05  3.62262696822e-06  5.47782628192e-07  7.58755462282e-08  9.56054432438e-09  
1.90979131034e-09  1.52392671827e-08  1.10604314137e-07  7.35103147869e-07  4.44540587148e-06  2.42728831657e-05  0.000118581636146  0.000512677353085  0.00193557983575  0.00627715455123  0.0171290062903  0.0383162132673  0.0680004903155  0.0921445603608  0.0921445603608  0.0680004903155  0.0383162132673  0.0171290062903  0.00627715455123  0.00193557983575  0.000512677353085  0.000118581636146  2.42728831657e-05  4.44540587148e-06  7.35103147869e-07  1.10604314137e-07  1.52392671827e-08  1.90979131034e-09  
3.40681070657e-10  2.73410063502e-09  1.99557588694e-08  1.33341720167e-07  8.104068105e-07  4.44540587148e-06  2.18069620095e-05  9.46138257938e-05  0.000358216178147  0.00116398901555  0.0031793360225  0.00711111823852  0.0126072113493  0.0170624487182  0.0170624487182  0.0126072113493  0.00711111823852  0.0031793360225  0.00116398901555  0.000358216178147  9.46138257938e-05  2.18069620095e-05  4.44540587148e-06  8.104068105e-07  1.33341720167e-07  1.99557588694e-08  2.73410063502e-09  3.40681070657e-10  
5.47843352971e-11  4.42305803184e-10  3.24747305512e-09  2.18223521115e-08  1.33341720167e-07  7.35103147869e-07  3.62262696822e-06  1.5781796015e-05  5.99595325781e-05  0.000195370852637  0.000534661386683  0.00119703970665  0.00212245972538  0.00287148958274  0.00287148958274  0.00212245972538  0.00119703970665  0.000534661386683  0.000195370852637  5.99595325781e-05  1.5781796015e-05  3.62262696822e-06  7.35103147869e-07  1.33341720167e-07  2.18223521115e-08  3.24747305512e-09  4.42305803184e-10  5.47843352971e-11  
8.00482388302e-12  6.50301897397e-11  4.80412133902e-10  3.24747305512e-09  1.99557588694e-08  1.10604314137e-07  5.47782628192e-07  2.39723710146e-06  9.14438615901e-06  2.98968401065e-05  8.20336763058e-05  0.00018399471635  0.000326546598558  0.000441899470062  0.000441899470062  0.000326546598558  0.00018399471635  8.20336763058e-05  2.98968401065e-05  9.14438615901e-06  2.39723710146e-06  5.47782628192e-07  1.10604314137e-07  1.99557588694e-08  3.24747305512e-09  4.80412133902e-10  6.50301897397e-11  8.00482388302e-12  
1.06980191113e-12  8.7467759071e-12  6.50301897397e-11  4.42305803184e-10  2.73410063502e-09  1.52392671827e-08  7.58755462282e-08  3.33684244813e-07  1.27851900206e-06  4.19625973988e-06  1.15510900247e-05  2.59710433907e-05  4.61640658322e-05  6.25149418786e-05  6.25149418786e-05  4.61640658322e-05  2.59710433907e-05  1.15510900247e-05  4.19625973988e-06  1.27851900206e-06  3.33684244813e-07  7.58755462282e-08  1.52392671827e-08  2.73410063502e-09  4.42305803184e-10  6.50301897397e-11  8.7467759071e-12  1.06980191113e-12  
1.30007762175e-13  1.06980191113e-12  8.00482388302e-12  5.47843352971e-11  3.40681070657e-10  1.90979131034e-09  9.56054432438e-09  4.22593941902e-08  1.62674805108e-07  5.36145902676e-07  1.48111008183e-06  3.33948369624e-06  5.94762447842e-06  8.06216798148e-06  8.06216798148e-06  5.94762447842e-06  3.33948369624e-06  1.48111008183e-06  5.36145902676e-07  1.62674805108e-07  4.22593941902e-08  9.56054432438e-09  1.90979131034e-09  3.40681070657e-10  5.47843352971e-11  8.00482388302e-12  1.06980191113e-12  1.30007762175e-13  
