0.0  0.0  0.0  0.0  0.0  0.0  0.0  0.0  0.0  0.0  0.0  0.0  0.0  0.0  0.0  0.0  0.0  0.0  0.0  0.0  0.0  0.0  0.0  0.0  0.0  0.0  0.0  0.0  
0.0  0.0  0.0  0.0  0.0  0.0  0.0  0.0  0.0  0.0  0.0  0.0  0.0  0.0  0.0  0.0  0.0  0.0  0.0  0.0  0.0  0.0  0.0  0.0  0.0  0.0  0.0  0.0  
0.0  0.0  0.0  0.0  0.0  0.0  0.0  0.0  0.0  0.0  0.0  0.0  0.0  1.16415321827e-18  1.16415321827e-18  0.0  0.0  0.0  0.0  0.0  0.0  0.0  0.0  0.0  0.0  0.0  0.0  0.0  
0.0  0.0  0.0  0.0  0.0  0.0  0.0  0.0  0.0  0.0  0.0  0.0  1.2805685401e-17  9.89530235529e-16  9.89530235529e-16  1.2805685401e-17  0.0  0.0  0.0  0.0  0.0  0.0  0.0  0.0  0.0  0.0  0.0  0.0  
0.0  0.0  0.0  0.0  0.0  0.0  0.0  0.0  0.0  0.0  0.0  6.40284270048e-17  9.8324380815e-15  3.82666476071e-13  3.82666476071e-13  9.8324380815e-15  6.40284270048e-17  0.0  0.0  0.0  0.0  0.0  0.0  0.0  0.0  0.0  0.0  0.0  
0.0  0.0  0.0  0.0  0.0  0.0  0.0  0.0  0.0  0.0  1.92085281014e-16  4.4156331569e-14  3.40045895427e-12  8.8892322965e-11  8.8892322965e-11  3.40045895427e-12  4.4156331569e-14  1.92085281014e-16  0.0  0.0  0.0  0.0  0.0  0.0  0.0  0.0  0.0  0.0  
0.0  0.0  0.0  0.0  0.0  0.0  0.0  0.0  0.0  3.84170562029e-16  1.17643503472e-13  1.35474116541e-11  6.97746691294e-10  1.37872463139e-08  1.37872463139e-08  6.97746691294e-10  1.35474116541e-11  1.17643503472e-13  3.84170562029e-16  0.0  0.0  0.0  0.0  0.0  0.0  0.0  0.0  0.0  
0.0  0.0  0.0  0.0  0.0  0.0  0.0  0.0  5.3783878684e-16  2.057896927e-13  3.155620303e-11  2.42776566767e-09  9.41113885748e-08  1.50003052506e-06  1.50003052506e-06  9.41113885748e-08  2.42776566767e-09  3.155620303e-11  2.057896927e-13  5.3783878684e-16  0.0  0.0  0.0  0.0  0.0  0.0  0.0  0.0  
0.0  0.0  0.0  0.0  0.0  0.0  0.0  5.3783878684e-16  2.46916897595e-13  4.73016500473e-11  4.84405341558e-09  2.80201723385e-07  8.72460824031e-06  0.000116929067046  0.000116929067046  8.72460824031e-06  2.80201723385e-07  4.84405341558e-09  4.73016500473e-11  2.46916897595e-13  5.3783878684e-16  0.0  0.0  0.0  0.0  0.0  0.0  0.0  
0.0  0.0  0.0  0.0  0.0  0.0  3.84170562029e-16  2.057896927e-13  4.73016500473e-11  6.05104953982e-09  4.65759028727e-07  2.16186691676e-05  0.000563665837851  0.00654169952456  0.00654169952456  0.000563665837851  2.16186691676e-05  4.65759028727e-07  6.05104953982e-09  4.73016500473e-11  2.057896927e-13  3.84170562029e-16  0.0  0.0  0.0  0.0  0.0  0.0  
0.0  0.0  0.0  0.0  0.0  1.92085281014e-16  1.17643503472e-13  3.155620303e-11  4.84405341558e-09  4.65759028727e-07  2.87606152128e-05  0.00111684611276  0.0251159419384  0.258289432986  0.258289432986  0.0251159419384  0.00111684611276  2.87606152128e-05  4.65759028727e-07  4.84405341558e-09  3.155620303e-11  1.17643503472e-13  1.92085281014e-16  0.0  0.0  0.0  0.0  0.0  
0.0  0.0  0.0  0.0  6.40284270048e-17  4.4156331569e-14  1.35474116541e-11  2.42776566767e-09  2.80201723385e-07  2.16186691676e-05  0.00111684611276  0.037382154766  0.742220851745  6.90804100661  6.90804100661  0.742220851745  0.037382154766  0.00111684611276  2.16186691676e-05  2.80201723385e-07  2.42776566767e-09  1.35474116541e-11  4.4156331569e-14  6.40284270048e-17  0.0  0.0  0.0  0.0  
0.0  0.0  0.0  1.2805685401e-17  9.8324380815e-15  3.40045895427e-12  6.97746691294e-10  9.41113885748e-08  8.72460824031e-06  0.000563665837851  0.0251159419384  0.742220851745  13.3006299186  115.172719661  115.172719661  13.3006299186  0.742220851745  0.0251159419384  0.000563665837851  8.72460824031e-06  9.41113885748e-08  6.97746691294e-10  3.40045895427e-12  9.8324380815e-15  1.2805685401e-17  0.0  0.0  0.0  
0.0  0.0  1.16415321827e-18  9.89530235529e-16  3.82666476071e-13  8.8892322965e-11  1.37872463139e-08  1.50003052506e-06  0.000116929067046  0.00654169952456  0.258289432986  6.90804100661  115.172719661  1000.0  1000.0  115.172719661  6.90804100661  0.258289432986  0.00654169952456  0.000116929067046  1.50003052506e-06  1.37872463139e-08  8.8892322965e-11  3.82666476071e-13  9.89530235529e-16  1.16415321827e-18  0.0  0.0  
0.0  0.0  1.16415321827e-18  9.89530235529e-16  3.82666476071e-13  8.8892322965e-11  1.37872463139e-08  1.50003052506e-06  0.000116929067046  0.00654169952456  0.258289432986  6.90804100661  115.172719661  1000.0  1000.0  115.172719661  6.90804100661  0.258289432986  0.00654169952456  0.000116929067046  1.50003052506e-06  1.37872463139e-08  8.8892322965e-11  3.82666476071e-13  9.89530235529e-16  1.16415321827e-18  0.0  0.0  
0.0  0.0  0.0  1.2805685401e-17  9.8324380815e-15  3.40045895427e-12  6.97746691294e-10  9.41113885748e-08  8.72460824031e-06  0.000563665837851  0.0251159419384  0.742220851745  13.3006299186  115.172719661  115.172719661  13.3006299186  0.742220851745  0.0251159419384  0.000563665837851  8.72460824031e-06  9.41113885748e-08  6.97746691294e-10  3.40045895427e-12  9.8324380815e-15  1.2805685401e-17  0.0  0.0  0.0  
0.0  0.0  0.0  0.0  6.40284270048e-17  4.4156331569e-14  1.35474116541e-11  2.42776566767e-09  2.80201723385e-07  2.16186691676e-05  0.00111684611276  0.037382154766  0.742220851745  6.90804100661  6.90804100661  0.742220851745  0.037382154766  0.00111684611276  2.16186691676e-05  2.80201723385e-07  2.42776566767e-09  1.35474116541e-11  4.4156331569e-14  6.40284270048e-17  0.0  0.0  0.0  0.0  
0.0  0.0  0.0  0.0  0.0  1.92085281014e-16  1.17643503472e-13  3.155620303e-11  4.84405341558e-09  4.65759028727e-07  2.87606152128e-05  0.00111684611276  0.0251159419384  0.258289432986  0.258289432986  0.0251159419384  0.00111684611276  2.87606152128e-05  4.65759028727e-07  4.84405341558e-09  3.155620303e-11  1.17643503472e-13  1.92085281014e-16  0.0  0.0  0.0  0.0  0.0  
0.0  0.0  0.0  0.0  0.0  0.0  3.84170562029e-16  2.057896927e-13  4.73016500473e-11  6.05104953982e-09  4.65759028727e-07  2.16186691676e-05  0.000563665837851  0.00654169952456  0.00654169952456  0.000563665837851  2.16186691676e-05  4.65759028727e-07  6.05104953982e-09  4.73016500473e-11  2.057896927e-13  3.84170562029e-16  0.0  0.0  0.0  0.0  0.0  0.0  
0.0  0.0  0.0  0.0  0.0  0.0  0.0  5.3783878684e-16  2.46916897595e-13  4.73016500473e-11  4.84405341558e-09  2.80201723385e-07  8.72460824031e-06  0.000116929067046  0.000116929067046  8.72460824031e-06  2.80201723385e-07  4.84405341558e-09  4.73016500473e-11  2.46916897595e-13  5.3783878684e-16  0.0  0.0  0.0  0.0  0.0  0.0  0.0  
0.0  0.0  0.0  0.0  0.0  0.0  0.0  0.0  5.3783878684e-16  2.057896927e-13  3.155620303e-11  2.42776566767e-09  9.41113885748e-08  1.50003052506e-06  1.50003052506e-06  9.41113885748e-08  2.42776566767e-09  3.155620303e-11  2.057896927e-13  5.3783878684e-16  0.0  0.0  0.0  0.0  0.0  0.0  0.0  0.0  
0.0  0.0  0.0  0.0  0.0  0.0  0.0  0.0  0.0  3.84170562029e-16  1.17643503472e-13  1.35474116541e-11  6.97746691294e-10  1.37872463139e-08  1.37872463139e-08  6.97746691294e-10  1.35474116541e-11  1.17643503472e-13  3.84170562029e-16  0.0  0.0  0.0  0.0  0.0  0.0  0.0  0.0  0.0  
0.0  0.0  0.0  0.0  0.0  0.0  0.0  0.0  0.0  0.0  1.92085281014e-16  4.4156331569e-14  3.40045895427e-12  8.8892322965e-11  8.8892322965e-11  3.40045895427e-12  4.4156331569e-14  1.92085281014e-16  0.0  0.0  0.0  0.0  0.0  0.0  0.0  0.0  0.0  0.0  
0.0  0.0  0.0  0.0  0.0  0.0  0.0  0.0  0.0  0.0  0.0  6.40284270048e-17  9.8324380815e-15  3.82666476071e-13  3.82666476071e-13  9.8324380815e-15  6.40284270048e-17  0.0  0.0  0.0  0.0  0.0  0.0  0.0  0.0  0.0  0.0  0.0  
0.0  0.0  0.0  0.0  0.0  0.0  0.0  0.0  0.0  0.0  0.0  0.0  1.2805685401e-17  9.89530235529e-16  9.89530235529e-16  1.2805685401e-17  0.0  0.0  0.0  0.0  0.0  0.0  0.0  0.0  0.0  0.0  0.0  0.0  
0.0  0.0  0.0  0.0  0.0  0.0  0.0  0.0  0.0  0.0  0.0  0.0  0.0  1.16415321827e-18  1.16415321827e-18  0.0  0.0  0.0  0.0  0.0  0.0  0.0  0.0  0.0  0.0  0.0  0.0  0.0  
0.0  0.0  0.0  0.0  0.0  0.0  0.0  0.0  0.0  0.0  0.0  0.0  0.0  0.0  0.0  0.0  0.0  0.0  0.0  0.0  0.0  0.0  0.0  0.0  0.0  0.0  0.0  0.0  
0.0  0.0  0.0  0.0  0.0  0.0  0.0  0.0  0.0  0.0  0.0  0.0  0.0  0.0  0.0  0.0  0.0  0.0  0.0  0.0  0.0  0.0  0.0  0.0  0.0  0.0  0.0  0.0  
