6.06276101415e-12  4.10137691623e-11  2.51584503292e-10  1.41604667811e-09  7.26945019231e-09  3.37884186963e-08  1.40972992172e-07  5.22613514243e-07  1.70067959644e-06  4.78763439765e-06  1.14564367648e-05  2.28207638857e-05  3.69460339944e-05  4.74355719326e-05  4.74355719326e-05  3.69460339944e-05  2.28207638857e-05  1.14564367648e-05  4.78763439765e-06  1.70067959644e-06  5.22613514243e-07  1.40972992172e-07  3.37884186963e-08  7.26945019231e-09  1.41604667811e-09  2.51584503292e-10  4.10137691623e-11  6.06276101415e-12  
4.10137691623e-11  2.76162640498e-10  1.68614455295e-09  9.44815528983e-09  4.82978063683e-08  2.23595467367e-07  9.29461455473e-07  3.43422871129e-06  1.11430042781e-05  3.12923442584e-05  7.47373386475e-05  0.000148676440348  0.000240520918121  0.000308720203956  0.000308720203956  0.000240520918121  0.000148676440348  7.47373386475e-05  3.12923442584e-05  1.11430042781e-05  3.43422871129e-06  9.29461455473e-07  2.23595467367e-07  4.82978063683e-08  9.44815528983e-09  1.68614455295e-09  2.76162640498e-10  4.10137691623e-11  
2.51584503292e-10  1.68614455295e-09  1.02472514115e-08  5.71657015936e-08  2.91006357089e-07  1.3420019539e-06  5.55887187778e-06  2.04750599176e-05  6.62588172732e-05  0.000185678021779  0.000442796014007  0.000880086037865  0.0014232988975  0.00182688921026  0.00182688921026  0.0014232988975  0.000880086037865  0.000442796014007  0.000185678021779  6.62588172732e-05  2.04750599176e-05  5.55887187778e-06  1.3420019539e-06  2.91006357089e-07  5.71657015936e-08  1.02472514115e-08  1.68614455295e-09  2.51584503292e-10  
1.41604667811e-09  9.44815528983e-09  5.71657015936e-08  3.17572838881e-07  1.61032526419e-06  7.39966891401e-06  3.05537009176e-05  0.000112232918107  0.000362401732077  0.00101397332034  0.00241592542056  0.00480078551981  0.00776639755694  0.00997303416066  0.00997303416066  0.00776639755694  0.00480078551981  0.00241592542056  0.00101397332034  0.000362401732077  0.000112232918107  3.05537009176e-05  7.39966891401e-06  1.61032526419e-06  3.17572838881e-07  5.71657015936e-08  9.44815528983e-09  1.41604667811e-09  
7.26945019231e-09  4.82978063683e-08  2.91006357089e-07  1.61032526419e-06  8.13630379206e-06  3.72678569057e-05  0.00015345832409  0.000562449525157  0.00181327283528  0.00506900311851  0.0120765904047  0.0240141173147  0.0388943870723  0.0499976380736  0.0499976380736  0.0388943870723  0.0240141173147  0.0120765904047  0.00506900311851  0.00181327283528  0.000562449525157  0.00015345832409  3.72678569057e-05  8.13630379206e-06  1.61032526419e-06  2.91006357089e-07  4.82978063683e-08  7.26945019231e-09  
3.37884186963e-08  2.23595467367e-07  1.3420019539e-06  7.39966891401e-06  3.72678569057e-05  0.000170232317815  0.000699404274896  0.00255933539718  0.00824403839453  0.0230468624249  0.0549616445794  0.10949591442  0.177769671195  0.228958311015  0.228958311015  0.177769671195  0.10949591442  0.0549616445794  0.0230468624249  0.00824403839453  0.00255933539718  0.000699404274896  0.000170232317815  3.72678569057e-05  7.39966891401e-06  1.3420019539e-06  2.23595467367e-07  3.37884186963e-08  
1.40972992172e-07  9.29461455473e-07  5.55887187778e-06  3.05537009176e-05  0.00015345832409  0.000699404274896  0.00286892651129  0.0104895653002  0.0337919247945  0.0945806258209  0.226095880361  0.452031841554  0.736929120035  0.952214252728  0.952214252728  0.736929120035  0.452031841554  0.226095880361  0.0945806258209  0.0337919247945  0.0104895653002  0.00286892651129  0.000699404274896  0.00015345832409  3.05537009176e-05  5.55887187778e-06  9.29461455473e-07  1.40972992172e-07  
5.22613514243e-07  3.43422871129e-06  2.04750599176e-05  0.000112232918107  0.000562449525157  0.00255933539718  0.0104895653002  0.0383573390008  0.123727791709  0.347244459733  0.833689028953  1.67663728946  2.75180100585  3.57469923912  3.57469923912  2.75180100585  1.67663728946  0.833689028953  0.347244459733  0.123727791709  0.0383573390008  0.0104895653002  0.00255933539718  0.000562449525157  0.000112232918107  2.04750599176e-05  3.43422871129e-06  5.22613514243e-07  
1.70067959644e-06  1.11430042781e-05  6.62588172732e-05  0.000362401732077  0.00181327283528  0.00824403839453  0.0337919247945  0.123727791709  0.400230360119  1.1285623147  2.72845827643  5.53836314716  9.18764850967  12.0402836287  12.0402836287  9.18764850967  5.53836314716  2.72845827643  1.1285623147  0.400230360119  0.123727791709  0.0337919247945  0.00824403839453  0.00181327283528  0.000362401732077  6.62588172732e-05  1.11430042781e-05  1.70067959644e-06  
4.78763439765e-06  3.12923442584e-05  0.000185678021779  0.00101397332034  0.00506900311851  0.0230468624249  0.0945806258209  0.347244459733  1.1285623147  3.20566600896  7.83252864025  16.1266464566  27.2108312579  36.1922238076  36.1922238076  27.2108312579  16.1266464566  7.83252864025  3.20566600896  1.1285623147  0.347244459733  0.0945806258209  0.0230468624249  0.00506900311851  0.00101397332034  0.000185678021779  3.12923442584e-05  4.78763439765e-06  
1.14564367648e-05  7.47373386475e-05  0.000442796014007  0.00241592542056  0.0120765904047  0.0549616445794  0.226095880361  0.833689028953  2.72845827643  7.83252864025  19.4349587356  40.8832131667  70.8862248609  96.7912789462  96.7912789462  70.8862248609  40.8832131667  19.4349587356  7.83252864025  2.72845827643  0.833689028953  0.226095880361  0.0549616445794  0.0120765904047  0.00241592542056  0.000442796014007  7.47373386475e-05  1.14564367648e-05  
2.28207638857e-05  0.000148676440348  0.000880086037865  0.00480078551981  0.0240141173147  0.10949591442  0.452031841554  1.67663728946  5.53836314716  16.1266464566  40.8832131667  88.7685601066  160.849359456  230.795842643  230.795842643  160.849359456  88.7685601066  40.8832131667  16.1266464566  5.53836314716  1.67663728946  0.452031841554  0.10949591442  0.0240141173147  0.00480078551981  0.000880086037865  0.000148676440348  2.28207638857e-05  
3.69460339944e-05  0.000240520918121  0.0014232988975  0.00776639755694  0.0388943870723  0.177769671195  0.736929120035  2.75180100585  9.18764850967  27.2108312579  70.8862248609  160.849359456  312.847702117  497.09729898  497.09729898  312.847702117  160.849359456  70.8862248609  27.2108312579  9.18764850967  2.75180100585  0.736929120035  0.177769671195  0.0388943870723  0.00776639755694  0.0014232988975  0.000240520918121  3.69460339944e-05  
4.74355719326e-05  0.000308720203956  0.00182688921026  0.00997303416066  0.0499976380736  0.228958311015  0.952214252728  3.57469923912  12.0402836287  36.1922238076  96.7912789462  230.795842643  497.09729898  1000.0  1000.0  497.09729898  230.795842643  96.7912789462  36.1922238076  12.0402836287  3.57469923912  0.952214252728  0.228958311015  0.0499976380736  0.00997303416066  0.00182688921026  0.000308720203956  4.74355719326e-05  
4.74355719326e-05  0.000308720203956  0.00182688921026  0.00997303416066  0.0499976380736  0.228958311015  0.952214252728  3.57469923912  12.0402836287  36.1922238076  96.7912789462  230.795842643  497.09729898  1000.0  1000.0  497.09729898  230.795842643  96.7912789462  36.1922238076  12.0402836287  3.57469923912  0.952214252728  0.228958311015  0.0499976380736  0.00997303416066  0.00182688921026  0.000308720203956  4.74355719326e-05  
3.69460339944e-05  0.000240520918121  0.0014232988975  0.00776639755694  0.0388943870723  0.177769671195  0.736929120035  2.75180100585  9.18764850967  27.2108312579  70.8862248609  160.849359456  312.847702117  497.09729898  497.09729898  312.847702117  160.849359456  70.8862248609  27.2108312579  9.18764850967  2.75180100585  0.736929120035  0.177769671195  0.0388943870723  0.00776639755694  0.0014232988975  0.000240520918121  3.69460339944e-05  
2.28207638857e-05  0.000148676440348  0.000880086037865  0.00480078551981  0.0240141173147  0.10949591442  0.452031841554  1.67663728946  5.53836314716  16.1266464566  40.8832131667  88.7685601066  160.849359456  230.795842643  230.795842643  160.849359456  88.7685601066  40.8832131667  16.1266464566  5.53836314716  1.67663728946  0.452031841554  0.10949591442  0.0240141173147  0.00480078551981  0.000880086037865  0.000148676440348  2.28207638857e-05  
1.14564367648e-05  7.47373386475e-05  0.000442796014007  0.00241592542056  0.0120765904047  0.0549616445794  0.226095880361  0.833689028953  2.72845827643  7.83252864025  19.4349587356  40.8832131667  70.8862248609  96.7912789462  96.7912789462  70.8862248609  40.8832131667  19.4349587356  7.83252864025  2.72845827643  0.833689028953  0.226095880361  0.0549616445794  0.0120765904047  0.00241592542056  0.000442796014007  7.47373386475e-05  1.14564367648e-05  
4.78763439765e-06  3.12923442584e-05  0.000185678021779  0.00101397332034  0.00506900311851  0.0230468624249  0.0945806258209  0.347244459733  1.1285623147  3.20566600896  7.83252864025  16.1266464566  27.2108312579  36.1922238076  36.1922238076  27.2108312579  16.1266464566  7.83252864025  3.20566600896  1.1285623147  0.347244459733  0.0945806258209  0.0230468624249  0.00506900311851  0.00101397332034  0.000185678021779  3.12923442584e-05  4.78763439765e-06  
1.70067959644e-06  1.11430042781e-05  6.62588172732e-05  0.000362401732077  0.00181327283528  0.00824403839453  0.0337919247945  0.123727791709  0.400230360119  1.1285623147  2.72845827643  5.53836314716  9.18764850967  12.0402836287  12.0402836287  9.18764850967  5.53836314716  2.72845827643  1.1285623147  0.400230360119  0.123727791709  0.0337919247945  0.00824403839453  0.00181327283528  0.000362401732077  6.62588172732e-05  1.11430042781e-05  1.70067959644e-06  
5.22613514243e-07  3.43422871129e-06  2.04750599176e-05  0.000112232918107  0.000562449525157  0.00255933539718  0.0104895653002  0.0383573390008  0.123727791709  0.347244459733  0.833689028953  1.67663728946  2.75180100585  3.57469923912  3.57469923912  2.75180100585  1.67663728946  0.833689028953  0.347244459733  0.123727791709  0.0383573390008  0.0104895653002  0.00255933539718  0.000562449525157  0.000112232918107  2.04750599176e-05  3.43422871129e-06  5.22613514243e-07  
1.40972992172e-07  9.29461455473e-07  5.55887187778e-06  3.05537009176e-05  0.00015345832409  0.000699404274896  0.00286892651129  0.0104895653002  0.0337919247945  0.0945806258209  0.226095880361  0.452031841554  0.736929120035  0.952214252728  0.952214252728  0.736929120035  0.452031841554  0.226095880361  0.0945806258209  0.0337919247945  0.0104895653002  0.00286892651129  0.000699404274896  0.00015345832409  3.05537009176e-05  5.55887187778e-06  9.29461455473e-07  1.40972992172e-07  
3.37884186963e-08  2.23595467367e-07  1.3420019539e-06  7.39966891401e-06  3.72678569057e-05  0.000170232317815  0.000699404274896  0.00255933539718  0.00824403839453  0.0230468624249  0.0549616445794  0.10949591442  0.177769671195  0.228958311015  0.228958311015  0.177769671195  0.10949591442  0.0549616445794  0.0230468624249  0.00824403839453  0.00255933539718  0.000699404274896  0.000170232317815  3.72678569057e-05  7.39966891401e-06  1.3420019539e-06  2.23595467367e-07  3.37884186963e-08  
7.26945019231e-09  4.82978063683e-08  2.91006357089e-07  1.61032526419e-06  8.13630379206e-06  3.72678569057e-05  0.00015345832409  0.000562449525157  0.00181327283528  0.00506900311851  0.0120765904047  0.0240141173147  0.0388943870723  0.0499976380736  0.0499976380736  0.0388943870723  0.0240141173147  0.0120765904047  0.00506900311851  0.00181327283528  0.000562449525157  0.00015345832409  3.72678569057e-05  8.13630379206e-06  1.61032526419e-06  2.91006357089e-07  4.82978063683e-08  7.26945019231e-09  
1.41604667811e-09  9.44815528983e-09  5.71657015936e-08  3.17572838881e-07  1.61032526419e-06  7.39966891401e-06  3.05537009176e-05  0.000112232918107  0.000362401732077  0.00101397332034  0.00241592542056  0.00480078551981  0.00776639755694  0.00997303416066  0.00997303416066  0.00776639755694  0.00480078551981  0.00241592542056  0.00101397332034  0.000362401732077  0.000112232918107  3.05537009176e-05  7.39966891401e-06  1.61032526419e-06  3.17572838881e-07  5.71657015936e-08  9.44815528983e-09  1.41604667811e-09  
2.51584503292e-10  1.68614455295e-09  1.02472514115e-08  5.71657015936e-08  2.91006357089e-07  1.3420019539e-06  5.55887187778e-06  2.04750599176e-05  6.62588172732e-05  0.000185678021779  0.000442796014007  0.000880086037865  0.0014232988975  0.00182688921026  0.00182688921026  0.0014232988975  0.000880086037865  0.000442796014007  0.000185678021779  6.62588172732e-05  2.04750599176e-05  5.55887187778e-06  1.3420019539e-06  2.91006357089e-07  5.71657015936e-08  1.02472514115e-08  1.68614455295e-09  2.51584503292e-10  
4.10137691623e-11  2.76162640498e-10  1.68614455295e-09  9.44815528983e-09  4.82978063683e-08  2.23595467367e-07  9.29461455473e-07  3.43422871129e-06  1.11430042781e-05  3.12923442584e-05  7.47373386475e-05  0.000148676440348  0.000240520918121  0.000308720203956  0.000308720203956  0.000240520918121  0.000148676440348  7.47373386475e-05  3.12923442584e-05  1.11430042781e-05  3.43422871129e-06  9.29461455473e-07  2.23595467367e-07  4.82978063683e-08  9.44815528983e-09  1.68614455295e-09  2.76162640498e-10  4.10137691623e-11  
6.06276101415e-12  4.10137691623e-11  2.51584503292e-10  1.41604667811e-09  7.26945019231e-09  3.37884186963e-08  1.40972992172e-07  5.22613514243e-07  1.70067959644e-06  4.78763439765e-06  1.14564367648e-05  2.28207638857e-05  3.69460339944e-05  4.74355719326e-05  4.74355719326e-05  3.69460339944e-05  2.28207638857e-05  1.14564367648e-05  4.78763439765e-06  1.70067959644e-06  5.22613514243e-07  1.40972992172e-07  3.37884186963e-08  7.26945019231e-09  1.41604667811e-09  2.51584503292e-10  4.10137691623e-11  6.06276101415e-12  
