0.11266012332  0.241124006104  0.400910110361  0.606653461097  0.870947470514  1.20251540749  1.60381245932  2.06843149121  2.57897209919  3.10624258969  3.61066880963  4.04645152129  4.36829078318  4.53950720995  4.53950720995  4.36829078318  4.04645152129  3.61066880963  3.10624258969  2.57897209919  2.06843149121  1.60381245932  1.20251540749  0.870947470514  0.606653461097  0.400910110361  0.241124006104  0.11266012332  
0.241124006104  0.516482946365  0.859802145188  1.30310139115  1.87425974188  2.59307027424  3.46595935536  4.48013662568  5.59859395806  6.75789781533  7.87083032477  8.83530057153  9.54936560292  9.92986008478  9.92986008478  9.54936560292  8.83530057153  7.87083032477  6.75789781533  5.59859395806  4.48013662568  3.46595935536  2.59307027424  1.87425974188  1.30310139115  0.859802145188  0.516482946365  0.241124006104  
0.400910110361  0.859802145188  1.43408337582  2.17883120474  3.14287815993  4.36219447983  5.8507404277  7.58995716861  9.51924244369  11.5308381478  13.4730430124  15.1648827365  16.4227233809  17.0948206074  17.0948206074  16.4227233809  15.1648827365  13.4730430124  11.5308381478  9.51924244369  7.58995716861  5.8507404277  4.36219447983  3.14287815993  2.17883120474  1.43408337582  0.859802145188  0.400910110361  
0.606653461097  1.30310139115  2.17883120474  3.32086545455  4.80816244164  6.70156888381  9.0293254764  11.7696248056  14.8336528241  18.0545914192  21.189490881  23.9405140432  25.99830857  27.1023174448  27.1023174448  25.99830857  23.9405140432  21.189490881  18.0545914192  14.8336528241  11.7696248056  9.0293254764  6.70156888381  4.80816244164  3.32086545455  2.17883120474  1.30310139115  0.606653461097  
0.870947470514  1.87425974188  3.14287815993  4.80816244164  6.99255161349  9.79528241973  13.2706691362  17.4004943209  22.0649847727  27.0204491148  31.8950933743  36.2158809806  39.4753153183  41.2341317963  41.2341317963  39.4753153183  36.2158809806  31.8950933743  27.0204491148  22.0649847727  17.4004943209  13.2706691362  9.79528241973  6.99255161349  4.80816244164  3.14287815993  1.87425974188  0.870947470514  
1.20251540749  2.59307027424  4.36219447983  6.70156888381  9.79528241973  13.8007781306  18.8179478999  24.8473016664  31.7421320011  39.1653803765  46.5690434908  53.220134165  58.2965439424  61.0585356586  61.0585356586  58.2965439424  53.220134165  46.5690434908  39.1653803765  31.7421320011  24.8473016664  18.8179478999  13.8007781306  9.79528241973  6.70156888381  4.36219447983  2.59307027424  1.20251540749  
1.60381245932  3.46595935536  5.8507404277  9.0293254764  13.2706691362  18.8179478999  25.847154792  34.4068978657  44.3430713132  55.220170124  66.2637763856  76.3653416918  84.2031193857  88.5196568625  88.5196568625  84.2031193857  76.3653416918  66.2637763856  55.220170124  44.3430713132  34.4068978657  25.847154792  18.8179478999  13.2706691362  9.0293254764  5.8507404277  3.46595935536  1.60381245932  
2.06843149121  4.48013662568  7.58995716861  11.7696248056  17.4004943209  24.8473016664  34.4068978657  46.2272787274  60.1959677333  75.8056226392  92.0233895829  107.224748957  119.300833603  126.076422664  126.076422664  119.300833603  107.224748957  92.0233895829  75.8056226392  60.1959677333  46.2272787274  34.4068978657  24.8473016664  17.4004943209  11.7696248056  7.58995716861  4.48013662568  2.06843149121  
2.57897209919  5.59859395806  9.51924244369  14.8336528241  22.0649847727  31.7421320011  44.3430713132  60.1959677333  79.3275984091  101.252869564  124.717268592  147.456645212  166.155816814  176.965135201  176.965135201  166.155816814  147.456645212  124.717268592  101.252869564  79.3275984091  60.1959677333  44.3430713132  31.7421320011  22.0649847727  14.8336528241  9.51924244369  5.59859395806  2.57897209919  
3.10624258969  6.75789781533  11.5308381478  18.0545914192  27.0204491148  39.1653803765  55.220170124  75.8056226392  101.252869564  131.313330763  164.719820073  198.599849835  227.930501803  245.756889077  245.756889077  227.930501803  198.599849835  164.719820073  131.313330763  101.252869564  75.8056226392  55.220170124  39.1653803765  27.0204491148  18.0545914192  11.5308381478  6.75789781533  3.10624258969  
3.61066880963  7.87083032477  13.4730430124  21.189490881  31.8950933743  46.5690434908  66.2637763856  92.0233895829  124.717268592  164.719820073  211.303042715  261.528761892  308.488424978  339.636181046  339.636181046  308.488424978  261.528761892  211.303042715  164.719820073  124.717268592  92.0233895829  66.2637763856  46.5690434908  31.8950933743  21.189490881  13.4730430124  7.87083032477  3.61066880963  
4.04645152129  8.83530057153  15.1648827365  23.9405140432  36.2158809806  53.220134165  76.3653416918  107.224748957  147.456645212  198.599849835  261.528761892  334.999712784  411.956540545  471.57400061  471.57400061  411.956540545  334.999712784  261.528761892  198.599849835  147.456645212  107.224748957  76.3653416918  53.220134165  36.2158809806  23.9405140432  15.1648827365  8.83530057153  4.04645152129  
4.36829078318  9.54936560292  16.4227233809  25.99830857  39.4753153183  58.2965439424  84.2031193857  119.300833603  166.155816814  227.930501803  308.488424978  411.956540545  539.170433489  668.985275372  668.985275372  539.170433489  411.956540545  308.488424978  227.930501803  166.155816814  119.300833603  84.2031193857  58.2965439424  39.4753153183  25.99830857  16.4227233809  9.54936560292  4.36829078318  
4.53950720995  9.92986008478  17.0948206074  27.1023174448  41.2341317963  61.0585356586  88.5196568625  126.076422664  176.965135201  245.756889077  339.636181046  471.57400061  668.985275372  1000.0  1000.0  668.985275372  471.57400061  339.636181046  245.756889077  176.965135201  126.076422664  88.5196568625  61.0585356586  41.2341317963  27.1023174448  17.0948206074  9.92986008478  4.53950720995  
4.53950720995  9.92986008478  17.0948206074  27.1023174448  41.2341317963  61.0585356586  88.5196568625  126.076422664  176.965135201  245.756889077  339.636181046  471.57400061  668.985275372  1000.0  1000.0  668.985275372  471.57400061  339.636181046  245.756889077  176.965135201  126.076422664  88.5196568625  61.0585356586  41.2341317963  27.1023174448  17.0948206074  9.92986008478  4.53950720995  
4.36829078318  9.54936560292  16.4227233809  25.99830857  39.4753153183  58.2965439424  84.2031193857  119.300833603  166.155816814  227.930501803  308.488424978  411.956540545  539.170433489  668.985275372  668.985275372  539.170433489  411.956540545  308.488424978  227.930501803  166.155816814  119.300833603  84.2031193857  58.2965439424  39.4753153183  25.99830857  16.4227233809  9.54936560292  4.36829078318  
4.04645152129  8.83530057153  15.1648827365  23.9405140432  36.2158809806  53.220134165  76.3653416918  107.224748957  147.456645212  198.599849835  261.528761892  334.999712784  411.956540545  471.57400061  471.57400061  411.956540545  334.999712784  261.528761892  198.599849835  147.456645212  107.224748957  76.3653416918  53.220134165  36.2158809806  23.9405140432  15.1648827365  8.83530057153  4.04645152129  
3.61066880963  7.87083032477  13.4730430124  21.189490881  31.8950933743  46.5690434908  66.2637763856  92.0233895829  124.717268592  164.719820073  211.303042715  261.528761892  308.488424978  339.636181046  339.636181046  308.488424978  261.528761892  211.303042715  164.719820073  124.717268592  92.0233895829  66.2637763856  46.5690434908  31.8950933743  21.189490881  13.4730430124  7.87083032477  3.61066880963  
3.10624258969  6.75789781533  11.5308381478  18.0545914192  27.0204491148  39.1653803765  55.220170124  75.8056226392  101.252869564  131.313330763  164.719820073  198.599849835  227.930501803  245.756889077  245.756889077  227.930501803  198.599849835  164.719820073  131.313330763  101.252869564  75.8056226392  55.220170124  39.1653803765  27.0204491148  18.0545914192  11.5308381478  6.75789781533  3.10624258969  
2.57897209919  5.59859395806  9.51924244369  14.8336528241  22.0649847727  31.7421320011  44.3430713132  60.1959677333  79.3275984091  101.252869564  124.717268592  147.456645212  166.155816814  176.965135201  176.965135201  166.155816814  147.456645212  124.717268592  101.252869564  79.3275984091  60.1959677333  44.3430713132  31.7421320011  22.0649847727  14.8336528241  9.51924244369  5.59859395806  2.57897209919  
2.06843149121  4.48013662568  7.58995716861  11.7696248056  17.4004943209  24.8473016664  34.4068978657  46.2272787274  60.1959677333  75.8056226392  92.0233895829  107.224748957  119.300833603  126.076422664  126.076422664  119.300833603  107.224748957  92.0233895829  75.8056226392  60.1959677333  46.2272787274  34.4068978657  24.8473016664  17.4004943209  11.7696248056  7.58995716861  4.48013662568  2.06843149121  
1.60381245932  3.46595935536  5.8507404277  9.0293254764  13.2706691362  18.8179478999  25.847154792  34.4068978657  44.3430713132  55.220170124  66.2637763856  76.3653416918  84.2031193857  88.5196568625  88.5196568625  84.2031193857  76.3653416918  66.2637763856  55.220170124  44.3430713132  34.4068978657  25.847154792  18.8179478999  13.2706691362  9.0293254764  5.8507404277  3.46595935536  1.60381245932  
1.20251540749  2.59307027424  4.36219447983  6.70156888381  9.79528241973  13.8007781306  18.8179478999  24.8473016664  31.7421320011  39.1653803765  46.5690434908  53.220134165  58.2965439424  61.0585356586  61.0585356586  58.2965439424  53.220134165  46.5690434908  39.1653803765  31.7421320011  24.8473016664  18.8179478999  13.8007781306  9.79528241973  6.70156888381  4.36219447983  2.59307027424  1.20251540749  
0.870947470514  1.87425974188  3.14287815993  4.80816244164  6.99255161349  9.79528241973  13.2706691362  17.4004943209  22.0649847727  27.0204491148  31.8950933743  36.2158809806  39.4753153183  41.2341317963  41.2341317963  39.4753153183  36.2158809806  31.8950933743  27.0204491148  22.0649847727  17.4004943209  13.2706691362  9.79528241973  6.99255161349  4.80816244164  3.14287815993  1.87425974188  0.870947470514  
0.606653461097  1.30310139115  2.17883120474  3.32086545455  4.80816244164  6.70156888381  9.0293254764  11.7696248056  14.8336528241  18.0545914192  21.189490881  23.9405140432  25.99830857  27.1023174448  27.1023174448  25.99830857  23.9405140432  21.189490881  18.0545914192  14.8336528241  11.7696248056  9.0293254764  6.70156888381  4.80816244164  3.32086545455  2.17883120474  1.30310139115  0.606653461097  
0.400910110361  0.859802145188  1.43408337582  2.17883120474  3.14287815993  4.36219447983  5.8507404277  7.58995716861  9.51924244369  11.5308381478  13.4730430124  15.1648827365  16.4227233809  17.0948206074  17.0948206074  16.4227233809  15.1648827365  13.4730430124  11.5308381478  9.51924244369  7.58995716861  5.8507404277  4.36219447983  3.14287815993  2.17883120474  1.43408337582  0.859802145188  0.400910110361  
0.241124006104  0.516482946365  0.859802145188  1.30310139115  1.87425974188  2.59307027424  3.46595935536  4.48013662568  5.59859395806  6.75789781533  7.87083032477  8.83530057153  9.54936560292  9.92986008478  9.92986008478  9.54936560292  8.83530057153  7.87083032477  6.75789781533  5.59859395806  4.48013662568  3.46595935536  2.59307027424  1.87425974188  1.30310139115  0.859802145188  0.516482946365  0.241124006104  
0.11266012332  0.241124006104  0.400910110361  0.606653461097  0.870947470514  1.20251540749  1.60381245932  2.06843149121  2.57897209919  3.10624258969  3.61066880963  4.04645152129  4.36829078318  4.53950720995  4.53950720995  4.36829078318  4.04645152129  3.61066880963  3.10624258969  2.57897209919  2.06843149121  1.60381245932  1.20251540749  0.870947470514  0.606653461097  0.400910110361  0.241124006104  0.11266012332  
