0.1420537396  0.301905094894  0.496840517582  0.742819228672  1.05311848613  1.43635135333  1.89398521125  2.41776017138  2.98768207205  3.57145525652  4.12620188517  4.60296430246  4.95375766513  5.13995971263  5.13995971263  4.95375766513  4.60296430246  4.12620188517  3.57145525652  2.98768207205  2.41776017138  1.89398521125  1.43635135333  1.05311848613  0.742819228672  0.496840517582  0.301905094894  0.1420537396  
0.301905094894  0.642122735148  1.05798510349  1.58419559796  2.24998885407  3.0748741146  4.06319337421  5.1983133469  6.43789774536  7.71219001653  8.92729907336  9.97480996677  10.7474505473  11.1582289479  11.1582289479  10.7474505473  9.97480996677  8.92729907336  7.71219001653  6.43789774536  5.1983133469  4.06319337421  3.0748741146  2.24998885407  1.58419559796  1.05798510349  0.642122735148  0.301905094894  
0.496840517582  1.05798510349  1.74641040848  2.62129106356  3.7334493988  5.11826229796  6.78628841856  8.71286597585  10.8290648688  13.0173849471  15.1159971044  16.9344848066  18.2813915813  18.9994444717  18.9994444717  18.2813915813  16.9344848066  15.1159971044  13.0173849471  10.8290648688  8.71286597585  6.78628841856  5.11826229796  3.7334493988  2.62129106356  1.74641040848  1.05798510349  0.496840517582  
0.742819228672  1.58419559796  2.62129106356  3.94668217093  5.64186390529  7.76655494666  10.3439379596  13.3434475025  16.6645785442  20.1271197161  23.4745199956  26.3966032389  28.5741040289  29.7396721499  29.7396721499  28.5741040289  26.3966032389  23.4745199956  20.1271197161  16.6645785442  13.3434475025  10.3439379596  7.76655494666  5.64186390529  3.94668217093  2.62129106356  1.58419559796  0.742819228672  
1.05311848613  2.24998885407  3.7334493988  5.64186390529  8.1005867852  11.2068560808  15.0078035645  19.4732824773  24.4680288608  29.7311001448  34.8737808809  39.4083601834  42.8162100903  44.6509251986  44.6509251986  42.8162100903  39.4083601834  34.8737808809  29.7311001448  24.4680288608  19.4732824773  15.0078035645  11.2068560808  8.1005867852  5.64186390529  3.7334493988  2.24998885407  1.05311848613  
1.43635135333  3.0748741146  5.11826229796  7.76655494666  11.2068560808  15.5932718766  21.0157772447  27.4591377306  34.756850224  42.5505974632  50.2725499375  57.1737993753  62.4215303784  65.2702723278  65.2702723278  62.4215303784  57.1737993753  50.2725499375  42.5505974632  34.756850224  27.4591377306  21.0157772447  15.5932718766  11.2068560808  7.76655494666  5.11826229796  3.0748741146  1.43635135333  
1.89398521125  4.06319337421  6.78628841856  10.3439379596  15.0078035645  21.0157772447  28.5304372984  37.5800378657  47.9857586553  59.2866931505  70.6863770854  81.0608612716  89.080918213  93.4879563492  93.4879563492  89.080918213  81.0608612716  70.6863770854  59.2866931505  47.9857586553  37.5800378657  28.5304372984  21.0157772447  15.0078035645  10.3439379596  6.78628841856  4.06319337421  1.89398521125  
2.41776017138  5.1983133469  8.71286597585  13.3434475025  19.4732824773  27.4591377306  37.5800378657  49.9580325417  64.4501818404  80.5192953345  97.1090128427  112.582362951  124.830631115  131.687716497  131.687716497  124.830631115  112.582362951  97.1090128427  80.5192953345  64.4501818404  49.9580325417  37.5800378657  27.4591377306  19.4732824773  13.3434475025  8.71286597585  5.1983133469  2.41776017138  
2.98768207205  6.43789774536  10.8290648688  16.6645785442  24.4680288608  34.756850224  47.9857586553  64.4501818404  84.1394646254  106.533355597  130.352626545  153.326220986  172.153061986  183.012930608  183.012930608  172.153061986  153.326220986  130.352626545  106.533355597  84.1394646254  64.4501818404  47.9857586553  34.756850224  24.4680288608  16.6645785442  10.8290648688  6.43789774536  2.98768207205  
3.57145525652  7.71219001653  13.0173849471  20.1271197161  29.7311001448  42.5505974632  59.2866931505  80.5192953345  106.533355597  137.037804637  170.738046935  204.761350573  234.120413567  251.927818291  251.927818291  234.120413567  204.761350573  170.738046935  137.037804637  106.533355597  80.5192953345  59.2866931505  42.5505974632  29.7311001448  20.1271197161  13.0173849471  7.71219001653  3.57145525652  
4.12620188517  8.92729907336  15.1159971044  23.4745199956  34.8737808809  50.2725499375  70.6863770854  97.1090128427  130.352626545  170.738046935  217.501984723  267.708267372  314.509679348  345.495001461  345.495001461  314.509679348  267.708267372  217.501984723  170.738046935  130.352626545  97.1090128427  70.6863770854  50.2725499375  34.8737808809  23.4745199956  15.1159971044  8.92729907336  4.12620188517  
4.60296430246  9.97480996677  16.9344848066  26.3966032389  39.4083601834  57.1737993753  81.0608612716  112.582362951  153.326220986  204.761350573  267.708267372  340.909967347  417.381307699  476.530163125  476.530163125  417.381307699  340.909967347  267.708267372  204.761350573  153.326220986  112.582362951  81.0608612716  57.1737993753  39.4083601834  26.3966032389  16.9344848066  9.97480996677  4.60296430246  
4.95375766513  10.7474505473  18.2813915813  28.5741040289  42.8162100903  62.4215303784  89.080918213  124.830631115  172.153061986  234.120413567  314.509679348  417.381307699  543.570576149  672.188624836  672.188624836  543.570576149  417.381307699  314.509679348  234.120413567  172.153061986  124.830631115  89.080918213  62.4215303784  42.8162100903  28.5741040289  18.2813915813  10.7474505473  4.95375766513  
5.13995971263  11.1582289479  18.9994444717  29.7396721499  44.6509251986  65.2702723278  93.4879563492  131.687716497  183.012930608  251.927818291  345.495001461  476.530163125  672.188624836  1000.0  1000.0  672.188624836  476.530163125  345.495001461  251.927818291  183.012930608  131.687716497  93.4879563492  65.2702723278  44.6509251986  29.7396721499  18.9994444717  11.1582289479  5.13995971263  
5.13995971263  11.1582289479  18.9994444717  29.7396721499  44.6509251986  65.2702723278  93.4879563492  131.687716497  183.012930608  251.927818291  345.495001461  476.530163125  672.188624836  1000.0  1000.0  672.188624836  476.530163125  345.495001461  251.927818291  183.012930608  131.687716497  93.4879563492  65.2702723278  44.6509251986  29.7396721499  18.9994444717  11.1582289479  5.13995971263  
4.95375766513  10.7474505473  18.2813915813  28.5741040289  42.8162100903  62.4215303784  89.080918213  124.830631115  172.153061986  234.120413567  314.509679348  417.381307699  543.570576149  672.188624836  672.188624836  543.570576149  417.381307699  314.509679348  234.120413567  172.153061986  124.830631115  89.080918213  62.4215303784  42.8162100903  28.5741040289  18.2813915813  10.7474505473  4.95375766513  
4.60296430246  9.97480996677  16.9344848066  26.3966032389  39.4083601834  57.1737993753  81.0608612716  112.582362951  153.326220986  204.761350573  267.708267372  340.909967347  417.381307699  476.530163125  476.530163125  417.381307699  340.909967347  267.708267372  204.761350573  153.326220986  112.582362951  81.0608612716  57.1737993753  39.4083601834  26.3966032389  16.9344848066  9.97480996677  4.60296430246  
4.12620188517  8.92729907336  15.1159971044  23.4745199956  34.8737808809  50.2725499375  70.6863770854  97.1090128427  130.352626545  170.738046935  217.501984723  267.708267372  314.509679348  345.495001461  345.495001461  314.509679348  267.708267372  217.501984723  170.738046935  130.352626545  97.1090128427  70.6863770854  50.2725499375  34.8737808809  23.4745199956  15.1159971044  8.92729907336  4.12620188517  
3.57145525652  7.71219001653  13.0173849471  20.1271197161  29.7311001448  42.5505974632  59.2866931505  80.5192953345  106.533355597  137.037804637  170.738046935  204.761350573  234.120413567  251.927818291  251.927818291  234.120413567  204.761350573  170.738046935  137.037804637  106.533355597  80.5192953345  59.2866931505  42.5505974632  29.7311001448  20.1271197161  13.0173849471  7.71219001653  3.57145525652  
2.98768207205  6.43789774536  10.8290648688  16.6645785442  24.4680288608  34.756850224  47.9857586553  64.4501818404  84.1394646254  106.533355597  130.352626545  153.326220986  172.153061986  183.012930608  183.012930608  172.153061986  153.326220986  130.352626545  106.533355597  84.1394646254  64.4501818404  47.9857586553  34.756850224  24.4680288608  16.6645785442  10.8290648688  6.43789774536  2.98768207205  
2.41776017138  5.1983133469  8.71286597585  13.3434475025  19.4732824773  27.4591377306  37.5800378657  49.9580325417  64.4501818404  80.5192953345  97.1090128427  112.582362951  124.830631115  131.687716497  131.687716497  124.830631115  112.582362951  97.1090128427  80.5192953345  64.4501818404  49.9580325417  37.5800378657  27.4591377306  19.4732824773  13.3434475025  8.71286597585  5.1983133469  2.41776017138  
1.89398521125  4.06319337421  6.78628841856  10.3439379596  15.0078035645  21.0157772447  28.5304372984  37.5800378657  47.9857586553  59.2866931505  70.6863770854  81.0608612716  89.080918213  93.4879563492  93.4879563492  89.080918213  81.0608612716  70.6863770854  59.2866931505  47.9857586553  37.5800378657  28.5304372984  21.0157772447  15.0078035645  10.3439379596  6.78628841856  4.06319337421  1.89398521125  
1.43635135333  3.0748741146  5.11826229796  7.76655494666  11.2068560808  15.5932718766  21.0157772447  27.4591377306  34.756850224  42.5505974632  50.2725499375  57.1737993753  62.4215303784  65.2702723278  65.2702723278  62.4215303784  57.1737993753  50.2725499375  42.5505974632  34.756850224  27.4591377306  21.0157772447  15.5932718766  11.2068560808  7.76655494666  5.11826229796  3.0748741146  1.43635135333  
1.05311848613  2.24998885407  3.7334493988  5.64186390529  8.1005867852  11.2068560808  15.0078035645  19.4732824773  24.4680288608  29.7311001448  34.8737808809  39.4083601834  42.8162100903  44.6509251986  44.6509251986  42.8162100903  39.4083601834  34.8737808809  29.7311001448  24.4680288608  19.4732824773  15.0078035645  11.2068560808  8.1005867852  5.64186390529  3.7334493988  2.24998885407  1.05311848613  
0.742819228672  1.58419559796  2.62129106356  3.94668217093  5.64186390529  7.76655494666  10.3439379596  13.3434475025  16.6645785442  20.1271197161  23.4745199956  26.3966032389  28.5741040289  29.7396721499  29.7396721499  28.5741040289  26.3966032389  23.4745199956  20.1271197161  16.6645785442  13.3434475025  10.3439379596  7.76655494666  5.64186390529  3.94668217093  2.62129106356  1.58419559796  0.742819228672  
0.496840517582  1.05798510349  1.74641040848  2.62129106356  3.7334493988  5.11826229796  6.78628841856  8.71286597585  10.8290648688  13.0173849471  15.1159971044  16.9344848066  18.2813915813  18.9994444717  18.9994444717  18.2813915813  16.9344848066  15.1159971044  13.0173849471  10.8290648688  8.71286597585  6.78628841856  5.11826229796  3.7334493988  2.62129106356  1.74641040848  1.05798510349  0.496840517582  
0.301905094894  0.642122735148  1.05798510349  1.58419559796  2.24998885407  3.0748741146  4.06319337421  5.1983133469  6.43789774536  7.71219001653  8.92729907336  9.97480996677  10.7474505473  11.1582289479  11.1582289479  10.7474505473  9.97480996677  8.92729907336  7.71219001653  6.43789774536  5.1983133469  4.06319337421  3.0748741146  2.24998885407  1.58419559796  1.05798510349  0.642122735148  0.301905094894  
0.1420537396  0.301905094894  0.496840517582  0.742819228672  1.05311848613  1.43635135333  1.89398521125  2.41776017138  2.98768207205  3.57145525652  4.12620188517  4.60296430246  4.95375766513  5.13995971263  5.13995971263  4.95375766513  4.60296430246  4.12620188517  3.57145525652  2.98768207205  2.41776017138  1.89398521125  1.43635135333  1.05311848613  0.742819228672  0.496840517582  0.301905094894  0.1420537396  
