0.346711095951  0.719056550187  1.14100926969  1.63301895386  2.20982269683  2.87794265302  3.63308506579  4.45788595987  5.32066175314  6.17593910182  6.96745427219  7.63392964624  8.11722291397  8.371528349  8.371528349  8.11722291397  7.63392964624  6.96745427219  6.17593910182  5.32066175314  4.45788595987  3.63308506579  2.87794265302  2.20982269683  1.63301895386  1.14100926969  0.719056550187  0.346711095951  
0.719056550187  1.49218056462  2.370103702  3.39643837012  4.60314650138  6.00525102712  7.59519792115  9.33777744003  11.1670057019  12.9866916405  14.6763375308  16.1032862619  17.1404871379  17.6870950605  17.6870950605  17.1404871379  16.1032862619  14.6763375308  12.9866916405  11.1670057019  9.33777744003  7.59519792115  6.00525102712  4.60314650138  3.39643837012  2.370103702  1.49218056462  0.719056550187  
1.14100926969  2.370103702  3.77037434344  5.41413515324  7.35578385552  9.62318438443  12.2081106124  15.057130629  18.0652173589  21.0751108308  23.8856294129  26.2711877767  28.0122363341  28.9322236294  28.9322236294  28.0122363341  26.2711877767  23.8856294129  21.0751108308  18.0652173589  15.057130629  12.2081106124  9.62318438443  7.35578385552  5.41413515324  3.77037434344  2.370103702  1.14100926969  
1.63301895386  3.39643837012  5.41413515324  7.7956721842  10.6262597687  13.9540773734  17.775482784  22.0198883745  26.5375961  31.0953979724  35.3856867024  39.0541683061  41.7477243885  43.1767430744  43.1767430744  41.7477243885  39.0541683061  35.3856867024  31.0953979724  26.5375961  22.0198883745  17.775482784  13.9540773734  10.6262597687  7.7956721842  5.41413515324  3.39643837012  1.63301895386  
2.20982269683  4.60314650138  7.35578385552  10.6262597687  14.5427135181  19.1853960027  24.5649901509  30.5986682873  37.088110417  43.7065162168  50.0043169077  55.4442229205  59.4725450156  61.6220775691  61.6220775691  59.4725450156  55.4442229205  50.0043169077  43.7065162168  37.088110417  30.5986682873  24.5649901509  19.1853960027  14.5427135181  10.6262597687  7.35578385552  4.60314650138  2.20982269683  
2.87794265302  6.00525102712  9.62318438443  13.9540773734  19.1853960027  25.4469176201  32.7804714973  41.103654653  50.1720811622  59.5493675453  68.600001386  76.5256172666  82.4647452697  85.660370716  85.660370716  82.4647452697  76.5256172666  68.600001386  59.5493675453  50.1720811622  41.103654653  32.7804714973  25.4469176201  19.1853960027  13.9540773734  9.62318438443  6.00525102712  2.87794265302  
3.63308506579  7.59519792115  12.2081106124  17.775482784  24.5649901509  32.7804714973  42.5220341924  53.7338591873  66.1429692007  79.1987722054  92.0341563683  103.483941555  112.208766879  116.961241308  116.961241308  112.208766879  103.483941555  92.0341563683  79.1987722054  66.1429692007  53.7338591873  42.5220341924  32.7804714973  24.5649901509  17.775482784  12.2081106124  7.59519792115  3.63308506579  
4.45788595987  9.33777744003  15.057130629  22.0198883745  30.5986682873  41.103654653  53.7338591873  68.5070988878  85.1674885252  103.076130184  121.106826559  137.599983773  150.473615655  157.619046754  157.619046754  150.473615655  137.599983773  121.106826559  103.076130184  85.1674885252  68.5070988878  53.7338591873  41.103654653  30.5986682873  22.0198883745  15.057130629  9.33777744003  4.45788595987  
5.32066175314  11.1670057019  18.0652173589  26.5375961  37.088110417  50.1720811622  66.1429692007  85.1674885252  107.098805145  131.299765117  156.423212189  180.204556658  199.432113611  210.430861501  210.430861501  199.432113611  180.204556658  156.423212189  131.299765117  107.098805145  85.1674885252  66.1429692007  50.1720811622  37.088110417  26.5375961  18.0652173589  11.1670057019  5.32066175314  
6.17593910182  12.9866916405  21.0751108308  31.0953979724  43.7065162168  59.5493675453  79.1987722054  103.076130184  131.299765117  163.437933737  198.123214025  232.522036694  261.829624801  279.465324504  279.465324504  261.829624801  232.522036694  198.123214025  163.437933737  131.299765117  103.076130184  79.1987722054  59.5493675453  43.7065162168  31.0953979724  21.0751108308  12.9866916405  6.17593910182  
6.96745427219  14.6763375308  23.8856294129  35.3856867024  50.0043169077  68.600001386  92.0341563683  121.106826559  156.423212189  198.123214025  245.342779161  295.197190491  341.130653633  371.322550945  371.322550945  341.130653633  295.197190491  245.342779161  198.123214025  156.423212189  121.106826559  92.0341563683  68.600001386  50.0043169077  35.3856867024  23.8856294129  14.6763375308  6.96745427219  
7.63392964624  16.1032862619  26.2711877767  39.0541683061  55.4442229205  76.5256172666  103.483941555  137.599983773  180.204556658  232.522036694  295.197190491  366.959825363  441.153902563  498.193395619  498.193395619  441.153902563  366.959825363  295.197190491  232.522036694  180.204556658  137.599983773  103.483941555  76.5256172666  55.4442229205  39.0541683061  26.2711877767  16.1032862619  7.63392964624  
8.11722291397  17.1404871379  28.0122363341  41.7477243885  59.4725450156  82.4647452697  112.208766879  150.473615655  199.432113611  261.829624801  341.130653633  441.153902563  562.750543887  686.122714977  686.122714977  562.750543887  441.153902563  341.130653633  261.829624801  199.432113611  150.473615655  112.208766879  82.4647452697  59.4725450156  41.7477243885  28.0122363341  17.1404871379  8.11722291397  
8.371528349  17.6870950605  28.9322236294  43.1767430744  61.6220775691  85.660370716  116.961241308  157.619046754  210.430861501  279.465324504  371.322550945  498.193395619  686.122714977  1000.0  1000.0  686.122714977  498.193395619  371.322550945  279.465324504  210.430861501  157.619046754  116.961241308  85.660370716  61.6220775691  43.1767430744  28.9322236294  17.6870950605  8.371528349  
8.371528349  17.6870950605  28.9322236294  43.1767430744  61.6220775691  85.660370716  116.961241308  157.619046754  210.430861501  279.465324504  371.322550945  498.193395619  686.122714977  1000.0  1000.0  686.122714977  498.193395619  371.322550945  279.465324504  210.430861501  157.619046754  116.961241308  85.660370716  61.6220775691  43.1767430744  28.9322236294  17.6870950605  8.371528349  
8.11722291397  17.1404871379  28.0122363341  41.7477243885  59.4725450156  82.4647452697  112.208766879  150.473615655  199.432113611  261.829624801  341.130653633  441.153902563  562.750543887  686.122714977  686.122714977  562.750543887  441.153902563  341.130653633  261.829624801  199.432113611  150.473615655  112.208766879  82.4647452697  59.4725450156  41.7477243885  28.0122363341  17.1404871379  8.11722291397  
7.63392964624  16.1032862619  26.2711877767  39.0541683061  55.4442229205  76.5256172666  103.483941555  137.599983773  180.204556658  232.522036694  295.197190491  366.959825363  441.153902563  498.193395619  498.193395619  441.153902563  366.959825363  295.197190491  232.522036694  180.204556658  137.599983773  103.483941555  76.5256172666  55.4442229205  39.0541683061  26.2711877767  16.1032862619  7.63392964624  
6.96745427219  14.6763375308  23.8856294129  35.3856867024  50.0043169077  68.600001386  92.0341563683  121.106826559  156.423212189  198.123214025  245.342779161  295.197190491  341.130653633  371.322550945  371.322550945  341.130653633  295.197190491  245.342779161  198.123214025  156.423212189  121.106826559  92.0341563683  68.600001386  50.0043169077  35.3856867024  23.8856294129  14.6763375308  6.96745427219  
6.17593910182  12.9866916405  21.0751108308  31.0953979724  43.7065162168  59.5493675453  79.1987722054  103.076130184  131.299765117  163.437933737  198.123214025  232.522036694  261.829624801  279.465324504  279.465324504  261.829624801  232.522036694  198.123214025  163.437933737  131.299765117  103.076130184  79.1987722054  59.5493675453  43.7065162168  31.0953979724  21.0751108308  12.9866916405  6.17593910182  
5.32066175314  11.1670057019  18.0652173589  26.5375961  37.088110417  50.1720811622  66.1429692007  85.1674885252  107.098805145  131.299765117  156.423212189  180.204556658  199.432113611  210.430861501  210.430861501  199.432113611  180.204556658  156.423212189  131.299765117  107.098805145  85.1674885252  66.1429692007  50.1720811622  37.088110417  26.5375961  18.0652173589  11.1670057019  5.32066175314  
4.45788595987  9.33777744003  15.057130629  22.0198883745  30.5986682873  41.103654653  53.7338591873  68.5070988878  85.1674885252  103.076130184  121.106826559  137.599983773  150.473615655  157.619046754  157.619046754  150.473615655  137.599983773  121.106826559  103.076130184  85.1674885252  68.5070988878  53.7338591873  41.103654653  30.5986682873  22.0198883745  15.057130629  9.33777744003  4.45788595987  
3.63308506579  7.59519792115  12.2081106124  17.775482784  24.5649901509  32.7804714973  42.5220341924  53.7338591873  66.1429692007  79.1987722054  92.0341563683  103.483941555  112.208766879  116.961241308  116.961241308  112.208766879  103.483941555  92.0341563683  79.1987722054  66.1429692007  53.7338591873  42.5220341924  32.7804714973  24.5649901509  17.775482784  12.2081106124  7.59519792115  3.63308506579  
2.87794265302  6.00525102712  9.62318438443  13.9540773734  19.1853960027  25.4469176201  32.7804714973  41.103654653  50.1720811622  59.5493675453  68.600001386  76.5256172666  82.4647452697  85.660370716  85.660370716  82.4647452697  76.5256172666  68.600001386  59.5493675453  50.1720811622  41.103654653  32.7804714973  25.4469176201  19.1853960027  13.9540773734  9.62318438443  6.00525102712  2.87794265302  
2.20982269683  4.60314650138  7.35578385552  10.6262597687  14.5427135181  19.1853960027  24.5649901509  30.5986682873  37.088110417  43.7065162168  50.0043169077  55.4442229205  59.4725450156  61.6220775691  61.6220775691  59.4725450156  55.4442229205  50.0043169077  43.7065162168  37.088110417  30.5986682873  24.5649901509  19.1853960027  14.5427135181  10.6262597687  7.35578385552  4.60314650138  2.20982269683  
1.63301895386  3.39643837012  5.41413515324  7.7956721842  10.6262597687  13.9540773734  17.775482784  22.0198883745  26.5375961  31.0953979724  35.3856867024  39.0541683061  41.7477243885  43.1767430744  43.1767430744  41.7477243885  39.0541683061  35.3856867024  31.0953979724  26.5375961  22.0198883745  17.775482784  13.9540773734  10.6262597687  7.7956721842  5.41413515324  3.39643837012  1.63301895386  
1.14100926969  2.370103702  3.77037434344  5.41413515324  7.35578385552  9.62318438443  12.2081106124  15.057130629  18.0652173589  21.0751108308  23.8856294129  26.2711877767  28.0122363341  28.9322236294  28.9322236294  28.0122363341  26.2711877767  23.8856294129  21.0751108308  18.0652173589  15.057130629  12.2081106124  9.62318438443  7.35578385552  5.41413515324  3.77037434344  2.370103702  1.14100926969  
0.719056550187  1.49218056462  2.370103702  3.39643837012  4.60314650138  6.00525102712  7.59519792115  9.33777744003  11.1670057019  12.9866916405  14.6763375308  16.1032862619  17.1404871379  17.6870950605  17.6870950605  17.1404871379  16.1032862619  14.6763375308  12.9866916405  11.1670057019  9.33777744003  7.59519792115  6.00525102712  4.60314650138  3.39643837012  2.370103702  1.49218056462  0.719056550187  
0.346711095951  0.719056550187  1.14100926969  1.63301895386  2.20982269683  2.87794265302  3.63308506579  4.45788595987  5.32066175314  6.17593910182  6.96745427219  7.63392964624  8.11722291397  8.371528349  8.371528349  8.11722291397  7.63392964624  6.96745427219  6.17593910182  5.32066175314  4.45788595987  3.63308506579  2.87794265302  2.20982269683  1.63301895386  1.14100926969  0.719056550187  0.346711095951  
