0.494687517841  1.01728346182  1.59352914182  2.24469823487  2.98509485491  3.81940897984  4.74016504452  5.72570235449  6.73930897158  7.73022102612  8.63710111876  9.39423030906  9.93995945165  10.2260870247  10.2260870247  9.93995945165  9.39423030906  8.63710111876  7.73022102612  6.73930897158  5.72570235449  4.74016504452  3.81940897984  2.98509485491  2.24469823487  1.59352914182  1.01728346182  0.494687517841  
1.01728346182  2.09308480008  3.28156688098  4.62787247333  6.16297083646  7.89809674696  9.81923320725  11.8825309409  14.0119871029  16.1009745895  18.0191055996  19.6251859035  20.7855277166  21.3948196378  21.3948196378  20.7855277166  19.6251859035  18.0191055996  16.1009745895  14.0119871029  11.8825309409  9.81923320725  7.89809674696  6.16297083646  4.62787247333  3.28156688098  2.09308480008  1.01728346182  
1.59352914182  3.28156688098  5.15207959399  7.27937588823  9.71604130087  12.483942049  15.5649040429  18.8924184267  22.3465283993  25.7546998402  28.9015963078  31.5497507313  33.4706764365  34.482011423  34.482011423  33.4706764365  31.5497507313  28.9015963078  25.7546998402  22.3465283993  18.8924184267  15.5649040429  12.483942049  9.71604130087  7.27937588823  5.15207959399  3.28156688098  1.59352914182  
2.24469823487  4.62787247333  7.27937588823  10.3108529255  13.8044784822  17.7998296023  22.2795099133  27.1552630433  32.2576706292  37.3339040322  42.0588455072  46.0642478629  48.9872016  50.5322357797  50.5322357797  48.9872016  46.0642478629  42.0588455072  37.3339040322  32.2576706292  27.1552630433  22.2795099133  17.7998296023  13.8044784822  10.3108529255  7.27937588823  4.62787247333  2.24469823487  
2.98509485491  6.16297083646  9.71604130087  13.8044784822  18.5516046693  24.0259105786  30.2200553215  37.0287042721  44.229157834  51.4713222891  58.2860911015  64.1221067276  68.4173620264  70.7009153936  70.7009153936  68.4173620264  64.1221067276  58.2860911015  51.4713222891  44.229157834  37.0287042721  30.2200553215  24.0259105786  18.5516046693  13.8044784822  9.71604130087  6.16297083646  2.98509485491  
3.81940897984  7.89809674696  12.483942049  17.7998296023  24.0259105786  31.2763165995  39.5699379603  48.7966198735  58.6829913546  68.7664837737  78.3917741679  86.7491321692  92.9738529999  96.3109025097  96.3109025097  92.9738529999  86.7491321692  78.3917741679  68.7664837737  58.6829913546  48.7966198735  39.5699379603  31.2763165995  24.0259105786  17.7998296023  12.483942049  7.89809674696  3.81940897984  
4.74016504452  9.81923320725  15.5649040429  22.2795099133  30.2200553215  39.5699379603  50.4005325327  62.6223405781  75.928583195  89.7402552508  103.172190068  115.05433795  124.054654788  128.939466813  128.939466813  124.054654788  115.05433795  103.172190068  89.7402552508  75.928583195  62.6223405781  50.4005325327  39.5699379603  30.2200553215  22.2795099133  15.5649040429  9.81923320725  4.74016504452  
5.72570235449  11.8825309409  18.8924184267  27.1552630433  37.0287042721  48.7966198735  62.6223405781  78.4829597906  96.0831785129  114.753523513  133.353292906  150.229117483  163.324942029  170.567913292  170.567913292  163.324942029  150.229117483  133.353292906  114.753523513  96.0831785129  78.4829597906  62.6223405781  48.7966198735  37.0287042721  27.1552630433  18.8924184267  11.8825309409  5.72570235449  
6.73930897158  14.0119871029  22.3465283993  32.2576706292  44.229157834  58.6829913546  75.928583195  96.0831785129  118.95309646  143.86706358  169.467323738  193.511001427  212.842170747  223.86215439  223.86215439  212.842170747  193.511001427  169.467323738  143.86706358  118.95309646  96.0831785129  75.928583195  58.6829913546  44.229157834  32.2576706292  22.3465283993  14.0119871029  6.73930897158  
7.73022102612  16.1009745895  25.7546998402  37.3339040322  51.4713222891  68.7664837737  89.7402552508  114.753523513  143.86706358  176.607417756  211.597001421  246.040482308  275.23180554  292.740241913  292.740241913  275.23180554  246.040482308  211.597001421  176.607417756  143.86706358  114.753523513  89.7402552508  68.7664837737  51.4713222891  37.3339040322  25.7546998402  16.1009745895  7.73022102612  
8.63710111876  18.0191055996  28.9015963078  42.0588455072  58.2860911015  78.3917741679  103.172190068  133.353292906  169.467323738  211.597001421  258.857473073  308.40864973  353.842655315  383.617729358  383.617729358  353.842655315  308.40864973  258.857473073  211.597001421  169.467323738  133.353292906  103.172190068  78.3917741679  58.2860911015  42.0588455072  28.9015963078  18.0191055996  8.63710111876  
9.39423030906  19.6251859035  31.5497507313  46.0642478629  64.1221067276  86.7491321692  115.05433795  150.229117483  193.511001427  246.040482308  308.40864973  379.360089962  452.401865264  508.415433408  508.415433408  452.401865264  379.360089962  308.40864973  246.040482308  193.511001427  150.229117483  115.05433795  86.7491321692  64.1221067276  46.0642478629  31.5497507313  19.6251859035  9.39423030906  
9.93995945165  20.7855277166  33.4706764365  48.9872016  68.4173620264  92.9738529999  124.054654788  163.324942029  212.842170747  275.23180554  353.842655315  452.401865264  571.77501742  692.664490998  692.664490998  571.77501742  452.401865264  353.842655315  275.23180554  212.842170747  163.324942029  124.054654788  92.9738529999  68.4173620264  48.9872016  33.4706764365  20.7855277166  9.93995945165  
10.2260870247  21.3948196378  34.482011423  50.5322357797  70.7009153936  96.3109025097  128.939466813  170.567913292  223.86215439  292.740241913  383.617729358  508.415433408  692.664490998  1000.0  1000.0  692.664490998  508.415433408  383.617729358  292.740241913  223.86215439  170.567913292  128.939466813  96.3109025097  70.7009153936  50.5322357797  34.482011423  21.3948196378  10.2260870247  
10.2260870247  21.3948196378  34.482011423  50.5322357797  70.7009153936  96.3109025097  128.939466813  170.567913292  223.86215439  292.740241913  383.617729358  508.415433408  692.664490998  1000.0  1000.0  692.664490998  508.415433408  383.617729358  292.740241913  223.86215439  170.567913292  128.939466813  96.3109025097  70.7009153936  50.5322357797  34.482011423  21.3948196378  10.2260870247  
9.93995945165  20.7855277166  33.4706764365  48.9872016  68.4173620264  92.9738529999  124.054654788  163.324942029  212.842170747  275.23180554  353.842655315  452.401865264  571.77501742  692.664490998  692.664490998  571.77501742  452.401865264  353.842655315  275.23180554  212.842170747  163.324942029  124.054654788  92.9738529999  68.4173620264  48.9872016  33.4706764365  20.7855277166  9.93995945165  
9.39423030906  19.6251859035  31.5497507313  46.0642478629  64.1221067276  86.7491321692  115.05433795  150.229117483  193.511001427  246.040482308  308.40864973  379.360089962  452.401865264  508.415433408  508.415433408  452.401865264  379.360089962  308.40864973  246.040482308  193.511001427  150.229117483  115.05433795  86.7491321692  64.1221067276  46.0642478629  31.5497507313  19.6251859035  9.39423030906  
8.63710111876  18.0191055996  28.9015963078  42.0588455072  58.2860911015  78.3917741679  103.172190068  133.353292906  169.467323738  211.597001421  258.857473073  308.40864973  353.842655315  383.617729358  383.617729358  353.842655315  308.40864973  258.857473073  211.597001421  169.467323738  133.353292906  103.172190068  78.3917741679  58.2860911015  42.0588455072  28.9015963078  18.0191055996  8.63710111876  
7.73022102612  16.1009745895  25.7546998402  37.3339040322  51.4713222891  68.7664837737  89.7402552508  114.753523513  143.86706358  176.607417756  211.597001421  246.040482308  275.23180554  292.740241913  292.740241913  275.23180554  246.040482308  211.597001421  176.607417756  143.86706358  114.753523513  89.7402552508  68.7664837737  51.4713222891  37.3339040322  25.7546998402  16.1009745895  7.73022102612  
6.73930897158  14.0119871029  22.3465283993  32.2576706292  44.229157834  58.6829913546  75.928583195  96.0831785129  118.95309646  143.86706358  169.467323738  193.511001427  212.842170747  223.86215439  223.86215439  212.842170747  193.511001427  169.467323738  143.86706358  118.95309646  96.0831785129  75.928583195  58.6829913546  44.229157834  32.2576706292  22.3465283993  14.0119871029  6.73930897158  
5.72570235449  11.8825309409  18.8924184267  27.1552630433  37.0287042721  48.7966198735  62.6223405781  78.4829597906  96.0831785129  114.753523513  133.353292906  150.229117483  163.324942029  170.567913292  170.567913292  163.324942029  150.229117483  133.353292906  114.753523513  96.0831785129  78.4829597906  62.6223405781  48.7966198735  37.0287042721  27.1552630433  18.8924184267  11.8825309409  5.72570235449  
4.74016504452  9.81923320725  15.5649040429  22.2795099133  30.2200553215  39.5699379603  50.4005325327  62.6223405781  75.928583195  89.7402552508  103.172190068  115.05433795  124.054654788  128.939466813  128.939466813  124.054654788  115.05433795  103.172190068  89.7402552508  75.928583195  62.6223405781  50.4005325327  39.5699379603  30.2200553215  22.2795099133  15.5649040429  9.81923320725  4.74016504452  
3.81940897984  7.89809674696  12.483942049  17.7998296023  24.0259105786  31.2763165995  39.5699379603  48.7966198735  58.6829913546  68.7664837737  78.3917741679  86.7491321692  92.9738529999  96.3109025097  96.3109025097  92.9738529999  86.7491321692  78.3917741679  68.7664837737  58.6829913546  48.7966198735  39.5699379603  31.2763165995  24.0259105786  17.7998296023  12.483942049  7.89809674696  3.81940897984  
2.98509485491  6.16297083646  9.71604130087  13.8044784822  18.5516046693  24.0259105786  30.2200553215  37.0287042721  44.229157834  51.4713222891  58.2860911015  64.1221067276  68.4173620264  70.7009153936  70.7009153936  68.4173620264  64.1221067276  58.2860911015  51.4713222891  44.229157834  37.0287042721  30.2200553215  24.0259105786  18.5516046693  13.8044784822  9.71604130087  6.16297083646  2.98509485491  
2.24469823487  4.62787247333  7.27937588823  10.3108529255  13.8044784822  17.7998296023  22.2795099133  27.1552630433  32.2576706292  37.3339040322  42.0588455072  46.0642478629  48.9872016  50.5322357797  50.5322357797  48.9872016  46.0642478629  42.0588455072  37.3339040322  32.2576706292  27.1552630433  22.2795099133  17.7998296023  13.8044784822  10.3108529255  7.27937588823  4.62787247333  2.24469823487  
1.59352914182  3.28156688098  5.15207959399  7.27937588823  9.71604130087  12.483942049  15.5649040429  18.8924184267  22.3465283993  25.7546998402  28.9015963078  31.5497507313  33.4706764365  34.482011423  34.482011423  33.4706764365  31.5497507313  28.9015963078  25.7546998402  22.3465283993  18.8924184267  15.5649040429  12.483942049  9.71604130087  7.27937588823  5.15207959399  3.28156688098  1.59352914182  
1.01728346182  2.09308480008  3.28156688098  4.62787247333  6.16297083646  7.89809674696  9.81923320725  11.8825309409  14.0119871029  16.1009745895  18.0191055996  19.6251859035  20.7855277166  21.3948196378  21.3948196378  20.7855277166  19.6251859035  18.0191055996  16.1009745895  14.0119871029  11.8825309409  9.81923320725  7.89809674696  6.16297083646  4.62787247333  3.28156688098  2.09308480008  1.01728346182  
0.494687517841  1.01728346182  1.59352914182  2.24469823487  2.98509485491  3.81940897984  4.74016504452  5.72570235449  6.73930897158  7.73022102612  8.63710111876  9.39423030906  9.93995945165  10.2260870247  10.2260870247  9.93995945165  9.39423030906  8.63710111876  7.73022102612  6.73930897158  5.72570235449  4.74016504452  3.81940897984  2.98509485491  2.24469823487  1.59352914182  1.01728346182  0.494687517841  
