0.194967452417  0.410581033439  0.666612007686  0.980800880255  1.36721493788  1.83406402048  2.38113755539  2.99728886299  3.65864932806  4.32841842948  4.95902942429  5.49712179231  5.89102100245  6.09946296087  6.09946296087  5.89102100245  5.49712179231  4.95902942429  4.32841842948  3.65864932806  2.99728886299  2.38113755539  1.83406402048  1.36721493788  0.980800880255  0.666612007686  0.410581033439  0.194967452417  
0.410581033439  0.865252791206  1.40637432819  2.07222491442  2.89357627102  3.88903076902  5.05942886472  6.38219838979  7.80710421649  9.25528194881  10.6234427608  11.7944286754  12.6537092479  13.1091395451  13.1091395451  12.6537092479  11.7944286754  10.6234427608  9.25528194881  7.80710421649  6.38219838979  5.05942886472  3.88903076902  2.89357627102  2.07222491442  1.40637432819  0.865252791206  0.410581033439  
0.666612007686  1.40637432819  2.2899245691  3.38181478918  4.73505004301  6.38338593972  8.33176215666  10.5462025207  12.9455742888  15.3985081691  17.7290872881  19.7340159533  21.2113426304  21.996473178  21.996473178  21.2113426304  19.7340159533  17.7290872881  15.3985081691  12.9455742888  10.5462025207  8.33176215666  6.38338593972  4.73505004301  3.38181478918  2.2899245691  1.40637432819  0.666612007686  
0.980800880255  2.07222491442  3.38181478918  5.00929096562  7.03878887463  9.52735206012  12.4899784207  15.8829408456  19.5888512874  23.4087137405  27.0673630741  30.2381043839  32.5886652071  33.842935891  33.842935891  32.5886652071  30.2381043839  27.0673630741  23.4087137405  19.5888512874  15.8829408456  12.4899784207  9.52735206012  7.03878887463  5.00929096562  3.38181478918  2.07222491442  0.980800880255  
1.36721493788  2.89357627102  4.73505004301  7.03878887463  9.93293641661  13.5105101385  17.807277016  22.7754646341  28.2577982518  33.9695504767  39.4993013429  44.34017901  47.959435866  49.9018802911  49.9018802911  47.959435866  44.34017901  39.4993013429  33.9695504767  28.2577982518  22.7754646341  17.807277016  13.5105101385  9.93293641661  7.03878887463  4.73505004301  2.89357627102  1.36721493788  
1.83406402048  3.88903076902  6.38338593972  9.52735206012  13.5105101385  18.4805348097  24.5120592857  31.5669832894  39.4511397858  47.7774340635  55.9520481106  63.2060006643  68.6937115446  71.6634717397  71.6634717397  68.6937115446  63.2060006643  55.9520481106  47.7774340635  39.4511397858  31.5669832894  24.5120592857  18.4805348097  13.5105101385  9.52735206012  6.38338593972  3.88903076902  1.83406402048  
2.38113755539  5.05942886472  8.33176215666  12.4899784207  17.807277016  24.5120592857  32.7465881749  42.5100338523  53.5895802712  65.4905636914  77.3884016532  88.1408016865  96.411178722  100.941804138  100.941804138  96.411178722  88.1408016865  77.3884016532  65.4905636914  53.5895802712  42.5100338523  32.7465881749  24.5120592857  17.807277016  12.4899784207  8.33176215666  5.05942886472  2.38113755539  
2.99728886299  6.38219838979  10.5462025207  15.8829408456  22.7754646341  31.5669832894  42.5100338523  55.6901165225  70.9229575403  87.6323604946  104.732913988  120.574530832  133.052789137  140.017549233  140.017549233  133.052789137  120.574530832  104.732913988  87.6323604946  70.9229575403  55.6901165225  42.5100338523  31.5669832894  22.7754646341  15.8829408456  10.5462025207  6.38219838979  2.99728886299  
3.65864932806  7.80710421649  12.9455742888  19.5888512874  28.2577982518  39.4511397858  53.5895802712  70.9229575403  91.3903408362  114.426094338  138.721390366  162.000917023  180.988396685  191.90882338  191.90882338  180.988396685  162.000917023  138.721390366  114.426094338  91.3903408362  70.9229575403  53.5895802712  39.4511397858  28.2577982518  19.5888512874  12.9455742888  7.80710421649  3.65864932806  
4.32841842948  9.25528194881  15.3985081691  23.4087137405  33.9695504767  47.7774340635  65.4905636914  87.6323604946  114.426094338  145.526069897  179.60536186  213.797262465  243.170293003  260.936536771  260.936536771  243.170293003  213.797262465  179.60536186  145.526069897  114.426094338  87.6323604946  65.4905636914  47.7774340635  33.9695504767  23.4087137405  15.3985081691  9.25528194881  4.32841842948  
4.95902942429  10.6234427608  17.7290872881  27.0673630741  39.4993013429  55.9520481106  77.3884016532  104.732913988  138.721390366  179.60536186  226.578929163  276.715662705  323.260851032  353.998349411  353.998349411  323.260851032  276.715662705  226.578929163  179.60536186  138.721390366  104.732913988  77.3884016532  55.9520481106  39.4993013429  27.0673630741  17.7290872881  10.6234427608  4.95902942429  
5.49712179231  11.7944286754  19.7340159533  30.2381043839  44.34017901  63.2060006643  88.1408016865  120.574530832  162.000917023  213.797262465  276.715662705  349.487133403  425.232340129  483.694232813  483.694232813  425.232340129  349.487133403  276.715662705  213.797262465  162.000917023  120.574530832  88.1408016865  63.2060006643  44.34017901  30.2381043839  19.7340159533  11.7944286754  5.49712179231  
5.89102100245  12.6537092479  21.2113426304  32.5886652071  47.959435866  68.6937115446  96.411178722  133.052789137  180.988396685  243.170293003  323.260851032  425.232340129  549.922541495  676.808322949  676.808322949  549.922541495  425.232340129  323.260851032  243.170293003  180.988396685  133.052789137  96.411178722  68.6937115446  47.959435866  32.5886652071  21.2113426304  12.6537092479  5.89102100245  
6.09946296087  13.1091395451  21.996473178  33.842935891  49.9018802911  71.6634717397  100.941804138  140.017549233  191.90882338  260.936536771  353.998349411  483.694232813  676.808322949  1000.0  1000.0  676.808322949  483.694232813  353.998349411  260.936536771  191.90882338  140.017549233  100.941804138  71.6634717397  49.9018802911  33.842935891  21.996473178  13.1091395451  6.09946296087  
6.09946296087  13.1091395451  21.996473178  33.842935891  49.9018802911  71.6634717397  100.941804138  140.017549233  191.90882338  260.936536771  353.998349411  483.694232813  676.808322949  1000.0  1000.0  676.808322949  483.694232813  353.998349411  260.936536771  191.90882338  140.017549233  100.941804138  71.6634717397  49.9018802911  33.842935891  21.996473178  13.1091395451  6.09946296087  
5.89102100245  12.6537092479  21.2113426304  32.5886652071  47.959435866  68.6937115446  96.411178722  133.052789137  180.988396685  243.170293003  323.260851032  425.232340129  549.922541495  676.808322949  676.808322949  549.922541495  425.232340129  323.260851032  243.170293003  180.988396685  133.052789137  96.411178722  68.6937115446  47.959435866  32.5886652071  21.2113426304  12.6537092479  5.89102100245  
5.49712179231  11.7944286754  19.7340159533  30.2381043839  44.34017901  63.2060006643  88.1408016865  120.574530832  162.000917023  213.797262465  276.715662705  349.487133403  425.232340129  483.694232813  483.694232813  425.232340129  349.487133403  276.715662705  213.797262465  162.000917023  120.574530832  88.1408016865  63.2060006643  44.34017901  30.2381043839  19.7340159533  11.7944286754  5.49712179231  
4.95902942429  10.6234427608  17.7290872881  27.0673630741  39.4993013429  55.9520481106  77.3884016532  104.732913988  138.721390366  179.60536186  226.578929163  276.715662705  323.260851032  353.998349411  353.998349411  323.260851032  276.715662705  226.578929163  179.60536186  138.721390366  104.732913988  77.3884016532  55.9520481106  39.4993013429  27.0673630741  17.7290872881  10.6234427608  4.95902942429  
4.32841842948  9.25528194881  15.3985081691  23.4087137405  33.9695504767  47.7774340635  65.4905636914  87.6323604946  114.426094338  145.526069897  179.60536186  213.797262465  243.170293003  260.936536771  260.936536771  243.170293003  213.797262465  179.60536186  145.526069897  114.426094338  87.6323604946  65.4905636914  47.7774340635  33.9695504767  23.4087137405  15.3985081691  9.25528194881  4.32841842948  
3.65864932806  7.80710421649  12.9455742888  19.5888512874  28.2577982518  39.4511397858  53.5895802712  70.9229575403  91.3903408362  114.426094338  138.721390366  162.000917023  180.988396685  191.90882338  191.90882338  180.988396685  162.000917023  138.721390366  114.426094338  91.3903408362  70.9229575403  53.5895802712  39.4511397858  28.2577982518  19.5888512874  12.9455742888  7.80710421649  3.65864932806  
2.99728886299  6.38219838979  10.5462025207  15.8829408456  22.7754646341  31.5669832894  42.5100338523  55.6901165225  70.9229575403  87.6323604946  104.732913988  120.574530832  133.052789137  140.017549233  140.017549233  133.052789137  120.574530832  104.732913988  87.6323604946  70.9229575403  55.6901165225  42.5100338523  31.5669832894  22.7754646341  15.8829408456  10.5462025207  6.38219838979  2.99728886299  
2.38113755539  5.05942886472  8.33176215666  12.4899784207  17.807277016  24.5120592857  32.7465881749  42.5100338523  53.5895802712  65.4905636914  77.3884016532  88.1408016865  96.411178722  100.941804138  100.941804138  96.411178722  88.1408016865  77.3884016532  65.4905636914  53.5895802712  42.5100338523  32.7465881749  24.5120592857  17.807277016  12.4899784207  8.33176215666  5.05942886472  2.38113755539  
1.83406402048  3.88903076902  6.38338593972  9.52735206012  13.5105101385  18.4805348097  24.5120592857  31.5669832894  39.4511397858  47.7774340635  55.9520481106  63.2060006643  68.6937115446  71.6634717397  71.6634717397  68.6937115446  63.2060006643  55.9520481106  47.7774340635  39.4511397858  31.5669832894  24.5120592857  18.4805348097  13.5105101385  9.52735206012  6.38338593972  3.88903076902  1.83406402048  
1.36721493788  2.89357627102  4.73505004301  7.03878887463  9.93293641661  13.5105101385  17.807277016  22.7754646341  28.2577982518  33.9695504767  39.4993013429  44.34017901  47.959435866  49.9018802911  49.9018802911  47.959435866  44.34017901  39.4993013429  33.9695504767  28.2577982518  22.7754646341  17.807277016  13.5105101385  9.93293641661  7.03878887463  4.73505004301  2.89357627102  1.36721493788  
0.980800880255  2.07222491442  3.38181478918  5.00929096562  7.03878887463  9.52735206012  12.4899784207  15.8829408456  19.5888512874  23.4087137405  27.0673630741  30.2381043839  32.5886652071  33.842935891  33.842935891  32.5886652071  30.2381043839  27.0673630741  23.4087137405  19.5888512874  15.8829408456  12.4899784207  9.52735206012  7.03878887463  5.00929096562  3.38181478918  2.07222491442  0.980800880255  
0.666612007686  1.40637432819  2.2899245691  3.38181478918  4.73505004301  6.38338593972  8.33176215666  10.5462025207  12.9455742888  15.3985081691  17.7290872881  19.7340159533  21.2113426304  21.996473178  21.996473178  21.2113426304  19.7340159533  17.7290872881  15.3985081691  12.9455742888  10.5462025207  8.33176215666  6.38338593972  4.73505004301  3.38181478918  2.2899245691  1.40637432819  0.666612007686  
0.410581033439  0.865252791206  1.40637432819  2.07222491442  2.89357627102  3.88903076902  5.05942886472  6.38219838979  7.80710421649  9.25528194881  10.6234427608  11.7944286754  12.6537092479  13.1091395451  13.1091395451  12.6537092479  11.7944286754  10.6234427608  9.25528194881  7.80710421649  6.38219838979  5.05942886472  3.88903076902  2.89357627102  2.07222491442  1.40637432819  0.865252791206  0.410581033439  
0.194967452417  0.410581033439  0.666612007686  0.980800880255  1.36721493788  1.83406402048  2.38113755539  2.99728886299  3.65864932806  4.32841842948  4.95902942429  5.49712179231  5.89102100245  6.09946296087  6.09946296087  5.89102100245  5.49712179231  4.95902942429  4.32841842948  3.65864932806  2.99728886299  2.38113755539  1.83406402048  1.36721493788  0.980800880255  0.666612007686  0.410581033439  0.194967452417  
