3.31604719181  3.3095689803  3.29490319351  3.26849633835  3.22474399569  3.15583779773  3.051848027  2.90125276967  2.6920955503  2.41383481817  2.05972996955  1.62932603449  1.13035144337  0.579274651178  
1.76306233869  1.75948309296  1.75139849875  1.73688982297  1.71294687493  1.67540455442  1.61901039668  1.53773031768  1.42537932303  1.27659736898  1.08807628826  0.859804502467  0.595983844397  0.305255400909  
0.908876081653  0.906968410745  0.902668204224  0.894973870197  0.882321317778  0.862559347231  0.832994792056  0.790560272708  0.732144859156  0.655092457934  0.557815170493  0.440402119356  0.305054174044  0.156173038331  
0.454445755288  0.453463820291  0.451254390405  0.447311524447  0.44084833445  0.430788226386  0.415791851981  0.394345092947  0.364926326155  0.3262531254  0.277580498023  0.218991544452  0.151599528507  0.0775818919245  
0.220475917221  0.219987297006  0.218889647957  0.216935450378  0.213741101938  0.208784172901  0.201418290142  0.190917445658  0.17655779345  0.157736126144  0.134110963114  0.105737942288  0.0731617996745  0.0374288706488  
0.103827429234  0.103592156485  0.103064401285  0.102126795319  0.100598008849  0.0982320781226  0.0947261414668  0.0897419314825  0.0829445025206  0.074057473822  0.0629279830996  0.0495882032707  0.0342963070112  0.0175408561225  
0.0474801115305  0.0473703998498  0.0471246185121  0.0466887883546  0.0459797417803  0.0448850634458  0.0432669126481  0.0409720878456  0.0378497995108  0.0337766953844  0.0286859668174  0.0225946070103  0.0156212495218  0.00798762369584  
0.0210931660847  0.0210435802434  0.0209326249334  0.0207362057386  0.0204172890587  0.0199259724595  0.0192012914928  0.0181757779518  0.0167833732677  0.0149704480606  0.0127085000426  0.0100059314728  0.00691564048723  0.003535467786  
0.00910722822748  0.0090854909673  0.00903690146135  0.0089510152979  0.00881181337172  0.00859776892088  0.00828266813642  0.00783760962785  0.00723442567082  0.0064504011016  0.0054736675305  0.0043081650556  0.00297679816086  0.00152155744902  
0.00382315204921  0.0038139032887  0.00379324873465  0.00375678925032  0.00369779035745  0.00360722391327  0.00347412731133  0.00328645390645  0.00303251020967  0.00270292191437  0.00229286575322  0.00180410765084  0.00124628403861  0.000636928113374  
0.00156081507727  0.00155699397081  0.00154846770802  0.001533435266  0.00150914411212  0.00147191208275  0.00141727924136  0.00134035887844  0.00123642438556  0.0011017063531  0.000934292016493  0.000734941503763  0.000507595734842  0.000259378637111  
0.000619037610679  0.000617506098142  0.000614091281163  0.000608077155465  0.00059837104428  0.000583513967366  0.00056174266034  0.00053113006141  0.00048981805409  0.0004363316275  0.000369931530881  0.000290932569872  0.000200899883638  0.000102646987533  
0.000235900635047  0.000235311727879  0.000233999481932  0.000231690510402  0.000227968128156  0.000222276853039  0.00021394661592  0.000202246698244  0.000186474401282  0.000166074108413  0.000140770347977  0.000110687339682  7.64221462571e-05  3.90430375314e-05  
7.85704252295e-05  7.83729547824e-05  7.79331484004e-05  7.71598208951e-05  7.5914121877e-05  7.40111714358e-05  7.12282654555e-05  6.73229375111e-05  6.20624825341e-05  5.52634469197e-05  4.68356182602e-05  3.68214115733e-05  2.54198313518e-05  1.29857115242e-05  
