3.96116176231e-08  3.96116175986e-08  3.96116173479e-08  3.961161501e-08  3.96115950922e-08  3.96114411796e-08  3.96103713039e-08  3.96037480457e-08  3.95676759447e-08  3.93974587163e-08  3.87149117337e-08  3.64472344476e-08  3.04111718034e-08  1.81077912683e-08  
3.60117751104e-09  3.60117750895e-09  3.60117748735e-09  3.60117728442e-09  3.60117554382e-09  3.60116200598e-09  3.60106732554e-09  3.60047784729e-09  3.59725060951e-09  3.58195053965e-09  3.52034962147e-09  3.31499842248e-09  2.76699054095e-09  1.64808398395e-09  
3.06217721936e-10  3.06217721769e-10  3.06217720035e-10  3.06217703632e-10  3.06217561924e-10  3.06216452246e-10  3.06208641235e-10  3.0615971465e-10  3.05890345227e-10  3.04606728183e-10  2.99415058935e-10  2.82040695891e-10  2.35529641678e-10  1.40353368301e-10  
2.44281567582e-11  2.44281567458e-11  2.44281566159e-11  2.44281553765e-11  2.44281445909e-11  2.44280595312e-11  2.44274567387e-11  2.44236567617e-11  2.44026101344e-11  2.43017623476e-11  2.38918394052e-11  2.25140096412e-11  1.88122624032e-11  1.12170668965e-11  
1.83317666899e-12  1.83317666812e-12  1.83317665899e-12  1.83317657121e-12  1.83317580138e-12  1.8331696854e-12  1.83312603723e-12  1.83284903268e-12  1.83130509732e-12  1.82386354673e-12  1.79345267482e-12  1.69074832498e-12  1.41370793519e-12  8.4354088545e-13  
1.2972856583e-13  1.29728565774e-13  1.2972856517e-13  1.29728559325e-13  1.29728507654e-13  1.29728094024e-13  1.29725120423e-13  1.2970611696e-13  1.29599495285e-13  1.29082401595e-13  1.2695714049e-13  1.19742836507e-13  1.00197215684e-13  5.98344108212e-14  
8.6766009325e-15  8.676600929e-15  8.67660089145e-15  8.67660052455e-15  8.6765972552e-15  8.67657087798e-15  8.6763798148e-15  8.67514991815e-15  8.66820173398e-15  8.63428521788e-15  8.49404715033e-15  8.01540610593e-15  6.7125203184e-15  4.01204394327e-15  
5.49571773236e-16  5.49571773032e-16  5.49571770825e-16  5.49571749073e-16  5.49571553632e-16  5.49569964065e-16  5.49558360183e-16  5.494831041e-16  5.4905490578e-16  5.46950556798e-16  5.38194540359e-16  5.08137981211e-16  4.25912989298e-16  2.54810603067e-16  
3.30264270759e-17  3.30264270647e-17  3.30264269419e-17  3.30264257213e-17  3.30264146606e-17  3.30263239559e-17  3.3025656495e-17  3.3021294255e-17  3.29962898201e-17  3.28725438338e-17  3.23542607271e-17  3.05644600673e-17  2.56423310039e-17  1.53567515718e-17  
1.88623203874e-18  1.88623203815e-18  1.88623203167e-18  1.88623196672e-18  1.88623137305e-18  1.88622646315e-18  1.88619003562e-18  1.88595006806e-18  1.88456407327e-18  1.87765502209e-18  1.84852058518e-18  1.74727951701e-18  1.46731999099e-18  8.79707153485e-19  
1.02541321273e-19  1.02541321244e-19  1.02541320919e-19  1.02541317637e-19  1.02541287364e-19  1.02541034827e-19  1.02539145395e-19  1.0252659717e-19  1.02453553033e-19  1.02086709726e-19  1.00528880839e-19  9.50803085278e-20  7.99268977888e-20  4.79735472888e-20  
5.31365438124e-21  5.31365437987e-21  5.31365436442e-21  5.3136542066e-21  5.31365273789e-21  5.313640377e-21  5.31354709769e-21  5.3129224282e-21  5.30925690808e-21  5.29070621428e-21  5.21135684478e-21  4.93196495853e-21  4.15029504494e-21  2.49405450707e-21  
2.62814291063e-22  2.62814291001e-22  2.628142903e-22  2.62814283072e-22  2.6281421518e-22  2.6281363862e-22  2.62809249356e-22  2.62779604243e-22  2.62604214037e-22  2.61709578729e-22  2.57854242884e-22  2.44185474721e-22  2.05707820937e-22  1.23770465503e-22  
1.23979173513e-23  1.23979173486e-23  1.23979173184e-23  1.23979170031e-23  1.23979140142e-23  1.23978883978e-23  1.23976916356e-23  1.23963511387e-23  1.23883536579e-23  1.23472310767e-23  1.21686639064e-23  1.1531077545e-23  9.7249003357e-24  5.85879641886e-24  
