16.1649852497  16.0915173424  15.9364147623  15.6836341637  15.3099610539  14.786350397  14.0801554563  13.1584383795  11.992380511  10.5625173561  8.86415067702  6.91193128997  4.74240625581  2.41344503244  
10.3751586545  10.3262610669  10.2232352265  10.0558422882  9.80935425873  9.46549685759  9.00395540916  8.4045356452  7.64995453812  6.7290557728  5.64003060433  4.39303730764  3.01153310501  1.53174051718  
6.51656061913  6.48486642426  6.41820608027  6.31019474745  6.15169544257  5.93145304673  5.63707580493  5.25640480507  4.77923789242  4.19926680277  3.51596617222  2.73607670461  1.87429691255  0.952876546431  
4.0055749546  3.98555219929  3.94350637461  3.87554467166  3.77612129419  3.63844787409  3.45511319231  3.21892817622  2.92396694212  2.56671211568  2.14714644291  1.66958390673  1.143026136  0.580881862301  
2.40969257792  2.39735530628  2.3714849425  2.32975980291  2.2688853045  2.184850894  2.07331021147  1.93008959323  1.75180327311  1.53651815143  1.28437510437  0.998049441487  0.682932881339  0.346951741764  
1.41887571892  1.4114570607  1.39592038379  1.37091068683  1.33451173817  1.28440211661  1.2180822543  1.13317326321  1.02777292731  0.900834519283  0.752514943228  0.584426703245  0.399729883171  0.203019597864  
0.81781419795  0.813458378455  0.804346464  0.78970433008  0.768440499945  0.739238292819  0.700688033035  0.651458693832  0.590499698031  0.517252848324  0.431844288656  0.335220565847  0.229194611354  0.116378581063  
0.461460955378  0.458962629053  0.453741709503  0.445365158317  0.433224021489  0.416586430953  0.394672752333  0.366752014093  0.332254001963  0.290885651843  0.242735157463  0.18834441353  0.128731732131  0.0653530060597  
0.254922999601  0.253522722907  0.250599141485  0.245915031746  0.239137574982  0.229868085735  0.217683738936  0.202190579526  0.183084544418  0.160214205382  0.133636278758  0.103653626645  0.0708263393628  0.0359499003919  
0.137848115599  0.137081128132  0.135481076763  0.132920709239  0.129221858696  0.124171715361  0.117545469483  0.109134828953  0.0987805708006  0.0864057267134  0.0720446641322  0.0558627090086  0.0381614809699  0.0193669348813  
0.0728769176898  0.0724667918993  0.0716118331828  0.0702452736152  0.0682737988055  0.0655862340433  0.0620655424982  0.0576038241667  0.0521193116213  0.0455735692725  0.0379864407533  0.0294460067622  0.0201111161719  0.0102050051959  
0.0374558083454  0.0372429241487  0.036799424629  0.0360912313674  0.0350707905953  0.0336815717713  0.0318642427507  0.0295643406134  0.026740909618  0.0233751875523  0.0194781011571  0.0150952043052  0.0103078561318  0.00522991964461  
0.0182395418125  0.0181350301645  0.017917417192  0.0175702065295  0.0170704080329  0.016390741067  0.0155026438182  0.0143799924423  0.0130032680373  0.0113637255693  0.00946697041697  0.00733529321248  0.00500819654011  0.00254077986192  
0.00736680653687  0.00732435827993  0.00723600529719  0.00709511296878  0.00689244304756  0.00661704686877  0.00625748118002  0.00580330554801  0.00524675429975  0.00458440339955  0.00381859478586  0.00295836032291  0.00201962183324  0.00102453696507  
