3.46401435115  3.45707219485  3.4413915617  3.41324533778  3.36677180301  3.29383146949  3.18411116705  3.02568988066  2.80624871067  2.51498405956  2.14505926808  1.69614339267  1.17633715978  0.602720754078  
1.85119923306  1.84734398598  1.8386555931  1.82311189423  1.79754940138  1.75760570161  1.69779978616  1.61185964446  1.49338415695  1.33685693583  1.13891238606  0.899612693041  0.623381478485  0.319224395312  
0.95943847002  0.957372671412  0.952726495186  0.944439009733  0.930858159288  0.909719501511  0.878198674963  0.833091685611  0.771163468666  0.689668085784  0.586984565806  0.463244280278  0.320775352639  0.164188743954  
0.482411240734  0.481341967324  0.478941425999  0.474670852238  0.467694693502  0.456873694841  0.440795897296  0.417871553078  0.386510296196  0.345379919792  0.293717065598  0.231628162347  0.1602968669  0.0820164239446  
0.235402441962  0.234867271601  0.233667750353  0.231538837368  0.228070948972  0.222708194949  0.214765419651  0.203476209426  0.188079979602  0.167946903418  0.142725656849  0.112484307524  0.077805169303  0.039796423253  
0.111522767509  0.111263531417  0.110683327216  0.109655752676  0.107986079859  0.105411086377  0.101607902069  0.0962174079276  0.0888856925126  0.0793226253031  0.0673702474783  0.0530671284377  0.0366908170674  0.0187617788399  
0.0513154076952  0.0511937711073  0.0509218860851  0.0504412705668  0.0496620775713  0.0484632859976  0.0466970757543  0.0441998424485  0.0408113311629  0.0364013233815  0.030900459162  0.0243289136702  0.0168149789652  0.0085962948353  
0.0229425319065  0.0228872049609  0.0227636806444  0.0225456930313  0.0221929868447  0.0216515079118  0.0208554761319  0.019732401834  0.0182116558241  0.0162362911405  0.0137765696941  0.0108424250955  0.00749141354001  0.00382905260281  
0.00997066630097  0.00994625294621  0.00989180384922  0.00979586064897  0.00964089966299  0.00940345475989  0.00905506204533  0.00856447317578  0.00790138338468  0.00704152537093  0.00597245109241  0.00469881417733  0.00324569424495  0.00165866846084  
0.00421374514007  0.00420328780108  0.00417998656007  0.00413898355155  0.0040728634741  0.00397172041473  0.00382357309255  0.00361531200698  0.00333427550226  0.00297038564149  0.00251855569783  0.00198087370986  0.00136796024222  0.000698972036341  
0.0017320843155  0.00172773416157  0.00171804916002  0.00170102712066  0.00167361689195  0.00163175121651  0.0015705231248  0.00148457933991  0.001368768085  0.00121901075166  0.00103327849572  0.000812472388996  0.00056096495404  0.000286592507233  
0.000691734054344  0.00068997836679  0.000686072481574  0.000679214998505  0.000668186452384  0.000651364319899  0.000626795436753  0.000592354480416  0.000546002594071  0.000486133239514  0.000411957656787  0.000323850348214  0.000223559681606  0.000114201760044  
0.000265379892241  0.000264700228608  0.000263189147342  0.000260538629131  0.000256280560109  0.000249793105548  0.000240329129874  0.000227077430632  0.000209261909712  0.00018627350318  0.000157816569788  0.00012403948698  8.56136311971e-05  4.37300566628e-05  
8.88793408822e-05  8.86501749597e-05  8.81409200773e-05  8.72482790692e-05  8.58154127919e-05  8.36342282169e-05  8.04550541516e-05  7.60072543516e-05  7.00324256691e-05  6.232839242e-05  5.2797862559e-05  4.14916849342e-05  2.86348550702e-05  1.46251677274e-05  
