0.694603792371  0.694093674785  0.692828146795  0.690254228318  0.685394022368  0.67669468975  0.661892800469  0.637972588674  0.601322819059  0.548189644635  0.475455808668  0.381641356996  0.267852845994  0.138294255054  
0.308292771043  0.308057710775  0.307475867312  0.306296171794  0.304076708586  0.300119810967  0.293415404649  0.282628045095  0.266172882554  0.242420571007  0.210039999484  0.168428852422  0.118112431865  0.0609483020723  
0.131693840332  0.131590131865  0.13133393386  0.130815927057  0.129844482323  0.12811859565  0.125205017315  0.120534728516  0.113437588908  0.103231075162  0.0893653246571  0.0716020691018  0.0501771518548  0.0258805316854  
0.0541841883699  0.0541403100471  0.0540321057819  0.0538138634542  0.053405739909  0.0526828721651  0.0514664469448  0.0495229544485  0.0465791819814  0.0423590847688  0.0366429194184  0.0293391030355  0.0205484185333  0.0105945024377  
0.021489071748  0.0214712437257  0.0214273483714  0.0213390053742  0.021174211379  0.0208831098469  0.0203946155458  0.0196163560563  0.0184408587765  0.0167602775533  0.0144896420671  0.0115947570161  0.00811678927017  0.00418358216633  
0.00822118816435  0.00821422283777  0.00819709679809  0.0081626950758  0.00809866325526  0.00798581940982  0.00779691827817  0.00749670642745  0.00704436540594  0.00639917479909  0.00552933548951  0.00442244602855  0.00309462880245  0.00159461613307  
0.00303637711747  0.00303375717722  0.00302732322661  0.00301442085989  0.0029904520473  0.00294829859038  0.00287788360991  0.00276621643292  0.00259831834782  0.0023593220107  0.00203770622245  0.00162910253603  0.00113957879023  0.000587074477088  
0.00108345256569  0.0010825027406  0.00108017269582  0.00107550704238  0.00106685431172  0.00105166439967  0.00102633767867  0.000986248521038  0.000926082624042  0.000840588179544  0.000725722417974  0.000579990608199  0.000405591417895  0.000208907214822  
0.000373784270372  0.00037345202588  0.000372637753773  0.000371009383923  0.000367993962198  0.000362708739367  0.00035391079771  0.000340007393863  0.000319174364205  0.000289615793643  0.000249957189014  0.000199701678262  0.000139617446989  7.19005738177e-05  
0.000124768751213  0.000124656506767  0.000124381642185  0.000123832597112  0.000122817194945  0.000121039926514  0.000118085625502  0.00011342356163  0.000106447537242  9.65626924173e-05  8.33160398832e-05  6.6547084942e-05  4.65149572622e-05  2.39509899388e-05  
4.03238142137e-05  4.02871570964e-05  4.01974554805e-05  4.00184532775e-05  3.96877826088e-05  3.91097036636e-05  3.81499668943e-05  3.66373145768e-05  3.43765967588e-05  3.11768562886e-05  2.6893314185e-05  2.14755843901e-05  1.5008154653e-05  7.72689397435e-06  
1.26217957893e-05  1.26102174028e-05  1.25819021999e-05  1.25254470089e-05  1.24212600287e-05  1.22393107113e-05  1.19375591824e-05  1.14624744851e-05  1.07531818717e-05  9.75026086584e-06  8.40883147694e-06  6.71352046282e-06  4.69096970375e-06  2.41487427067e-06  
3.8100569177e-06  3.80653474569e-06  3.79792575536e-06  3.7807736335e-06  3.74914630721e-06  3.69396254881e-06  3.60252761266e-06  3.45870207765e-06  3.24416440717e-06  2.94106836845e-06  2.53597873793e-06  2.02435675432e-06  1.4142943801e-06  7.28002392576e-07  
1.03978832224e-06  1.03882134916e-06  1.03645880903e-06  1.03175446123e-06  1.02308559303e-06  1.00797048875e-06  9.82943768122e-07  9.43605083958e-07  8.84965913096e-07  8.02175088183e-07  6.91589771576e-07  5.51992734146e-07  3.85602721821e-07  1.98473723332e-07  
