6.56670606295  6.54783655059  6.50651619637  6.43550315219  6.32383766566  6.15699653068  5.91750823971  5.58627920551  5.14479419137  4.57815633202  3.87863350162  3.04904173098  2.1050474784  1.07546696477  
3.78472628296  3.77342999089  3.74874734019  3.70646645069  3.6402480882  3.54175382166  3.40104501082  3.20738418322  2.95051376114  2.62237138053  2.21903720055  1.74253628295  1.20200606163  0.613761926533  
2.12300325893  2.1164544342  2.10217305159  2.07778080541  2.03971529798  1.98332074267  1.90309230418  1.79314145556  1.64791548765  1.46313938069  1.23686100486  0.970394059859  0.66890275086  0.341394477439  
1.15926056271  1.15558041211  1.14756894515  1.1339212945  1.11269111814  1.08134892544  1.03692475473  0.976268888546  0.896444653339  0.795232206759  0.671676988507  0.526573856526  0.362755857026  0.185072186096  
0.616342103988  0.614335709483  0.609974754027  0.602563149732  0.591066413398  0.574146684797  0.550242660885  0.517710902581  0.475034192402  0.42108419613  0.355402811295  0.278445949167  0.191724008477  0.0977828402872  
0.31913809192  0.318076028071  0.315770843983  0.311861282969  0.305812190458  0.296934427515  0.284428016483  0.267456380509  0.245253844255  0.217259182164  0.183256706039  0.143496579926  0.0987620480683  0.0503566416179  
0.160977436442  0.160431210329  0.159247132582  0.157242708852  0.154148359388  0.149618236589  0.143252728544  0.134636323202  0.123391600127  0.109245470203  0.0920983322798  0.0720822424623  0.0495925363662  0.0252802107745  
0.0791225552395  0.0788494311507  0.0782580373679  0.0772585956179  0.0757188146919  0.0734695350975  0.0703160953916  0.0660571013046  0.0605108398074  0.0535473384071  0.0451214973433  0.0353006280625  0.0242790604909  0.012373941987  
0.0379057187462  0.0377728673442  0.037485496979  0.0370005779533  0.0362548432241  0.0351676284213  0.0336464406963  0.0315960093639  0.0289308798081  0.0255905575419  0.0215550219714  0.0168574881602  0.0115910287581  0.0059063849236  
0.0177041668436  0.0176412744863  0.0175053562882  0.0172763125796  0.0169246476665  0.0164128513027  0.0156980485613  0.0147362483365  0.0134881975743  0.0119263643781  0.0100420371357  0.00785111179495  0.00539703615524  0.00274972023057  
0.00806027686723  0.00803129828295  0.00796872318874  0.00786340181307  0.00770193003816  0.00746730010703  0.00714012597177  0.00670058507662  0.00613107143448  0.00541933816501  0.00456167106635  0.00356545537429  0.00245045872446  0.00124830990309  
0.00356853024955  0.00355556432551  0.00352758663226  0.003480547436  0.00340852288828  0.00330401142964  0.00315848338372  0.00296324322493  0.00271059910052  0.00239523972494  0.00201561688326  0.00157505592625  0.00108230217797  0.000551280992388  
0.00151172221014  0.00150618015255  0.00149422899129  0.00147415378134  0.00144344911278  0.0013989476068  0.00133705519795  0.00125411723309  0.00114691200043  0.00101322882705  0.000852445742536  0.000665990816312  0.000457566119142  0.000233042969964  
0.000548521851214  0.000546497851242  0.0005421351707  0.000534811755995  0.000523619662907  0.000507412442652  0.00048489114424  0.000454737347785  0.000415791719498  0.000367262401233  0.00030893252283  0.000241325236929  0.000165783049282  8.44290252644e-05  
