19.9127680845  19.8130937945  19.6041762806  19.2673217943  18.7757203957  18.0962268879  17.1921432056  16.0271559107  14.5703894076  12.8022275981  10.720177188  8.34369202261  5.71669728987  2.90670576939  
13.1049759373  13.0369920674  12.8947721687  12.666146537  12.3337678036  11.8763745517  11.2707004462  10.494091732  9.5277664309  8.36045724151  6.99196113973  5.43593482636  3.72120993959  1.89103365759  
8.45138395503  8.40616337603  8.31172612173  8.16031854501  7.94094673139  7.64023786943  7.24370758762  6.73745317734  6.11020953379  5.35558930921  4.47420499325  3.47527687267  2.37731294631  1.20754233433  
5.34088575983  5.31152889291  5.25031498402  5.15240635513  5.01097537607  4.81777180734  4.56393981477  4.24108643329  3.84255180194  3.36476366312  2.80848987437  2.1797556858  1.49019200265  0.75664439412  
3.30756030329  3.2889474951  3.25018988145  3.18833031018  3.09921209139  2.97784145497  2.81890039225  2.61740544372  2.36947704222  2.07314497031  1.72907789371  1.34110177896  0.916376402093  0.465139265572  
2.00739836952  1.99586681959  1.97188395968  1.9336781673  1.87876799331  1.80418737975  1.70679968054  1.58369501186  1.43264730134  1.25258534577  1.04401191425  0.809293725017  0.55274984916  0.280490472882  
1.19403650407  1.18705179705  1.17254118253  1.14946414289  1.11636778752  1.07152322803  1.01311339709  0.939467686654  0.849328365508  0.742121492356  0.618194255126  0.478975341486  0.327018639464  0.165904948498  
0.696119721026  0.691981917087  0.683394123873  0.669757107472  0.650236433404  0.623843056521  0.589543158872  0.546393877359  0.49369571074  0.431145712002  0.358969909262  0.278010918393  0.189749239785  0.0962450036637  
0.397764731519  0.395366609775  0.390393807772  0.382507910177  0.371238807045  0.356031217633  0.33630753731  0.311544773664  0.281360113537  0.245596073141  0.204393248885  0.15823755723  0.107970454975  0.0547552826102  
0.222690467297  0.221330884221  0.218513838916  0.214051959974  0.207685512701  0.199108647779  0.18800459042  0.174088372227  0.157153965119  0.137120779885  0.114072991642  0.0882846528331  0.0602245175145  0.0305370604852  
0.121958238816  0.121205345922  0.11964645061  0.117179997104  0.113665471015  0.10893785781  0.102826900139  0.0951803213687  0.0858892593981  0.0749131698626  0.0623007021051  0.0482028347941  0.0328751121899  0.0166672003268  
0.0648959477286  0.0644914579488  0.063654456499  0.0623314111065  0.0604483726109  0.0579187010561  0.0546532998661  0.0505728857368  0.0456213452492  0.0397787295803  0.0330720656573  0.0255820718548  0.0174441716694  0.00884292053996  
0.0326132956746  0.0324084293058  0.0319847152213  0.0313154644449  0.0303638570577  0.0290868362951  0.0274402443414  0.0253849509886  0.022893492882  0.0199564998558  0.0165880088921  0.0128287304854  0.00874648937441  0.00443341932461  
0.0134823599948  0.0133972179883  0.0132211831813  0.0129432836476  0.0125483960256  0.0120188581613  0.0113365897728  0.0104856151517  0.00945478713871  0.00824041463478  0.00684842632222  0.0052956910775  0.00361018148218  0.0018298132848  
