0.00407999697958  0.00407992993083  0.00407968330823  0.00407888551846  0.00407648604533  0.00406977569019  0.00405239764088  0.00401092261587  0.00392018706122  0.00373929499552  0.00341275061989  0.00288258784014  0.00211374674434  0.00112424834554  
0.00104880949495  0.00104879187311  0.00104872709797  0.00104851776382  0.00104788896833  0.00104613330296  0.00104159537765  0.00103078943783  0.00100720943424  0.000960331006243  0.000875953630794  0.000739356873743  0.000541779230839  0.000288008452931  
0.000255682445537  0.000255678074756  0.000255662015035  0.000255610149551  0.000255454502992  0.000255020450846  0.000253900229787  0.000251237456599  0.00024543875636  0.000233936372286  0.000213281539707  0.000179921114294  0.00013176787309  7.00184773767e-05  
5.92306501252e-05  5.9229624211e-05  5.92258553727e-05  5.92136886279e-05  5.91771998446e-05  5.90755332648e-05  5.88134449837e-05  5.81913168714e-05  5.68386766368e-05  5.41603112478e-05  4.9359746231e-05  4.16204570475e-05  3.04678941112e-05  1.61846294871e-05  
1.30633082228e-05  1.30630797737e-05  1.30622405284e-05  1.30595316649e-05  1.30514106023e-05  1.30287966443e-05  1.29705469089e-05  1.28324193751e-05  1.2532467355e-05  1.19393498605e-05  1.0877835354e-05  9.16899423701e-06  6.70973230112e-06  3.56330022842e-06  
2.74782856953e-06  2.7477801994e-06  2.74760247104e-06  2.74702877768e-06  2.7453090887e-06  2.74052199808e-06  2.72819776927e-06  2.69899445235e-06  2.63563477535e-06  2.51047952636e-06  2.28673949693e-06  1.92696780513e-06  1.40973803649e-06  7.48508492143e-07  
5.52174805142e-07  5.52165046882e-07  5.52129179407e-07  5.52013373024e-07  5.51666205474e-07  5.50699890127e-07  5.48212834688e-07  5.42322240437e-07  5.29549904271e-07  5.04339568819e-07  4.59308998502e-07  3.86962634522e-07  2.83035203956e-07  1.50255303804e-07  
1.06167089599e-07  1.06165210294e-07  1.06158299355e-07  1.06135976356e-07  1.06069037548e-07  1.05882698241e-07  1.05403136449e-07  1.04267549908e-07  1.01806234039e-07  9.69504908737e-08  8.82823570456e-08  7.4364849512e-08  5.43837577407e-08  2.88673047609e-08  
1.95597722663e-08  1.95594261602e-08  1.95581526089e-08  1.95540365331e-08  1.95416883985e-08  1.9507304616e-08  1.94188029554e-08  1.9209238397e-08  1.87550949661e-08  1.78594101924e-08  1.62611099845e-08  1.36959940636e-08  1.00148460211e-08  5.31548595797e-09  
3.45775102748e-09  3.45768997455e-09  3.45746515582e-09  3.45673802604e-09  3.45455535283e-09  3.44847487771e-09  3.43281934601e-09  3.39574244028e-09  3.31539207824e-09  3.15693717049e-09  2.87423953922e-09  2.42065530168e-09  1.76990186742e-09  9.39337073186e-10  
5.8727193703e-10  5.87261606178e-10  5.87223532276e-10  5.87100285726e-10  5.86730056996e-10  5.85698058909e-10  5.83039730578e-10  5.7674201159e-10  5.63091515265e-10  5.36170342036e-10  4.88142429527e-10  4.11090903726e-10  3.00561706351e-10  1.595106569e-10  
9.59451865922e-11  9.59435074194e-11  9.59373130892e-11  9.59172425058e-11  9.58568993547e-11  9.56885723011e-11  9.5254718854e-11  9.4226420919e-11  9.19968126217e-11  8.75987096631e-11  7.97515977288e-11  6.71621808275e-11  4.91034788628e-11  2.60591900932e-11  
1.50892013318e-11  1.50889389254e-11  1.50879699357e-11  1.50848269087e-11  1.50753680862e-11  1.504896035e-11  1.49808468684e-11  1.48193122927e-11  1.44689028077e-11  1.37774539872e-11  1.25434878378e-11  1.05635265061e-11  7.72322436548e-12  4.09871338343e-12  
2.24233438912e-12  2.24229567189e-12  2.24215254862e-12  2.24168779484e-12  2.24028770018e-12  2.2363752555e-12  2.22627586244e-12  2.20230851179e-12  2.15028858659e-12  2.04759543478e-12  1.86426963112e-12  1.57004936574e-12  1.14792543275e-12  6.09212692562e-13  
