31.7523690595  31.5580732044  31.1566279862  30.5232031327  29.6228377013  28.4134053403  26.8498364635  24.8896251282  22.4994250123  19.6622121097  16.3841125093  12.6996647699  8.67415690799  4.40190415257  
22.1062228141  21.9662580938  21.6775837057  21.2233730138  20.5800937205  19.7196710031  18.612490033  17.2312050822  15.555169887  13.5750983437  11.2973458501  8.74703676747  5.96923701201  3.02755773748  
15.1281884189  15.0295411494  14.8264048637  14.5075781855  14.0574888285  13.4577215073  12.68909535  11.7342398077  10.5805179633  9.22302027824  7.66722826805  5.9308679467  4.04448372505  2.05039981304  
10.1760544655  10.1079816372  9.96800182654  9.74878562918  9.44019701315  9.03034282732  8.50697572091  7.85920090931  7.07937349882  6.16499767697  5.12037053286  3.95767650664  2.69725870631  1.3668864338  
6.72796984701  6.68195024959  6.58743731506  6.43971495687  6.23229139019  5.95760228586  5.60793754179  5.17655092958  4.65887227674  4.05369746938  3.36419413259  2.59854493499  1.77006953933  0.89672719947  
4.37216504379  4.34167158455  4.27911519371  4.18151085118  4.04476649109  3.86414348722  3.63485646297  3.35278186432  3.01522062341  2.62163452481  2.17425574916  1.6784628729  1.14283146102  0.57880616502  
2.79261286799  2.77280036483  2.73219592069  2.66894063892  2.58049551588  2.46393666063  2.31633603402  2.135206131  1.91897260681  1.66742414954  1.38207822121  1.06639935516  0.725817232819  0.367515853965  
1.75307483263  1.74044893788  1.71459586606  1.67437656145  1.61824028141  1.54441007827  1.45112000744  1.33688950017  1.20081184946  1.04282546296  0.863930952437  0.666316893789  0.453364138201  0.229513231665  
1.08133933447  1.07344729602  1.05730012679  1.03221113421  0.997248145056  0.951347778633  0.893460545858  0.8227172984  0.738602628911  0.641116200154  0.53090010269  0.409310664883  0.278417659062  0.140922631443  
0.654825985528  0.649990538414  0.640104123358  0.62475974045  0.603406321351  0.57541775045  0.540179972599  0.497190213693  0.446159528533  0.387107345203  0.320435214326  0.246967389739  0.167948671526  0.0849951083082  
0.388181703003  0.385285761745  0.3793684652  0.370193282687  0.357440688304  0.340748935508  0.319765251583  0.294203801691  0.263905193205  0.228890909798  0.189405335539  0.145938380066  0.099223402693  0.0502081133061  
0.223065553393  0.221386879238  0.217958646864  0.212647317714  0.205272850844  0.19563204465  0.183527718686  0.168801589916  0.151367833238  0.131243582756  0.108572274334  0.0836359770653  0.0568538386843  0.0287654410988  
0.120016985073  0.119107561324  0.117251092392  0.114376766159  0.110389261668  0.105181263162  0.0986490534566  0.0907100135519  0.0813204083514  0.0704914688216  0.0583016149988  0.0449028150823  0.0305196039641  0.0154401658891  
0.0521111800203  0.0517145145884  0.0509049989101  0.0496521874556  0.047915140133  0.0456478417664  0.0428059406544  0.0393542918422  0.035274601818  0.0305723179062  0.0252818406682  0.0194692079431  0.0132316288848  0.00669362390297  
