7.10672968258e-12  7.10672968258e-12  7.10672968257e-12  7.10672968226e-12  7.1067296763e-12  7.10672957416e-12  7.10672802439e-12  7.10670743552e-12  7.10647123789e-12  7.10417293418e-12  7.08565391769e-12  6.96614654761e-12  6.3781948587e-12  4.33927756047e-12  
3.15842204692e-13  3.15842204692e-13  3.15842204691e-13  3.15842204679e-13  3.1584220445e-13  3.15842200451e-13  3.15842138638e-13  3.15841302741e-13  3.15831548894e-13  3.15735090956e-13  3.14945883178e-13  3.09779773811e-13  2.84031262772e-13  1.93733407682e-13  
1.2989225194e-14  1.2989225194e-14  1.2989225194e-14  1.29892251936e-14  1.29892251855e-14  1.29892250415e-14  1.29892227725e-14  1.29891915201e-14  1.2988820343e-14  1.298508719e-14  1.29540497058e-14  1.27478048479e-14  1.17055913174e-14  8.00647182342e-15  
4.95790217022e-16  4.95790217022e-16  4.95790217021e-16  4.95790217008e-16  4.95790216745e-16  4.9579021196e-16  4.95790135068e-16  4.95789055561e-16  4.95775997405e-16  4.95642337489e-16  4.94512361099e-16  4.86884540048e-16  4.47775328172e-16  3.07183953758e-16  
1.76095932933e-17  1.76095932933e-17  1.76095932933e-17  1.7609593293e-17  1.7609593285e-17  1.76095931379e-17  1.76095907253e-17  1.76095561802e-17  1.76091303023e-17  1.76046910061e-17  1.75665027475e-17  1.73044479751e-17  1.59402469985e-17  1.0969775942e-17  
5.8336443365e-19  5.8336443365e-19  5.83364433649e-19  5.83364433639e-19  5.83364433418e-19  5.83364429223e-19  5.83364358967e-19  5.83363332322e-19  5.83350424841e-19  5.83213317275e-19  5.82012413453e-19  5.73629620685e-19  5.29291918872e-19  3.6545218969e-19  
1.80616460224e-20  1.80616460224e-20  1.80616460224e-20  1.80616460221e-20  1.80616460164e-20  1.80616459052e-20  1.80616440025e-20  1.80616156074e-20  1.80612513001e-20  1.80573052895e-20  1.80220912367e-20  1.77718862374e-20  1.64264574709e-20  1.13808793799e-20  
5.23586123869e-22  5.23586123869e-22  5.23586123869e-22  5.23586123863e-22  5.23586123725e-22  5.23586120982e-22  5.23586072966e-22  5.23585340727e-22  5.23575747514e-22  5.23469723218e-22  5.22505110912e-22  5.15524230214e-22  4.77335765692e-22  3.31904589554e-22  
1.42340966788e-23  1.42340966788e-23  1.42340966788e-23  1.42340966787e-23  1.42340966756e-23  1.42340966125e-23  1.42340954817e-23  1.4234077848e-23  1.4233841785e-23  1.42311779754e-23  1.42064539132e-23  1.40240929622e-23  1.30085797244e-23  9.07893407448e-24  
3.63413332539e-25  3.63413332539e-25  3.63413332539e-25  3.63413332536e-25  3.63413332471e-25  3.63413331115e-25  3.6341330623e-25  3.63412909118e-25  3.63407473283e-25  3.6334480284e-25  3.62751015316e-25  3.58284425197e-25  3.32948550338e-25  2.33267535245e-25  
8.72464714039e-27  8.72464714039e-27  8.72464714039e-27  8.72464714034e-27  8.72464713906e-27  8.72464711181e-27  8.72464659944e-27  8.72463822643e-27  8.72452095178e-27  8.72313861022e-27  8.70975965195e-27  8.60705695551e-27  8.01327937255e-27  5.6365687942e-27  
1.97175688543e-28  1.97175688543e-28  1.97175688543e-28  1.97175688542e-28  1.97175688518e-28  1.97175688006e-28  1.97175678126e-28  1.97175512667e-28  1.97173139693e-28  1.97144522972e-28  1.96861410787e-28  1.94642095978e-28  1.81555622032e-28  1.28231824144e-28  
4.19895163951e-30  4.19895163951e-30  4.19895163951e-30  4.19895163949e-30  4.19895163909e-30  4.19895163007e-30  4.1989514515e-30  4.19894838449e-30  4.19890331151e-30  4.19834680665e-30  4.19271509684e-30  4.1476028903e-30  3.87611879229e-30  2.74927654011e-30  
8.43009896837e-32  8.43009896837e-32  8.43009896837e-32  8.43009896834e-32  8.4300989677e-32  8.43009895282e-32  8.43009865017e-32  8.43009331496e-32  8.43001291047e-32  8.4289957873e-32  8.41845964944e-32  8.33215719225e-32  7.80175464516e-32  5.55777342572e-32  
