1.63997327684  1.63788072304  1.63295616237  1.62360985582  1.60720998347  1.57987615988  1.53636762904  1.47021377624  1.37424304172  1.24161231062  1.06729892751  0.849803141006  0.592588625174  0.304683950876  
0.803217451538  0.802152541381  0.799652144255  0.794922189297  0.786654702536  0.772933527088  0.751190351119  0.718282081097  0.670761602882  0.605384326114  0.519823663673  0.413468384341  0.288078091315  0.148034964759  
0.380084832829  0.379563923382  0.378343334117  0.376041105661  0.372030856875  0.365400070721  0.354933693382  0.339156028549  0.316463159298  0.28536297123  0.244807050048  0.19455339976  0.135457481675  0.0695756943632  
0.173862675924  0.173617433294  0.173043831917  0.171964738338  0.170090790889  0.167002498667  0.162144479437  0.154846635825  0.144386263668  0.130097765641  0.111521706108  0.0885650732062  0.0616272662007  0.0316418150745  
0.0769213579429  0.076810099436  0.0765502988094  0.0760626765596  0.0752181622571  0.0738304380011  0.0716540543616  0.0683945444484  0.0637364361084  0.0573916951357  0.0491645738034  0.0390203872442  0.027138650125  0.0139295558818  
0.0329340280745  0.0328853369159  0.0327718027116  0.0325591478372  0.032191732985  0.0315895403175  0.0306476132986  0.029240655369  0.0272352045136  0.0245103178326  0.0209849180271  0.0166464627266  0.0115727687636  0.00593838409554  
0.0136535801901  0.0136330029566  0.0135850845851  0.013495495556  0.0133410371327  0.013088455098  0.0126942961276  0.0121069082869  0.0112715482135  0.0101389298424  0.00867640754258  0.00687958556196  0.00478104412739  0.00245274960758  
0.00548403741401  0.00547563209749  0.00545608108997  0.00541958769988  0.00535678901191  0.00525430230674  0.0050946982937  0.00485733668265  0.00452043686893  0.00406450045502  0.00347674824781  0.00275568789309  0.0019145097655  0.000981978305493  
0.00213527993805  0.00213195842909  0.00212424041462  0.00210985502725  0.00208514176928  0.00204488178559  0.00198229792313  0.00188939071896  0.00175775075279  0.00157988694132  0.00135093527815  0.001070405257  0.000743466073888  0.000381268804069  
0.000806405966115  0.000805135131296  0.000802184848128  0.000796692970934  0.000787272261881  0.000771949300983  0.000748167961419  0.000712919742071  0.000663052440008  0.000595770220562  0.000509272641511  0.000403403727456  0.000280126098051  0.000143634754149  
0.000295533076003  0.000295061969611  0.000293969165275  0.000291937258997  0.000288456337287  0.000282802441031  0.000274039944406  0.000261070404082  0.0002427462481  0.000218053497804  0.000186343920996  0.000147569573668  0.000102452908635  5.25260336016e-05  
0.000105075675233  0.000104906481133  0.000104514289601  0.000103785803356  0.000102539261652  0.000100517050178  9.73868896359e-05  9.27595355344e-05  8.62293657995e-05  7.74391669548e-05  6.61620375846e-05  5.2383751024e-05  3.63621223075e-05  1.86402299456e-05  
3.59812624824e-05  3.59228214086e-05  3.57874387916e-05  3.55361879839e-05  3.51066944161e-05  3.44106838959e-05  3.33344900637e-05  3.17452113949e-05  2.95046559949e-05  2.64914710627e-05  2.26290009623e-05  1.79131910132e-05  1.24325942227e-05  6.37268811103e-06  
1.0955445569e-05  1.09375336286e-05  1.08960590552e-05  1.08191395332e-05  1.06877527323e-05  1.04750082341e-05  1.01463253316e-05  9.66132975777e-06  8.97810988331e-06  8.0599413167e-06  6.88372513348e-06  5.44841463473e-06  3.78103288455e-06  1.93793906902e-06  
