7.00362371538  6.98278590113  6.937287433  6.8594162522  6.73754261876  6.55632382588  6.2973956162  5.94080174351  5.46731960201  4.86163437884  4.11600857153  3.23375388952  2.23156518771  1.13978010793  
4.06755140266  4.05498191464  4.02759649475  3.98087878774  3.90805568957  3.80025802317  3.64696888805  3.43689194864  3.15931125063  2.80589343703  2.37271486009  1.86212131858  1.28391607635  0.655399759376  
2.30003512328  2.29268995969  2.27671798808  2.24955025448  2.20735266989  2.14513705617  2.05703638045  1.93681200618  1.77862398977  1.57802739147  1.33306748374  1.04525864629  0.72018193954  0.367461720001  
1.26650359849  1.26234142306  1.25330657547  1.23797865576  1.21424666335  1.17937963892  1.13018805487  1.06330991661  0.975634347248  0.864838383048  0.729965753798  0.571932833791  0.393825247133  0.200866095461  
0.67926534757  0.676976367153  0.6720154174  0.663618598364  0.650654771715  0.631667800477  0.604967461384  0.568785650935  0.521502817267  0.46193000706  0.389608031185  0.305064066729  0.209956741551  0.107051389891  
0.354922539175  0.353699907456  0.351053777656  0.346584313621  0.339701366939  0.329648494547  0.315552346809  0.296505382874  0.271683657054  0.240491402217  0.202712262866  0.158636912927  0.109132913923  0.0556286759937  
0.180716031933  0.180081316284  0.178709328678  0.176396286036  0.172842259291  0.16766425317  0.160422152552  0.150661263379  0.13797198186  0.122062127261  0.102831702152  0.0804350968911  0.055314167318  0.0281888267588  
0.0896896794839  0.0893692260154  0.088677319617  0.0875127803815  0.0857270612777  0.0831311030161  0.0795085432444  0.0746369901916  0.0683174783475  0.0604097931041  0.0508686069381  0.0397731819885  0.0273427590507  0.0139313988079  
0.043399526914  0.0432420925913  0.0429025119075  0.0423318250184  0.0414583091476  0.0401909473189  0.0384259551571  0.0360571340576  0.0329900475732  0.0291588649362  0.0245434387682  0.019183194017  0.0131841576689  0.0067162719551  
0.0204791831602  0.0204038857038  0.0202416189315  0.0199692864723  0.0195531192221  0.0189503741453  0.0181124679482  0.016989883735  0.0155388251785  0.013729058996  0.0115518051882  0.00902609473971  0.00620192059956  0.00315889674527  
0.0094219663103  0.00938690667141  0.00931141431465  0.00918486835839  0.0089917666033  0.0087125318284  0.0083249745001  0.00780655762213  0.00713744263926  0.00630405413821  0.00530264218294  0.00414212951559  0.00284549629705  0.00144913559873  
0.00421561104492  0.00419975826202  0.00416564786699  0.00410853074458  0.00402148548997  0.00389578869045  0.00372157729565  0.00348886446149  0.00318889588807  0.00281572755213  0.00236779322287  0.00184914847935  0.00127006565311  0.000646735337007  
0.0018038401847  0.00179699610525  0.00178227878494  0.00175765742192  0.0017201760419  0.00166611532072  0.00159127877019  0.00149142819013  0.00136286159372  0.00120308206655  0.00101145906661  0.000789750147019  0.000542346900193  0.000276143784549  
0.000659728141865  0.00065720883528  0.000651793809506  0.000642740729793  0.000628970059677  0.000609125126733  0.000581677501095  0.000545086437336  0.000498009576093  0.000439545913592  0.000369475187249  0.000288445930478  0.00019806319278  0.000100839691582  
