1.73589437843  1.73359974171  1.72821733114  1.71804692601  1.70028536798  1.67081914926  1.62412009857  1.55339694969  1.4511618923  1.31031286201  1.12568655856  0.895817241494  0.624413263698  0.320960360915  
0.855812779563  0.85463728108  0.851886284355  0.846705156685  0.83769198137  0.822802748157  0.799311467889  0.763899079183  0.712944851609  0.643061964558  0.551846486959  0.43870569101  0.305533332327  0.156962416417  
0.407759309789  0.407180330344  0.405828126561  0.403288882365  0.398886789059  0.391642040771  0.380256572468  0.363162016064  0.338662986385  0.305192397128  0.261661013418  0.207836495451  0.144644887187  0.0742746498938  
0.187853606253  0.187579068525  0.186939057533  0.185740339606  0.183668566413  0.180270220987  0.174947930931  0.166984705613  0.155611538276  0.140124859158  0.120044530521  0.0952823802144  0.0662734879562  0.0340181926006  
0.0837251268093  0.0835996534772  0.0833076225359  0.0827619275302  0.0818213478906  0.0802830149157  0.077881047607  0.0742981534812  0.0691963130717  0.0622689909323  0.0533103391405  0.0422880052006  0.0293988536631  0.0150855892019  
0.036120129248  0.036064796612  0.035936200586  0.0356963995472  0.0352840648789  0.0346114263513  0.0335639539434  0.0320056518592  0.0297924848242  0.0267948290317  0.0229268615585  0.0181771220011  0.012631551154  0.00647993220165  
0.0150917896907  0.0150682214895  0.0150135186319  0.014911698247  0.0147369936368  0.0144526502682  0.0140108906992  0.0133552285425  0.0124261408316  0.011170415006  0.00955325588374  0.00757075134593  0.00525914844152  0.00269729570856  
0.00611044927352  0.00610074436541  0.00607824481771  0.00603643408369  0.00596483086447  0.00584852748974  0.00566821012496  0.00540113068936  0.00502342377327  0.00451387725081  0.00385877239398  0.00305682535955  0.0021228234491  0.00108853085187  
0.00239877619498  0.00239490936379  0.0023859538339  0.00236933604874  0.0023409251101  0.0022948605355  0.00222357194536  0.00211817232442  0.00196937397876  0.0017689634285  0.00151168003528  0.00119712007994  0.000831124426949  0.000426106933728  
0.000913543691778  0.000912051685514  0.000908599376638  0.000902201593364  0.000891279850078  0.00087359977228  0.000846282497627  0.000805958262502  0.000749117211773  0.000672669148905  0.000574651769153  0.00045494400099  0.000315781535581  0.000161873218995  
0.000337671038836  0.000337113167047  0.000335823372374  0.00033343588301  0.000329365573619  0.00032278582278  0.000312633987087  0.000297669382873  0.000276603552557  0.00024830648836  0.000212066059013  0.000167847894242  0.000116481835677  5.97022488708e-05  
0.000121102092202  0.000120899983964  0.000120433047188  0.000119569596187  0.000118099267564  0.000115725390874  0.000112067345892  0.000106681730605  9.91092555068e-05  8.89484794969e-05  7.59481068261e-05  6.00990139109e-05  4.16998544879e-05  2.13706934222e-05  
4.1824158661e-05  4.17537481951e-05  4.15911778025e-05  4.12908194687e-05  4.07798717284e-05  3.9955817676e-05  3.8687355465e-05  3.68218178846e-05  3.42014170494e-05  3.06886407451e-05  2.61979070438e-05  2.07270005182e-05  1.4379361403e-05  7.36855663579e-06  
1.28272964263e-05  1.28055580866e-05  1.27553903817e-05  1.26627648406e-05  1.25053190186e-05  1.22515986737e-05  1.18613702769e-05  1.12879217232e-05  1.04830554926e-05  9.404860915e-06  8.02737063431e-06  6.35012147078e-06  4.40490534713e-06  2.25708613011e-06  
