22.8082959531  22.6869851798  22.4338412496  22.0283779249  21.4413768918  20.6369880044  19.575905726  18.2197437055  16.5365262066  14.5068996432  12.1302857979  9.42984989802  6.45499009995  3.28022959493  
15.2579536001  15.1738843528  14.9987845199  14.719151119  14.3158453556  13.7655937066  13.0431901119  12.124438553  10.9897381868  9.62801625195  8.04049333173  6.24358575085  4.27019499702  2.16878163247  
10.0108879013  9.95401782399  9.83576769766  9.64741776022  9.37667596819  9.00871140744  8.52763395861  7.91842305626  7.16921980095  6.27377726078  5.23373884173  4.06032376897  2.77498833948  1.40873856668  
6.44201641771  6.40443551658  6.32641056732  6.20242147393  6.02472364442  5.78403683162  5.47051210472  5.07496666874  4.59032091333  4.0131013549  3.3448035571  2.59286418419  1.77099610084  0.898712095141  
4.06585386783  4.04157859996  3.99124600819  3.91142880128  3.79733854782  3.64327182077  3.44322633307  3.19167432175  2.88444680959  2.51964133239  2.09842754572  1.62560339263  1.10976255818  0.562979642247  
2.51696165586  2.5016257244  2.46986599631  2.41959478709  2.34790593203  2.2513562528  2.12634900881  1.96960827965  1.77871326772  1.55263811128  1.29222213622  1.00048522058  0.682710121174  0.346241752253  
1.5283184183  1.51883846394  1.49922702792  1.46823615874  1.42413421309  1.36487913964  1.28835185812  1.19264144872  1.07636226955  0.938969995744  0.781032532476  0.604407053981  0.412279722466  0.209041491494  
0.910279417368  0.904543343866  0.892688298719  0.873982093063  0.847411619971  0.811787095493  0.765881093374  0.70859666992  0.639152265635  0.557263822128  0.463298725086  0.358374104813  0.244375585392  0.123882428277  
0.531777433905  0.528379388312  0.521362469112  0.510305023481  0.494625078509  0.473641668537  0.44665595772  0.413048456311  0.372384930278  0.324519660451  0.269681669347  0.20852865501  0.142155619234  0.0720508197617  
0.304567221712  0.302596853997  0.298531179772  0.292131947925  0.283071044171  0.270965786337  0.25542528265  0.23610555857  0.212769124728  0.185342545178  0.153964001387  0.119012498714  0.0811117193364  0.0411046912298  
0.170686024938  0.169569710829  0.167267861376  0.163648625707  0.158530773075  0.151703536635  0.142952519931  0.132090299856  0.118989263638  0.103613103465  0.0860425986157  0.066491189459  0.0453066364348  0.0229567961077  
0.0928941800428  0.0922809175296  0.091017108897  0.0890318066106  0.0862276547831  0.0824917103161  0.0777094987023  0.0717815255212  0.064640888606  0.0562700619853  0.0467145277639  0.0360908941005  0.0245875776253  0.0124570577472  
0.0476374367758  0.0473205612696  0.0466678570115  0.04564328597  0.044197462408  0.0422732081625  0.0398127396892  0.0367660735185  0.0330999499246  0.0288062934975  0.0239090415448  0.018468163511  0.0125799241616  0.00637291233315  
0.0199857423188  0.0198521220896  0.0195769780855  0.0191452903455  0.0185364945411  0.0177268137895  0.0166922673879  0.015412179273  0.0138728910974  0.0120712705606  0.0100175309252  0.00773687757548  0.00526959473906  0.00266938014345  
