3.66138489623e-05  3.66138373134e-05  3.66137727946e-05  3.66134500397e-05  3.66119606553e-05  3.66056521237e-05  3.65812854128e-05  3.64961111017e-05  3.62290522477e-05  3.5485744e-05  3.36715582928e-05  2.98438400923e-05  2.29756355552e-05  1.26792781936e-05  
6.02247150118e-06  6.02246959058e-06  6.02245898836e-06  6.02240585765e-06  6.02216032042e-06  6.02111911598e-06  6.01709428682e-06  6.0030197432e-06  5.95889023817e-06  5.83611716517e-06  5.53671854414e-06  4.9057737899e-06  3.77521888891e-06  2.08259376832e-06  
9.33037719013e-07  9.330374252e-07  9.33035791318e-07  9.33027586958e-07  9.32989604846e-07  9.3282830507e-07  9.32204078154e-07  9.30019456082e-07  9.23166817982e-07  9.0410110978e-07  8.57621904444e-07  7.59736508334e-07  5.84492397752e-07  3.22351265852e-07  
1.365110307e-07  1.36510988197e-07  1.36510751287e-07  1.36509558997e-07  1.3650402817e-07  1.36480499184e-07  1.36389309754e-07  1.36069807075e-07  1.35066794002e-07  1.32274886865e-07  1.25467886377e-07  1.11135183171e-07  8.54863982437e-08  4.71387405693e-08  
1.89073683525e-08  1.89073625515e-08  1.8907330136e-08  1.89071665977e-08  1.89064062708e-08  1.89031652582e-08  1.88905825606e-08  1.88464325893e-08  1.8707675475e-08  1.8321128714e-08  1.73782242163e-08  1.53925046344e-08  1.18392485308e-08  6.52784956474e-09  
2.48457685703e-09  2.48457610806e-09  2.48457191165e-09  2.48455068451e-09  2.484451753e-09  2.48402910466e-09  2.48238499936e-09  2.47660633013e-09  2.45841897248e-09  2.40769636643e-09  2.28386885937e-09  2.02296197369e-09  1.55598415694e-09  8.57916228102e-10  
3.10396665564e-10  3.10396573869e-10  3.10396058654e-10  3.10393445142e-10  3.10381232494e-10  3.10328932021e-10  3.10125036477e-10  3.09406995421e-10  3.07143303751e-10  3.00821363631e-10  2.85371082879e-10  2.52791642377e-10  1.94451274911e-10  1.07218142253e-10  
3.69352070351e-11  3.69351963669e-11  3.69351362462e-11  3.69348303672e-11  3.69333970242e-11  3.69272427668e-11  3.69031928281e-11  3.68183159075e-11  3.65502258754e-11  3.5800302313e-11  3.39651219623e-11  3.00913907397e-11  2.31496738232e-11  1.27655803151e-11  
4.19349556088e-12  4.19349437903e-12  4.19348769806e-12  4.19345360103e-12  4.19329335075e-12  4.19260338859e-12  4.18990020174e-12  4.18033779461e-12  4.15007091155e-12  4.06525101572e-12  3.85736369418e-12  3.41801050064e-12  2.62997201867e-12  1.45044932932e-12  
4.55010406648e-13  4.55010281753e-13  4.55009573452e-13  4.55005946819e-13  4.54988849487e-13  4.54915021552e-13  4.54624984705e-13  4.53596415902e-13  4.50333388343e-13  4.41170651204e-13  4.18674598519e-13  3.71063531469e-13  2.85574236708e-13  1.57522075965e-13  
4.72522998769e-14  4.72522872655e-14  4.72522155061e-14  4.72518468464e-14  4.72501032376e-14  4.7242551154e-14  4.72127972464e-14  4.71069986563e-14  4.67705458212e-14  4.58237078557e-14  4.34946454477e-14  3.85575637766e-14  2.96817188528e-14  1.63755445199e-14  
4.70308081286e-15  4.70307959421e-15  4.70307263621e-15  4.70303676532e-15  4.70286654329e-15  4.70212691473e-15  4.69920415241e-15  4.68878227581e-15  4.65555377655e-15  4.56182461079e-15  4.33079335261e-15  3.84021115425e-15  2.95703968137e-15  1.63177374508e-15  
4.49196462966e-16  4.49196350118e-16  4.4919570353e-16  4.49192358186e-16  4.49176428302e-16  4.49106983293e-16  4.48831702148e-16  4.47847235531e-16  4.44699892504e-16  4.35800096928e-16  4.13815109248e-16  3.6704408692e-16  2.82719129285e-16  1.5605027814e-16  
4.09175453676e-17  4.09175354094e-17  4.0917478148e-17  4.09171808099e-17  4.09157599775e-17  4.09095451764e-17  4.08848309674e-17  4.07961817441e-17  4.05119772685e-17  3.97062723653e-17  3.77114173595e-17  3.3459247983e-17  2.57808237039e-17  1.4233780287e-17  
