2.72188199128e-10  2.72188199126e-10  2.72188199107e-10  2.7218819882e-10  2.72188194952e-10  2.7218814808e-10  2.72187641493e-10  2.72182810564e-10  2.72142705234e-10  2.71857796984e-10  2.70164517222e-10  2.62000458327e-10  2.31437556953e-10  1.48265480688e-10  
1.63555280378e-11  1.63555280377e-11  1.63555280367e-11  1.63555280211e-11  1.63555278088e-11  1.63555252029e-11  1.63554966988e-11  1.63552217348e-11  1.63529139623e-11  1.63363499237e-11  1.6236959455e-11  1.5753563052e-11  1.39300506746e-11  8.93679158869e-12  
9.14160647041e-13  9.14160647038e-13  9.14160646987e-13  9.14160646206e-13  9.14160635414e-13  9.14160501269e-13  9.14159015551e-13  9.14144511187e-13  9.14021378089e-13  9.13127978054e-13  9.0771266409e-13  8.81128326422e-13  7.80010978974e-13  5.01224114326e-13  
4.76728685551e-14  4.7672868555e-14  4.76728685526e-14  4.76728685163e-14  4.76728680069e-14  4.76728615908e-14  4.76727896086e-14  4.76720781148e-14  4.76659658016e-14  4.76211134275e-14  4.73463329068e-14  4.59840449031e-14  4.07563337359e-14  2.62360111315e-14  
2.32591400496e-15  2.32591400495e-15  2.32591400485e-15  2.32591400328e-15  2.32591398088e-15  2.32591369489e-15  2.32591044344e-15  2.32587789076e-15  2.32559477214e-15  2.32349266719e-15  2.31047044385e-15  2.24523755215e-15  1.99255360301e-15  1.28512495896e-15  
1.06425940471e-16  1.06425940471e-16  1.06425940467e-16  1.06425940403e-16  1.06425939483e-16  1.06425927571e-16  1.06425790281e-16  1.06424397479e-16  1.06412128776e-16  1.06319918835e-16  1.05742044537e-16  1.02815765211e-16  9.13684668859e-17  5.9049931673e-17  
4.57701662749e-18  4.57701662748e-18  4.57701662733e-18  4.57701662492e-18  4.57701658955e-18  4.57701612485e-18  4.57701069316e-18  4.57695483391e-18  4.57645628749e-18  4.57266176821e-18  4.54859476821e-18  4.42534227915e-18  3.93820302101e-18  2.5506989002e-18  
1.85376187391e-19  1.85376187391e-19  1.85376187386e-19  1.853761873e-19  1.85376186024e-19  1.85376169009e-19  1.85375967231e-19  1.85373862923e-19  1.85354826284e-19  1.85208039756e-19  1.84265417043e-19  1.79381322165e-19  1.59869626756e-19  1.03779528368e-19  
7.08327859425e-21  7.08327859424e-21  7.08327859407e-21  7.0832785912e-21  7.08327854794e-21  7.08327796206e-21  7.0832709108e-21  7.08319631019e-21  7.08251198987e-21  7.07716427523e-21  7.04238043764e-21  6.85996143658e-21  6.12305990522e-21  3.98421328627e-21  
2.55754263587e-22  2.55754263587e-22  2.55754263582e-22  2.55754263492e-22  2.5575426211e-22  2.55754243109e-22  2.55754010919e-22  2.55751517925e-22  2.55728320622e-22  2.55544529758e-22  2.54333213731e-22  2.47900933652e-22  2.21616326983e-22  1.44559151931e-22  
8.73884072016e-24  8.73884072015e-24  8.73884072e-24  8.73884071733e-24  8.73884067573e-24  8.73884009437e-24  8.73883287902e-24  8.73875422905e-24  8.73801159278e-24  8.73204395027e-24  8.69217596865e-24  8.47773330432e-24  7.5909676186e-24  4.96421293814e-24  
2.8294576501e-25  2.8294576501e-25  2.82945765005e-25  2.82945764931e-25  2.82945763748e-25  2.82945746946e-25  2.82945535063e-25  2.82943189419e-25  2.8292070599e-25  2.82737394036e-25  2.81495565047e-25  2.74727102561e-25  2.4639299563e-25  1.61558320891e-25  
8.69149660262e-27  8.69149660262e-27  8.69149660251e-27  8.69149660054e-27  8.69149656874e-27  8.69149610947e-27  8.69149022259e-27  8.69142400992e-27  8.69077950556e-27  8.68544595113e-27  8.64879393227e-27  8.44629275592e-27  7.58781838087e-27  4.98887759502e-27  
2.53388638464e-28  2.53388638464e-28  2.53388638461e-28  2.53388638412e-28  2.53388637604e-28  2.53388625725e-28  2.53388470898e-28  2.53386701006e-28  2.53369199725e-28  2.53222146018e-28  2.52196685387e-28  2.46451542283e-28  2.21778087315e-28  1.4622582802e-28  
