20.2674015547  20.1651383231  19.9509203116  19.6058228071  19.1027244626  18.4081283585  17.4849942087  16.2967314957  14.8123088918  13.0121263523  10.89391637  8.47758765491  5.80774572284  2.95278098279  
13.3667305519  13.2968362501  13.1507049425  12.9159963641  12.575133173  12.1065941916  11.4868603176  10.6930731069  9.70633547373  8.51539184132  7.12020576986  5.53476969633  3.78841748416  1.92504423466  
8.63951201449  8.59291872331  8.49567093484  8.33989235152  8.11442367871  7.80570529225  7.39907102018  6.88047090492  6.23855698925  5.46695025735  4.56638287399  3.54631642667  2.42561993078  1.2319882919  
5.47262956275  5.4423116613  5.37913006325  5.27816115197  5.13246141426  4.93364970136  4.67274276915  4.34124443663  3.93243673191  3.4427531624  2.87304535417  2.22950753781  1.52402347658  0.773765005095  
3.39750335377  3.37823462143  3.33813399661  3.27418562148  3.18215364185  3.0569548524  2.89318419051  2.68578765888  2.43084595268  2.12639274035  1.77315384981  1.37507061292  0.939475465267  0.476828712928  
2.06729259683  2.05532438766  2.03044744534  1.99085103064  1.93400094339  1.85687152653  1.75626811517  1.62923380403  1.47351601392  1.28804609454  1.07336486083  0.831915854509  0.568133144013  0.288275323923  
1.23295696606  1.22568859649  1.21059715581  1.18661669141  1.15226001067  1.10575946736  1.04526025958  0.969061190342  0.875887273322  0.765166202615  0.637269876101  0.493676903032  0.337015913316  0.170964172591  
0.72080906003  0.71649137119  0.707535238305  0.69332528204  0.673005292947  0.645561620511  0.609936488126  0.565167606463  0.510544508373  0.445765268763  0.371071582041  0.287337732122  0.196091641602  0.0994546524904  
0.413056818928  0.410547316818  0.405346442606  0.397105774002  0.385341704248  0.36948370025  0.348939304047  0.32317347691  0.29179660078  0.254651814907  0.211889413611  0.164014927973  0.11189919319  0.0567434746999  
0.231935467262  0.230508570733  0.227553685263  0.222877385414  0.216211770762  0.20724176341  0.195641600271  0.181119021486  0.163463877044  0.142595948256  0.11860526982  0.0917777524518  0.062599914974  0.0317391673001  
0.127402107324  0.126609590758  0.124969554722  0.122376876059  0.118686228431  0.113727158602  0.107324111442  0.0993205116072  0.0896050651081  0.0781374421178  0.0649697403501  0.0502599211726  0.0342739917451  0.0173751275696  
0.0679919039784  0.0675648874253  0.0666817549546  0.0652869441358  0.0633037672466  0.0606424888391  0.0572109966765  0.0529275599127  0.0477346795125  0.0416125266595  0.0345900882804  0.026752053858  0.018239798409  0.00924556261198  
0.0342596155328  0.0340427737001  0.0335945353977  0.0328871314408  0.0318822847117  0.0305352912132  0.0288003882022  0.0266371426214  0.0240173530802  0.0209317122896  0.0173952989705  0.0134509353173  0.00916961144565  0.00464754895429  
0.014190390736  0.0141000995243  0.013913519652  0.0136192144317  0.0132014335211  0.0126418059865  0.0119215609158  0.0110241618764  0.00993814392985  0.00865984272989  0.00719563481882  0.00556329725069  0.00379216411172  0.00192190953621  
