0.123403877502  0.123376510505  0.123299915571  0.123118897647  0.122720210361  0.121892999623  0.120277191825  0.117313064303  0.112220891351  0.104053388694  0.0918611318009  0.0749759695183  0.0533475392809  0.0277930097465  
0.0452086851988  0.0451983122708  0.0451693361754  0.0451010329171  0.0449510433207  0.0446408582418  0.0440371110306  0.0429337236322  0.0410455740987  0.0380290405258  0.0335432579386  0.0273526933965  0.0194466473847  0.0101257255542  
0.0158392476915  0.0158355069032  0.0158250746364  0.015800538257  0.0157467962028  0.0156359688741  0.0154209087462  0.0150291335084  0.014360937827  0.0132969679206  0.0117198462219  0.00954971377974  0.00678499891345  0.00353130651613  
0.00531377590717  0.00531248975574  0.00530890809214  0.00530050032171  0.00528212547882  0.00524432464309  0.00517116323927  0.00503825028429  0.00481219809835  0.00445326631769  0.00392265550844  0.00319431322757  0.00226830376834  0.0011801186195  
0.0017090374897  0.00170861512031  0.00170744035276  0.00170468719088  0.00169868167114  0.00168635276447  0.00166254401481  0.0016193915928  0.00154617576753  0.00143019838921  0.00125913768802  0.00102481214417  0.0007273978791  0.000378323131913  
0.000527579873173  0.000527447163258  0.000527078431897  0.000526215492708  0.000524336191224  0.000520484963227  0.000513061865788  0.000499634589166  0.000476899179122  0.000440957809753  0.000388047723668  0.000315694203025  0.000223991097282  0.00011646900222  
0.000156496697325  0.000156456738946  0.000156345812828  0.000156086520698  0.000155522609629  0.000154368734282  0.000152148273489  0.000148138585197  0.000141361001743  0.000130664919188  0.000114944461727  9.34781956918e-05  6.63036485901e-05  3.44686290338e-05  
4.46557172007e-05  4.46441709916e-05  4.4612141557e-05  4.45373461052e-05  4.43748671616e-05  4.40428245511e-05  4.34047297169e-05  4.22541124923e-05  4.03120629723e-05  3.72516277376e-05  3.27597271603e-05  2.66335286212e-05  1.88860368659e-05  9.81633771425e-06  
1.22704536697e-05  1.22672474904e-05  1.22583587615e-05  1.22376186036e-05  1.21926074975e-05  1.21007200978e-05  1.19243397217e-05  1.1606672074e-05  1.10711617698e-05  1.02282879286e-05  8.99259712901e-06  7.30905253027e-06  5.18175300447e-06  2.69289884594e-06  
3.25008330965e-06  3.24922665917e-06  3.24685282797e-06  3.24131758168e-06  3.22931412646e-06  3.20483122294e-06  3.15788026018e-06  3.07340471894e-06  2.93114613508e-06  2.70746441308e-06  2.37985334991e-06  1.93389001109e-06  1.37077606266e-06  7.12287184001e-07  
8.30610804086e-07  8.30390308144e-07  8.29779523296e-07  8.28356043047e-07  8.25271076562e-07  8.18983266717e-07  8.06934490561e-07  7.85273943334e-07  7.48828280594e-07  6.91571176847e-07  6.07778160095e-07  4.93796237329e-07  3.49957200075e-07  1.81826780825e-07  
2.04989091001e-07  2.04934361743e-07  2.0478279939e-07  2.04429709004e-07  2.03664860206e-07  2.02106811238e-07  1.99123126279e-07  1.93762853779e-07  1.84750062953e-07  1.70600623337e-07  1.49907378943e-07  1.21775564162e-07  8.62921208222e-08  4.48307577232e-08  
4.87979915413e-08  4.87849048206e-08  4.87486700643e-08  4.86642780568e-08  4.84815366755e-08  4.81094389263e-08  4.7397214154e-08  4.6118365901e-08  4.39693107705e-08  4.05973546088e-08  3.56686134132e-08  2.89714085301e-08  2.05274264714e-08  1.06637082434e-08  
1.0743602435e-08  1.07407119636e-08  1.0732709557e-08  1.07140747739e-08  1.06737326628e-08  1.05916123493e-08  1.04344823049e-08  1.01524547032e-08  9.67871576983e-09  8.93571532303e-09  7.85012695808e-09  6.37556918445e-09  4.5169841287e-09  2.34638036672e-09  
