26.2108871701  26.062816097  25.7551621324  25.2655878609  24.5624095103  23.6070477615  22.3576313321  20.7738383806  18.8228482516  16.4859546433  13.7650093381  10.6875244356  7.30910954529  3.71211686271  
17.8305550592  17.7262554791  17.5099466614  17.1667255432  16.6755886165  16.01119811  15.1464071986  14.055555619  12.7184029317  11.1243651866  9.27649991806  7.19451003164  4.91599370618  2.49533150351  
11.9075175169  11.83573463  11.6871070083  11.4518823349  11.1163933135  10.6642865581  10.0782404509  9.34215424159  8.44369688747  7.37698137547  6.14500515378  4.76141048021  3.25111655317  1.6494944145  
7.80628837821  7.75798187936  7.65810862344  7.50040551307  7.27613833354  6.97493123167  6.5859050615  6.09909951928  5.50709491684  4.80667632181  4.00031310102  3.09718486062  2.11349560826  1.07189837895  
5.023839302  4.99203359504  4.92636117294  4.82287281333  4.67608489327  4.47952430945  4.22646498069  3.91083280033  3.52821965226  3.07690437283  2.5587402865  1.97974923737  1.35027434895  0.684595598364  
3.17395633901  3.15345670274  3.1111781838  3.04467501013  2.95056404577  2.82487401318  2.66351151374  2.46282566698  2.22023142958  1.93482709598  1.60792076401  1.24337168462  0.847662516091  0.429650861933  
1.96855716286  1.95561762848  1.9289587405  1.88709250064  1.82796751526  1.749187691  1.64830095606  1.52314494708  1.37222379535  1.19507624396  0.992584246924  0.767167432826  0.52281607815  0.264934914058  
1.19859880373  1.19059734486  1.17412747371  1.14829972327  1.11189148077  1.06348097655  1.00162257301  0.925054522602  0.832922961614  0.724998148136  0.601853098809  0.464973309485  0.316771089143  0.160489743966  
0.716343822259  0.711495830609  0.701525188674  0.685909518024  0.663932667922  0.634765090182  0.597568176145  0.551616852076  0.496430522805  0.431898182775  0.358380458757  0.276770859814  0.188501580819  0.0954860345778  
0.419981794763  0.417104882022  0.411192441243  0.401943206201  0.388945116827  0.371722528349  0.349797090314  0.322758748914  0.290340975359  0.252492004795  0.209432295698  0.161688314907  0.110094625255  0.0557601607308  
0.24099223612  0.23932377858  0.235897118857  0.230542002257  0.223026036689  0.213081795687  0.200441572885  0.184877658896  0.166244721685  0.144519632531  0.119833279283  0.0924889316242  0.0629628253534  0.0318848241054  
0.134204239942  0.133266602989  0.131341981442  0.128336852935  0.124123786646  0.118556530767  0.111489268559  0.102798815763  0.0924078422504  0.0803065533078  0.0665698670518  0.0513671737045  0.0349623869165  0.0177031923872  
0.0702417101211  0.0697473654943  0.0687331193383  0.0671505763568  0.0649338876384  0.062007640884  0.0582968936187  0.0537386907521  0.0482940586408  0.0419591464029  0.0347739952443  0.0268274565541  0.018257109938  0.00924364699574  
0.0299061417255  0.0296946425157  0.0292608416489  0.0285842944665  0.0276372093663  0.0263878045059  0.0248045658486  0.0228611217013  0.0205413036019  0.0178438314592  0.0147859851521  0.0114056456725  0.00776123042367  0.00392930584976  
