13.3309566897  13.27573126  13.1583117738  12.9649331924  12.6755037744  12.2645959141  11.703223831  10.9616287764  10.0131347451  8.83886145292  7.43271928814  5.80575097925  3.98866943074  2.03153280226  
8.36062143587  8.32468879676  8.24844474687  8.123270372  7.9366580802  7.67290581684  7.31430221354  6.84291385177  6.24298175305  5.50376567109  4.62246829647  3.60668319814  2.47572005078  1.26024795298  
5.12497950269  5.10223927223  5.05407547236  4.97522256938  4.85807782384  4.69316352688  4.46988690645  4.17765151921  3.80730868388  3.35283811887  2.81303193792  2.19285926946  1.5041533325  0.765327123909  
3.07080732609  3.05679793347  3.02717433307  2.97879580457  2.90714747317  2.80663533072  2.67105708188  2.49427373575  2.27106755735  1.9981150246  1.67494065777  1.30466845055  0.894375119279  0.454891694774  
1.79870601997  1.79029834501  1.77254575596  1.74361830033  1.70089545087  1.64114760329  1.56081891548  1.45642244045  1.3250356158  1.16485232561  0.975714106621  0.759518484875  0.520398868307  0.264596429537  
1.03006318742  1.0251446154  1.01477271287  0.997905498828  0.973055835899  0.938399464321  0.891940099929  0.831736097077  0.756180234122  0.664306776233  0.556082248763  0.432624213599  0.296291911525  0.150607886418  
0.576792189434  0.573985777926  0.568074746549  0.558479073074  0.544373367503  0.524749258297  0.498509195424  0.464593348563  0.422134151109  0.370623731019  0.310070289676  0.241113572332  0.165070013223  0.0838867619292  
0.315853356438  0.314290831347  0.311003195381  0.305674711924  0.29785723592  0.287005233583  0.272527723705  0.253857667385  0.230535503021  0.202298643584  0.169164075647  0.131488353115  0.0899898034166  0.0457224920791  
0.16916470747  0.168315444701  0.166530231377  0.16364095506  0.159409544393  0.153547105612  0.145741979188  0.135696819545  0.123172790052  0.108036457702  0.0903026274304  0.0701650050421  0.0480069762801  0.0243873124529  
0.0886065542298  0.0881558689049  0.0872092951063  0.0856792777154  0.0834420740339  0.080347943095  0.0762359375704  0.0709532719319  0.0643782083171  0.0564441377272  0.0471613786205  0.0366325826157  0.0250578937373  0.0127273204451  
0.0453490460214  0.0451156970604  0.0446259649551  0.0438352819933  0.0426807709111  0.0410865303807  0.0389712433194  0.0362580594302  0.0328861853844  0.0288229919143  0.0240748875069  0.0186949167745  0.0127851922485  0.00649293482367  
0.0225707735613  0.0224534518449  0.0222073912734  0.0218105219102  0.0212317544744  0.0204336398958  0.0193761702925  0.0180216824248  0.0163405715953  0.0143172232027  0.0119553040904  0.0092814238494  0.00634625873276  0.00322255971667  
0.0106716720737  0.0106157348378  0.0104984818251  0.0103095239842  0.0100342449704  0.00965506934533  0.00915326458745  0.00851125288127  0.00771529092478  0.00675823764946  0.00564200955993  0.00437926590355  0.00299390756957  0.00152012786073  
0.00421592076533  0.00419369295439  0.00414711811667  0.00407210500728  0.00396290269771  0.00381260443389  0.00361386074054  0.00335979076215  0.0030450348657  0.00266683793962  0.00222600673211  0.00172756316552  0.00118093272297  0.000599567569331  
