19.5603320798  19.4632129839  19.2595293799  18.9308203253  18.4505900851  17.7860489136  16.9008454973  15.7589485508  14.3296434329  12.5933028753  10.5472118427  8.21037210996  5.6260298523  2.86082007933  
12.8454030188  12.7793006102  12.6409346531  12.4183069934  12.0943018021  11.6479196118  11.0561496489  10.2965461465  9.35044583423  8.20657331056  6.86456230677  5.33773656869  3.65442755779  1.85723581788  
8.26524784004  8.22137607722  8.12970175692  7.98259431335  7.76922596021  7.47641184402  7.08985098591  6.59578995826  5.98304890396  5.24523476262  4.38284301668  3.40485519529  2.32942056969  1.18330445596  
5.21084840707  5.18243358269  5.12314940391  5.02824422698  4.89100655048  4.70331753162  4.4564495546  4.14211404396  3.75371078503  3.28766359982  2.74465864206  2.13055436223  1.45673101077  0.739710054734  
3.21900460254  3.20103314183  3.16358932491  3.10377462329  3.01751148041  2.89989566939  2.74569656822  2.55000187815  2.30897271627  2.02063624568  1.68560551959  1.30759291353  0.893587476763  0.453605938992  
1.94858224536  1.93747653117  1.9143660117  1.8775180243  1.82450371216  1.75241653225  1.65817792648  1.53892532339  1.39245971701  1.21770819931  1.01513662256  0.787036261086  0.537612773162  0.272829673499  
1.15592069609  1.14921186526  1.13526640577  1.11306906396  1.0812010548  1.03797208749  0.981602771313  0.910453192348  0.823283190215  0.719517742397  0.599480125961  0.464550137086  0.31720815237  0.160939893328  
0.672009131507  0.668045779222  0.659815372666  0.646734669411  0.627990824047  0.602619225764  0.569609910789  0.528039453858  0.477219488345  0.416846398789  0.347131096823  0.268885271427  0.18354291317  0.0931039916458  
0.382874682098  0.380584260641  0.375832101706  0.368289672563  0.357500205774  0.342923522702  0.323996764076  0.300208955737  0.271184173724  0.236764531316  0.197081294882  0.152601281259  0.104137218079  0.0528152807686  
0.213715423961  0.212420735265  0.209736640761  0.205481729956  0.199404316389  0.191207661083  0.180583885521  0.167255273991  0.151019958783  0.131797113927  0.109665294206  0.0848870396769  0.0579137840883  0.0293675937367  
0.116689223538  0.115974415188  0.114493546559  0.112148563815  0.108803681008  0.104299236472  0.0984702006116  0.09116855976  0.0822878989182  0.071787538336  0.0597128298129  0.0462079933884  0.0315184028497  0.0159805645863  
0.0619081394182  0.061525238301  0.0607324682121  0.0594782840007  0.0576914197172  0.0552882731858  0.0521827149772  0.0482978819098  0.0435790507546  0.0380061978982  0.0316044814885  0.0244507874014  0.0166747707507  0.00845352246618  
0.0310285586173  0.0308351394951  0.0304348792844  0.0298021436074  0.02890153663  0.027691613965  0.0261297928552  0.0241782280382  0.0218101947141  0.0190162839758  0.0158095421183  0.0122286468741  0.00833836286725  0.00422686360179  
0.0128020632697  0.0127218342975  0.012555865788  0.0122936387261  0.0119206413603  0.0114199040472  0.0107740230398  0.00996757463432  0.00898972908572  0.00783677894893  0.00651422778208  0.00503807183638  0.0034349698747  0.00174113725191  
