1.93839884733  1.93565580904  1.92926205268  1.91728255298  1.89655211575  1.86246806947  1.80890375446  1.72840568525  1.61283900779  1.4545786624  1.24818624343  0.992281717534  0.691090676923  0.3550489314  
0.967962150653  0.966538772751  0.963228605502  0.957047008085  0.946391566996  0.928947302307  0.90165660228  0.860833358444  0.802498080333  0.722973827074  0.619703872072  0.492142675849  0.342470437449  0.175846632125  
0.467386647551  0.466676125575  0.465027135168  0.461956754229  0.456682576154  0.448080690641  0.434676620771  0.414706680218  0.386284506463  0.347688496866  0.297747934991  0.236255416044  0.164289273972  0.0843180527728  
0.218325931343  0.217984301502  0.217192890173  0.215723156086  0.213206275502  0.20911506851  0.202761957504  0.193330046413  0.179952606801  0.161846962765  0.138491206329  0.109809826413  0.0763157268567  0.0391524721588  
0.0987105273604  0.098552127259  0.09818577995  0.0975070202284  0.0963478386879  0.0944691317696  0.0915606324943  0.0872558726446  0.0811687132651  0.0729536449431  0.0623842124461  0.0494342478796  0.0343388857916  0.0176113110615  
0.0432191045464  0.0431482064198  0.0429844720935  0.0426817388669  0.0421659878597  0.0413322787951  0.0400450423258  0.0381449647758  0.0354651847111  0.0318575801913  0.0272265338159  0.0215634945456  0.0149725318442  0.00767683969184  
0.0183346205361  0.0183039573586  0.0182332348181  0.0181027156822  0.0178808364633  0.0175229971331  0.0169718035536  0.0161601073117  0.0150179439601  0.0134836344115  0.0115178941619  0.00911813047002  0.00632887120671  0.0032442376156  
0.00754022749802  0.00752740133332  0.00749785291096  0.00744341084834  0.00735103809285  0.00720236688497  0.00697384069394  0.00663800582248  0.00616638663614  0.00553403059496  0.00472523273202  0.00373928655726  0.00259463023395  0.00132976653398  
0.0030077834299  0.00300259014081  0.0029906383935  0.00296864997233  0.00293140540353  0.00287156997297  0.00277976499007  0.00264509706334  0.00245631194652  0.00220359968044  0.00188085059376  0.0014879049793  0.00103215868356  0.000528897916173  
0.00116435919444  0.00116232216721  0.00115763849944  0.00114903289955  0.00113447857548  0.00111113382353  0.00107537455581  0.00102300383776  0.000949700703722  0.0008517160816  0.0007267367321  0.000574741273137  0.000398605767597  0.000204222897801  
0.000437616110834  0.000436841574426  0.000435062166839  0.000431796545741  0.000426280951378  0.000417446682193  0.000403933940514  0.000384172082868  0.000356548952921  0.000319671434513  0.000272687040974  0.000215600798561  0.00014949770894  7.65842295412e-05  
0.000159620577793  0.000159335168295  0.000158679948575  0.000157478706815  0.000155452237396  0.000152210545428  0.000147258412092  0.000140025134384  0.000129926480631  0.000116459390574  9.93182751143e-05  7.85090659663e-05  5.4428748396e-05  2.78794686429e-05  
5.60499082718e-05  5.59488048928e-05  5.57168456229e-05  5.5291963148e-05  5.45759320988e-05  5.34317588594e-05  5.16857902751e-05  4.91382951729e-05  4.55852733157e-05  4.08516036057e-05  3.48315798979e-05  2.75285008189e-05  1.90821203413e-05  9.77330217543e-06  
1.7434305454e-05  1.74026466922e-05  1.73300474463e-05  1.71971567949e-05  1.69733790683e-05  1.66160920853e-05  1.60713394367e-05  1.52771541606e-05  1.41703543776e-05  1.26968285099e-05  1.08240723643e-05  8.5533959721e-06  5.92835081701e-06  3.03610834208e-06  
