0.293983644069  0.293863127317  0.293546322954  0.292852986269  0.291440627783  0.288721257937  0.283768064445  0.275247905442  0.261438891189  0.24040343822  0.210363721383  0.170251911511  0.120293194892  0.062380487376  
0.118473124648  0.1184227751  0.118290700471  0.118002484944  0.117417331224  0.116294769964  0.114258025395  0.110768811261  0.105137278381  0.096594358403  0.0844432484054  0.0682766273669  0.0482020829994  0.0249822993376  
0.0457957811259  0.0457757084164  0.0457231526037  0.0456087549702  0.0453771740738  0.0449343164794  0.0441335117019  0.0427664333044  0.0405678615074  0.0372444368749  0.0325331852639  0.0262839523441  0.0185435054527  0.00960640370805  
0.0169970455775  0.0169893956482  0.0169693987432  0.0169259682818  0.0168382734916  0.0166710352173  0.0163695052778  0.0158563082185  0.0150334925218  0.0137934342825  0.0120405254683  0.00972127544024  0.00685459013938  0.00354966237602  
0.00606308458839  0.00606029292873  0.00605300594419  0.00603721030486  0.00600538648047  0.00594484236805  0.00583595711916  0.00565111926775  0.00535554304465  0.00491122389322  0.0042846590828  0.00345743267716  0.0024367382683  0.00126147375643  
0.00208070026132  0.0020797232996  0.00207717633401  0.00207166471421  0.00206058174528  0.00203954050738  0.00200178165815  0.0019378280981  0.00183578950225  0.00168273800521  0.0014673516699  0.00118350168761  0.000833783453246  0.000431527389225  
0.000687600306946  0.000687271976925  0.000686416933657  0.00068456933158  0.000680860316373  0.000673831361569  0.00066124159831  0.000639959109511  0.000606068363383  0.000555329728524  0.000484051014277  0.000390259992661  0.000274849019731  0.000142217485079  
0.000219017129239  0.000218911026333  0.000218634967828  0.000218039206085  0.000216844956273  0.000214585253871  0.000210544426938  0.000203724952985  0.000192883509963  0.000176678619679  0.000153947626678  0.000124076623975  8.73590467056e-05  4.51944614239e-05  
6.73021917659e-05  6.72691809725e-05  6.7183361871e-05  6.69983564985e-05  6.662795951e-05  6.59280498857e-05  6.46782163656e-05  6.25719641391e-05  5.92282700195e-05  5.42372754682e-05  4.72452193647e-05  3.80671734714e-05  2.67956746792e-05  1.38603087236e-05  
1.99696684264e-05  1.9959769422e-05  1.9934052108e-05  1.98786629779e-05  1.97678867033e-05  1.95588014109e-05  1.91858845248e-05  1.85582065847e-05  1.75629800602e-05  1.60791968202e-05  1.40027800922e-05  1.12797951834e-05  7.93828954717e-06  4.10559784868e-06  
5.72620900375e-06  5.72334486554e-06  5.71590815421e-06  5.69990369665e-06  5.66792413645e-06  5.60762294889e-06  5.50018200865e-06  5.31953141539e-06  5.03339639642e-06  4.60722682817e-06  4.01139684693e-06  3.23066889939e-06  2.27322808814e-06  1.17555392381e-06  
1.58778127351e-06  1.58698104223e-06  1.58490422811e-06  1.58043764774e-06  1.57151940983e-06  1.55471684355e-06  1.52480498558e-06  1.47455604907e-06  1.39503661191e-06  1.27670163049e-06  1.1113876949e-06  8.94923279962e-07  6.29611329531e-07  3.25558990868e-07  
4.24734513314e-07  4.24519094868e-07  4.23960239564e-07  4.22758952787e-07  4.20361879057e-07  4.15848699083e-07  4.07820144181e-07  3.9434298823e-07  3.73031099621e-07  3.41339079957e-07  2.97094756719e-07  2.39194275943e-07  1.68261146229e-07  8.69972211223e-08  
1.04042161757e-07  1.03989138334e-07  1.03851619543e-07  1.03556132902e-07  1.02966787469e-07  1.01857748119e-07  9.98859504152e-08  9.65778755707e-08  9.13497007724e-08  8.35794160221e-08  7.27371269184e-08  5.85547222309e-08  4.11863519988e-08  2.12935080242e-08  
