9.79545470905e-16  9.79545470905e-16  9.79545470905e-16  9.79545470905e-16  9.79545470905e-16  9.79545470893e-16  9.79545470426e-16  9.79545454607e-16  9.79545008298e-16  9.79534675252e-16  9.79343055372e-16  9.76596392259e-16  9.47820278571e-16  7.47973641236e-16  
2.03092380473e-17  2.03092380473e-17  2.03092380473e-17  2.03092380473e-17  2.03092380473e-17  2.03092380471e-17  2.03092380401e-17  2.03092377896e-17  2.03092303717e-17  2.03090506125e-17  2.03055709457e-17  2.02536459169e-17  1.96888781663e-17  1.56303665295e-17  
3.81275881279e-19  3.81275881279e-19  3.81275881279e-19  3.81275881279e-19  3.81275881279e-19  3.81275881277e-19  3.81275881183e-19  3.81275877653e-19  3.81275767567e-19  3.81272967577e-19  3.81216245292e-19  3.80332928853e-19  3.70335872064e-19  2.95836435413e-19  
6.49283156889e-21  6.49283156889e-21  6.49283156889e-21  6.49283156889e-21  6.49283156889e-21  6.49283156887e-21  6.49283156776e-21  6.49283152343e-21  6.49283006334e-21  6.49279096831e-21  6.49195983814e-21  6.47841822224e-21  6.31855966526e-21  5.08036473536e-21  
1.0042361151e-22  1.0042361151e-22  1.0042361151e-22  1.0042361151e-22  1.0042361151e-22  1.00423611509e-22  1.00423611498e-22  1.00423611002e-22  1.00423593692e-22  1.00423104153e-22  1.00412149782e-22  1.00224897659e-22  9.79132833117e-23  7.92588729464e-23  
1.41189700364e-24  1.41189700364e-24  1.41189700364e-24  1.41189700364e-24  1.41189700364e-24  1.41189700364e-24  1.41189700353e-24  1.41189699859e-24  1.41189681526e-24  1.411891319e-24  1.4117614373e-24  1.40942514427e-24  1.37918129161e-24  1.12424874975e-24  
1.8051137892e-26  1.8051137892e-26  1.8051137892e-26  1.8051137892e-26  1.8051137892e-26  1.8051137892e-26  1.80511378911e-26  1.80511378475e-26  1.8051136115e-26  1.8051080833e-26  1.80496962247e-26  1.80234011482e-26  1.76653813451e-26  1.45044745256e-26  
2.09857275526e-28  2.09857275526e-28  2.09857275526e-28  2.09857275526e-28  2.09857275526e-28  2.09857275526e-28  2.0985727552e-28  2.09857275179e-28  2.09857260602e-28  2.09856763254e-28  2.09843506687e-28  2.09576742371e-28  2.05743987121e-28  1.70194658429e-28  
2.21747494959e-30  2.21747494959e-30  2.21747494959e-30  2.21747494959e-30  2.21747494959e-30  2.21747494959e-30  2.21747494955e-30  2.21747494719e-30  2.21747483832e-30  2.21747084543e-30  2.21735706161e-30  2.21492097118e-30  2.17785215663e-30  1.81546647804e-30  
2.12771831839e-32  2.12771831839e-32  2.12771831839e-32  2.12771831839e-32  2.12771831839e-32  2.12771831838e-32  2.12771831836e-32  2.12771831693e-32  2.12771824503e-32  2.12771539342e-32  2.12762805996e-32  2.12562955846e-32  2.09329110311e-32  1.75886207965e-32  
1.85136739018e-34  1.85136739018e-34  1.85136739018e-34  1.85136739018e-34  1.85136739018e-34  1.85136739018e-34  1.85136739017e-34  1.85136738941e-34  1.85136734764e-34  1.85136554352e-34  1.85130580148e-34  1.84983690781e-34  1.8244447213e-34  1.54552803363e-34  
1.45806159665e-36  1.45806159665e-36  1.45806159665e-36  1.45806159665e-36  1.45806159665e-36  1.45806159665e-36  1.45806159665e-36  1.4580615963e-36  1.4580615751e-36  1.45806056932e-36  1.45802430249e-36  1.4570604006e-36  1.43916612566e-36  1.2294296272e-36  
1.03681169973e-38  1.03681169973e-38  1.03681169973e-38  1.03681169973e-38  1.03681169973e-38  1.03681169973e-38  1.03681169973e-38  1.0368116996e-38  1.03681169027e-38  1.03681119953e-38  1.03679176845e-38  1.03622955137e-38  1.02495278951e-38  8.83175307415e-39  
6.63601513275e-41  6.63601513275e-41  6.63601513275e-41  6.63601513275e-41  6.63601513275e-41  6.63601513275e-41  6.63601513275e-41  6.6360151323e-41  6.63601509716e-41  6.63601301958e-41  6.6359217686e-41  6.63302328e-41  6.56976436935e-41  5.71147337137e-41  
