4.26158319463  4.25195798572  4.23044362532  4.19238400158  4.13055120209  4.03506458478  3.89361733071  3.69224049346  3.41678636618  3.0551664995  2.60013108129  2.05207181808  1.42107883219  0.727433867164  
2.33365552636  2.32817878501  2.31596452038  2.29442854708  2.25958077359  2.20600517919  2.12701417407  2.01509609307  1.86274254674  1.66365890548  1.41422882263  1.1149511983  0.771453208188  0.394677933348  
1.24073152512  1.23772124404  1.23102116083  1.21924261843  1.20025150443  1.17116885261  1.12846644277  1.06821699372  0.986539238469  0.880232864709  0.747530194114  0.588816963704  0.407123113426  0.208189683908  
0.640647632723  0.639047596329  0.635492738743  0.629259915891  0.61924233809  0.603954929397  0.581589571209  0.55014934178  0.507680004574  0.452593386046  0.384043302285  0.30227911913  0.208879341653  0.106773198894  
0.321364076522  0.320540873951  0.318714877298  0.315520868699  0.310401878948  0.302614077082  0.291256972377  0.275342784483  0.253913052951  0.226198690558  0.191803210025  0.150872243601  0.104202636035  0.0532482227552  
0.156659845495  0.156249533369  0.15534070559  0.153754351473  0.151218333546  0.147370704506  0.141775458874  0.133957149028  0.123457851327  0.109914199202  0.0931444277143  0.0732277875347  0.0505544907189  0.0258265856753  
0.0742426130467  0.0740443244765  0.0736056886082  0.0728414974157  0.0716225737134  0.0697777283917  0.0671016399538  0.0633715668279  0.0583743633807  0.051942552039  0.0439946325459  0.0345714194473  0.023858440222  0.0121856137836  
0.034217038371  0.0341240614142  0.0339186241526  0.0335613162433  0.0329925364763  0.032133549791  0.0308902820488  0.029161138174  0.0268494504006  0.0238799195996  0.0202168132783  0.0158802020746  0.0109557921748  0.00559450230235  
0.0153421407043  0.0152998112976  0.0152063793382  0.0150441232108  0.0147862997726  0.0143976790554  0.0138363085309  0.0130570612478  0.0120172125592  0.0106837370406  0.0090413188144  0.00709943496003  0.00489657861888  0.00249996836879  
0.00669473777339  0.00667601544281  0.00663472885049  0.00656312681503  0.00644953452318  0.00627861008582  0.00603213798263  0.00569059273227  0.00523556932397  0.00465293764828  0.00393628071579  0.00308991154393  0.00213064717467  0.00108764540335  
0.00284340049334  0.00283535280945  0.00281762080319  0.00278690608249  0.00273824897731  0.00266514615984  0.00255989628677  0.00241426955873  0.00222053844699  0.00197280606974  0.00166844512737  0.00130935200747  0.000902675289007  0.000460733482203  
0.00117371513435  0.00117035783454  0.00116296595785  0.00115017585399  0.00112994008993  0.00109957912235  0.00105592704847  0.000995609855336  0.00091547021321  0.000813111606547  0.000687484592693  0.000539394766548  0.000371794677937  0.000189745418656  
0.000464925117883  0.000463583168892  0.000460630441983  0.000455526107496  0.000447459170253  0.000435369984611  0.000418009007573  0.00039404761633  0.000362246113458  0.000321667826212  0.000271908739435  0.000213295477681  0.000146998039722  7.50131409178e-05  
0.000159838554757  0.000159374104753  0.000158352647508  0.000156588088077  0.000153801630398  0.000149629438713  0.000143643091939  0.000135387828609  0.000124440233559  0.000110481475022  9.33755947073e-05  7.32367613784e-05  5.04673052789e-05  2.57516364803e-05  
