1.21206756278  1.21078942126  1.20772706744  1.20177503609  1.19106168085  1.17275597671  1.14293152279  1.09660901555  1.02811588216  0.93186810664  0.803568417201  0.641629969224  0.448431492711  0.230898192108  
0.573290525456  0.572662502431  0.571161227767  0.568252765896  0.563037561923  0.5541633805  0.539768415887  0.517511413484  0.484751463404  0.438921424305  0.378085333541  0.301585733215  0.210599322755  0.108377535091  
0.261612967654  0.261316781632  0.260610196259  0.259245246159  0.256805967029  0.252670443458  0.245987795627  0.235695755843  0.220606214414  0.199576599334  0.171760227006  0.136891589431  0.0955258395443  0.0491364570304  
0.115250506124  0.115116244052  0.114796527141  0.114180491318  0.113082862707  0.111227939557  0.108240581163  0.103655368192  0.0969555177291  0.0876486099887  0.0753752476478  0.0600309441461  0.0418665453061  0.0215270413333  
0.0490450847168  0.0489865120323  0.0488472584472  0.0485795516349  0.048103819566  0.0473021402154  0.0460148232997  0.0440448169081  0.0411746878312  0.0371988873354  0.0319693620837  0.0254460472899  0.0177378144914  0.00911755258732  
0.0201739907344  0.0201493701491  0.020090919895  0.019978779226  0.0197799631332  0.0194457653787  0.0189105012672  0.0180934973001  0.016906215568  0.0152655271368  0.0131122408165  0.0104313882434  0.00726845480519  0.00373510430671  
0.00802617522159  0.00801619284344  0.00799252446766  0.00794719632842  0.00786699926219  0.00773248990937  0.00751754203485  0.00719019798587  0.00671554845082  0.0060610099339  0.0052036137147  0.00413791074473  0.00288222461671  0.00148077298288  
0.00309045893992  0.00308655106118  0.00307729589439  0.00305959909721  0.00302834614448  0.00297602948452  0.00289259305094  0.0027657797925  0.00258225485124  0.00232963546635  0.00199926925175  0.00158922309451  0.00110662433591  0.000568427853604  
0.00115241869302  0.00115094016069  0.00114744200979  0.00114076258968  0.00112898563704  0.00110930512121  0.0010779728817  0.0010304345068  0.000961752581209  0.000867362628473  0.000744099749639  0.000591295504206  0.000411629853855  0.000211401711131  
0.00041642918451  0.000415888071313  0.000414608953911  0.000412169622173  0.000407874805105  0.000400708571909  0.000389317183517  0.000372060145185  0.00034716447698  0.000312997481705  0.000268434725295  0.000213250870641  0.000148421027416  7.6213807023e-05  
0.000145901273395  0.000145709560148  0.000145256731438  0.00014439411482  0.000142877258847  0.000140349639959  0.000136337197089  0.000130266808233  0.000121520730847  0.000109532028817  9.39125706662e-05  7.45882835612e-05  5.19027820692e-05  2.66485752662e-05  
4.95628824528e-05  4.94971184216e-05  4.93418901202e-05  4.904647294e-05  4.85275757193e-05  4.76639207908e-05  4.62945482572e-05  4.4225265218e-05  4.1247250492e-05  3.71694245498e-05  3.18616529421e-05  2.53001976118e-05  1.76023502089e-05  9.03663066389e-06  
1.62255763248e-05  1.62038656651e-05  1.61526506205e-05  1.60552635554e-05  1.58843673425e-05  1.56002135193e-05  1.51501323351e-05  1.44706920881e-05  1.34938200733e-05  1.21573853609e-05  1.04192638676e-05  8.27207971455e-06  5.75438543856e-06  2.95389022617e-06  
4.75315541215e-06  4.74675433689e-06  4.73166121575e-06  4.7029795161e-06  4.65268541745e-06  4.56912491283e-06  4.43687459565e-06  4.23738495665e-06  3.95078011706e-06  3.55895456605e-06  3.049675624e-06  2.42087081345e-06  1.68386783133e-06  8.6431576928e-07  
