7.92134687106  7.89617756294  7.84151863294  7.74869243782  7.60470016905  7.39253556518  7.09203723609  6.68153130424  6.14041031061  5.45257426765  4.61034128911  3.61808899597  2.4946442899  1.27345833332  
4.66842775796  4.65302397543  4.61964415638  4.56313953081  4.47584025752  4.3477874389  4.16728682099  3.92191663181  3.60005331491  3.19284862567  2.69641476092  2.11379521708  1.45618945916  0.742937394973  
2.68068849973  2.67154897521  2.65178182183  2.61841731893  2.56705306855  2.49201021633  2.3866754227  2.2440965429  2.05785808828  1.82318840865  1.53815510416  1.20471440755  0.829332034907  0.422924697063  
1.50001367446  1.49475149845  1.48338995926  1.46426272263  1.43491001484  1.39217696528  1.33241593478  1.25182687885  1.14694548156  1.01524801929  0.855791674751  0.669763787247  0.460792775618  0.234894835532  
0.818082874648  0.815140423447  0.808797193094  0.798143027046  0.781839356836  0.758177902166  0.725195919057  0.680864673356  0.623354268465  0.551356191581  0.464419099783  0.363231199506  0.249773866404  0.127284103985  
0.43495274755  0.433353656295  0.429911159173  0.424141069336  0.415333597717  0.402586855909  0.384870273547  0.361125922088  0.330408450422  0.292053037036  0.245847759153  0.19217609363  0.132091710107  0.0672950558799  
0.22548978917  0.224644618755  0.222827405779  0.219787157877  0.215156980276  0.208472459669  0.199205459064  0.186817072716  0.170829694787  0.150912437845  0.126967731747  0.0992018674575  0.0681608439229  0.0347168342918  
0.114013079579  0.11357838583  0.11264478464  0.111085439295  0.108715405914  0.105301368351  0.100579110875  0.0942804511217  0.0861694361895  0.0760847827302  0.0639824522696  0.0499698913319  0.0343229294486  0.0174783795433  
0.05623770692  0.0560200239019  0.0555529686902  0.0547740338776  0.0535922764131  0.0518933056696  0.0495480604471  0.0464261502116  0.0424135915392  0.0374334108656  0.0314661250841  0.0245660293731  0.0168690259169  0.00858875463771  
0.0270655095928  0.0269593285959  0.0267317139682  0.0263526161372  0.0257784004459  0.024954325  0.0238188286916  0.0223099713499  0.0203739155723  0.0179746996852  0.0151038759869  0.0117881012095  0.00809269874932  0.00411971123331  
0.0127055199315  0.0126550766027  0.0125470310346  0.0123672943977  0.0120954435507  0.0117059155135  0.0111700456331  0.0104590972157  0.00954821923262  0.00842097441292  0.00707377416603  0.00551934141627  0.00378830104831  0.00192823310896  
0.0058009088938  0.00577763514168  0.00572782028858  0.0056450401785  0.00551999634768  0.00534107361586  0.00509528027101  0.00476963327957  0.00435295514984  0.00383791725475  0.0032230291795  0.00251418047352  0.00172533523536  0.000878087711827  
0.00253021797289  0.00251997631269  0.0024980684903  0.00246169589971  0.00240681288064  0.00232837432196  0.00222074913411  0.00207832499907  0.00189628827456  0.00167150638405  0.00140338263289  0.00109451456903  0.00075098572346  0.000382167597089  
0.000939442896175  0.000935616037131  0.000927433627479  0.000913857574536  0.000893388568093  0.000864159165876  0.000824088185611  0.000771105356945  0.000703439840329  0.000619945482406  0.000520414790544  0.000405819668735  0.000278416814669  0.000141673137354  
