5.80374241795e-05  5.80373966432e-05  5.80372502103e-05  5.80365480008e-05  5.80334393871e-05  5.80207950569e-05  5.79738388759e-05  5.78158034133e-05  5.73378784911e-05  5.60520935411e-05  5.3010370345e-05  4.67678895597e-05  3.58217838543e-05  1.96875125459e-05  
9.95489839007e-06  9.95489366676e-06  9.95486850849e-06  9.95474768687e-06  9.95421219161e-06  9.95203220014e-06  9.94393252151e-06  9.91666916735e-06  9.83424428745e-06  9.61264816165e-06  9.08899964493e-06  8.01583118578e-06  6.13696637861e-06  3.37150034985e-06  
1.60914371087e-06  1.60914295085e-06  1.60913889518e-06  1.60911938434e-06  1.60903278302e-06  1.60867981565e-06  1.60736725211e-06  1.60294691041e-06  1.58958090068e-06  1.55365461644e-06  1.46880621209e-06  1.29506704945e-06  9.91203605716e-07  5.44389964714e-07  
2.45760451612e-07  2.45760336514e-07  2.45759721066e-07  2.4575675448e-07  2.45743564163e-07  2.45689724763e-07  2.45489279494e-07  2.44813653299e-07  2.42769633263e-07  2.3727444768e-07  2.24297911109e-07  1.97737493396e-07  1.51312047283e-07  8.30883672036e-08  
3.55486641208e-08  3.55486476681e-08  3.55485594966e-08  3.55481335686e-08  3.55462360564e-08  3.55384776167e-08  3.55095508186e-08  3.54119354622e-08  3.51163567539e-08  3.43212754956e-08  3.24432751087e-08  2.8599492935e-08  2.18824779734e-08  1.2014804308e-08  
4.88066410323e-09  4.88066187749e-09  4.88064992098e-09  4.88059202641e-09  4.88033354693e-09  4.87927463803e-09  4.87531986443e-09  4.86195506455e-09  4.82143976803e-09  4.71236302337e-09  4.4545745041e-09  3.92679345392e-09  3.00443672961e-09  1.6495476431e-09  
6.37313872396e-10  6.37313586763e-10  6.37312048447e-10  6.37304580891e-10  6.37271162349e-10  6.3713396352e-10  6.36620575855e-10  6.34882727627e-10  6.29607029521e-10  6.1538752905e-10  5.81753131508e-10  5.12852814153e-10  3.92403168132e-10  2.15446503028e-10  
7.92963660115e-11  7.92963311634e-11  7.92961429799e-11  7.92952270075e-11  7.92911175428e-11  7.92742070034e-11  7.92107952915e-11  7.89957387298e-11  7.83418113218e-11  7.65768813111e-11  7.23976161992e-11  6.38294301931e-11  4.88426535722e-11  2.68183026631e-11  
9.41725747264e-12  9.41725342281e-12  9.41723149159e-12  9.41712444008e-12  9.41664287367e-12  9.41465627974e-12  9.40718982189e-12  9.38181539185e-12  9.30451736629e-12  9.09556353156e-12  8.60012663995e-12  7.58336415362e-12  5.80362230126e-12  3.18693613015e-12  
1.06919743756e-12  1.06919698844e-12  1.06919454913e-12  1.06918260697e-12  1.06912873444e-12  1.06890590837e-12  1.06806638218e-12  1.06520689669e-12  1.05647853521e-12  1.03284225136e-12  9.76716188843e-13  8.61392678818e-13  6.59348572832e-13  3.62114786692e-13  
1.16223890109e-13  1.162238425e-13  1.16223583137e-13  1.1622230945e-13  1.16216546768e-13  1.16192645097e-13  1.16102358718e-13  1.15794100686e-13  1.14851122334e-13  1.12292625493e-13  1.06207205317e-13  9.36862698026e-14  7.17268914856e-14  3.93988084333e-14  
1.21125019045e-14  1.21124970732e-14  1.21124706707e-14  1.21123405973e-14  1.21117502889e-14  1.21092947766e-14  1.20999939965e-14  1.2068158572e-14  1.19705464699e-14  1.17051540129e-14  1.10727712927e-14  9.7696573984e-15  7.48154408981e-15  4.11030068256e-15  
1.2117169777e-15  1.21171650773e-15  1.21171393102e-15  1.21170119482e-15  1.21164321104e-15  1.21140128692e-15  1.21048233598e-15  1.20732850953e-15  1.19763471534e-15  1.17122041073e-15  1.10815733248e-15  9.77993490028e-16  7.49144906323e-16  4.11660836957e-16  
1.15560625174e-16  1.15560581623e-16  1.15560342067e-16  1.15559154021e-16  1.15553727799e-16  1.15531018467e-16  1.15444505508e-16  1.15146782912e-16  1.14229370114e-16  1.11723796024e-16  1.0572966796e-16  9.33362196905e-17  7.15165594341e-17  3.93078201379e-17  
