0.805920801381  0.805268065235  0.803664060885  0.800441606368  0.794434782505  0.783816376682  0.765958381442  0.737405207974  0.694073315641  0.631777911463  0.547109903182  0.438538483829  0.307436963985  0.158615093815  
0.363795952207  0.363489989367  0.362739825816  0.361237501847  0.358447402996  0.35353507529  0.34530860824  0.332213095373  0.312427908082  0.284108449874  0.245777703458  0.19680769911  0.137856658648  0.0710843862214  
0.158151622802  0.158014218294  0.157678003863  0.157006566127  0.155763635491  0.15358301127  0.149944736731  0.144175096843  0.135491416979  0.12310837877  0.106406371651  0.0851347502444  0.0595926770449  0.0307142841116  
0.0662599126528  0.0662007031724  0.0660560817628  0.0657679820352  0.0652361980043  0.0643061139748  0.0627593293661  0.0603145113186  0.0566470183446  0.0514338000483  0.0444231865063  0.0355178757779  0.0248475304881  0.0128016365257  
0.0267735271754  0.0267490117675  0.0266892264821  0.0265703900308  0.0263515933983  0.0259699618102  0.0253370804488  0.0243396318902  0.0228476078339  0.0207325521176  0.0178954812932  0.0142996657436  0.00999890127908  0.00514986852734  
0.0104413323924  0.0104315668436  0.0104077850591  0.0103606052949  0.010273933927  0.0101231205226  0.00987363670497  0.00948142207936  0.00889617740965  0.0080685062304  0.00696070407897  0.00555929110306  0.00388569149897  0.0020007619638  
0.00393295944712  0.0039292125168  0.00392009898894  0.0039020500079  0.00386895846058  0.00381149809034  0.0037166497869  0.00356786322399  0.00334632562878  0.00303365879359  0.00261594922933  0.00208838731834  0.00145918033488  0.000751167813145  
0.00143189583636  0.00143050954935  0.00142714140765  0.00142048101887  0.00140829081393  0.00138716269822  0.0013523531879  0.00129785203903  0.00121685277596  0.0011027363114  0.000950527173226  0.000758556918551  0.000529855016502  0.000272709647064  
0.000504246558508  0.000503751477599  0.000502549776982  0.000500176615045  0.000495839739617  0.000488335211032  0.000475991682389  0.000456697528159  0.000428069082657  0.000387797417768  0.000334157684601  0.0002665871064  0.000186164680042  9.58006149908e-05  
0.000171877404886  0.000171706575028  0.000171292272512  0.000170475048709  0.000168983594822  0.000166406443124  0.000162173670039  0.000155567012659  0.000145777944614  0.000132025963218  0.000113731151962  9.07088998862e-05  6.33304738986e-05  3.2585281034e-05  
5.6744385414e-05  5.66873826385e-05  5.65492395566e-05  5.62770270145e-05  5.57808134693e-05  5.49244469386e-05  5.35197148647e-05  5.13299317553e-05  4.80893167748e-05  4.35420622309e-05  3.74989968905e-05  2.9901215317e-05  2.08722593065e-05  1.07380279481e-05  
1.81491190557e-05  1.81307177186e-05  1.80861517471e-05  1.79984122315e-05  1.78386357764e-05  1.75631912298e-05  1.71118676296e-05  1.64090900412e-05  1.53701727316e-05  1.3913817701e-05  1.19801513379e-05  9.55089402856e-06  6.66582216598e-06  3.42896093148e-06  
5.59728790597e-06  5.59156772827e-06  5.57772170781e-06  5.55048305298e-06  5.50092388948e-06  5.41556612644e-06  5.2758373936e-06  5.05846397131e-06  4.73741367929e-06  4.28775088341e-06  3.69117600211e-06  2.94219812392e-06  2.05315250137e-06  1.05606501578e-06  
1.55662471034e-06  1.55502415494e-06  1.55115155656e-06  1.54353764538e-06  1.52969390854e-06  1.50586734222e-06  1.46689233518e-06  1.40630379723e-06  1.31688053839e-06  1.19171738725e-06  1.02576073502e-06  8.17514891672e-07  5.70424759633e-07  2.93384698529e-07  
