6.14464367293  6.12761461728  6.09021120537  6.02565213067  5.92363613071  5.7704491624  5.54950631434  5.24257709877  4.83186192536  4.3028977742  3.64797983289  2.86945397422  1.98198479281  1.0128927193  
3.51365868053  3.50354350859  3.48137472541  3.44323632243  3.38321214201  3.29348369258  3.16468210592  2.98662467682  2.74951393476  2.44556660647  2.07088072997  1.62717954492  1.12295691915  0.573567186615  
1.95472686999  1.94891068492  1.93618873571  1.91436645033  1.88014418035  1.82918908126  1.75635026167  1.6560838797  1.52312317398  1.35336667897  1.14487358369  0.898770307277  0.619821454158  0.316437553455  
1.05819820908  1.05495769256  1.04788205602  1.03577681476  1.01685349416  0.988776659671  0.948789066116  0.893948187181  0.821489281296  0.729296924875  0.616423493566  0.483551424903  0.333273724874  0.170080964591  
0.557576491929  0.555825511292  0.552008282873  0.545492926337  0.535336795637  0.520314933918  0.498989817384  0.469838594697  0.431444143928  0.382738961316  0.323269061266  0.25342501856  0.174577623041  0.0890640958125  
0.286028920932  0.285110628973  0.283111530046  0.279706555761  0.2744123173  0.266603324038  0.255549388979  0.240481940333  0.22069176834  0.195651986217  0.165149274315  0.129397005105  0.0890997478177  0.0454434324148  
0.142890349509  0.142422589948  0.141405577349  0.139676593911  0.136994352202  0.133047795931  0.127475468335  0.119899044165  0.109971989346  0.0974400110608  0.0822048298419  0.0643784142242  0.0443131106386  0.0225956397872  
0.0695358196589  0.0693042448398  0.0688013216158  0.067947757947  0.0666262657819  0.0646861376781  0.0619529517653  0.0582450439826  0.0533970939591  0.047289112377  0.0398767152305  0.0312165730347  0.0214802245476  0.0109507311401  
0.0329726226678  0.0328611300258  0.0326192423929  0.0322093281566  0.0315758444001  0.0306476278304  0.0293426089213  0.0275756802693  0.0252698341216  0.0223697239766  0.0188557056243  0.0147555218224  0.0101505145287  0.0051738757664  
0.015238548438  0.0151863204292  0.0150731134755  0.0148815270226  0.0145859279677  0.0141535579451  0.013546756105  0.0127266165092  0.0116581139019  0.0103162950007  0.00869264046218  0.00680031278577  0.00467689513737  0.00238352148148  
0.00686336201923  0.00683955491185  0.00678799414635  0.00670084075333  0.00656656665989  0.00637047242083  0.00609570528789  0.00572491395387  0.00524254773349  0.00463761428457  0.00390649479627  0.00305524840377  0.00210079506248  0.00107050092381  
0.00300583863633  0.0029953013583  0.00297249668967  0.00293399138123  0.00287474400799  0.00278833891806  0.00266743840464  0.00250450998848  0.00229282944019  0.00202767655939  0.00170754894403  0.00133514891206  0.000917882692964  0.000467670582519  
0.00126025439094  0.00125579662385  0.00124615518983  0.0012298907577  0.00120489246727  0.00116847853926  0.00111758802947  0.00104908658464  0.000960185509092  0.000848938835117  0.000714745473318  0.0005587552235  0.000384071566799  0.000195669289459  
0.000453537861009  0.000451923101684  0.000448432229081  0.000442547325025  0.000433509530602  0.000420355906529  0.000401988997119  0.000377287065624  0.000345254507772  0.000305199610475  0.000256913510346  0.000200814300978  0.000138018347036  7.03099394296e-05  
