16.4934057625  16.4177309495  16.2580836282  15.9981722527  15.6144439372  15.0774647596  14.3541990943  13.4113781062  12.2199702479  10.7604719427  9.02836332109  7.03871527901  4.8287359974  2.4571690417  
10.611548942  10.5610633639  10.4547672582  10.2822430449  10.0285190349  9.6750408734  9.20121378268  8.58660506359  7.81377826918  6.87154880662  5.75823623046  4.48430117302  3.0736767972  1.56321495114  
6.68201068242  6.64920541476  6.58025690356  6.46865514827  6.30509250893  6.07811772201  5.77514284997  5.38384195714  4.89390537422  4.2990049366  3.59870501363  2.79995792428  1.91779535213  0.974907635512  
4.11825069794  4.09747153484  4.05386790929  3.98346172909  3.88059090932  3.73833341651  3.5491443271  3.30572071717  3.00206338542  2.634641327  2.20349835281  1.71309255724  1.17265250944  0.595887078828  
2.48440268933  2.47156405987  2.44466113684  2.40131565758  2.33815588681  2.25108258434  2.13566066805  1.98764091253  1.80358887043  1.5815623502  1.32174268559  1.02690073712  0.702578726437  0.356902038783  
1.46713153072  1.45938916408  1.44318578345  1.41712982136  1.37925518156  1.32718311918  1.25835671365  1.17034822236  1.06122394016  0.92993123075  0.776653108651  0.603063793176  0.412420599025  0.209447260486  
0.848191962398  0.843632443655  0.834100982304  0.818800420984  0.796607871888  0.766170541801  0.726042620263  0.674862293943  0.611559132884  0.535571196099  0.447041050385  0.346954092008  0.237184473698  0.120425345637  
0.480106979234  0.477483672284  0.472005330274  0.463224768239  0.450513738833  0.433118191253  0.410236292056  0.381118152457  0.34518135342  0.302130517735  0.252063910614  0.195547271969  0.133636500067  0.0678372192247  
0.266085799592  0.264610732383  0.261533100378  0.256607205395  0.249488670315  0.239765519206  0.227001625136  0.210791695314  0.190824348263  0.16694676155  0.139221675462  0.107966227003  0.0737630132842  0.0374373009232  
0.14436549396  0.14355485909  0.141864901725  0.139163418454  0.135265489215  0.12995053842  0.122985982881  0.114156903456  0.103299797293  0.0903368764317  0.0753060220634  0.0583808942211  0.0398762561363  0.0202354577321  
0.0765820679448  0.0761471393218  0.0752410895218  0.0737943339847  0.071709716323  0.0688716433732  0.0651586549623  0.0604590792735  0.0546887116985  0.0478086474307  0.0398407257717  0.030877765203  0.0210860885351  0.0106988247097  
0.0394922593707  0.0392657486819  0.0387941792439  0.0380419235278  0.0369593146094  0.0354873915365  0.0335643887676  0.031133767974  0.0281532317001  0.0246037580994  0.0204973697623  0.0158822244845  0.0108437902217  0.00550136921395  
0.0192901346681  0.0191785958785  0.0189465069371  0.0185765718357  0.0180447095782  0.0173223848146  0.0163797793376  0.0151896975428  0.0137319273427  0.0119975889566  0.00999285263272  0.00774135230918  0.00528471072053  0.0026808342824  
0.00780888334609  0.00776347897252  0.00766903624465  0.00751858392024  0.00730242452481  0.00700908115565  0.0066265815739  0.00614403403582  0.00555338087782  0.00485114111902  0.00403989424366  0.00312923735005  0.00213598452705  0.00108347482591  
