2.76242706917  2.75758257816  2.746509062  2.72630450189  2.6923365569  2.63805856895  2.55501642672  2.43324148483  2.26220780172  2.03243230789  1.73759933322  1.37682549698  0.956438297852  0.490560797938  
1.43760997875  1.4349899965  1.42901487459  1.41814887101  1.39995333989  1.37100514112  1.32691971869  1.26257677337  1.1726331152  1.05235183533  0.898675325114  0.711340576661  0.493725785535  0.253092628968  
0.724715344318  0.723349809791  0.720241918638  0.714606806637  0.705203854697  0.690301855953  0.667699028764  0.634845468893  0.589107091892  0.528180940871  0.450621346299  0.35637540365  0.247177869926  0.126649515445  
0.354029529793  0.353342820405  0.351782750078  0.348961555868  0.344268759512  0.336856857112  0.32565458761  0.309430220572  0.286922424324  0.257041625771  0.21912063901  0.173165262708  0.12003457891  0.0614799989369  
0.16766305922  0.167329501645  0.166572958207  0.165208066156  0.16294402145  0.159378927152  0.15400749104  0.146252347952  0.135526704815  0.121328947334  0.103358655462  0.0816308878538  0.056556681427  0.0289581877605  
0.0770104433622  0.0768537981508  0.0764990280106  0.0758603274902  0.0748034965061  0.0731437984154  0.0706500524023  0.0670595330605  0.0621069682294  0.0555676496304  0.0473096374885  0.0373445400171  0.0258626332371  0.0132385825481  
0.0343218616044  0.0342506747709  0.0340896608101  0.0338003280464  0.0333226385052  0.0325742310237  0.0314524585125  0.0298412184115  0.0276239490776  0.0247026959402  0.021020953357  0.0165856445496  0.0114820844242  0.00587608570798  
0.0148490929025  0.0148177615941  0.0147469774121  0.0146199955974  0.0144107606307  0.0140836377187  0.0135943738408  0.0128931216779  0.0119300852141  0.0106637085174  0.00907039652966  0.00715378294756  0.00495095308837  0.00253319791175  
0.00623932650919  0.00622596087436  0.00619579647784  0.00614176472872  0.00605288979467  0.00591420077915  0.00570716449736  0.00541098039634  0.00500495964609  0.00447194246739  0.00380232288961  0.00299785553948  0.00207418118922  0.00106108896139  
0.00254729427362  0.00254176407089  0.00252929479076  0.00250698916928  0.00247035682596  0.00241328740361  0.0023282375195  0.00220676783408  0.00204051636262  0.00182258483175  0.0015491603571  0.00122103875978  0.000844624626008  0.000432019744611  
0.00101078672418  0.00100856617147  0.00100356352454  0.000994625247909  0.000979966456279  0.00095716340327  0.000923231208811  0.000874839804595  0.000808700714425  0.000722113974328  0.000613604112747  0.000483513992316  0.000334391093808  0.000171016398861  
0.00038951966332  0.000388654970753  0.000386708359949  0.000383234021923  0.00037754314965  0.000368702109244  0.000355563579289  0.000336850696312  0.000311306254909  0.000277902355427  0.000236082943636  0.00018598910795  0.000128604454587  6.57642195782e-05  
0.000144337530099  0.000144014232539  0.000143286884786  0.000141989894221  0.000139867727058  0.000136574568938  0.000131686236453  0.000124731643871  0.00011524812624  0.000102858762583  8.73614426695e-05  6.88112384894e-05  4.75731899929e-05  2.43250625934e-05  
4.6971082638e-05  4.68651619714e-05  4.66269790443e-05  4.62025504412e-05  4.55086499099e-05  4.44327806132e-05  4.28371419069e-05  4.05689379527e-05  3.74783882749e-05  3.34438006073e-05  2.84003582636e-05  2.23666560872e-05  1.5461617368e-05  7.90524367948e-06  
