0.174799686783  0.174749947544  0.174614256281  0.174303392352  0.173639921929  0.172304124026  0.169767326719  0.165232934393  0.157624336379  0.14567279873  0.128149671073  0.104238746136  0.0739584122979  0.0384582179035  
0.0665162569355  0.0664966575583  0.0664432966839  0.0663213797089  0.0660619861749  0.0655415245079  0.0645567603845  0.0628033860116  0.0598730777669  0.0552887214767  0.0485933893394  0.0394898764465  0.027995826242  0.0145497149549  
0.02423427807  0.024226921736  0.0242069285786  0.0241613566914  0.024064659604  0.0238712164468  0.0235063643847  0.0228589083129  0.0217805539133  0.0200992606896  0.0176518006317  0.0143338982  0.0101550836547  0.0052753114987  
0.00846336580858  0.00846073071183  0.00845357989252  0.00843731387695  0.0084028807689  0.00833417365587  0.00820493963447  0.00797625954868  0.00759649785588  0.00700611226952  0.00614905430849  0.00499006547434  0.00353335010607  0.001834801548  
0.0028363094388  0.00283540700382  0.00283296129845  0.00282740788518  0.00281567586372  0.00279231777404  0.00274848584712  0.00267111495747  0.00254294748373  0.00234418504312  0.00205631495273  0.00166784401473  0.00118042088941  0.000612779993793  
0.000913138898808  0.000912842943271  0.00091204177447  0.000910225347118  0.000906394702032  0.00089878250268  0.000884526880402  0.000859416015372  0.000817907447167  0.000753670362886  0.000660818494444  0.000535738583165  0.000379024894427  0.00019670838176  
0.000282718877056  0.000282625791554  0.000282374046478  0.000281804027623  0.00028060371775  0.000278222363825  0.000273770426973  0.000265942528337  0.000253026385089  0.000233073393703  0.000204280478391  0.000165551520511  0.000117086788094  6.07531202328e-05  
8.4266515006e-05  8.42383966485e-05  8.41624139187e-05  8.39905585091e-05  8.36291364407e-05  8.29130884436e-05  8.15764107782e-05  7.92297062913e-05  7.5363593497e-05  6.94002133044e-05  6.0807047979e-05  4.92630565754e-05  3.48319677727e-05  1.80700455267e-05  
2.42030371051e-05  2.4194869094e-05  2.41728121515e-05  2.41229707178e-05  2.40182637351e-05  2.38110624327e-05  2.34247545503e-05  2.27474236525e-05  2.16330095632e-05  1.99162607009e-05  1.74454216367e-05  1.41296540703e-05  9.98823066768e-06  5.18087168967e-06  
6.70526525024e-06  6.70298075396e-06  6.69681514882e-06  6.6828936276e-06  6.65367347313e-06  6.59590768351e-06  6.48832216161e-06  6.29989462552e-06  5.99021859147e-06  5.51368251194e-06  4.82852390674e-06  3.90989680954e-06  2.76336516342e-06  1.43316470709e-06  
1.79345927287e-06  1.79284337913e-06  1.79118190199e-06  1.78743275037e-06  1.7795693859e-06  1.76403690158e-06  1.73513398469e-06  1.68455938582e-06  1.60151887525e-06  1.47385126392e-06  1.29044959744e-06  1.04474036095e-06  7.38262065237e-07  3.82843130018e-07  
4.63475013437e-07  4.63314809847e-07  4.62882787026e-07  4.61908406201e-07  4.59865983865e-07  4.55834290125e-07  4.48337538815e-07  4.35229667121e-07  4.1372406504e-07  3.8068635026e-07  3.33259939219e-07  2.69761683892e-07  1.90600053579e-07  9.88310588107e-08  
1.15542875027e-07  1.15502726365e-07  1.15394485762e-07  1.15150453902e-07  1.14639171138e-07  1.13630448162e-07  1.11755870972e-07  1.08480259687e-07  1.03109513998e-07  9.486397163e-08  8.30343353064e-08  6.72042313017e-08  4.74777397381e-08  2.4616559674e-08  
2.6542554536e-08  2.65332955002e-08  2.65083376266e-08  2.64520841736e-08  2.63342640288e-08  2.61019039749e-08  2.56702814359e-08  2.49164224689e-08  2.36809812884e-08  2.17851584873e-08  1.90665165771e-08  1.54299785794e-08  1.08998533741e-08  5.65109243871e-09  
