0.000199839265977  0.000199838992737  0.000199837689336  0.000199832111506  0.000199810030309  0.000199729475022  0.000199460226264  0.000198641214962  0.000196391312805  0.000190858520645  0.000178801079191  0.000155778221614  0.000117737117657  6.4035103454e-05  
3.84217022979e-05  3.84216493797e-05  3.84213967261e-05  3.84203147397e-05  3.84160296339e-05  3.8400395488e-05  3.83481531717e-05  3.81893403701e-05  3.77535074413e-05  3.66832207371e-05  3.43547566924e-05  2.99172582989e-05  2.25993311704e-05  1.22858399209e-05  
6.97228916651e-06  6.9722795382e-06  6.972233517e-06  6.97203623781e-06  6.97125436625e-06  6.96840048296e-06  6.95886293368e-06  6.92987557128e-06  6.85036865672e-06  6.65529286367e-06  6.23139148873e-06  5.42464504845e-06  4.09611842392e-06  2.22605810378e-06  
1.19714950526e-06  1.19714785425e-06  1.1971399523e-06  1.19710603743e-06  1.19697148997e-06  1.1964800239e-06  1.19483682882e-06  1.18984192615e-06  1.17614393654e-06  1.14255012467e-06  1.06960296316e-06  9.30901169988e-07  7.02717516389e-07  3.81803226914e-07  
1.94931497491e-07  1.94931229925e-07  1.94929947376e-07  1.94924434778e-07  1.9490253819e-07  1.94822476317e-07  1.94554595679e-07  1.93739925413e-07  1.91505357907e-07  1.86025637319e-07  1.74130741459e-07  1.51525905021e-07  1.14361520722e-07  6.21249562698e-08  
3.01638051998e-08  3.01637641131e-08  3.01635668365e-08  3.01627175208e-08  3.0159339077e-08  3.01469711112e-08  3.01055478786e-08  2.9979479351e-08  2.9633517083e-08  2.87849374838e-08  2.69429397912e-08  2.34431915557e-08  1.76912526099e-08  9.60945774325e-09  
4.44428046983e-09  4.44427447793e-09  4.44424565516e-09  4.44412134216e-09  4.44362603511e-09  4.44181019153e-09  4.43572110947e-09  4.41717119829e-09  4.36622794037e-09  4.2412113111e-09  3.9697674927e-09  3.45399990931e-09  2.60639729922e-09  1.41565469232e-09  
6.24606301689e-10  6.24605470054e-10  6.24601461745e-10  6.24584139734e-10  6.24514997817e-10  6.24261106201e-10  6.23408523928e-10  6.20808084781e-10  6.13659612748e-10  5.96104047425e-10  5.57966925175e-10  4.85481436023e-10  3.66345423062e-10  1.98976913786e-10  
8.38731202699e-11  8.38730102071e-11  8.38724786115e-11  8.38701764415e-11  8.38609691214e-11  8.3827099074e-11  8.37131801036e-11  8.33652358399e-11  8.24076333072e-11  8.00536778681e-11  7.49363387887e-11  6.52051587194e-11  4.92062140294e-11  2.67265606739e-11  
1.07775914431e-11  1.0777577529e-11  1.0777510176e-11  1.07772178353e-11  1.07760461814e-11  1.07717277787e-11  1.07571776892e-11  1.07126677838e-11  1.0590003205e-11  1.02881304966e-11  9.63128454545e-12  8.38136837661e-12  6.32542973607e-12  3.43588106053e-12  
1.32717381674e-12  1.32717213378e-12  1.32716396815e-12  1.32712844185e-12  1.32698573979e-12  1.32645868597e-12  1.32467949317e-12  1.31922746481e-12  1.30417952093e-12  1.26709905889e-12  1.18632904845e-12  1.03250220302e-12  7.79324305495e-13  4.23353554709e-13  
1.56827878777e-13  1.56827683721e-13  1.56826735031e-13  1.56822597299e-13  1.56805937722e-13  1.56744271972e-13  1.56535681219e-13  1.55895305935e-13  1.54124899942e-13  1.49756038826e-13  1.40228024847e-13  1.22064093877e-13  9.2146842884e-14  5.00625315365e-14  
1.78034729178e-14  1.78034512277e-14  1.78033454684e-14  1.7802883005e-14  1.78010164219e-14  1.77940912253e-14  1.77706155469e-14  1.76984023625e-14  1.74984021693e-14  1.70040794398e-14  1.59245591694e-14  1.3864319385e-14  1.04681024973e-14  5.68796431595e-15  
1.92385866709e-15  1.92385637287e-15  1.92384515788e-15  1.92379598842e-15  1.92359703384e-15  1.92285714418e-15  1.92034343554e-15  1.91259520756e-15  1.89109586076e-15  1.83786959017e-15  1.72146516942e-15  1.49904583029e-15  1.13206007201e-15  6.15207416599e-16  
