1.54755569067  1.54565132187  1.54115444621  1.53258121817  1.51746469836  1.49214991284  1.4516754719  1.38988418293  1.29991556487  1.17518341558  1.010807501  0.80525978322  0.561768532935  0.288917208885  
0.752885234168  0.751922604843  0.749654702827  0.745345109976  0.737775641428  0.725152927801  0.705060882705  0.674527251672  0.630274545552  0.569198334082  0.489049820714  0.389202516  0.271287830887  0.139445379885  
0.353787344827  0.353319761861  0.352220412743  0.350137450155  0.346491401548  0.340433916914  0.330829519127  0.31629184986  0.295305729779  0.266452406324  0.228724231928  0.181871318717  0.126682157265  0.0650863292901  
0.160664848848  0.160446310222  0.159933433788  0.158964192959  0.157272765648  0.154471871071  0.150046085794  0.143370188918  0.133766069145  0.120605015385  0.10344811551  0.0821984388426  0.0572217779453  0.0293879752038  
0.0705516641589  0.0704532645781  0.070222711243  0.0697880130175  0.0690314592727  0.0677822811273  0.0658143254658  0.0628548045365  0.0586097973003  0.0528091061842  0.0452669207694  0.0359466857774  0.0250116980629  0.0128413921945  
0.0299743764074  0.0299316460925  0.0298316725787  0.0296435634541  0.0293169571304  0.0287790621652  0.0279338931912  0.0266662364938  0.0248526576671  0.0223805179004  0.0191733725754  0.015217820292  0.0105841432491  0.00543258727362  
0.0123282612977  0.0123103468678  0.012268487609  0.012189869284  0.0120536562302  0.0118298309118  0.0114789596499  0.0109539100359  0.0102044354603  0.00918497593576  0.00786496740258  0.00623963407592  0.0043381826311  0.00222617033334  
0.00491152294941  0.00490426507068  0.00488732560754  0.00485556217589  0.00480063254686  0.00471055251274  0.00456963025774  0.00435917982764  0.00405936598706  0.00365230328345  0.00312611486611  0.00247914627272  0.00172313075402  0.000884062060233  
0.00189647361036  0.00189362950573  0.00188699830573  0.00187458195155  0.00185314564032  0.0018180539981  0.00176325505541  0.00168156538344  0.00156538822858  0.00140790672569  0.00120463459462  0.000955014592015  0.000663608203684  0.000340409915284  
0.00071013817801  0.000709059296192  0.000706546099139  0.00070184636829  0.000693744450235  0.000680502193931  0.000659855994216  0.000629126657754  0.000585490085705  0.000526422823691  0.000450277252393  0.000356870857058  0.000247921311516  0.000127157007522  
0.000258000353264  0.00025760388751  0.000256681084594  0.000254957379648  0.000251989747312  0.00024714597658  0.000239604562801  0.000228395590496  0.000212499607509  0.000191009064466  0.000163335531729  0.000129420863  8.98920260823e-05  4.60990634259e-05  
9.09265630495e-05  9.07854318045e-05  9.04571718588e-05  8.98446281385e-05  8.87912519636e-05  8.70740245379e-05  8.44037159186e-05  8.04395866582e-05  7.48243893024e-05  6.72411214934e-05  5.74855103114e-05  4.55395383768e-05  3.16250301685e-05  1.62163740303e-05  
3.08672202679e-05  3.08188956598e-05  3.07065654695e-05  3.04971348727e-05  3.01373406766e-05  2.95514157487e-05  2.86412632774e-05  2.72915319098e-05  2.53815410741e-05  2.2804503445e-05  1.9491971977e-05  1.54385414902e-05  1.0719758556e-05  5.4962539145e-06  
9.32894445195e-06  9.31424292612e-06  9.28008541423e-06  9.21644369013e-06  9.10719292241e-06  8.92942128034e-06  8.65350251272e-06  8.24464907312e-06  7.66652591763e-06  6.88704960256e-06  5.88573988133e-06  4.6611257875e-06  3.23609426912e-06  1.65909688636e-06  
