29.742932546  29.5657451513  29.1989673153  28.6186031606  27.7907822488  26.674546208  25.2258570925  23.4028755189  21.1723366742  18.5165269684  15.439983555  11.9747056018  8.1825290847  4.15353298528  
20.5443699198  20.4177013055  20.1559694231  19.7429965018  19.1560983033  18.3681083752  17.3502143318  16.0755891101  14.523650298  12.6845761665  10.5634872726  8.18353416937  5.58709937666  2.83450092005  
13.9425943442  13.8540387906  13.6713519779  13.3838253404  12.9765307143  12.431742793  11.7308903094  10.8569968928  9.79747449538  8.54700727785  7.11013953427  5.50309893658  3.75439273033  1.90384495512  
9.2966117316  9.23602366903  9.11121083817  8.91520959218  8.63836197798  8.26928699674  7.79618985754  7.20846852836  6.49851467824  5.66353133781  4.70712049888  3.64035514333  2.482067096  1.25817080489  
6.09019255216  6.04960018725  5.96608498889  5.83519627526  5.65078918479  5.40567106621  5.09246029922  4.70462323674  4.23761646  3.69001762668  3.06449035612  2.36841125983  1.61400388145  0.817882100262  
3.91978195926  3.89313753273  3.838380891  3.75271538382  3.63229518358  3.47264549403  3.26921414438  3.01802857148  2.71640886101  2.36366213345  1.96166313388  1.51521867734  1.03212674396  0.522877529354  
2.47865480807  2.46151315809  2.42632103298  2.37135034974  2.29423311318  2.19222867343  2.06257099008  1.90287749503  1.71158726419  1.48838173995  1.23453036538  0.953100854995  0.648983170778  0.328698791471  
1.53984022441  1.52902803477  1.50685036248  1.47225705676  1.42381360306  1.35986760686  1.27876325711  1.17909136055  1.05995441541  0.921218055328  0.763714473551  0.589362726031  0.401177048161  0.20314792925  
0.939624566386  0.93293770981  0.919232818662  0.897882326351  0.868031360706  0.828699386328  0.778910181637  0.717842105493  0.644985930059  0.5602929975  0.464293489768  0.358164608103  0.243732440649  0.123399370148  
0.56275933676  0.558706718962  0.550406709833  0.537490747884  0.519458021534  0.495736281421  0.465759119867  0.429054673525  0.385338052591  0.334597322651  0.277161345851  0.213738000471  0.145413752539  0.0736102574438  
0.329926481089  0.327525793228  0.322612139987  0.314973329264  0.304321658514  0.290329493222  0.272674239999  0.251089652397  0.22541892945  0.195663728732  0.162022449588  0.124911362738  0.0849636278682  0.0430039284676  
0.187579861154  0.186202819294  0.183385858475  0.17901027535  0.172915427331  0.16491890804  0.154841937962  0.14253818317  0.127923411959  0.11100269218  0.0918914536183  0.0708269075506  0.0481671580737  0.0243768327986  
0.0999881131737  0.0992489142888  0.0977374167741  0.0953911864208  0.092125857576  0.0878458595237  0.0824578693513  0.0758860205721  0.0680874845202  0.0590666868442  0.0488862428345  0.0376728013812  0.025616439282  0.012963028367  
0.043129246253  0.0428089110023  0.0421540841748  0.0411380787334  0.039724869483  0.0378737107117  0.0355449146202  0.0327063669465  0.0293401828588  0.0254487594285  0.0210594103561  0.0162268188642  0.0110327402283  0.005582717833  
