5.73758354779  5.72227026448  5.68852845704  5.63002674191  5.53710950003  5.39685987688  5.19357164446  4.90987618235  4.52869646013  4.03601834159  3.42418603897  2.69510123609  1.86245427067  0.952096995202  
3.25433823857  3.24531522726  3.22547736082  3.19119533994  3.13696447285  3.05547437076  2.93791628915  2.77465702417  2.55635990648  2.27552809052  1.9282911931  1.51608962475  1.04679647845  0.534830128919  
1.79510763838  1.78996313901  1.77867481706  1.75922463168  1.7285663031  1.68267989906  1.61675952807  1.52559986834  1.4042181112  1.2486893951  1.05709257127  0.830380062849  0.572934293384  0.292589429097  
0.963184283386  0.960343235278  0.954120274385  0.943426029935  0.926622907756  0.901561835075  0.865691070707  0.816269771626  0.750702416953  0.666978893704  0.564163421356  0.442834923987  0.305358865795  0.155882578408  
0.502837473069  0.501316419623  0.497990013556  0.492286952141  0.483351550959  0.470066278846  0.451112090966  0.425082435693  0.390657799929  0.346831462922  0.293156346476  0.229963424684  0.158492368678  0.0808825594449  
0.255483578312  0.254693466566  0.25296801347  0.250015965458  0.245402481258  0.238562050248  0.228830647938  0.215504661696  0.197929417664  0.175612011926  0.148343027978  0.116302600391  0.0801221154549  0.0408770501311  
0.126369127313  0.125970628313  0.125101488721  0.123617286731  0.121303005051  0.117880048422  0.113022773249  0.106388023718  0.0976588012083  0.0865992297346  0.0731131682344  0.057294619094  0.0394563367428  0.0201252699458  
0.0608685583659  0.0606732812705  0.0602478610458  0.0595226074348  0.0583940205325  0.0567284328591  0.0543702255144  0.0511562035612  0.0469365621006  0.0416009932319  0.0351062495796  0.0274995825633  0.0189317554795  0.00965445592299  
0.0285595956375  0.0284665648071  0.0282641002718  0.0279194610719  0.0273841280551  0.0265956194804  0.0254814473513  0.0239659178437  0.0219799339595  0.0194730889229  0.0164263250155  0.0128625924182  0.00885265245271  0.00451371415513  
0.0130566810669  0.0130135709393  0.0129198359017  0.0127604943249  0.0125133874766  0.0121500520575  0.0116375684276  0.0109416898534  0.010031307804  0.00888391651834  0.00749129056784  0.00586422458454  0.00403506919451  0.00205705171601  
0.00581585134475  0.00579641686191  0.00575419500377  0.00568250856841  0.0055714983599  0.00540852834473  0.00517902395772  0.0048678732105  0.00446140853859  0.00394981522133  0.00332961748973  0.00260573848255  0.00179258537986  0.000913726203506  
0.00251880929128  0.00251030276128  0.00249183568895  0.00246051518387  0.00241207613772  0.00234106289226  0.0022411978598  0.00210599084686  0.00192959442309  0.00170783710901  0.00143928390984  0.00112610935279  0.000774551079669  0.000394762477743  
0.00104485819146  0.00104129761222  0.00103357269877  0.00102048318795  0.00100026171966  0.000970651349697  0.000929060363486  0.000872815848998  0.000799517414601  0.00070746227269  0.000596079522063  0.000466285697427  0.000320667329734  0.000163417342754  
0.000372837053111  0.000371558160757  0.000368784795458  0.000364088633907  0.000356839561062  0.000346233884191  0.000331350060085  0.000311239375343  0.000285051862511  0.000252187065198  0.000212447540563  0.000166164033017  0.0001142591892  5.8224242817e-05  
