10.4621604593  10.4237539469  10.3413159528  10.2036527052  9.99423463646  9.69182550186  9.27177745455  8.70823431782  7.97735148759  7.06138929021  5.95319237178  4.66021124969  3.20699120038  1.63511014842  
6.37389417668  6.34960704024  6.29758467613  6.21098917205  6.07978034428  5.8911594483  5.63042007524  5.28233234768  4.8330989962  4.27277042343  3.59781173767  2.81332889665  1.93435997796  0.985700511377  
3.7897974769  3.77488213159  3.74299367812  3.69006373518  3.61014813857  3.49572082385  3.33820907857  3.1288340088  2.85976592361  2.52551642275  2.12438226388  1.65966084631  1.14031442449  0.580808125371  
2.19939003934  2.19048660363  2.17148328057  2.1400208372  2.0926671215  2.02510220477  1.93244259237  1.80973596407  1.65262586012  1.4581362543  1.22546859925  0.956655870802  0.656900867359  0.334457646504  
1.24600983872  1.24083994134  1.22982196242  1.21162171117  1.18430553628  1.14545213207  1.09234236558  1.02224222198  0.932775684502  0.822357274436  0.690623775709  0.538780769442  0.369773025701  0.188207031153  
0.689192589942  0.686270456108  0.680051232349  0.669798760944  0.654449631636  0.632678233414  0.603004482392  0.563951281463  0.514248667463  0.453067134603  0.380247026828  0.296479176073  0.203389672927  0.103492727758  
0.372249495211  0.370640795709  0.367221099555  0.361593938208  0.35318824701  0.34129495916  0.325126379773  0.303901550136  0.276955391785  0.243861873555  0.204553541615  0.159414090936  0.10931997948  0.0556131999151  
0.196372745418  0.195509682807  0.193677009177  0.1906662332  0.186177808842  0.179841088666  0.171246151849  0.159988927693  0.145728203413  0.128249255805  0.107524915569  0.0837621765527  0.0574223348341  0.0292059039295  
0.101194292297  0.100742845408  0.0997851497169  0.0982141174922  0.0958762354239  0.0925821299991  0.0881231807959  0.0822947927831  0.0749254960381  0.0659091203315  0.0552353728373  0.0430128819525  0.0294787977278  0.0149907275974  
0.0509427765274  0.0507124743286  0.0502243394877  0.0494246403057  0.048236502322  0.0465653481102  0.0443073474845  0.0413611331026  0.0376423192173  0.0330994229825  0.0277288680615  0.0215861656246  0.0147904189608  0.00752014800128  
0.0250386970528  0.0249241606444  0.0246815859714  0.0242846493455  0.0236957544758  0.0228687567191  0.0217531512119  0.0202998278636  0.01846814816  0.0162336502501  0.0135952565791  0.0105805925335  0.00724806438258  0.0036847616429  
0.011969873142  0.0119145496989  0.0117974621893  0.0116060654388  0.0113224691099  0.010924760409  0.0103890197164  0.00969206923442  0.00881483043945  0.00774595712536  0.0064852123218  0.00504593891307  0.00345599842928  0.00175675100551  
0.00545160183296  0.00542618670576  0.0053724289544  0.00528463075369  0.00515467678983  0.0049726441631  0.00472772517106  0.00440947783215  0.00400934501716  0.00352228993759  0.00294830836081  0.00229352711101  0.0015706116162  0.000798295294085  
0.00209315704417  0.00208333908096  0.00206258082335  0.00202869905584  0.00197858701739  0.00190845055725  0.00181416367074  0.0016917482108  0.00153795440059  0.001350883583  0.00113056190502  0.0008793549533  0.000602118933417  0.000306018431802  
