14.8777422354  14.812743606  14.6751083979  14.4497972461  14.1149680559  13.6431592051  13.0033168641  12.1638727564  11.0969106839  9.78317398408  8.21729767728  6.41228927138  4.40207536909  2.24103939412  
9.45433218232  9.41149123994  9.32095713467  9.17320953133  8.95450264386  8.64769548295  8.23361355323  7.69304304642  7.00934720135  6.17151893556  5.17727288594  4.03559182619  2.76805814359  1.40840002015  
5.87625172171  5.84876775009  5.79079112455  5.69643686109  5.55725130867  5.36276783728  5.10138804312  4.76163533039  4.33375744449  3.81155030338  3.1941573655  2.48750196071  1.70497869314  0.867102392879  
3.57247454249  3.55529859649  3.51912454771  3.46039784973  3.37403514993  3.25378172094  3.09276332452  2.88425278606  2.62262889374  2.3044450337  1.92946011995  1.50143528829  1.02849005884  0.522859356372  
2.12456519391  2.11410143239  2.09209543339  2.05644831776  2.00417011475  1.93160180352  1.83475079074  1.70974776347  1.5534077832  1.36384453626  1.14105166139  0.887340519744  0.607521996011  0.308749424041  
1.23607361865  1.22985567274  1.21679569067  1.19568159183  1.16479255062  1.12203266587  1.06512934568  0.991899005786  0.900568352885  0.790120790168  0.660618904676  0.513441873063  0.351377321379  0.17852463857  
0.703622325589  0.700016274622  0.692450941143  0.680241528614  0.662418698111  0.637806739058  0.605137870885  0.563203183248  0.511032742425  0.448087260547  0.374434016353  0.290873808586  0.198986857522  0.101075555967  
0.391927207345  0.389885249576  0.385605728609  0.378710030541  0.36866361938  0.354820525722  0.336487586754  0.31300826277  0.28386151357  0.248765844765  0.207773638904  0.161338045356  0.110335644495  0.056033647736  
0.213636806541  0.212507391336  0.210142560343  0.206337423881  0.200803377592  0.193192775213  0.183134176993  0.170277866908  0.154349021453  0.135203115975  0.112875623931  0.0876167164252  0.0599023116169  0.0304158249617  
0.113945777649  0.113335537614  0.112058844658  0.110007177258  0.107027982802  0.102938021793  0.097542258684  0.0906580397126  0.0821430949711  0.071924473114  0.0600242552246  0.0465772635224  0.031836376163  0.0161626450542  
0.0594035967342  0.0590817891307  0.0584090299058  0.0573291157234  0.0557631799992  0.0536167285226  0.050789521936  0.0471881272172  0.042740347349  0.0374100225541  0.0312100777442  0.0242113999711  0.0165453573562  0.00839858892885  
0.0301117025731  0.0299469393092  0.0296027157362  0.0290507154481  0.0282512650226  0.0271569327391  0.0257175501116  0.023886547999  0.0216281949497  0.0189249753995  0.0157840484633  0.0122415964218  0.00836399583988  0.00424515446519  
0.0144787808854  0.0143989017635  0.0142321083165  0.0139648563515  0.0135781934083  0.0130495011647  0.0123549138177  0.0114723534561  0.0103849799193  0.00908468937607  0.00757515956866  0.00587388232345  0.00401268648705  0.00203644978521  
0.00579283548857  0.00576069374943  0.00569360462697  0.00558616953629  0.00543084080955  0.00521862198954  0.0049400362859  0.00458633771529  0.00415088278962  0.00363051669267  0.00302677511372  0.00234668155608  0.00160294574246  0.000813446336208  
