6.87679172399e-13  6.87679172399e-13  6.87679172399e-13  6.87679172396e-13  6.87679172313e-13  6.87679170503e-13  6.87679135967e-13  6.87678562297e-13  6.87670384156e-13  6.87572125396e-13  6.8660122991e-13  6.7897971409e-13  6.33851571859e-13  4.4872434746e-13  
2.51477674332e-14  2.51477674332e-14  2.51477674332e-14  2.51477674331e-14  2.51477674306e-14  2.51477673747e-14  2.51477662821e-14  2.51477477066e-14  2.51474769427e-14  2.51441539843e-14  2.51106519265e-14  2.48426374827e-14  2.3227733007e-14  1.64999250907e-14  
8.47470558862e-16  8.47470558862e-16  8.47470558862e-16  8.4747055886e-16  8.4747055879e-16  8.47470557213e-16  8.47470525584e-16  8.47469974731e-16  8.47461757259e-16  8.47358651113e-16  8.46297012174e-16  8.37633570937e-16  7.84461802239e-16  5.59278692758e-16  
2.63931928466e-17  2.63931928466e-17  2.63931928466e-17  2.63931928466e-17  2.63931928448e-17  2.6393192804e-17  2.63931919637e-17  2.63931769585e-17  2.63929476645e-17  2.63900036245e-17  2.63590169448e-17  2.6100842802e-17  2.44853394492e-17  1.75239996039e-17  
7.61502045942e-19  7.61502045942e-19  7.61502045942e-19  7.61502045941e-19  7.61502045901e-19  7.61502044929e-19  7.61502024392e-19  7.61501647981e-19  7.6149575063e-19  7.61418196215e-19  7.60583039379e-19  7.53472201744e-19  7.08066312109e-19  5.08808397122e-19  
2.03982322769e-20  2.03982322769e-20  2.03982322769e-20  2.03982322768e-20  2.0398232276e-20  2.03982322547e-20  2.03982317919e-20  2.03982230778e-20  2.03980829682e-20  2.03961940422e-20  2.0375363553e-20  2.01939555746e-20  1.90108303975e-20  1.3718676332e-20  
5.08235425439e-22  5.08235425439e-22  5.08235425439e-22  5.08235425438e-22  5.08235425421e-22  5.08235424991e-22  5.08235415359e-22  5.08235228851e-22  5.08232148372e-22  5.08189532668e-22  5.07707834193e-22  5.03413184798e-22  4.7477993799e-22  3.4411850975e-22  
1.17974761953e-23  1.17974761953e-23  1.17974761953e-23  1.17974761953e-23  1.1797476195e-23  1.17974761869e-23  1.17974760015e-23  1.17974723054e-23  1.17974095325e-23  1.17965175696e-23  1.17861737723e-23  1.16916752709e-23  1.1047023877e-23  8.04334086561e-24  
2.55487427279e-25  2.55487427279e-25  2.55487427279e-25  2.55487427278e-25  2.55487427273e-25  2.55487427134e-25  2.55487423829e-25  2.55487355924e-25  2.55486168841e-25  2.55468826377e-25  2.55262293234e-25  2.53327061993e-25  2.39806810888e-25  1.75427271961e-25  
5.1680132538e-27  5.1680132538e-27  5.1680132538e-27  5.1680132538e-27  5.16801325372e-27  5.1680132515e-27  5.16801319687e-27  5.1680120392e-27  5.16799118518e-27  5.16767762179e-27  5.16383893718e-27  5.12691217774e-27  4.86245886407e-27  3.57440220862e-27  
9.77438169648e-29  9.77438169648e-29  9.77438169648e-29  9.77438169648e-29  9.77438169637e-29  9.77438169307e-29  9.77438160934e-29  9.7743797765e-29  9.7743457161e-29  9.77381804804e-29  9.76717073942e-29  9.70145757734e-29  9.21858524438e-29  6.81067502995e-29  
1.72994032344e-30  1.72994032344e-30  1.72994032344e-30  1.72994032344e-30  1.72994032343e-30  1.72994032298e-30  1.72994031107e-30  1.72994004144e-30  1.72993486632e-30  1.72985216721e-30  1.72877895896e-30  1.71786485874e-30  1.63549444135e-30  1.2145609985e-30  
2.86711542937e-32  2.86711542937e-32  2.86711542937e-32  2.86711542937e-32  2.86711542935e-32  2.86711542878e-32  2.86711541305e-32  2.8671150444e-32  2.86710772666e-32  2.86698696005e-32  2.86537066027e-32  2.84844313621e-32  2.71709338781e-32  2.02854646834e-32  
4.45119612854e-34  4.45119612854e-34  4.45119612854e-34  4.45119612854e-34  4.45119612852e-34  4.45119612784e-34  4.45119610857e-34  4.45119564005e-34  4.45118600953e-34  4.45102166459e-34  4.44875054862e-34  4.42422788526e-34  4.22837897676e-34  3.17416334639e-34  
