5.15539522722  5.14242934981  5.11371521528  5.06357438166  4.98329268613  4.86112300839  4.68265837977  4.43181686327  4.09261505116  3.65173823855  3.10164420427  2.44361789746  1.68994233893  0.864321035426  
2.88731500123  2.87977060739  2.86309985936  2.83408518954  2.78781562248  2.71771853236  2.61580474747  2.47325284745  2.28141631448  2.03323992017  1.72492539571  1.3575245764  0.938023196166  0.479484706037  
1.57166062273  1.56741553089  1.5580538291  1.54180820879  1.51599397961  1.47704058225  1.42064140349  1.34208574636  1.23681142598  1.10116287673  0.933263185903  0.733828353619  0.506700470475  0.258888453325  
0.831692126225  0.829379869485  0.824289717004  0.815479887422  0.801525651133  0.780542511265  0.750272731165  0.708266788541  0.652176966342  0.580151892359  0.491282022119  0.386007240861  0.266374980436  0.136046715712  
0.427980301255  0.426759996717  0.424077923153  0.419446823043  0.412132240696  0.401167343991  0.385400576593  0.363591379939  0.334561478421  0.297394679636  0.251658962537  0.197606200825  0.136294976355  0.069587945639  
0.214224889095  0.213600375889  0.212229734259  0.209868047157  0.206147317258  0.200585138963  0.192609867196  0.181609463072  0.167007192485  0.148360138487  0.125467252945  0.0984651034082  0.0678852450908  0.0346505590099  
0.104336503811  0.10402634589  0.103346501779  0.102177301459  0.100339437897  0.0975987196734  0.0936788710677  0.0882856841762  0.0811438333544  0.0720441864715  0.0608951096459  0.0477673567825  0.0329203598092  0.0167995380503  
0.0494611116193  0.0493115250348  0.0489840179863  0.0484217195352  0.047539626748  0.0462270755694  0.0443540267622  0.0417826531099  0.0383847539141  0.0340638948235  0.0287791825866  0.0225658406663  0.015547018345  0.00793216901403  
0.0228294643475  0.0227593595865  0.0226060291998  0.0223431736327  0.0219315691112  0.0213202956871  0.0204497243941  0.0192569168222  0.0176836425207  0.0156864774949  0.0132475571576  0.0103837945314  0.00715207682935  0.0036483867737  
0.0102626521031  0.0102307083156  0.0101609066792  0.010041407445  0.0098545863678  0.00957762112466  0.00918386716836  0.00864530376067  0.00793612815527  0.00703724636965  0.00594102006815  0.00465530248547  0.00320567760497  0.00163501700662  
0.00449327095962  0.00447911614851  0.00444821154438  0.00439536768101  0.00431287278505  0.00419076267885  0.00401743558161  0.00378072973832  0.00346949261784  0.00307552785789  0.00259564016669  0.00203336147624  0.00139989514678  0.000713904447348  
0.00191252755395  0.0019064385026  0.0018931539087  0.00187046309958  0.00183508581244  0.00178279194522  0.00170866776571  0.00160757691588  0.00147482648174  0.00130698839803  0.00110275742606  0.000863670873781  0.00059449737472  0.000303140666126  
0.000780276411442  0.00077776968004  0.000772304157192  0.00076297739369  0.000748452001859  0.000727006182678  0.000696643865765  0.000655283541836  0.000601029313593  0.0005325034584  0.000449192189626  0.000351734174702  0.000242074723682  0.000123424486651  
0.000274738231994  0.00027384974194  0.000271913435651  0.000268611437305  0.0002634731063  0.000255893255985  0.000245171322685  0.000230578038198  0.000211450679061  0.000187309498978  0.000157978373882  0.000123685086388  8.51144960005e-05  4.33934866209e-05  
