8.89629713783  8.86625351123  8.80133254444  8.69186387478  8.52344973959  8.27739807808  7.9317457441  7.46312139815  6.84958019936  6.07430888164  5.12976998198  4.02150274287  2.7705591806  1.41358814244  
5.31603088338  5.29739116272  5.25719834073  5.18964401469  5.08612872504  4.93557325441  4.72508584329  4.44111637049  4.07115207717  3.60587016292  3.04147822288  2.38179117784  1.63948677337  0.836029663026  
3.09719771393  3.08597818959  3.06183156846  3.0213637307  2.95957413694  2.87006302808  2.74544640744  2.57804586999  2.36087345252  2.0888517736  1.76010942816  1.37709867671  0.94723617843  0.482805664169  
1.75959747955  1.75303976093  1.73895030984  1.71539819111  1.67955068262  1.62780338113  1.55602803555  1.459971606  1.33581261111  1.18083644598  0.994138071623  0.777213893089  0.534285108864  0.272220204285  
0.974969979458  0.971245026677  0.963254068891  0.949926967386  0.929699647546  0.900591990598  0.860350585061  0.806672686586  0.737512296514  0.651445323857  0.548043109279  0.428180603583  0.294197520001  0.149846165562  
0.526965908798  0.524908189431  0.52049990121  0.51316299061  0.502055347572  0.486115560797  0.464142466282  0.434917290719  0.397367795117  0.350761241927  0.294898921277  0.230273804555  0.15814976878  0.080529603359  
0.277891192889  0.27678501335  0.274418131135  0.270486074328  0.264546554165  0.256044255166  0.244353817043  0.228844650593  0.208966801474  0.184350627182  0.15490602862  0.120901636199  0.0830031882964  0.0422551126278  
0.14300822127  0.14242920643  0.141191657046  0.139139131796  0.136044947894  0.131625459613  0.125562614625  0.117537452367  0.107273938305  0.0945893007859  0.0794436045267  0.0619787801075  0.0425369273604  0.021650213062  
0.071834300592  0.0715390435309  0.0709086037763  0.0698645423487  0.0682934528674  0.0660538551084  0.062987706644  0.0589372769697  0.0537669953045  0.0473883050003  0.0397839130036  0.0310266579919  0.0212880975978  0.010833185481  
0.035224083949  0.0350773544971  0.0347643327022  0.0342466313581  0.0334688589017  0.0323620936803  0.0308496025219  0.0288551296535  0.02631353066  0.0231827716184  0.0194555412657  0.0151681934173  0.0104047073404  0.00529397998146  
0.0168542653366  0.016783218366  0.0166317727761  0.0163815979555  0.0160062889351  0.015473067375  0.0147455472135  0.0137877047915  0.0125689317105  0.0110696960685  0.00928698241159  0.00723844319607  0.00496419240599  0.0025254721492  
0.00784382430662  0.00781041269466  0.00773924193159  0.00762179816335  0.00744583576209  0.0071961842461  0.00685604670407  0.00640884830153  0.00584057279107  0.00514236435635  0.00431301247207  0.0033608333073  0.00230446470458  0.001172231426  
0.00348362355939  0.00346865402624  0.00343678615178  0.00338424567168  0.00330561082176  0.00319417626208  0.00304253374174  0.00284339314226  0.00259061439128  0.00228035074284  0.00191213511172  0.00148969718804  0.00102130218196  0.000519463982926  
0.00131178025164  0.00130610799518  0.00129403778438  0.00127415037384  0.00124440883087  0.00120229703672  0.00114503937472  0.00106990987543  0.000974619202179  0.000857741862954  0.000719120680502  0.000560169599347  0.000383997484703  0.000195298852344  
