0.00107278414518  0.00107277817768  0.00107275357914  0.00107266348168  0.00107235732885  0.00107139416651  0.00106860257747  0.00106119081515  0.00104327949839  0.00100416357054  0.000927578957066  0.000794310903882  0.0005900621297  0.000316792437817  
0.00024192433993  0.000241922972412  0.000241917335452  0.0002418966941  0.000241826593124  0.000241606247398  0.000240968384277  0.000239277490119  0.00023519905701  0.000226311988849  0.000208954412964  0.000178825505457  0.000132758147024  7.12397721396e-05  
5.16187997846e-05  5.16185046889e-05  5.16172880164e-05  5.16128326594e-05  5.15977050687e-05  5.15501795171e-05  5.14127132195e-05  5.10487157009e-05  5.01719982273e-05  4.82648055713e-05  4.45467959577e-05  3.81057169867e-05  2.82753013334e-05  1.5167043709e-05  
1.04440556273e-05  1.04439954869e-05  1.04437474199e-05  1.04428387522e-05  1.04397533041e-05  1.04300618177e-05  1.04020424761e-05  1.03279045242e-05  1.01495155623e-05  9.76193047605e-06  9.00741076022e-06  7.70222201696e-06  5.71304161478e-06  3.06359713145e-06  
2.00801305789e-06  2.00800145144e-06  2.0079535468e-06  2.00777798076e-06  2.00718164637e-06  2.00530838668e-06  1.9998934069e-06  1.98557137448e-06  1.95113208922e-06  1.87636981266e-06  1.73097677595e-06  1.47974886194e-06  1.09726966401e-06  5.88273169087e-07  
3.67569732364e-07  3.67567606139e-07  3.67558823245e-07  3.67526611335e-07  3.67417140095e-07  3.67073145817e-07  3.66078661693e-07  3.6344865587e-07  3.57126534352e-07  3.4340945009e-07  3.16751637426e-07  2.70724868583e-07  2.00705951141e-07  1.07585200713e-07  
6.41756561876e-08  6.41752856368e-08  6.41737535128e-08  6.41681292137e-08  6.4149001034e-08  6.40888611196e-08  6.39149369918e-08  6.34549136502e-08  6.23491571341e-08  5.99505961483e-08  5.52911084836e-08  4.72502110236e-08  3.50243314403e-08  1.87719604364e-08  
1.07049919954e-08  1.07049304375e-08  1.07046756316e-08  1.07037392531e-08  1.07005517057e-08  1.06905224583e-08  1.06615018443e-08  1.05847153774e-08  1.04001118795e-08  9.99967963322e-09  9.22191696448e-09  7.88009401535e-09  5.84055935952e-09  3.1301070304e-09  
1.70870456283e-09  1.70869479684e-09  1.70865432289e-09  1.70850540382e-09  1.70799791564e-09  1.70639969862e-09  1.70177167012e-09  1.68951936427e-09  1.66005219741e-09  1.59612031082e-09  1.47193847181e-09  1.25771095063e-09  9.32138210833e-10  4.9953372154e-10  
2.61364477212e-10  2.61362995113e-10  2.61356844455e-10  2.61334183002e-10  2.61256862026e-10  2.61013095979e-10  2.60306570702e-10  2.58434727972e-10  2.53930353369e-10  2.44153826137e-10  2.25159324906e-10  1.92388313346e-10  1.42584159039e-10  7.64096406606e-11  
3.83635148602e-11  3.83632993616e-11  3.83624037487e-11  3.83590990528e-11  3.83478080468e-11  3.8312168198e-11  3.82087613328e-11  3.79345541189e-11  3.7274227129e-11  3.58402188092e-11  3.30530188376e-11  2.82430638076e-11  2.09320588077e-11  1.12173967324e-11  
5.41049126957e-12  5.41046120575e-12  5.41033606644e-12  5.40987358003e-12  5.40829107886e-12  5.40328923579e-12  5.38875938879e-12  5.35019029679e-12  5.25722999686e-12  5.05520914075e-12  4.66233980491e-12  3.98408928502e-12  2.95290385913e-12  1.58249425581e-12  
7.3388048981e-13  7.33876461093e-13  7.33859664222e-13  7.33797481194e-13  7.33584369144e-13  7.32909799711e-13  7.30947671288e-13  7.25733213418e-13  7.1315261849e-13  6.85789706525e-13  6.32541528857e-13  5.4056710324e-13  4.00683011357e-13  2.14740865647e-13  
9.44437453356e-14  9.44432334964e-14  9.44410959246e-14  9.4433168724e-14  9.44059562449e-14  9.43196893568e-14  9.40684179228e-14  9.33998275636e-14  9.17850193968e-14  8.82695644435e-14  8.1423322874e-14  6.95909667726e-14  5.15873736926e-14  2.7649310862e-14  
