6.7833178997  6.76348040462  6.72010398418  6.64571283372  6.52901355982  6.35507439646  6.10597812197  5.76219966249  5.30486898003  4.71887819784  3.99648974834  3.14076434141  2.16787938464  1.1074087036  
3.92466920845  3.91274801665  3.8867379534  3.84227594056  3.77280710607  3.66972893163  3.52281463535  3.32104775276  3.05394123818  2.71329617315  2.29518903311  1.80180289051  1.24260534539  0.634401441094  
2.21041916454  2.20348030146  2.18837034676  2.16261651593  2.12252165478  2.06326492467  1.97916137932  1.8641480685  1.71252878273  1.5199430523  1.28443633594  1.00742099258  0.694267509813  0.354289282314  
1.21210159534  1.20818586946  1.19967392863  1.18520377468  1.1627475719  1.12967600314  1.08291015629  1.01919478407  0.935506367457  0.829573316115  0.700439542244  0.548959514034  0.378090998032  0.19286824071  
0.647276029886  0.645131844714  0.640478136236  0.632585358876  0.62037129969  0.602439624321  0.577165201426  0.542842755409  0.497904165545  0.441190745372  0.37224345555  0.291553087493  0.200703069558  0.102347634659  
0.336689015143  0.335548843137  0.333077696889  0.328895329573  0.322439493269  0.312987852539  0.299704187838  0.281716804192  0.258231108469  0.228668619897  0.192813093566  0.150934473613  0.103857448668  0.0529470721199  
0.170634942129  0.170045776314  0.16877045465  0.166616029181  0.163298004465  0.158452254847  0.151659210281  0.142484015342  0.13053331635  0.115524509826  0.0973576739308  0.0761757432946  0.0523968640935  0.026705903111  
0.0842797244333  0.0839836922169  0.0833436165025  0.0822641344352  0.0806049856541  0.078187243747  0.0748055807875  0.070248262313  0.0643250552299  0.056900895511  0.0479305042208  0.0374869989141  0.0257768935454  0.0131354316486  
0.0405799459561  0.0404352273636  0.0401226361054  0.0395962454036  0.0387886536715  0.0376141285717  0.0359746415444  0.0337695543235  0.0309089880456  0.0273298022562  0.023011879212  0.0179914430524  0.0123678860258  0.00630133799378  
0.019051353409  0.0189824888142  0.0188338770135  0.0185839582549  0.0182011528755  0.0176453958125  0.0168710210262  0.0158313304438  0.0144848390121  0.0128026788948  0.0107760873443  0.00842247532205  0.00578847506985  0.0029487289104  
0.00871952976598  0.00868763165694  0.00861885078816  0.0085033225756  0.0083266225406  0.00807049184383  0.00771417739125  0.0072365304823  0.00661885128616  0.00584823768069  0.00492094934411  0.00384511246264  0.0026420534141  0.00134571805913  
0.00388095274228  0.00386660467479  0.00383568883824  0.00378381659827  0.00370458028876  0.0035898850461  0.00343055277716  0.00321725879186  0.00294179210109  0.00259853019008  0.00218591194554  0.00170761365362  0.00117311953021  0.000597453612961  
0.00165239926659  0.00164623546416  0.00163296250251  0.00161071277457  0.00157676290614  0.00152767819273  0.00145957236084  0.00136850716268  0.00125102680953  0.0011047801895  0.000929139304391  0.000725690155814  0.000498467605036  0.000253837943512  
0.000601969257251  0.000599709215742  0.000594844691631  0.0005866956121  0.00057427118895  0.000556323357288  0.000531442076917  0.000498201094879  0.000455352050024  0.000402049639129  0.000338074637088  0.000264010174225  0.000181325217903  9.2330964612e-05  
