5.539719916  5.52521881886  5.49321402598  5.43759484111  5.34902323064  5.21497593016  5.02018252693  4.74770433268  4.38082774145  3.90576840637  3.31490310285  2.60992128534  1.80403684675  0.922378053925  
3.12907491551  3.12056563899  3.10182656933  3.06936815883  3.01788684722  2.94032154226  2.82813958201  2.67198016869  2.46273696036  2.19305882592  1.85909617871  1.46215514896  1.00980714467  0.516012253825  
1.71850982437  1.71367918665  1.70306221428  1.6847263487  1.65574834887  1.61226080473  1.54962676126  1.46280761584  1.34696156476  1.1982530039  1.01477361796  0.797393768395  0.550311363079  0.281080200255  
0.91790161267  0.915245936035  0.909419515025  0.899383529237  0.883573151395  0.85992952457  0.826000848609  0.779144929787  0.716849705314  0.637157923975  0.539141464147  0.423330768036  0.291982196063  0.149077254249  
0.476935650851  0.475520525963  0.472420736618  0.467093904199  0.458725984735  0.446251079717  0.42840735261  0.403844732595  0.371291504148  0.32977124027  0.278841286637  0.218804904014  0.150839342268  0.0769890824628  
0.241137045581  0.240405545652  0.238805493364  0.236061660918  0.231762280981  0.225370457897  0.216253877757  0.203740242117  0.187201385395  0.166161215408  0.140412790669  0.110120906484  0.0758823673845  0.0387200599186  
0.118668999551  0.1183019256  0.117500026156  0.11612748373  0.113981670953  0.110799360115  0.106271940762  0.100073081109  0.0919000291086  0.0815259501466  0.0688560453057  0.0539760899351  0.0371802732846  0.0189673025164  
0.0568609834264  0.0566820437896  0.0562915839314  0.0556243933143  0.0545834234337  0.053043009881  0.0508564058957  0.0478691818095  0.0439389576107  0.0389601407684  0.0328901898246  0.0257720775745  0.0177469026447  0.00905164603331  
0.0265357561934  0.0264509665446  0.026266138855  0.0259507952444  0.0254596760937  0.0247343438082  0.023706794566  0.0223057657687  0.0204659153062  0.0181392227461  0.015306990707  0.0119900103087  0.00825416097744  0.00420922065741  
0.0120644531901  0.0120253787946  0.0119402813905  0.0117952892729  0.011569842541  0.0112374619091  0.010767428061  0.0101276691423  0.00928892019575  0.00822984796336  0.00694240561646  0.00543633010078  0.00374157799109  0.00190773124562  
0.00534356084881  0.00532604506626  0.00528793017775  0.00522306748952  0.00512235921136  0.00497411430581  0.00476480644592  0.00448036002056  0.00410798628199  0.0036384298486  0.00306830090511  0.00240201954947  0.0016528531245  0.00084263346862  
0.00230110638641  0.00229348323677  0.00227690721923  0.00224872914989  0.0022050350656  0.00214080519391  0.0020502455523  0.00192734420104  0.00176665939964  0.00156427806963  0.00131880527238  0.0010321838464  0.000710125888936  0.000361984015994  
0.000949356060949  0.000946182570113  0.000939286373732  0.000927574155269  0.000909432667427  0.000882796300361  0.000845285661285  0.000794437860489  0.000728030722823  0.000644475053979  0.000543217705415  0.000425073652738  0.00029239882457  0.00014903466445  
0.000337283147161  0.000336148235103  0.000333683139162  0.000329499361363  0.00032302418138  0.000313525172026  0.000300159884632  0.000282057858334  0.000258435545182  0.000228734847104  0.000192764983069  0.000150818911555  0.000103733413373  5.28688143016e-05  
