0.0177395385363  0.0177386143426  0.0177356047154  0.0177271114497  0.0177047840506  0.0176499149143  0.0175242319428  0.0172569184078  0.0167312273576  0.0157796770595  0.0142019507785  0.0118176060225  0.00854938943676  0.00450445111954  
0.0052925248978  0.00529224134614  0.00529131914467  0.00528872113454  0.00528190538261  0.0052651953518  0.00522702148136  0.00514606946043  0.00498737899257  0.00470109444458  0.00422801637984  0.00351536678264  0.0025412710564  0.00133820800813  
0.00150208898696  0.00150200664154  0.00150173910273  0.00150098644866  0.00149901521382  0.00149419179612  0.00148319708557  0.00145993858825  0.00141446530517  0.0013326561454  0.00119784332869  0.000995293015746  0.000719064520292  0.000378487648974  
0.000406241503023  0.000406218811581  0.000406145146534  0.000405938137784  0.000405396706557  0.000404073980739  0.000401064362972  0.00039471056412  0.000382315145124  0.000360065821842  0.000323484896609  0.000268641927791  0.000193988713568  0.000102072164849  
0.000104866372814  0.000104860426074  0.000104841132246  0.000104786960161  0.000104645424149  0.000104300088738  0.000103515494441  0.000101861807795  9.8641438003e-05  9.28717883206e-05  8.34034345531e-05  6.92332675899e-05  4.99738673528e-05  2.62875130024e-05  
2.58775403899e-05  2.58760551927e-05  2.58712385729e-05  2.58577231801e-05  2.58224399984e-05  2.57364376165e-05  2.55412699987e-05  2.51304594922e-05  2.43316083089e-05  2.29025538231e-05  2.05609636258e-05  1.70616194011e-05  1.23113665549e-05  6.47458215232e-06  
6.1133731736e-06  6.11301901528e-06  6.11187074186e-06  6.10865004817e-06  6.10024704422e-06  6.07978012207e-06  6.03337590093e-06  5.93580095023e-06  5.74627829529e-06  5.4076585763e-06  4.85349461348e-06  4.02630011986e-06  2.90453628763e-06  1.52721556534e-06  
1.38456244933e-06  1.38448167486e-06  1.38421981118e-06  1.38348550606e-06  1.38157038865e-06  1.37690827391e-06  1.36634505888e-06  1.34415134771e-06  1.30108274064e-06  1.22420670436e-06  1.09852007727e-06  9.11084498875e-07  6.57107308367e-07  3.4545680322e-07  
3.01015050637e-07  3.00997401965e-07  3.0094018513e-07  3.00779752181e-07  3.00361417036e-07  2.99343376075e-07  2.97037821887e-07  2.9219660091e-07  2.82808248939e-07  2.66062893699e-07  2.38706597853e-07  1.97940505716e-07  1.42737500687e-07  7.50313503646e-08  
6.28995513685e-08  6.28958517399e-08  6.28838558499e-08  6.28502174927e-08  6.27625078012e-08  6.25490969735e-08  6.20659246784e-08  6.10517586124e-08  5.90859980643e-08  5.55817588179e-08  4.98603674682e-08  4.13392722084e-08  2.98062932922e-08  1.56664690979e-08  
1.26473926354e-08  1.2646647537e-08  1.26442309772e-08  1.26374531529e-08  1.2619778614e-08  1.25767743387e-08  1.24794228553e-08  1.22751317913e-08  1.1879281072e-08  1.11738972169e-08  1.0022704461e-08  8.30891687622e-09  5.99024999947e-09  3.14830060287e-09  
2.44975117572e-09  2.44960682152e-09  2.44913847694e-09  2.44782445961e-09  2.44439709289e-09  2.43605685178e-09  2.41717618758e-09  2.37755860402e-09  2.30080558627e-09  2.16406908597e-09  1.94097785552e-09  1.60895988972e-09  1.15987961547e-09  6.09565687114e-10  
4.57220324754e-10  4.5719340996e-10  4.57106048994e-10  4.56860836544e-10  4.56221021892e-10  4.54663694619e-10  4.51137700237e-10  4.43738699509e-10  4.29404836527e-10  4.03871739715e-10  3.62220259229e-10  3.00243663611e-10  2.16430739709e-10  1.1373917045e-10  
8.00935727966e-11  8.00888671386e-11  8.00735859236e-11  8.00306718055e-11  7.99186515441e-11  7.96459002861e-11  7.90282080004e-11  7.77318404388e-11  7.52202607834e-11  7.07463735539e-11  6.34486705729e-11  5.25908375028e-11  3.79089389389e-11  1.99215269347e-11  
