1.06417002274  1.06313758487  1.06064421495  1.05574721843  1.04683460379  1.03144064315  1.00610590477  0.966392382477  0.907184499006  0.823380500339  0.71097929026  0.568394951123  0.397635910847  0.204872417374  
0.495873113837  0.495373400445  0.494169322377  0.491812099957  0.487538059232  0.480186193621  0.468139237484  0.449339505618  0.42143799932  0.382120451466  0.329606358979  0.263239046918  0.184001434246  0.0947495194781  
0.222797659555  0.222565646494  0.222007735715  0.220918632499  0.21895048114  0.215577250478  0.210070721337  0.201510918708  0.188856272975  0.171091223159  0.14744725162  0.117659398424  0.0821856884767  0.0423012093779  
0.0965848684495  0.0964813872832  0.0962329999792  0.095749349811  0.0948779056719  0.093389078131  0.0909667386848  0.0872139526525  0.0816844967103  0.0739471410521  0.0636801878212  0.0507794916204  0.0354492055902  0.018238851563  
0.0404250542448  0.0403806590845  0.0402742676549  0.040067572315  0.0396961174927  0.0390632778908  0.0380366285148  0.0364507723782  0.0341209049181  0.0308697893705  0.0265668353558  0.0211721727119  0.0147731167032  0.00759843677947  
0.0163464572903  0.0163281148224  0.0162842203491  0.0161991130163  0.0160465178374  0.0157871855643  0.0153675438304  0.0147209875084  0.0137734865124  0.0124545077442  0.0107126382399  0.00853301303114  0.00595154914834  0.0030603060023  
0.00639025301691  0.00638294647693  0.00636548363822  0.00633168462105  0.0062712072548  0.0061686504584  0.00600306744154  0.00574851906639  0.00537630547964  0.00485923752961  0.00417768160504  0.00332624031415  0.00231914907595  0.00119224025106  
0.00241670210617  0.00241389312449  0.00240718709274  0.00239422798117  0.00237108164387  0.00233190545958  0.00226877758497  0.00217192204743  0.00203056502545  0.00183454997226  0.00157660255888  0.00125481410278  0.000874628832881  0.000449545519748  
0.00088476064629  0.000883717387695  0.000881229227275  0.000876427613385  0.000867865040702  0.000853396936246  0.000830123414712  0.000794476653662  0.000742538127297  0.000670629596602  0.000576135437072  0.000458398197629  0.00031942945211  0.000164154072165  
0.000313767363594  0.000313392703902  0.00031249992612  0.000310779159606  0.000307714864383  0.000302544832178  0.000294240852134  0.000281541213147  0.000263064318037  0.00023751811437  0.000203989560453  0.000162258037861  0.00011304239042  5.80837932313e-05  
0.000107851481104  0.000107721273357  0.000107411239991  0.000106814314774  0.000105752636098  0.000103963724164  0.000101094232024  9.67115671022e-05  9.03432653705e-05  8.15489176867e-05  7.00190115084e-05  5.56814133376e-05  3.87847947254e-05  1.99260233609e-05  
3.59344504424e-05  3.58906482379e-05  3.57864227294e-05  3.55859404807e-05  3.52297521811e-05  3.46302662337e-05  3.36697820312e-05  3.22044912614e-05  3.00776871847e-05  2.71437079102e-05  2.33006762438e-05  1.8525617932e-05  1.29018322159e-05  6.62770876773e-06  
1.15407182895e-05  1.15265342662e-05  1.14928035888e-05  1.14279737966e-05  1.13129005241e-05  1.11194157765e-05  1.08097280872e-05  1.03377428703e-05  9.65332895863e-06  8.71000151247e-06  7.4753832389e-06  5.94238426268e-06  4.13787668149e-06  2.12544281839e-06  
3.32510403286e-06  3.32099130717e-06  3.3112153115e-06  3.29243775446e-06  3.25913136484e-06  3.20317229442e-06  3.11367435563e-06  2.97737723054e-06  2.77988101967e-06  2.50785821427e-06  2.1520558198e-06  1.71049464812e-06  1.19094315345e-06  6.11691029699e-07  
