23.1791984947  23.0550375514  22.7960787767  22.3816212167  21.7821594027  20.9615231115  19.8801022174  18.4992745189  16.7869500589  14.7238292082  12.309589976  9.5678723598  6.54876263732  3.32765770235  
15.5362394987  15.4500322218  15.2705703749  14.9841897916  14.5715361082  14.0090955027  13.2714332213  12.3341761253  11.1776375268  9.79078503765  8.17503142827  6.34714924529  4.34055634148  2.20436894596  
10.2143900139  10.1559567963  10.0345175002  9.84123443007  9.56365781109  9.1867808924  8.69454619222  8.07180349648  7.30663101712  6.39281126098  5.33212812959  4.13606134629  2.82644486579  1.43476427398  
6.58714616585  6.54845074684  6.46815188687  6.34064533609  6.15807394557  5.91103198317  5.58955106743  5.18435584842  4.68832178147  4.09799631359  3.41497517051  2.64688079646  1.80769542845  0.917273944256  
4.16684597433  4.14179532619  4.08988072839  4.00761629387  3.89013521531  3.73164668171  3.52606521456  3.26779857512  2.95264645577  2.57872091067  2.14726127095  1.66319476128  1.13530254647  0.575897334409  
2.58556897266  2.5697064304  2.53687224173  2.48493889101  2.41094693431  2.31139378637  2.18262614297  2.0213242341  1.82504593449  1.59277521203  1.32539870801  1.02602412724  0.700061609409  0.355017863572  
1.57383696263  1.56400771103  1.54368358034  1.51159017513  1.46596047849  1.40471299419  1.32569108017  1.22695469005  1.10710400141  0.965601188096  0.803045535227  0.621352488029  0.423792737685  0.214864610649  
0.939783701227  0.933821280583  0.92150439568  0.902083705549  0.874523158082  0.837607381353  0.790084579515  0.73083890674  0.659079591568  0.5745267725  0.477568166963  0.369358676117  0.251838724212  0.127657188491  
0.550463262227  0.546921904947  0.539612566399  0.528102723266  0.511795859971  0.489994791916  0.46198523449  0.427135711811  0.385006142313  0.335453454732  0.278719542855  0.215486026427  0.146882620175  0.0744416835229  
0.316124301271  0.314065321279  0.309818835247  0.303139863908  0.293691291534  0.281080396146  0.26490672159  0.244818870528  0.220575728475  0.192105490811  0.159554296426  0.123315946395  0.0840355967976  0.0425835599706  
0.177648850218  0.176479164843  0.174068410143  0.170280678806  0.164929312804  0.157797491459  0.148665050357  0.137340088653  0.12369280444  0.107687868875  0.0894108533222  0.0690841123316  0.0470683462912  0.0238478545109  
0.0969421706403  0.0962978880635  0.0949707811293  0.09288754238  0.0899476583412  0.086034663528  0.0810307269359  0.0748337477317  0.0673755481994  0.0586391693589  0.0486728781579  0.0375984653007  0.0256118717379  0.0129751388285  
0.0498320157371  0.0494983270205  0.0488113138402  0.0477336579874  0.0462142607719  0.0441940330503  0.0416133700862  0.0384208738627  0.0345825917791  0.0300907547948  0.0249708094527  0.019285534908  0.0131352758255  0.00665380619164  
0.0209426057961  0.0208016560374  0.0205115552738  0.0200567251346  0.0194158540849  0.0185643316139  0.0174773824947  0.0161337134401  0.0145193635852  0.0126313338964  0.0104804955151  0.00809327890728  0.00551174739091  0.002791859862  
