26.9854555477  26.8311098172  26.5106997316  26.0015022177  25.271322983  24.2810233951  22.9882161032  21.3522061974  19.3400403777  16.9332041429  14.1341252526  10.9713022232  7.50172840087  3.80948316823  
18.4220813185  18.3129906635  18.086941681  17.7287366315  17.2169819106  16.5259123409  15.6279866914  14.4972595037  13.1133887864  11.4659368771  9.55840108134  7.41123763169  5.06310157641  2.56969273864  
12.3482488708  12.2728968945  12.1170132977  11.8706260849  11.5197771359  11.0477944042  10.4370621803  9.67126699474  8.73800194155  7.63148885549  6.35505277239  4.92289724766  3.36072902914  1.70490229201  
8.12685153611  8.07594955781  7.97079961609  7.8049787381  7.56954104743  7.25387875395  6.84689862964  6.33848547678  5.7211642754  4.9917991499  4.15309767882  3.21464773394  2.19322622073  1.11220139159  
5.25156743165  5.21791824984  5.14849794152  5.03924363882  4.88452125541  4.67769279963  4.41187997492  4.08089850808  3.68030086117  3.20842194816  2.66728427655  2.06319972948  1.4069184758  0.713228688816  
3.33203758856  3.31025853093  3.26537884296  3.19487381295  3.09525578645  2.96243893861  2.79222411257  2.58088385963  2.3258056883  2.02612675898  1.68327257978  1.30130374212  0.886985504151  0.449528318852  
2.07582582122  2.06201829615  2.03359468703  1.98901339385  1.92615204949  1.84253677077  1.73564365441  1.60325831371  1.44386619593  1.25703237398  1.04371845067  0.806480681107  0.549501134726  0.278424028816  
1.26977168342  1.26119443701  1.24355390916  1.21592504334  1.17703810078  1.12541965568  1.05957636365  0.978211913673  0.880460004782  0.766108335074  0.635782753189  0.491059409303  0.334477887982  0.169440432103  
0.762519294236  0.757297827581  0.746567847318  0.729783868741  0.706199143363  0.674950581083  0.635168590964  0.586105644468  0.527273050361  0.458571097816  0.380394679794  0.293696121634  0.199990205829  0.101293484991  
0.449252991182  0.446139382312  0.439745690641  0.429755991896  0.41573881458  0.397197232876  0.373633236156  0.344622516351  0.309893394988  0.269401254155  0.22338826755  0.172418187433  0.11737793892  0.0594418537647  
0.25906689423  0.257252312714  0.253528549012  0.247716290646  0.239571149853  0.228812547996  0.215160626358  0.198378861442  0.178318730568  0.15496151021  0.128451493114  0.0991149729757  0.0674605242891  0.0341584030927  
0.144962489064  0.143937896329  0.141836470926  0.138559295456  0.133971793851  0.127919879551  0.12025049557  0.110835204448  0.0995947708429  0.0865220175513  0.0716998391605  0.0553113304274  0.0376396565072  0.0190565507797  
0.0761945245792  0.0756520741338  0.0745400150404  0.0728069650111  0.0703831189646  0.0671887263627  0.0631448351643  0.0581855802313  0.0522709308025  0.0453984821752  0.0376126880506  0.029009983064  0.0197386006679  0.00999254135595  
0.0325391371598  0.0323063630083  0.0318293037009  0.0310861928493  0.0300474882148  0.0286794881561  0.0269489041252  0.024828076259  0.0223003676201  0.0193651371124  0.0160416159733  0.0123710394025  0.00841653757961  0.00426056445199  
