1.33528621936e-05  1.33528604398e-05  1.33528498182e-05  1.33527915443e-05  1.33524970936e-05  1.33511342928e-05  1.33453966403e-05  1.33235991047e-05  1.32495848e-05  1.3027483846e-05  1.24463737715e-05  1.11418028714e-05  8.67580730306e-06  4.83309345773e-06  
2.00591121587e-06  2.00591095492e-06  2.00590937047e-06  2.00590065658e-06  2.00585653253e-06  2.00565194445e-06  2.00478933852e-06  2.00150879456e-06  1.99036250979e-06  1.95690867043e-06  1.86940260422e-06  1.67308878325e-06  1.30236745868e-06  7.25285461314e-07  
2.83501761775e-07  2.83501725411e-07  2.83501503996e-07  2.83500283044e-07  2.83494085646e-07  2.83465289484e-07  2.83343657659e-07  2.82880415642e-07  2.81304788358e-07  2.76572683175e-07  2.64191794349e-07  2.36420252335e-07  1.84000180786e-07  1.02449095335e-07  
3.78000997357e-08  3.78000949736e-08  3.78000658914e-08  3.77999050578e-08  3.77990865112e-08  3.77952740208e-08  3.77791366082e-08  3.77175668364e-08  3.75078494284e-08  3.68773349562e-08  3.52265709348e-08  3.15226388937e-08  2.45314510892e-08  1.36575070815e-08  
4.76655368666e-09  4.76655309885e-09  4.76654949774e-09  4.76652952062e-09  4.76642755513e-09  4.7659513816e-09  4.7639310635e-09  4.7562068514e-09  4.72985070042e-09  4.65049958465e-09  4.44253198271e-09  3.97558432721e-09  3.09391596898e-09  1.72246750361e-09  
5.69742558834e-10  5.69742490262e-10  5.69742068763e-10  5.69739722794e-10  5.69727711656e-10  5.69671459581e-10  5.69432168542e-10  5.68515157109e-10  5.65379808569e-10  5.55924000121e-10  5.31107966525e-10  4.7533287361e-10  3.69952180355e-10  2.05974008107e-10  
6.46876470928e-11  6.46876395139e-11  6.46875927664e-11  6.46873316781e-11  6.4685990549e-11  6.46796903608e-11  6.46528141505e-11  6.4549554439e-11  6.41956927746e-11  6.31263832803e-11  6.03154618596e-11  5.39896853874e-11  4.20268633578e-11  2.34014840887e-11  
6.98980795212e-12  6.98980715679e-12  6.98980223328e-12  6.98977463553e-12  6.98963238599e-12  6.98896197586e-12  6.98609340391e-12  6.97504159358e-12  6.93707304716e-12  6.82208493978e-12  6.519243244e-12  5.83667790787e-12  4.54437904897e-12  2.53082524317e-12  
7.20075006623e-13  7.20074927217e-13  7.20074433805e-13  7.20071657658e-13  7.20057296806e-13  7.19989384587e-13  7.1969787018e-13  7.1857141508e-13  7.14690994335e-13  7.02910657608e-13  6.71819873558e-13  6.01623105821e-13  4.68540256481e-13  2.60990291397e-13  
7.08382597292e-14  7.08382521727e-14  7.08382050361e-14  7.08379387915e-14  7.08365563686e-14  7.08299956411e-14  7.08017389968e-14  7.06922086419e-14  7.03138080287e-14  6.91620474278e-14  6.61153376647e-14  5.92231622929e-14  4.61366306945e-14  2.57056993426e-14  
6.66488076313e-15  6.66488007657e-15  6.66487577681e-15  6.66485139239e-15  6.66472429072e-15  6.66411885782e-15  6.66150215207e-15  6.65132570279e-15  6.61606127195e-15  6.50842653158e-15  6.22300190861e-15  5.57596269023e-15  4.34532380988e-15  2.42173236791e-15  
6.00566012507e-16  6.0056595286e-16  6.00565577766e-16  6.00563441762e-16  6.00552263535e-16  6.00498813603e-16  6.00266959294e-16  5.99362173172e-16  5.96216782763e-16  5.86588199855e-16  5.60988226514e-16  5.02823538076e-16  3.91994724045e-16  2.18533207587e-16  
5.18948305205e-17  5.18948255582e-17  5.18947942219e-17  5.18946150166e-17  5.18936733373e-17  5.18891528172e-17  5.1869469881e-17  5.17923854029e-17  5.15235150722e-17  5.06979257788e-17  4.84968186029e-17  4.34837662348e-17  3.39130554302e-17  1.89124933946e-17  
4.27950315858e-18  4.27950276494e-18  4.2795002686e-18  4.27948593115e-18  4.27941027748e-18  4.27904564587e-18  4.27745189696e-18  4.27118753474e-18  4.2492626821e-18  4.18172744967e-18  4.00115620331e-18  3.58887625415e-18  2.80015807861e-18  1.56213084273e-18  
