21.7071772077  21.5942253938  21.3581493406  20.9791197914  20.4287988707  19.6723211505  18.6713236311  17.3881586456  15.7912240646  13.8610322751  11.5962583029  9.0186568718  6.17556639296  3.13888476268  
14.4350561059  14.3572324714  14.1948855221  13.9350034987  13.5591059311  13.0446556327  12.3671514057  11.5029497517  10.4327294661  9.14531795317  7.64137789866  5.93627150586  4.061360746  2.06314383025  
9.41163875637  9.35931586734  9.25035075736  9.07638156889  8.82559592944  8.48369946916  8.03531572934  7.46582686983  6.76357796113  5.92224962237  4.94307912299  3.83651804851  2.62290142991  1.33180595781  
6.01653060927  5.98217762126  5.91074393007  5.79696370265  5.63343312827  5.41125316988  5.12093988633  4.75359670668  4.30228909389  3.76349231187  3.13841365523  2.43394473322  1.66300215542  0.844083619475  
3.7711302745  3.74909036974  3.70332236639  3.63057519625  3.52629662378  3.38504745607  3.20107842479  2.96906022812  2.6849245579  2.34673358557  1.95545736303  1.51551628229  1.03495239422  0.525137006146  
2.31770712729  2.30388208666  2.27520763458  2.22971529767  2.16465869922  2.07677342902  1.96263394632  1.81909864675  1.64381491972  1.43573309147  1.19555759311  0.926053047371  0.632129204356  0.320655385405  
1.39678041535  1.38829761741  1.37072243529  1.34288566397  1.3031612148  1.2496251374  1.18027146605  1.09327804736  0.987304340801  0.861790368585  0.71721502065  0.555266961959  0.37888607144  0.192149259855  
0.82546047218  0.820367216282  0.809824867847  0.793152048623  0.769403763069  0.737466439936  0.696185656846  0.644521774198  0.581722373652  0.50749334803  0.422144707653  0.326684922349  0.222840778132  0.112988980468  
0.478346331249  0.475353111313  0.469162901607  0.459386078515  0.445483606089  0.426822566244  0.402750153588  0.372683019187  0.336205324456  0.293165049079  0.243755087891  0.188564688025  0.128588773779  0.0651879693858  
0.271700738367  0.269979315592  0.26642203096  0.260810348608  0.252842584889  0.242165636462  0.228416952297  0.211274815499  0.190513076118  0.166054440523  0.138014877135  0.106731285237  0.0727657757575  0.036882844996  
0.150993125974  0.150025931709  0.148028617302  0.144881152936  0.140418156145  0.134446597432  0.12676907747  0.117211525538  0.105653137657  0.0920553055556  0.076485504807  0.0591319463399  0.0403054913853  0.0204269288355  
0.0815053497057  0.0809783027075  0.0798905681529  0.0781780393829  0.0757525323617  0.0725113698559  0.0683499160353  0.0631764073952  0.0569278874736  0.049585506003  0.0411870545368  0.0318345502946  0.0216950663901  0.0109938546611  
0.0414913925278  0.0412210324906  0.0406633262501  0.0397859296163  0.0385444095361  0.0368871316409  0.0347616260707  0.0321220856087  0.0289373836443  0.0251987329893  0.0209259222481  0.0161710466885  0.0110188510874  0.0055832273192  
0.0173146811858  0.0172012730575  0.01696740848  0.0165996734844  0.016079657108  0.015385992951  0.014497010919  0.0133938512412  0.0120637837869  0.0105033678061  0.00872101401747  0.00673850567046  0.00459111985634  0.00232616596242  
