28.5526910197  28.3854567473  28.0388708828  27.4894682189  26.7040754315  25.642487691  24.2613448397  22.5192674639  20.3830955275  17.8347480095  14.8778408245  11.5428642996  7.889579674  4.00550388103  
19.6252287448  19.5062451585  19.2601040912  18.8710377888  18.3169006513  17.571108503  16.6053727663  15.3932219718  13.9141549591  12.1580665058  10.1293658811  7.8500384383  5.3608643424  2.72018280939  
13.2496564558  13.1668937613  12.9959591862  12.7264534481  12.343854704  11.8308769181  11.1693440393  10.3425480893  9.33796254721  8.15005804642  6.7828427402  5.25166583843  3.58382643308  1.81765649197  
8.7863184025  8.72999564881  8.61383613353  8.43110410635  8.17244102576  7.82678960877  7.3826463564  6.82960712837  6.1601091137  5.37119825075  4.46608178174  3.45518575511  2.35645217628  1.19469650542  
5.72293007255  5.68540698184  5.60811869109  5.48677863896  5.31545759553  5.08719606293  4.79482225293  4.43194512568  3.99405418258  3.47961413664  2.89100455946  2.23513644658  1.52359284715  0.77219654118  
3.66134519441  3.6368601954  3.58648462437  3.50753739465  3.39632452021  3.24853539801  3.05976565024  2.82614319881  2.54501141195  2.21559801821  1.83957792464  1.42143029065  0.968502328839  0.490727441631  
2.30078129509  2.2851256411  2.25294835669  2.20260095104  2.13182001182  2.03797798898  1.91841066181  1.7708047194  1.5936153463  1.38646940335  1.15049882177  0.888545794954  0.605189992152  0.306569591318  
1.42006941189  1.4102576285  1.39010964024  1.35862892695  1.31445144745  1.25600102638  1.18169048175  1.09015732202  0.980514950909  0.8525922925  0.707128967714  0.545892173684  0.371687179804  0.188246325704  
0.860730265239  0.854702260207  0.842334103285  0.823033580364  0.795992276552  0.760279906023  0.714965500711  0.659258228244  0.592656084237  0.515086258999  0.427017970383  0.329528385524  0.224305923438  0.11358288374  
0.511966817563  0.508338288434  0.500898717614  0.489302320356  0.473078217931  0.451686540205  0.424590044623  0.391336732734  0.351646391385  0.305491556172  0.253161849633  0.195300745599  0.132906064292  0.0672899363986  
0.298075300033  0.295940499679  0.291566315492  0.284754848685  0.275237181731  0.262706002269  0.24685702503  0.227436479266  0.204290512976  0.177411057021  0.146971910054  0.113348954524  0.0771197531552  0.0390402930317  
0.168342222337  0.16712574299  0.164634557353  0.160758600966  0.155348585457  0.148234388817  0.139248300301  0.128251531833  0.115161642159  0.0999778311452  0.0828006734631  0.0638429857553  0.0434292874723  0.0219827059287  
0.0892086431871  0.0885593984579  0.0872304163655  0.0851641061937  0.0822824684329  0.0784968205396  0.0737200470415  0.0678805147788  0.060936402811  0.0528888520301  0.0437921555314  0.0337592927578  0.0229615195888  0.0116214497258  
0.0383194498413  0.0380392477171  0.0374658508912  0.0365747343721  0.0353327147756  0.0337021213883  0.0316460377929  0.0291342402275  0.0261492948913  0.0226921342086  0.0187863590147  0.0144805531219  0.00984807318851  0.0049840835383  
