2.26931856977  2.26578270864  2.25761340846  2.24248874688  2.21665239848  2.1747117429  2.10958534635  2.0127771908  1.87514922743  1.68828291724  1.44634570587  1.14813202843  0.798713000741  0.410037118009  
1.15418343394  1.1523146156  1.14800673266  1.14005745294  1.12653169607  1.10466982863  1.07087667335  1.02087898601  0.950132115994  0.854511903671  0.731239194167  0.579866245667  0.403049072521  0.206798857246  
0.568062682185  0.567111744446  0.564924180833  0.560899397055  0.554075130255  0.543087012217  0.526169788018  0.501242089866  0.466111663216  0.418814733887  0.358059981773  0.283692657932  0.197048337818  0.101056280288  
0.270676531312  0.27021010383  0.269139080761  0.267173741883  0.263851735707  0.258520810528  0.250342102627  0.238333383736  0.221468674279  0.198839158657  0.169860025066  0.134483026019  0.0933548302704  0.0478587101797  
0.12492198821  0.124701215088  0.124195097301  0.123268542878  0.121706711841  0.119207859797  0.115385928597  0.10979159677  0.101958891207  0.0914790351473  0.0780939788475  0.0617911442887  0.042872641696  0.0219717482525  
0.0558688513653  0.0557679075144  0.0555368331582  0.0551146875078  0.0544048500716  0.0532721406802  0.0515443912007  0.0490222663509  0.0455003273259  0.0407998641177  0.0348099622507  0.0275285988872  0.0190921665678  0.00978185251941  
0.0242246328241  0.0241800063417  0.0240779831785  0.0238919462969  0.0235798079155  0.0230828832304  0.0223267264907  0.0212255369053  0.0196913639727  0.0176482597127  0.0150497932235  0.0118963968813  0.00824764908141  0.00422469143291  
0.0101887003083  0.0101696077749  0.0101260099816  0.0100466425731  0.00991373599042  0.00970258716904  0.0093819674533  0.00891602798299  0.00826819473299  0.00740708689346  0.00631377511482  0.00498890642775  0.00345768660139  0.00177077627147  
0.00415885091008  0.00415093962934  0.00413289297377  0.00410008872808  0.00404525050965  0.00395828928845  0.00382648982257  0.00363530647826  0.00336996047977  0.00301784260847  0.00257143693497  0.0020311690063  0.00140737600007  0.000720631695905  
0.00164829462959  0.00164511724352  0.00163787592918  0.00162473045695  0.00160278922649  0.00156805217362  0.00151549153451  0.00143937335206  0.00133389278466  0.00119412154946  0.00101715307853  0.000803210748904  0.000556407235823  0.000284859774417  
0.000634554539791  0.000633316904749  0.000630498644233  0.000625388559711  0.000616870941781  0.000603405534141  0.000583060932791  0.000553640363564  0.000512926940215  0.000459046694309  0.0003909048086  0.000308605376019  0.000213736642746  0.00010941098921  
0.00023715254968  0.000236685210849  0.000235621797909  0.000233695626435  0.000230488927631  0.000225425999491  0.000217786439597  0.000206752792811  0.000191502409894  0.000171342539396  0.000145871841734  0.00011513503516  7.97272262465e-05  4.08074641456e-05  
8.52845479949e-05  8.51149867957e-05  8.47294009137e-05  8.40316158336e-05  8.28711568884e-05  8.1040983906e-05  7.82824798304e-05  7.43027790052e-05  6.88078560811e-05  6.15509222036e-05  5.2390039146e-05  4.13430517212e-05  2.86244188237e-05  1.46496728985e-05  
2.70669287707e-05  2.70127522129e-05  2.68896128829e-05  2.66669236601e-05  2.62968725765e-05  2.57137513635e-05  2.4835593579e-05  2.35697197298e-05  2.18232508078e-05  1.95184224335e-05  1.66107572119e-05  1.31063364628e-05  9.07332648443e-06  4.64329657611e-06  
