32.1578363102  31.9600437629  31.5515189609  30.9072723027  29.9921354698  28.7637616691  27.1768895669  25.1888946966  22.7664280861  19.8926148388  16.5739064408  12.8453526146  8.77293053532  4.4517972928  
22.4228628356  22.2801678019  21.9859654348  21.5233046038  20.8684909676  19.9932774362  18.8678993137  17.4649181898  15.7636856252  13.7550318828  11.4455664353  8.86081283517  6.04637523803  3.06652232883  
15.3697469992  15.269017105  15.0616641586  14.7363917524  14.2775039006  13.6664538029  12.8839461537  11.912539599  10.7395954757  9.3602929576  7.78030735933  6.01766923833  4.10333366427  2.08012654575  
10.3561772624  10.2865517041  10.1434280745  9.91940606268  9.60425733514  9.18599059924  8.65227309361  7.99215715801  7.19799652929  6.26736149633  5.20469363521  4.02240448105  2.74114339391  1.38905384044  
6.85931551461  6.81216383329  6.71535874177  6.56413241426  6.35192571164  6.0711026824  5.71389088112  5.27350546241  4.74537520339  4.12834415407  3.42568528178  2.64574685781  1.80207189204  0.912892528108  
4.46586640756  4.43456545049  4.37037408337  4.27027035004  4.13011409864  3.94511556502  3.71044485094  3.42195080833  3.07693358136  2.67488928664  2.21812524224  1.71213816832  1.1656629855  0.590339059812  
2.85803221  2.83765602852  2.79591026824  2.73091022633  2.640083301  2.52046986715  2.36911076841  2.18349920179  1.96206024424  1.70460653315  1.41270797945  1.08991160338  0.741758358582  0.375568214842  
1.79778235653  1.78477130918  1.75813838541  1.7167268804  1.65896307209  1.58304556999  1.48718714015  1.36989400248  1.23025903482  1.0682369974  0.884864338656  0.682386007835  0.464258910234  0.235016532359  
1.11124151852  1.10309191915  1.08642323809  1.06053696928  1.02448555725  0.977189257659  0.917584325857  0.844792761272  0.758298865139  0.65811322757  0.544901903433  0.42005892711  0.285704946384  0.144603682724  
0.674378228674  0.669374398934  0.659147037253  0.643281413158  0.62121639182  0.592315147743  0.555954293519  0.511625256202  0.459038890907  0.398221764241  0.329591093315  0.253995787781  0.172713918753  0.0874021981778  
0.400632752883  0.397629602677  0.391495223526  0.381988158049  0.368782464589  0.35150957005  0.329810751966  0.303396476059  0.27210721678  0.235968999531  0.195236182969  0.150414378317  0.102258135298  0.0517410639878  
0.230695763117  0.228951400307  0.225390156504  0.219875471796  0.212223370489  0.202226463867  0.189683921413  0.174435189159  0.156394357222  0.135581340563  0.112145686498  0.0863790866212  0.0587136762901  0.0297049125971  
0.124345730475  0.123399045649  0.121467126948  0.118477447134  0.114332451519  0.108922447149  0.102141644178  0.0939061334112  0.0841721300518  0.0729524415379  0.0603289544845  0.0464590962457  0.031574770672  0.0159731697706  
0.0540592538984  0.0536458213975  0.0528023539557  0.051497633856  0.0496897152979  0.0473315127405  0.0443777411259  0.040792674294  0.0365579958709  0.0316798622859  0.0261942340016  0.0201696056972  0.0137065030611  0.00693350074989  
