30.1423322517  29.9617742755  29.5881625985  28.9973294426  28.1551791224  27.0205108827  25.5490706802  23.6988758758  21.4366361346  18.7447681777  15.6281217181  12.119201461  8.28053448971  4.20305051578  
20.8538119249  20.724532258  20.4575064281  20.0364234078  19.4384243411  18.6361548604  17.6006350194  16.3049266338  14.7284274035  12.8614164777  10.7092565338  8.29548980861  5.66303433022  2.87286734915  
14.1766921995  14.0861616348  13.8994704197  13.6058091186  13.1901173839  12.6345276482  11.9203417743  11.0304992209  9.95239680314  8.68079493135  7.22042103534  5.58779910961  3.81184156887  1.93287125244  
9.46963679249  9.40758919881  9.27981708858  9.07928221486  8.79622886107  8.41917080359  7.93621939593  7.33671031222  6.61302396238  5.76241968234  4.78863479706  3.70296131052  2.5245305517  1.27962570513  
6.2151982007  6.17355153913  6.08789867365  5.95373499117  5.76484494987  5.51395981758  5.19363010224  4.79727708894  4.32034917046  3.76146464417  3.12338488466  2.4136447451  1.64468418095  0.833383523626  
4.00809949643  3.98071032819  3.92444364882  3.83646467941  3.71287762  3.54915387894  3.34069328628  3.083491392  2.77486245661  2.41414228386  2.00327466958  1.54717823119  1.05380386679  0.533830059988  
2.53969499683  2.52203871468  2.48580310963  2.42923372775  2.34992800966  2.24510809364  2.11197473096  1.94812328186  1.75198876742  1.52327243339  1.26329143672  0.975190765913  0.663966086659  0.336269038846  
1.5811197169  1.56995956286  1.54707634149  1.51140205516  1.46147879642  1.39562898352  1.31217432384  1.20969067447  1.08727777129  0.944814625594  0.783165690847  0.604302282538  0.411310130768  0.208267767481  
0.966937210988  0.960020167237  0.945848531856  0.923782920988  0.892952972028  0.852361469368  0.801017300186  0.738088916001  0.663065247458  0.575906478062  0.477164129912  0.368049982994  0.250437437358  0.126787142185  
0.580423204733  0.576221747302  0.567619936291  0.554241561804  0.535575785946  0.511039561883  0.480056840639  0.442149341042  0.397030973248  0.344695514196  0.285485624104  0.220131545062  0.149750345876  0.0758013729851  
0.341053144452  0.338558719014  0.333454991843  0.325524949369  0.314474568226  0.299969406262  0.28168079023  0.259338424481  0.232784746451  0.202025007233  0.167266295719  0.128938970304  0.0876954707089  0.0443842277325  
0.194328819821  0.192894931144  0.189962699296  0.185410494341  0.17907383681  0.170766187553  0.160305075435  0.147541706705  0.132391384453  0.114861353839  0.0950723142045  0.0732700220758  0.0498242777202  0.0252141158934  
0.10378354385  0.103012380859  0.101436067526  0.0989905228009  0.0955892218593  0.0911342681204  0.0855302607591  0.0786999481477  0.0706002384365  0.0612367805957  0.0506751528179  0.0390468097369  0.026548406588  0.0134339188494  
0.0448270316469  0.0444923996455  0.0438085821081  0.0427481550155  0.0412741268866  0.0393447110677  0.0369192896894  0.0339651283256  0.0304642239321  0.0264195204491  0.0218596567815  0.0168414659137  0.0114496460677  0.00579336603286  
