7.22760229123  7.20573146648  7.15804432167  7.07659036651  6.94940097799  6.76072032966  6.49173602043  6.12206114493  5.63212292099  5.0064037695  4.23717177726  3.32799591096  2.29609483492  1.17257602453  
4.21337139482  4.20012984907  4.17132043577  4.12227151689  4.04598926805  3.93333541306  3.77350110075  3.55490938843  3.26661609634  2.90015563242  2.45160782511  1.92348589868  1.32593420808  0.676754774454  
2.3918612286  2.38409317135  2.36722509585  2.3385902279  2.29421542491  2.22894295849  2.13672182278  2.01113652521  1.84620324133  1.63739361093  1.38275498777  1.08390714313  0.746645974976  0.38091171152  
1.32248163476  1.31806186101  1.30848113341  1.29225939746  1.26720084532  1.23047109934  1.1787684005  1.10862284454  1.01683574  0.901033174113  0.760260076686  0.595497044091  0.409960696  0.209066776481  
0.712325629858  0.709884637503  0.704601536362  0.695677181104  0.681930322831  0.661843710066  0.633660787236  0.595549660588  0.545838851781  0.483309258699  0.407502358546  0.318983241796  0.21948791908  0.111895549891  
0.373852279698  0.372542682369  0.369712238225  0.364940922041  0.357609878748  0.346927650622  0.331982878092  0.311831459735  0.285619679733  0.252734473384  0.21295984148  0.166608157081  0.114591300197  0.0584028861591  
0.191231400423  0.190548418288  0.18907412786  0.18659352644  0.182790730397  0.177263281599  0.169549933807  0.159175663392  0.14571430758  0.128864056834  0.108525097096  0.0848638670506  0.0583468472314  0.0297301898484  
0.0953601740113  0.0950137161008  0.0942666882261  0.0930118575976  0.0910920690145  0.088307760784  0.0844311660706  0.0792289188754  0.0724931119535  0.0640783270841  0.0539393275192  0.0421618695186  0.0289784762855  0.0147627604973  
0.0463697273548  0.0461986846796  0.0458302562949  0.0452123104537  0.0442686129765  0.0429026420129  0.0410046344771  0.0384626373465  0.0351775239279  0.0310807317529  0.0261521566082  0.020434623417  0.0140411182854  0.00715183010409  
0.0219910353271  0.0219088177899  0.0217318803437  0.0214355113628  0.0209836441294  0.0203307316447  0.0194251447715  0.0182144343739  0.0166524133208  0.0147074547098  0.0123707982195  0.00966320458549  0.006638209939  0.00338064666878  
0.0101696446578  0.010131166088  0.010048424981  0.00991000127031  0.00969925583987  0.0093952238042  0.00897420799391  0.00841221967465  0.00768823619854  0.00678799134797  0.00570774376093  0.00445727118423  0.00306130651526  0.00155882497064  
0.0045736916133  0.00455620302984  0.00451862417176  0.00445582299929  0.00436033330424  0.00422276662092  0.00403253722121  0.00377896221774  0.00345271939185  0.00304753311374  0.00256184070477  0.00200010701743  0.00137344403644  0.000699279677539  
0.00196667577257  0.00195908850275  0.00194279524653  0.00191559099393  0.00187427189294  0.00181481599035  0.00173269789285  0.00162336254893  0.00148284936018  0.00130851029005  0.00109971617579  0.000858410597068  0.000589367071377  0.000300043011031  
0.00072206823681  0.000719264608328  0.000713246643656  0.000703205291971  0.00068796608055  0.000666056419474  0.000635821880691  0.000595600318122  0.000543950261034  0.000479912753768  0.000403267992  0.000314735701403  0.000216067176435  0.000109990740886  
