27.3750513116  27.2175253729  26.8906533192  26.3715228744  25.627689714  24.6197420877  23.3050420273  21.6427158145  19.5997511901  17.1577358505  14.3193901437  11.1137082458  7.59837550053  3.85833285083  
18.7203947017  18.608869355  18.3778731908  18.0120635189  17.4898551756  16.7852737234  15.8705858881  14.7197091543  13.3122562594  11.6378677013  9.70026477383  7.5202832444  5.13710808866  2.60709894302  
12.571134646  12.4939638928  12.334384583  12.0823163594  11.7236578905  11.2415806749  10.6183254025  9.83747608759  8.88659190038  7.75995299992  6.461051739  5.00437525015  3.41602626959  1.73285204625  
8.28944225185  8.23721375081  8.12936831329  7.95940387132  7.71827001199  7.3952447333  6.97912996484  6.45973563826  5.82956191039  5.08551539569  4.23042569885  3.27408756052  2.23356679128  1.1325914019  
5.36742783833  5.33283356912  5.26149281807  5.14928631959  4.99050544578  4.7784307581  4.50610918428  4.16730303385  3.75754702294  3.27520630136  2.72239031001  2.1055583483  1.43566648539  0.727759307562  
3.4127231247  3.39028603543  3.34406919216  3.27150858187  3.16906460275  3.03259466588  2.85784749214  2.64105838537  2.37960245409  2.07263788432  1.72165070946  1.33080418482  0.907006979641  0.45964815234  
2.13076010682  2.11650465698  2.08717082847  2.04119024495  1.97640514535  1.89030296766  1.78032428722  1.64422932387  1.48049505285  1.28870084043  1.06984948681  0.826567147122  0.563133546738  0.285314532845  
1.3063475745  1.29747215833  1.2792257168  1.25066535275  1.21049774387  1.15722368981  1.08932617203  1.00549194889  0.904849058232  0.787194699775  0.653182144293  0.504434083557  0.343555133172  0.174028537577  
0.786334166481  0.780918601814  0.76979418734  0.752403813661  0.727985364862  0.695658954259  0.654539560568  0.603868615946  0.543153729353  0.472301366436  0.391724269862  0.30240506949  0.205900897168  0.104281059045  
0.464404790852  0.461167718291  0.45452312745  0.444147692541  0.42960015703  0.410372899109  0.385958080556  0.355924359569  0.319997694827  0.278137391523  0.230596976623  0.177959483692  0.121138786497  0.0613427885756  
0.268457102395  0.266566022407  0.262686798517  0.256635527818  0.248161753538  0.236978262448  0.22279909889  0.205383373988  0.184581095199  0.160375966251  0.132919313951  0.102549381789  0.0697914483162  0.0353365805249  
0.150571031797  0.149500758137  0.147306498651  0.143886592258  0.139102835289  0.132797175191  0.124812909807  0.115018990779  0.103335301724  0.0897561128749  0.0743685189348  0.0573627521838  0.0390319563197  0.0197602974959  
0.0793071492885  0.0787393515416  0.0775757803094  0.0757635296931  0.0732307800654  0.0698955782582  0.0656769475077  0.0605075719768  0.0543469304493  0.0471934204177  0.0390938260063  0.0301485431245  0.0205113438809  0.0103831300863  
0.0339187536264  0.0336747461673  0.033174857739  0.0323966463539  0.0313096764581  0.0298792696435  0.028071239405  0.0258572823557  0.0232205437107  0.0201607375923  0.016698127986  0.0128757058871  0.00875905662606  0.00443369346673  
