0.000289345885434  0.000289345344598  0.000289342846849  0.000289332517141  0.0002892929739  0.000289153341345  0.000288701086846  0.000287366207993  0.000283802154794  0.000275266920293  0.000257108267124  0.000223155159749  0.00016800564112  9.11039828113e-05  
5.75930942954e-05  5.75929856357e-05  5.75924834681e-05  5.75904056751e-05  5.75824500618e-05  5.75543612085e-05  5.7463427645e-05  5.71952533066e-05  5.64801135e-05  5.4770184357e-05  5.11391480649e-05  4.43638264662e-05  3.33812608494e-05  1.80932068714e-05  
1.0825389877e-05  1.08253693577e-05  1.08252744415e-05  1.08248814094e-05  1.08233757721e-05  1.08180586609e-05  1.08008468721e-05  1.07501083832e-05  1.06149054423e-05  1.02919737686e-05  9.60714370303e-06  8.3312173347e-06  6.26613005994e-06  3.39516756892e-06  
1.9261411146e-06  1.92613746118e-06  1.9261205425e-06  1.92605041399e-06  1.92578155395e-06  1.92483158918e-06  1.92175575848e-06  1.91268900786e-06  1.88853722919e-06  1.83088735212e-06  1.70873909658e-06  1.4814010993e-06  1.11385716517e-06  6.03364788586e-07  
3.25142689853e-07  3.25142074824e-07  3.25139222942e-07  3.25127387199e-07  3.25081964651e-07  3.24921346732e-07  3.24401015201e-07  3.22866803242e-07  3.18780021691e-07  3.09027536112e-07  2.88374339043e-07  2.49961192845e-07  1.879036107e-07  1.01766857996e-07  
5.21791819757e-08  5.21790838362e-08  5.21786280898e-08  5.21767339659e-08  5.21694557955e-08  5.21436932846e-08  5.20601681988e-08  5.18137578744e-08  5.11571843141e-08  4.95902913963e-08  4.62725990727e-08  4.01041429428e-08  3.0143272478e-08  1.6323332145e-08  
7.97603503532e-09  7.97602015752e-09  7.97595095408e-09  7.97566287559e-09  7.97455434833e-09  7.97062566698e-09  7.95787547697e-09  7.92023097952e-09  7.8198693552e-09  7.58028160248e-09  7.0729312767e-09  6.12970633311e-09  4.60688107981e-09  2.49456344484e-09  
1.16335404534e-09  1.16335189809e-09  1.16334189248e-09  1.16330016769e-09  1.16313935262e-09  1.16256860645e-09  1.16071404351e-09  1.155233002e-09  1.14060885994e-09  1.10567777595e-09  1.03168193945e-09  8.94092865737e-10  6.71953824089e-10  3.63843473244e-10  
1.62175587985e-10  1.62175292382e-10  1.62173912338e-10  1.62168146348e-10  1.62145883964e-10  1.62066747451e-10  1.61809244326e-10  1.61047298598e-10  1.59012317812e-10  1.54147822829e-10  1.43837393921e-10  1.2465903813e-10  9.36892849336e-11  5.07304128086e-11  
2.16407180103e-11  2.16406791263e-11  2.16404972273e-11  2.16397356755e-11  2.16367897338e-11  2.16262995191e-11  2.15921120205e-11  2.14908134398e-11  2.12199523295e-11  2.05718548781e-11  1.91971682886e-11  1.66387375148e-11  1.25058439207e-11  6.77186472821e-12  
2.76814688524e-12  2.76814199005e-12  2.76811904168e-12  2.76802275607e-12  2.7676495323e-12  2.76631802241e-12  2.76197123709e-12  2.74907195258e-12  2.71453486731e-12  2.63180410141e-12  2.456163006e-12  2.12904876795e-12  1.60036705291e-12  8.66649225605e-13  
3.39871538707e-13  3.39870948027e-13  3.39868172794e-13  3.39856502072e-13  3.39811166373e-13  3.39649103026e-13  3.39119065011e-13  3.37543536632e-13  3.33318935425e-13  3.23186386782e-13  3.01651781148e-13  2.61512114906e-13  1.96598494779e-13  1.06473769354e-13  
4.00989406724e-14  4.00988722708e-14  4.00985501514e-14  4.00971923125e-14  4.00919057648e-14  4.00729677066e-14  4.0010908236e-14  3.98261076241e-14  3.93297913501e-14  3.8137725582e-14  3.56012304831e-14  3.08687618252e-14  2.3209907524e-14  1.25713957297e-14  
4.50073772106e-15  4.50073019097e-15  4.50069464678e-15  4.50054445382e-15  4.49995834939e-15  4.49785418048e-15  4.49094493538e-15  4.47033235231e-15  4.41488043302e-15  4.28149670656e-15  3.99731946026e-15  3.4665618174e-15  2.60691688068e-15  1.41218444873e-15  
