0.74883169065  0.748253772586  0.746826953576  0.743943030008  0.738532913296  0.728910238074  0.712633517919  0.686471403218  0.646580273952  0.588993291104  0.510447836209  0.409436770952  0.28719591339  0.14822595528  
0.335211410073  0.334942797408  0.334281112276  0.332947899202  0.330456001381  0.326041479567  0.318605845381  0.306706556564  0.288643263363  0.262680697509  0.227415387581  0.182231369546  0.127718065538  0.0658804284448  
0.144466536469  0.14434695852  0.144052985705  0.143462316961  0.142361869499  0.140419198309  0.13715908855  0.131961663908  0.124101908994  0.112846945936  0.0976124775172  0.0781536832419  0.054736808612  0.0282217969416  
0.0599859577407  0.0599348948114  0.0598095832797  0.0595584203643  0.0590918240706  0.0582706522046  0.0568970233916  0.054714307777  0.0514243332742  0.0467281377404  0.0403902894386  0.032316193454  0.0226204317688  0.0116584534655  
0.0240154234979  0.0239944776304  0.0239431559407  0.023840515797  0.0236503158625  0.0233164828357  0.0227596256197  0.021877295805  0.0205511373812  0.0186633048746  0.0161219754265  0.0128916260739  0.00901942765764  0.0046470865892  
0.0092771613481  0.00926889737598  0.009248677075  0.00920831564607  0.0091336884523  0.00900301552143  0.00878557870416  0.00844190933936  0.00792663346904  0.00719484250928  0.00621186401266  0.00496473466612  0.00347208435777  0.0017884444299  
0.00346058150657  0.00345744174823  0.00344976880752  0.00343447899398  0.00340626363632  0.00335696104386  0.00327509873317  0.00314599120311  0.0029528270673  0.00267905296564  0.00231198968488  0.00184704021002  0.00129127883815  0.000664976482028  
0.00124742414218  0.00124627412485  0.00124346675164  0.00123788089081  0.0012275905775  0.00120964243408  0.00117989718952  0.00113307351079  0.00106314765129  0.000964214688351  0.000831782753445  0.000664267633538  0.000464256692729  0.000239034212352  
0.000434838258116  0.000434431752523  0.000433440351962  0.000431470346147  0.000427846647831  0.000421536380751  0.000411095622852  0.000394687259334  0.000370222572497  0.000335661929874  0.00028946305502  0.00023109532684  0.000161471530432  8.31238438817e-05  
0.000146690036631  0.000146551230819  0.000146212988409  0.000145541644182  0.000144308378149  0.000142163789477  0.000138620516061  0.000133060005333  0.000124780927307  0.000113100720713  9.75059496996e-05  7.78238440798e-05  5.43654038893e-05  2.79827389584e-05  
4.79207235314e-05  4.7874897259e-05  4.77633090042e-05  4.75420516443e-05  4.71360680363e-05  4.64309459691e-05  4.52674071897e-05  4.34437302259e-05  4.07317456302e-05  3.69100341768e-05  3.18127953577e-05  2.53853331954e-05  1.77300943944e-05  9.12483918846e-06  
1.51639638622e-05  1.51493292708e-05  1.5113716179e-05  1.50431643593e-05  1.49138390615e-05  1.46894627245e-05  1.43196170618e-05  1.37405673167e-05  1.28803720989e-05  1.1669394026e-05  1.00556939293e-05  8.02243738229e-06  5.60227013202e-06  2.88291743068e-06  
4.6272555115e-06  4.62275473205e-06  4.61180805274e-06  4.59013820359e-06  4.55045023309e-06  4.48165520731e-06  4.36836412954e-06  4.19115442838e-06  3.92814162563e-06  3.55818776776e-06  3.06558053935e-06  2.44530543079e-06  1.70738254436e-06  8.78536587447e-07  
1.27490504425e-06  1.27365747142e-06  1.2706244173e-06  1.26462370076e-06  1.25364075763e-06  1.23461634573e-06  1.20330968456e-06  1.15437506489e-06  1.08179749549e-06  9.79776889057e-07  8.44013294586e-07  6.73151091537e-07  4.69963307732e-07  2.41803593615e-07  
