28.1587015443  27.9947310141  27.6547704221  27.1155364123  26.3440951313  25.3005017221  23.9416318162  22.2262694596  20.1212990551  17.6085250813  14.6912620131  11.3994999837  7.7923083327  3.95634682313  
19.3219939152  19.2055218938  18.9644792588  18.5832382944  18.0398378166  17.3078938685  16.3592994889  15.1677091539  13.7126560264  11.983946847  9.98575892469  7.7396926287  5.28599553892  2.68234703598  
13.0218565123  12.9409802849  12.7738752449  12.5102473717  12.1357134471  11.6331379494  10.9844813755  10.1731304719  9.1865845981  8.01924832158  6.67495557433  5.1687663465  3.52757958441  1.78923147661  
8.61918691876  8.5642479877  8.45089766858  8.27247748604  8.01973067024  7.6817104465  7.24701358477  6.70530552692  6.04904252429  5.27522209839  4.38692369628  3.39436116721  2.31518290028  1.17384054499  
5.60311475569  5.5665835409  5.49130880777  5.37305942795  5.2059791805  4.98318785016  4.69758559595  4.34283132498  3.91442826015  3.41080644569  2.834253858  2.19152936454  1.49400549388  0.757244160877  
3.57737834248  3.55358832321  3.50462361298  3.42784199849  3.31960069493  3.17564470472  2.99162011867  2.76368990858  2.48920709967  2.16737515455  1.79980480499  1.39086859566  0.947766184443  0.480248120739  
2.24323650324  2.22805704566  2.19684648787  2.14798299846  2.07923828068  1.98802292388  1.87170732906  1.72800223949  1.55536948719  1.35341932432  1.12323971161  0.867599774322  0.590978043084  0.299387354422  
1.38149356528  1.37200094168  1.35250088846  1.32201476978  1.27920210265  1.22251230081  1.15038141512  1.06146310239  0.954875242932  0.830435641902  0.688854451462  0.531849885153  0.362159402219  0.183431299197  
0.835436183505  0.82961740728  0.817674017306  0.799025534824  0.772879004222  0.738320933171  0.694435603394  0.640442786737  0.575843427878  0.500557436558  0.415034713036  0.320320305039  0.218058161433  0.110425462189  
0.495758287764  0.492263804777  0.48509637221  0.473917731032  0.458266916845  0.437614830506  0.411434012071  0.37927926861  0.340872285735  0.296180940221  0.245482479091  0.189399793298  0.128902201748  0.0652665059103  
0.287958338605  0.285907188907  0.281702833244  0.275152073711  0.265992186016  0.25392258678  0.238645103319  0.219910219125  0.197565272945  0.171599291814  0.142178351921  0.109665487991  0.0746204700147  0.0377772282566  
0.162258591985  0.161092404226  0.158703322496  0.154984111114  0.149789208713  0.14295254304  0.134310082747  0.123725601608  0.11111737759  0.0964828667341  0.0799180011213  0.0616278714432  0.0419262961834  0.0212231362714  
0.0858126524959  0.0851914766126  0.0839194816064  0.0819406567988  0.0791790845131  0.0755483444929  0.0709633769515  0.0653539805502  0.0586787373569  0.0509378159491  0.0421829183996  0.0325227112775  0.0221224761938  0.0111974198968  
0.0368081305204  0.0365404183996  0.0359923797407  0.035140193014  0.033951601733  0.0323899424779  0.0304192142249  0.0280098309571  0.025144538697  0.0218238375053  0.0180701753046  0.0139302165129  0.00947465881024  0.00479536976132  
