3.77148380544  3.76354286245  3.74568406076  3.7138206233  3.66155990062  3.58008251116  3.45829243136  3.28345922182  3.04253508996  2.72419685361  2.32142883891  1.83416863355  1.27128743262  0.651118039788  
2.03576716939  2.03131307428  2.02131857405  2.00354558448  1.97451183233  1.92944661008  1.86239869441  1.76660979273  1.63524076061  1.46246281686  1.24480249938  0.982482975576  0.680390430582  0.34828281187  
1.06618315037  1.06377143452  1.0583707222  1.0487951872  1.03320835719  1.00910955179  0.973402290366  0.922601095872  0.853217278923  0.762323927857  0.648237439471  0.511182160482  0.353753777284  0.180998564745  
0.5419516816  0.540689708622  0.537868793076  0.532880497541  0.524786377464  0.512315349388  0.49390357133  0.467804148034  0.432285075244  0.385913027085  0.327889566267  0.258372906647  0.178695970427  0.0913949440567  
0.267462413644  0.266823621091  0.265398022256  0.262883055594  0.258813719199  0.252563106054  0.243364222491  0.230365958955  0.212731369211  0.189776080294  0.161129799074  0.126888435273  0.0877146885988  0.0448476269931  
0.128202294721  0.127889222526  0.127191547638  0.125963344725  0.123981045744  0.120944463455  0.116488120752  0.110208792316  0.101712787414  0.0906815445062  0.0769471924662  0.0605627631741  0.0418476339761  0.0213904049872  
0.0597068530128  0.0595581701684  0.0592272628742  0.0586458257021  0.0577094980134  0.0562786526049  0.0541840183889  0.0512397791361  0.0472656403147  0.0421170523659  0.0357196458962  0.0281008603343  0.0194100351465  0.00991910902849  
0.027028231519  0.0269597553953  0.0268075324041  0.0265405130779  0.0261113734868  0.0254569957845  0.0245011478573  0.0231605143072  0.0213546954835  0.0190197530355  0.0161234984928  0.01267939643  0.00875525256921  0.00447329449847  
0.0118972952791  0.0118666907322  0.0117987273364  0.011679690717  0.0114887229172  0.0111980815818  0.0107743703667  0.0101812306665  0.00938374392363  0.00835433934412  0.00707940790006  0.00556526538509  0.00384182548634  0.00196255001893  
0.00509423534914  0.00508095294689  0.00505148426706  0.00499994027636  0.00491738139813  0.00479194640625  0.00460939807899  0.0043542889687  0.0040118458271  0.00357047785787  0.00302456517328  0.00237695408982  0.00164047479419  0.000837889726265  
0.00212221141699  0.00211661151301  0.00210419779452  0.00208251111723  0.00204782474048  0.00199520458206  0.00191874331737  0.00181205064236  0.00166903780208  0.00148495445625  0.00125753436122  0.000988013954662  0.000681744977657  0.000348162410174  
0.000859075787006  0.000856784883156  0.000851710242141  0.000842854429469  0.000828708099637  0.000807276711328  0.000776177663676  0.000732840321628  0.000674823325332  0.000600231391099  0.000508173423743  0.000399167513158  0.000275382132309  0.000140619572417  
0.000333927773662  0.000333029205473  0.000331040038199  0.000327571940604  0.000322038019684  0.000313663972923  0.000301526620894  0.000284632156692  0.000262039372081  0.000233020684277  0.000197238334074  0.000154899412161  0.000106847412244  5.45546492778e-05  
0.000113046809092  0.000112740560516  0.000112062939916  0.000110882332063  0.000109000010457  0.000106154105204  0.000102032840336  9.63011455089e-05  8.86423394847e-05  7.88123928515e-05  6.66991078972e-05  5.23740039615e-05  3.61227673982e-05  1.84424059343e-05  
