2.4466787301e-07  2.44667872162e-07  2.44667864816e-07  2.44667806794e-07  2.44667387174e-07  2.44664626758e-07  2.44648240384e-07  2.44561296742e-07  2.44153714105e-07  2.42489417432e-07  2.36674537145e-07  2.19680353086e-07  1.7932961626e-07  1.04335807573e-07  
2.59480570148e-08  2.59480569286e-08  2.59480561774e-08  2.5948050212e-08  2.5948006847e-08  2.59477201955e-08  2.59460109665e-08  2.59369052152e-08  2.58940646308e-08  2.57185921155e-08  2.51039691828e-08  2.33043334074e-08  1.90261026526e-08  1.10701526589e-08  
2.57858397765e-09  2.57858396948e-09  2.57858389782e-09  2.57858332549e-09  2.57857914233e-09  2.57855134858e-09  2.57838482537e-09  2.57749376046e-09  2.57328469429e-09  2.55598368793e-09  2.49520202976e-09  2.31680289398e-09  1.89195290572e-09  1.1010285678e-09  
2.40819652518e-10  2.40819651793e-10  2.40819645393e-10  2.40819593973e-10  2.40819216003e-10  2.40816691099e-10  2.40801486209e-10  2.40719738061e-10  2.40331904331e-10  2.38731491743e-10  2.3308968822e-10  2.1648320504e-10  1.768478677e-10  1.02949409634e-10  
2.11932193819e-11  2.11932193214e-11  2.11932187846e-11  2.11932144452e-11  2.11931823581e-11  2.11929667962e-11  2.11916617136e-11  2.11846095997e-11  2.11509959451e-11  2.10116956765e-11  2.05187681154e-11  1.9063136773e-11  1.55798535155e-11  9.07332019248e-12  
1.76176266975e-12  1.761762665e-12  1.7617626226e-12  1.76176227765e-12  1.76175971129e-12  1.76174236877e-12  1.76163678138e-12  1.76106320034e-12  1.75831566348e-12  1.74687733789e-12  1.70623483367e-12  1.58578519658e-12  1.29670157404e-12  7.5554176823e-13  
1.38643395487e-13  1.38643395136e-13  1.38643391974e-13  1.38643366081e-13  1.38643172221e-13  1.38641854181e-13  1.38633782567e-13  1.38589691646e-13  1.38377385669e-13  1.37489241694e-13  1.3431956669e-13  1.24889218131e-13  1.0218238763e-13  5.95719552488e-14  
1.03496229742e-14  1.03496229495e-14  1.03496227264e-14  1.0349620887e-14  1.03496070255e-14  1.03495121877e-14  1.03489278874e-14  1.03457177236e-14  1.0330175725e-14  1.02648267614e-14  1.00305132068e-14  9.33048452773e-15  7.6389880026e-15  4.45632537599e-15  
7.34212788909e-16  7.34212787271e-16  7.34212772344e-16  7.34212648431e-16  7.3421170836e-16  7.34205234809e-16  7.34165101578e-16  7.33943288681e-16  7.3286327982e-16  7.28297982398e-16  7.11848252588e-16  6.62486711928e-16  5.42764578655e-16  3.16849182537e-16  
4.95820659403e-17  4.95820658369e-17  4.95820648883e-17  4.95820569575e-17  4.95819963766e-17  4.95815764195e-17  4.9578956109e-17  4.95643844093e-17  4.94930171554e-17  4.91896684234e-17  4.80910221618e-17  4.47789782807e-17  3.67139368188e-17  2.14483723391e-17  
3.19232873909e-18  3.19232873289e-18  3.19232867552e-18  3.19232819246e-18  3.19232447654e-18  3.1922985411e-18  3.19213564796e-18  3.19122402935e-18  3.18673211106e-18  3.16752944564e-18  3.0976111173e-18  2.88581086815e-18  2.36790820715e-18  1.38442924358e-18  
1.96242933799e-19  1.96242933444e-19  1.96242930138e-19  1.96242902094e-19  1.96242684814e-19  1.9624115769e-19  1.96231501284e-19  1.96177107071e-19  1.95907408886e-19  1.94747633959e-19  1.90501449776e-19  1.77573967055e-19  1.45825220713e-19  8.53295838773e-20  
1.15333924591e-20  1.15333924397e-20  1.15333922579e-20  1.15333907039e-20  1.15333785753e-20  1.15332927224e-20  1.15327460885e-20  1.15296463098e-20  1.15141782724e-20  1.14472558316e-20  1.12008397344e-20  1.04467189913e-20  8.5862660778e-21  5.02862908183e-21  
6.47036510317e-22  6.47036509309e-22  6.47036499775e-22  6.47036417675e-22  6.47035772139e-22  6.47031169503e-22  6.47001657606e-22  6.4683316553e-22  6.4598687993e-22  6.42302617772e-22  6.28657470197e-22  5.86675188321e-22  4.82619197578e-22  2.82905828296e-22  
