0.0480365757247  0.0480312472616  0.0480152202449  0.0479739578198  0.0478749337766  0.0476519075498  0.0471813896734  0.0462544683873  0.0445552800916  0.041667570118  0.0371356341325  0.0305937041488  0.0219411787135  0.011491782803  
0.0159046166897  0.0159027963096  0.0158973299209  0.0158832871028  0.0158496717865  0.0157741772135  0.0156154048637  0.0153036804229  0.0147342835178  0.0137701634222  0.0122625644981  0.0100936734892  0.00723334835849  0.0037864242325  
0.00502207276343  0.00502148266596  0.00501971312328  0.00501517566854  0.00500433738935  0.00498005505331  0.00492912226737  0.00482940926576  0.00464782050036  0.00434129281413  0.00386341804532  0.00317784877281  0.0022758714275  0.0011908159989  
0.00151458410268  0.00151440218775  0.00151385730378  0.00151246227656  0.00150913610788  0.0015016992281  0.00148613504419  0.00145573773233  0.00140052052094  0.00130755163641  0.00116297760063  0.000956048916293  0.000684334329909  0.000357937703016  
0.00043689029555  0.000436836852593  0.000436676928557  0.000436268011269  0.000435294498035  0.000433121551249  0.000428582446122  0.000419735323991  0.000403698394303  0.000376755155027  0.000334943977289  0.000275214788943  0.00019691255938  0.000102963382038  
0.000120701548518  0.000120686558225  0.000120641735234  0.00012052724491  0.000120255014794  0.000119648235219  0.000118382699768  0.000115920209996  0.000111464411906  0.000103991766723  9.24157550606e-05  7.59053222302e-05  5.4289978731e-05  2.83806316471e-05  
3.19802542921e-05  3.19762328475e-05  3.19642154078e-05  3.1933545095e-05  3.18606917215e-05  3.16984943967e-05  3.13606407019e-05  3.07041582485e-05  2.95180164652e-05  2.75317496775e-05  2.44592453839e-05  2.00828597833e-05  1.43597025642e-05  7.50515159179e-06  
8.13619298906e-06  8.13515950405e-06  8.13207249758e-06  8.12419905892e-06  8.10551154006e-06  8.06394503128e-06  7.97745324124e-06  7.80958314716e-06  7.50663941051e-06  6.99996610933e-06  6.21714541078e-06  5.10334166512e-06  3.64812029887e-06  1.90638341705e-06  
1.98997384543e-06  1.98971903131e-06  1.98895814759e-06  1.98701842479e-06  1.98241729684e-06  1.97219045571e-06  1.95092809972e-06  1.90969844362e-06  1.83536720123e-06  1.71117342419e-06  1.51948020117e-06  1.24698357907e-06  8.91227288021e-07  4.65660678042e-07  
4.68438350833e-07  4.68377991824e-07  4.68197793582e-07  4.67738560971e-07  4.66649711496e-07  4.64230866516e-07  4.59205150912e-07  4.49466914694e-07  4.3192405438e-07  4.02637005807e-07  3.57468524508e-07  2.93307645804e-07  2.09594617328e-07  1.09499492518e-07  
1.06243993589e-07  1.06230239848e-07  1.06189182567e-07  1.06084567831e-07  1.05836595085e-07  1.05285944097e-07  1.041423852e-07  1.01927765072e-07  9.79407064989e-08  9.12887701424e-08  8.10362532714e-08  6.64813886871e-08  4.75006200764e-08  2.48136943232e-08  
2.32395963316e-08  2.3236578019e-08  2.32275677619e-08  2.32046108077e-08  2.31502031333e-08  2.30294142701e-08  2.27786500596e-08  2.22932159274e-08  2.14196757453e-08  1.99629995408e-08  1.77189699129e-08  1.45347486468e-08  1.03839060372e-08  5.42401679481e-09  
4.90115536633e-09  4.90051752272e-09  4.89861325041e-09  4.89376116162e-09  4.88226211012e-09  4.8567363706e-09  4.80375406704e-09  4.70121766139e-09  4.51676355716e-09  4.2092883915e-09  3.7357969312e-09  3.06416510752e-09  2.18891808554e-09  1.14331221461e-09  
9.63855226579e-10  9.63729669514e-10  9.633547614e-10  9.62399366467e-10  9.60135009468e-10  9.55108616294e-10  9.44676507915e-10  9.24490342661e-10  8.88184618109e-10  8.27679586636e-10  7.34530044088e-10  6.02434000787e-10  4.30329137177e-10  2.24759412828e-10  
