17.157917448  17.0777222143  16.9087739918  16.6342886852  16.2300429052  15.6658339859  14.9078603132  13.9222051871  12.6794267058  11.1599584747  9.35965102659  7.29442596506  5.00282022373  2.54532792739  
11.0915874912  11.0378373591  10.9248241945  10.741774433  10.473231769  10.1000861944  9.60118922095  8.95563975446  8.14570455459  7.16015336596  5.99757315434  4.66903908549  3.19944436062  1.62690573563  
7.01927858434  6.98418040618  6.91051395884  6.79151900663  6.61754724011  6.37675676624  6.05617034745  5.64313267743  5.12712530007  4.50178775883  3.76687217985  2.92976263536  2.00616543374  1.01965985292  
4.3488645209  4.32651804813  4.27968942116  4.20422935387  4.09424268864  3.94254012162  3.74131034239  3.48302500951  3.16154196949  2.77330798615  2.318495165  1.8018568142  1.23308287493  0.626490215699  
2.63795774025  2.62407587088  2.59502625502  2.54831657677  2.48041981586  2.38705865097  2.26362048933  2.10570586849  1.90978502336  1.6739008542  1.39832005883  1.0860100625  0.742820351315  0.377281266415  
1.56675113492  1.55833220426  1.54073661054  1.51249875096  1.47155172462  1.4154011756  1.34137493032  1.24694768298  1.13012380085  0.989840904456  0.826337347111  0.641414867437  0.438530158939  0.22266975262  
0.911191811239  0.906204590552  0.895792993611  0.879113014699  0.854977975429  0.821961917039  0.778546082001  0.723306894315  0.655134701698  0.573461354546  0.47846438875  0.371209842309  0.253697981883  0.128788203753  
0.518960744391  0.516073764023  0.510052813389  0.500421796862  0.486513099255  0.467527512857  0.442618176966  0.410997071542  0.372057550249  0.325500376773  0.271445365211  0.210507988192  0.143821938563  0.0729954027573  
0.289460824011  0.287827190387  0.284423238199  0.278985864996  0.271146992953  0.26046745812  0.246484020377  0.228768421414  0.206994680741  0.181007635525  0.150882979294  0.116967768213  0.0798914121276  0.0405409014365  
0.158081887074  0.157178244185  0.155296876285  0.152295360472  0.147974859308  0.142098830765  0.134418767216  0.124706258269  0.11278922027  0.0985884806561  0.0821495149736  0.0636635392391  0.0434727924621  0.0220568564321  
0.0844196955775  0.0839316437155  0.0829162630373  0.0812981256282  0.0789721169316  0.0758135131969  0.0716917465633  0.0664874274861  0.0601114400665  0.0525240818251  0.0437515277288  0.0338966275671  0.0231414075545  0.0117397069741  
0.0438214715323  0.0435656294371  0.0430336924287  0.0421868032428  0.0409708960956  0.0393219627305  0.0371732023571  0.0344638089561  0.0311487678633  0.0272086131279  0.0226577601572  0.0175499075121  0.0119791990487  0.00607638051929  
0.021533480522  0.021406748045  0.0211433878577  0.020724429378  0.0201235107563  0.0193094793816  0.0182499057581  0.0169153806386  0.015284281877  0.0133474979438  0.0111124380713  0.00860560728427  0.00587312495605  0.00297882919523  
0.00875589855178  0.00870408193286  0.00859644144508  0.00842529863983  0.00817999276061  0.00784794149072  0.0074160696145  0.00687255024622  0.00620872985276  0.00542102912656  0.0045125502927  0.00349410243979  0.00238439815873  0.00120928108085  
