2.38698764324  2.38315286613  2.3743176005  2.35802173593  2.33029923635  2.28547954298  2.21614837908  2.11344996188  1.96790415098  1.77082650099  1.51625877934  1.2030662121  0.836620260773  0.429396469202  
1.22120701769  1.21916821367  1.21448155938  1.20586601889  1.19126705103  1.16776666007  1.13157997512  1.07822865767  1.00297297351  0.901537051044  0.771069926227  0.611164046254  0.424646508756  0.217828871218  
0.604757029155  0.603713183982  0.601318567958  0.596929502022  0.589518314271  0.577633907003  0.559407109225  0.532644167614  0.495045890759  0.444565299723  0.379871632055  0.300832065443  0.208875845326  0.107096778984  
0.290008275884  0.289492987737  0.2883130574  0.286156068606  0.282525206995  0.276722513389  0.267854343972  0.254879207636  0.236714714931  0.212408135935  0.181353809193  0.143514997025  0.0995877189739  0.0510419903523  
0.134732794597  0.134487269946  0.133925973684  0.132902296931  0.131183908184  0.128445858449  0.124274271074  0.118189720175  0.109697566841  0.0983667061287  0.0839284702086  0.0663761002128  0.0460367530253  0.0235877558355  
0.0606698773001  0.0605568437946  0.0602988135234  0.0598292104252  0.0590428534858  0.0577932029872  0.0558944685455  0.0531325684595  0.0492880168157  0.044171155925  0.0376658565373  0.0297729323146  0.0206410332826  0.0105729172769  
0.0264922481557  0.0264419225684  0.0263271901057  0.0261187724077  0.0257705379893  0.0252184347198  0.0243815784488  0.023167196325  0.0214806937965  0.0192409417943  0.0163990372718  0.0129567468933  0.00897943879383  0.00459844972359  
0.0112233662394  0.0112016785043  0.0111522922518  0.0110627289745  0.0109133738679  0.0106770739349  0.0103196607744  0.00980210101658  0.00908478471608  0.00813396221066  0.00692957188618  0.00547286702325  0.00379169526526  0.00194137233102  
0.00461530393797  0.00460625009905  0.00458565456515  0.00454835955685  0.00448627456035  0.004388229314  0.00424021075834  0.00402626688911  0.00373027762413  0.00333858651646  0.00284317619054  0.00224473848681  0.00155477613138  0.000795918009968  
0.00184314479915  0.0018394806997  0.00183115339777  0.00181609407424  0.00179106355781  0.00175160004682  0.00169212136551  0.00160629255526  0.00148773533404  0.00133107342406  0.00113318535377  0.000894407667627  0.000619350614307  0.000317009352489  
0.000715086896234  0.000713648530113  0.000710382299868  0.000704482543519  0.000694689884557  0.000679273152146  0.000656071632923  0.000622639881916  0.000576523643031  0.000515663386815  0.000438875118098  0.000346309487941  0.000239760401969  0.000122703360549  
0.000269355477393  0.000268808044325  0.000267565851478  0.000265324446348  0.000261608605371  0.000255766253686  0.000246985225628  0.00023434851787  0.000216938415443  0.000193987802702  0.000165059535433  0.000130216862539  9.01371328473e-05  4.61247076271e-05  
9.7612070205e-05  9.74119126098e-05  9.69580191724e-05  9.61397595671e-05  9.4784662906e-05  9.26564415236e-05  8.94613254768e-05  8.48683001699e-05  7.85468936391e-05  7.02217892972e-05  5.97372888615e-05  4.71182984922e-05  3.26107614947e-05  1.66858774922e-05  
3.11797432448e-05  3.11153765278e-05  3.09694837928e-05  3.07066556307e-05  3.02717409337e-05  2.95892705072e-05  2.85655429636e-05  2.709513991e-05  2.50730076333e-05  2.24118474061e-05  1.90625762672e-05  1.50336224911e-05  1.04036568692e-05  5.32283204367e-06  
