17.4939339303  17.4114254776  17.2377217601  16.9557944663  16.5410882661  15.9630208123  15.1874135443  14.1800329823  12.9112397977  11.3614438235  9.52668752343  7.42332297323  5.09055454772  2.5897526125  
11.3351882677  11.2797616159  11.1633018061  10.9748581387  10.6987335356  10.3155425714  9.80386330012  9.142564781  8.31377046799  7.30623273079  6.11867759751  4.76249230718  3.2630540129  1.65911487428  
7.19107213095  7.15479199043  7.07869557273  6.9558976574  6.77658004175  6.52870648176  6.19910675313  5.77496331334  5.24565651091  4.60481353123  3.85228451033  2.99567359901  2.05102845998  1.04237659205  
4.46679573944  4.44363814592  4.39514191559  4.31707191753  4.20341629939  4.04685225471  3.83943589439  3.57352740367  3.24291506582  2.84403708555  2.37713280558  1.84710660898  1.26388280921  0.642086050249  
2.71680726965  2.70238326325  2.6722190277  2.62376481822  2.55341554411  2.45680456293  2.32923056968  2.16621949807  1.96419500565  1.72119421698  1.4375287545  1.11626705124  0.763415325837  0.387709759555  
1.61812577504  1.60935373806  1.59103214874  1.56165796422  1.51911338421  1.4608458142  1.38412523276  1.28637767672  1.16557712013  1.02065738429  0.851886072447  0.661130733909  0.45195020196  0.229465163872  
0.943827075734  0.938615629924  0.927743008415  0.910341407418  0.885191793775  0.850831186018  0.805704048127  0.74835586253  0.677657639808  0.59303879307  0.494695425174  0.383735378929  0.262223817737  0.133105386202  
0.539181411622  0.536155555306  0.529849057039  0.519771066621  0.505233908237  0.485415417593  0.459445926161  0.42651822179  0.386013657569  0.337631471708  0.281502973451  0.218269536973  0.149105073466  0.0756706060801  
0.301684286838  0.299966735296  0.296390231762  0.290682748735  0.28246407308  0.271281152605  0.256656947267  0.238151584041  0.215431815947  0.188341548409  0.156963418275  0.121660138946  0.0830854377716  0.0421582558849  
0.165289871818  0.164336763846  0.162353683328  0.159192940855  0.154648537795  0.148475735841  0.140417882201  0.130239709593  0.117764842105  0.102913551942  0.0857354056638  0.0664308519098  0.0453564725911  0.0230106968545  
0.0885588338619  0.0880423885931  0.0869686222596  0.0852590806343  0.0828045338825  0.079475547769  0.0751368727372  0.0696651771515  0.0629688760664  0.0550079448002  0.0458109056124  0.0354859099466  0.0242232222197  0.012287508461  
0.04611881937  0.0458472243289  0.045282893463  0.0443852887036  0.0430980585379  0.0413545781819  0.0390854459924  0.0362276655044  0.0327348493645  0.028587350973  0.0238008875054  0.0184321000372  0.0125797058948  0.00638046204257  
0.02272906161  0.0225941339188  0.0223139209307  0.0218685768285  0.0212305494754  0.0203673236152  0.0192451151236  0.0178333736627  0.0161097616512  0.0140650727043  0.0117073930302  0.00906475896086  0.00618567045742  0.00313709491603  
0.00926217570309  0.00920688965152  0.00909211442413  0.00890980079088  0.00864878372935  0.00829590360839  0.00783751124941  0.00726129621409  0.0065583016879  0.00572490793821  0.00476450371115  0.0036885465287  0.00251675720254  0.00127630477182  
