8.64728633227  8.61851311551  8.55626259198  8.45111470427  8.28902365374  8.05172024309  7.71769151078  7.26398797574  6.66899423046  5.91606834443  4.99762843036  3.9189146095  2.70041437041  1.37796989411  
5.14977292008  5.13198091824  5.0935701106  5.02889928186  4.92960407602  4.78488776282  4.58215935532  4.30815062388  3.95056899901  3.50020628546  2.95324056151  2.31328707762  1.59264658413  0.812244949329  
2.98968896871  2.97901727149  2.95602230902  2.91741811556  2.85835625102  2.77261972675  2.65301917047  2.49205861394  2.2828926369  2.02051810813  1.70304463391  1.332795391  0.916943208116  0.467423284075  
1.69221530036  1.68600071453  1.6726326439  1.65024796902  1.61610934494  1.56672698957  1.49809472215  1.40607394863  1.28693263298  1.13800280074  0.958367576039  0.749442479602  0.515295853312  0.26257764929  
0.934006165145  0.930489672263  0.922936990346  0.910319226451  0.891130318944  0.863459874031  0.825128746298  0.773903831269  0.707793573762  0.625402290217  0.526294166198  0.411294993146  0.282651536606  0.143983194776  
0.502794552856  0.500859751668  0.496709906554  0.489791313007  0.479296110907  0.464204057729  0.443357845437  0.415579832477  0.379829946082  0.33539224737  0.28206382963  0.220308664883  0.151335771872  0.0770694810067  
0.264038984838  0.263003196035  0.260784323136  0.25709185495  0.251503141746  0.243486476895  0.232441653501  0.217761677853  0.198915053911  0.175541787865  0.147549390438  0.115189877689  0.0790975418891  0.0402718269741  
0.135293714638  0.134753871728  0.133598693297  0.131679516816  0.128780603086  0.124631463546  0.118928065847  0.111364603683  0.101675336274  0.0896828779536  0.0753459709358  0.058797295734  0.0403614349157  0.0205454914531  
0.0676570056197  0.0673829429902  0.0667970737123  0.065825173062  0.0643597639717  0.0622664956805  0.0593949238907  0.0555944485211  0.050735080555  0.0447311867523  0.0375647627669  0.0293036400197  0.020109888313  0.0102348831089  
0.0330240581023  0.0328884819868  0.0325989163798  0.032119194728  0.0313970501182  0.0303673184484  0.028957271722  0.0270944135955  0.0247165436069  0.021783171259  0.0182866132888  0.0142605872022  0.00978407403723  0.00497881608806  
0.0157277941427  0.0156624532919  0.015523008805  0.0152922677079  0.0149454259251  0.0144516305032  0.0137765479725  0.0128860817395  0.0117511330015  0.0103529621016  0.00868836447515  0.00677364315031  0.00464635218693  0.00236406848612  
0.00728533465256  0.00725474975277  0.00718952450325  0.0070817093733  0.00691985292483  0.00668973995772  0.00637559211408  0.00596179102737  0.00543506998008  0.00478696691213  0.0040161782123  0.00313035123416  0.00214685429899  0.00109219410213  
0.00322133460017  0.00320769159946  0.00317861402678  0.0031305927759  0.00305857927785  0.00295631713562  0.00281687684541  0.00263341794302  0.00240015284063  0.00211342013906  0.00177270932924  0.00138143609203  0.000947269270037  0.000481868522141  
0.00120885592994  0.00120370391605  0.00119272806122  0.00117461320882  0.00114746893426  0.0011089553785  0.00105648490667  0.000987508134269  0.00089987418434  0.000792230422766  0.00066440271993  0.000517681828374  0.000354942549144  0.000180544073365  
