9.40469570645  9.37200623372  9.30153215282  9.18309894706  9.0016014406  8.73750013193  8.3679331389  7.8686914078  7.21718177465  6.39626262272  5.39850191462  4.23005410442  2.9131159524  1.48596305539  
5.65720742866  5.63679311918  5.59287562222  5.51930807471  5.40701607198  5.24435139274  5.01781876656  4.71330545301  4.31786315923  3.82194833242  3.22183904178  2.52176298231  1.73516626458  0.884605603478  
3.31900038253  3.30662785373  3.28006108843  3.23568583964  3.16819265481  3.07081165219  2.93576622168  2.75501188869  2.521277232  2.22934108112  1.87737765872  1.46810751787  1.00944694238  0.514389884858  
1.89939712628  1.89211312829  1.87649915231  1.85048546002  1.81104452852  1.754338534  1.67599159122  1.57151972981  1.43692260166  1.26939479131  1.06805989399  0.834583379039  0.573501419851  0.292130318366  
1.06045841567  1.0562896227  1.04736695891  1.0325353685  1.01011159339  0.977972689391  0.933713703713  0.874890548034  0.799347713671  0.705605462106  0.593252564556  0.463267331836  0.318182129437  0.162023217148  
0.577718478009  0.575397436424  0.570436355724  0.562206745568  0.549795701406  0.532056965887  0.50769933956  0.475420057052  0.434081784275  0.382918675146  0.321742318784  0.251107034274  0.172391098487  0.0877600083149  
0.307161432461  0.305903493729  0.303218006338  0.298771396225  0.29208052304  0.282541106353  0.269475819108  0.25220558438  0.230142857157  0.20289885743  0.170389396353  0.132918476157  0.0912178282465  0.0464257583154  
0.159416454728  0.158752428072  0.157336393932  0.154995588866  0.151480416474  0.146479763736  0.139646423082  0.130634225301  0.119146035104  0.104988327829  0.0881244642642  0.0687161984622  0.0471426336428  0.0239885860094  
0.0807794214326  0.0804378535515  0.0797101773474  0.078509051108  0.0767085694713  0.0741522676493  0.0706661955169  0.0660777740109  0.0602399131442  0.0530581801092  0.0445170691254  0.0347002229315  0.0237993771103  0.0121082009606  
0.0399680090552  0.0397967379411  0.0394321842557  0.0388312368681  0.0379318715289  0.0366572140157  0.0349220874184  0.0326423527955  0.0297467480062  0.0261901151298  0.0219660855164  0.0171167411793  0.0117367653036  0.00597029101056  
0.0193005433223  0.0192168508601  0.0190388510364  0.0187457759748  0.0183077983521  0.0176880359687  0.0168457447859  0.0157408316395  0.0143395288785  0.0126206896424  0.0105817817945  0.00824341078718  0.00565121171983  0.00287428725944  
0.00906522627259  0.00902550574933  0.00894108613341  0.0088022360251  0.0085950000051  0.00830215709193  0.00790473257956  0.00738411757459  0.00672471618832  0.00591686427653  0.00495959126185  0.00386268729802  0.00264754759619  0.00134642349678  
0.00406099569449  0.00404304598154  0.00400491931967  0.00394226561411  0.00384885440444  0.00371701040505  0.00353829506316  0.00330445577476  0.00300860476349  0.00264651230377  0.00221782413839  0.00172696654622  0.0011835084999  0.000601820854259  
0.00153947080508  0.00153262392919  0.00151808675317  0.00149421286504  0.00145864628102  0.001408488184  0.00134055640251  0.00125174511748  0.00113946983483  0.00100215377094  0.00083968406403  0.000653749308413  0.000447972612237  0.000227781043791  
