11.2898500818  11.2467789627  11.1546101374  11.0013793402  10.7694850868  10.4364223126  9.9762190445  9.36181300515  8.5684636244  7.57803523604  6.38363687307  4.99374595733  3.43471668603  1.75064121054  
6.94104383339  6.91356187495  6.85487456618  6.75761582135  6.61101062183  6.40139034311  6.11314069197  5.73020471378  5.23817057402  4.62681679304  3.89278928842  3.0418975871  2.09041950279  1.06487389965  
4.16668879127  4.14965139394  4.11333581659  4.05332253708  3.96317883198  3.83480024934  3.65901035878  3.42648020111  3.1289712432  2.76081403109  2.32042522887  1.81156972223  1.2440337736  0.633428102183  
2.44246818278  2.43219680892  2.41033952074  2.3743105133  2.32036237673  2.24380193102  2.1393560424  2.00171732353  1.82626533084  1.60990701066  1.3519209822  1.0546416881  0.723803482682  0.368399533041  
1.39826829247  1.39224200286  1.37943723933  1.35837782512  1.32693253485  1.28244612499  1.22195522644  1.14250322263  1.04154854792  0.917432252834  0.769839346745  0.600164215573  0.41168465379  0.209470274847  
0.781874326078  0.778431181568  0.771124871223  0.759132766444  0.741271125175  0.71607184535  0.68190606218  0.637161053668  0.580465960847  0.510946449037  0.428472147948  0.33384880036  0.228905257745  0.116437747054  
0.427107035905  0.425190130667  0.421127336816  0.41447097854  0.404578727357  0.390657121926  0.37183033691  0.347237061984  0.316152423066  0.278123789811  0.233100999513  0.18153575135  0.124424543096  0.0632763553151  
0.227962070813  0.226921635089  0.224718840721  0.221115693616  0.215771586878  0.208267242126  0.198141948533  0.184945319956  0.168301665257  0.147980905313  0.123965802211  0.0965025032282  0.0661214448153  0.0336193378352  
0.118899662283  0.118348860986  0.117183834982  0.115280951745  0.112463670004  0.108515340236  0.103198851397  0.0962836229568  0.0875788340523  0.0769696851214  0.0644514349291  0.0501546531547  0.0343552514744  0.0174647768795  
0.0606038536125  0.0603193719062  0.0597181712555  0.0587374871705  0.0572878719954  0.0552598542566  0.0525340444356  0.0489948812257  0.0445474051313  0.0391354119919  0.0327583464309  0.025483689998  0.0174517018544  0.00887034698793  
0.0301670499601  0.0300237720046  0.02972121445  0.029228256075  0.0285006221994  0.0274842562713  0.0261203870061  0.0243523618146  0.0221339213964  0.0194380908731  0.0162653918068  0.0126498026618  0.0086609626471  0.0044015982359  
0.014605004139  0.014534921585  0.014387030715  0.0141463198447  0.0137914649054  0.013296484758  0.0126332085836  0.0117745789298  0.0106986250654  0.0093927060294  0.00785740425302  0.00610932649191  0.0041821076086  0.00212514599442  
0.00673063792869  0.00669806319201  0.00662936215035  0.00651763918045  0.00635311135908  0.00612387979844  0.0058170717467  0.00542036031939  0.00492378277124  0.00432167232244  0.00361442144453  0.0028097409221  0.00192309907818  0.000977132453404  
0.00260770247975  0.00259500551468  0.00256823810666  0.00252473499336  0.00246071826258  0.00237159844871  0.00225241831068  0.00209844087833  0.00190585036489  0.00167249420764  0.00139855783822  0.00108704398093  0.000743936616053  0.000377970983002  
