1000.0  1000.0  1000.0  1000.0  1000.0  1000.0  1000.0  1000.0  1000.0  1000.0  1000.0  1000.0  1000.0  1000.0  1000.0  1000.0  1000.0  1000.0  1000.0  1000.0  1000.0  1000.0  1000.0  1000.0  1000.0  1000.0  1000.0  1000.0  
86.7255994358  114.58839912  120.648972254  121.659709026  121.796015667  121.811359509  121.812833294  121.812956078  121.812965065  121.812965649  121.812965683  121.812965685  121.812965685  121.812965685  121.812965685  121.812965685  121.812965685  121.812965683  121.812965649  121.812965065  121.812956078  121.812833294  121.811359509  121.796015667  121.659709026  120.648972254  114.58839912  86.7255994358  
17.7397277322  24.3642032896  25.938842484  26.2152423805  26.2536220248  26.2580106299  26.258435066  26.2584704568  26.2584730382  26.2584732048  26.2584732144  26.2584732149  26.258473215  26.258473215  26.258473215  26.258473215  26.2584732149  26.2584732144  26.2584732048  26.2584730382  26.2584704568  26.258435066  26.2580106299  26.2536220248  26.2152423805  25.938842484  24.3642032896  17.7397277322  
2.90334425509  4.06826219815  4.35875001065  4.41121757087  4.41861776911  4.41946984306  4.41955232095  4.41955917397  4.41955967043  4.41955970217  4.41955970398  4.41955970407  4.41955970407  4.41955970407  4.41955970407  4.41955970407  4.41955970407  4.41955970398  4.41955970217  4.41955967043  4.41955917397  4.41955232095  4.41946984306  4.41861776911  4.41121757087  4.35875001065  4.06826219815  2.90334425509  
0.390211911811  0.552797620912  0.594420531378  0.602052402693  0.603136149709  0.603261037217  0.603273082966  0.603274076978  0.603274148309  0.603274152817  0.60327415307  0.603274153083  0.603274153083  0.603274153083  0.603274153083  0.603274153083  0.603274153083  0.60327415307  0.603274152817  0.603274148309  0.603274076978  0.603273082966  0.603261037217  0.603136149709  0.602052402693  0.594420531378  0.552797620912  0.390211911811  
0.0440522518496  0.0627835542761  0.067644798829  0.0685418744005  0.0686693539109  0.0686839916623  0.0686853938131  0.0686855084241  0.0686855165537  0.0686855170606  0.0686855170887  0.0686855170901  0.0686855170902  0.0686855170902  0.0686855170902  0.0686855170902  0.0686855170901  0.0686855170887  0.0686855170606  0.0686855165537  0.0686855084241  0.0686853938131  0.0686839916623  0.0686693539109  0.0685418744005  0.067644798829  0.0627835542761  0.0440522518496  
0.00425527763762  0.00608342186025  0.00656056633183  0.006648665443  0.00666113969537  0.00666256221022  0.00666269718531  0.00666270809071  0.00666270885397  0.00666270890086  0.00666270890342  0.00666270890354  0.00666270890355  0.00666270890355  0.00666270890355  0.00666270890355  0.00666270890354  0.00666270890342  0.00666270890086  0.00666270885397  0.00666270809071  0.00666269718531  0.00666256221022  0.00666113969537  0.006648665443  0.00656056633183  0.00608342186025  0.00425527763762  
0.000357006294029  0.000511009871893  0.000551215977272  0.000558612727207  0.000559652910142  0.000559770412267  0.000559781433007  0.000559782311612  0.000559782372196  0.000559782375858  0.000559782376054  0.000559782376064  0.000559782376064  0.000559782376064  0.000559782376064  0.000559782376064  0.000559782376064  0.000559782376054  0.000559782375858  0.000559782372196  0.000559782311612  0.000559781433007  0.000559770412267  0.000559652910142  0.000558612727207  0.000551215977272  0.000511009871893  0.000357006294029  
2.63327042972e-05  3.76907760132e-05  4.06455469584e-05  4.11854906732e-05  4.12607139357e-05  4.12691140654e-05  4.12698915036e-05  4.12699525688e-05  4.12699567119e-05  4.1269956958e-05  4.12699569709e-05  4.12699569715e-05  4.12699569716e-05  4.12699569716e-05  4.12699569716e-05  4.12699569716e-05  4.12699569715e-05  4.12699569709e-05  4.1269956958e-05  4.12699567119e-05  4.12699525688e-05  4.12698915036e-05  4.12691140654e-05  4.12607139357e-05  4.11854906732e-05  4.06455469584e-05  3.76907760132e-05  2.63327042972e-05  
1.72474809452e-06  2.46639075904e-06  2.65809452775e-06  2.69280671383e-06  2.69758798707e-06  2.69811489164e-06  2.69816294056e-06  2.6981666541e-06  2.69816690171e-06  2.69816691615e-06  2.69816691689e-06  2.69816691692e-06  2.69816691693e-06  2.69816691693e-06  2.69816691693e-06  2.69816691693e-06  2.69816691692e-06  2.69816691689e-06  2.69816691615e-06  2.69816690171e-06  2.6981666541e-06  2.69816294056e-06  2.69811489164e-06  2.69758798707e-06  2.69280671383e-06  2.65809452775e-06  2.46639075904e-06  1.72474809452e-06  
1.01150456235e-07  1.44414452181e-07  1.55501433092e-07  1.57486826754e-07  1.57756748504e-07  1.57786060533e-07  1.57788690834e-07  1.57788890625e-07  1.57788903703e-07  1.5778890445e-07  1.57788904488e-07  1.5778890449e-07  1.5778890449e-07  1.5778890449e-07  1.5778890449e-07  1.5778890449e-07  1.5778890449e-07  1.57788904488e-07  1.5778890445e-07  1.57788903703e-07  1.57788890625e-07  1.57788690834e-07  1.57786060533e-07  1.57756748504e-07  1.57486826754e-07  1.55501433092e-07  1.44414452181e-07  1.01150456235e-07  
5.34861499176e-09  7.62019874254e-09  8.19628198804e-09  8.29814054943e-09  8.3117893761e-09  8.31324807489e-09  8.31337672992e-09  8.31338632383e-09  8.31338693968e-09  8.31338697419e-09  8.31338697589e-09  8.31338697597e-09  8.31338697597e-09  8.31338697597e-09  8.31338697597e-09  8.31338697597e-09  8.31338697597e-09  8.31338697589e-09  8.31338697419e-09  8.31338693968e-09  8.31338632383e-09  8.31337672992e-09  8.31324807489e-09  8.3117893761e-09  8.29814054943e-09  8.19628198804e-09  7.62019874254e-09  5.34861499176e-09  
2.56507787066e-10  3.64525397769e-10  3.91594103703e-10  3.9631316346e-10  3.96935624117e-10  3.97001018918e-10  3.97006681843e-10  3.97007096003e-10  3.97007122051e-10  3.97007123479e-10  3.97007123548e-10  3.97007123551e-10  3.97007123551e-10  3.97007123551e-10  3.97007123551e-10  3.97007123551e-10  3.97007123551e-10  3.97007123548e-10  3.97007123479e-10  3.97007122051e-10  3.97007096003e-10  3.97006681843e-10  3.97001018918e-10  3.96935624117e-10  3.9631316346e-10  3.91594103703e-10  3.64525397769e-10  2.56507787066e-10  
1.12130439971e-11  1.58892841271e-11  1.70457216669e-11  1.7244264274e-11  1.72700141423e-11  1.72726706208e-11  1.72728962548e-11  1.72729124235e-11  1.72729134188e-11  1.72729134722e-11  1.72729134747e-11  1.72729134748e-11  1.72729134748e-11  1.72729134748e-11  1.72729134748e-11  1.72729134748e-11  1.72729134748e-11  1.72729134747e-11  1.72729134722e-11  1.72729134188e-11  1.72729124235e-11  1.72728962548e-11  1.72726706208e-11  1.72700141423e-11  1.7244264274e-11  1.70457216669e-11  1.58892841271e-11  1.12130439971e-11  
4.4872434746e-13  6.33851571859e-13  6.7897971409e-13  6.8660122991e-13  6.87572125396e-13  6.87670384156e-13  6.87678562297e-13  6.87679135967e-13  6.87679170503e-13  6.87679172313e-13  6.87679172396e-13  6.87679172399e-13  6.87679172399e-13  6.87679172399e-13  6.87679172399e-13  6.87679172399e-13  6.87679172399e-13  6.87679172396e-13  6.87679172313e-13  6.87679170503e-13  6.87679135967e-13  6.87678562297e-13  6.87670384156e-13  6.87572125396e-13  6.8660122991e-13  6.7897971409e-13  6.33851571859e-13  4.4872434746e-13  
1.64999250907e-14  2.3227733007e-14  2.48426374827e-14  2.51106519265e-14  2.51441539843e-14  2.51474769427e-14  2.51477477066e-14  2.51477662821e-14  2.51477673747e-14  2.51477674306e-14  2.51477674331e-14  2.51477674332e-14  2.51477674332e-14  2.51477674332e-14  2.51477674332e-14  2.51477674332e-14  2.51477674332e-14  2.51477674331e-14  2.51477674306e-14  2.51477673747e-14  2.51477662821e-14  2.51477477066e-14  2.51474769427e-14  2.51441539843e-14  2.51106519265e-14  2.48426374827e-14  2.3227733007e-14  1.64999250907e-14  
5.59278692758e-16  7.84461802239e-16  8.37633570937e-16  8.46297012174e-16  8.47358651113e-16  8.47461757259e-16  8.47469974731e-16  8.47470525584e-16  8.47470557213e-16  8.4747055879e-16  8.4747055886e-16  8.47470558862e-16  8.47470558862e-16  8.47470558862e-16  8.47470558862e-16  8.47470558862e-16  8.47470558862e-16  8.4747055886e-16  8.4747055879e-16  8.47470557213e-16  8.47470525584e-16  8.47469974731e-16  8.47461757259e-16  8.47358651113e-16  8.46297012174e-16  8.37633570937e-16  7.84461802239e-16  5.59278692758e-16  
1.75239996039e-17  2.44853394492e-17  2.6100842802e-17  2.63590169448e-17  2.63900036245e-17  2.63929476645e-17  2.63931769585e-17  2.63931919637e-17  2.6393192804e-17  2.63931928448e-17  2.63931928466e-17  2.63931928466e-17  2.63931928466e-17  2.63931928466e-17  2.63931928466e-17  2.63931928466e-17  2.63931928466e-17  2.63931928466e-17  2.63931928448e-17  2.6393192804e-17  2.63931919637e-17  2.63931769585e-17  2.63929476645e-17  2.63900036245e-17  2.63590169448e-17  2.6100842802e-17  2.44853394492e-17  1.75239996039e-17  
5.08808397122e-19  7.08066312109e-19  7.53472201744e-19  7.60583039379e-19  7.61418196215e-19  7.6149575063e-19  7.61501647981e-19  7.61502024392e-19  7.61502044929e-19  7.61502045901e-19  7.61502045941e-19  7.61502045942e-19  7.61502045942e-19  7.61502045942e-19  7.61502045942e-19  7.61502045942e-19  7.61502045942e-19  7.61502045941e-19  7.61502045901e-19  7.61502044929e-19  7.61502024392e-19  7.61501647981e-19  7.6149575063e-19  7.61418196215e-19  7.60583039379e-19  7.53472201744e-19  7.08066312109e-19  5.08808397122e-19  
1.3718676332e-20  1.90108303975e-20  2.01939555746e-20  2.0375363553e-20  2.03961940422e-20  2.03980829682e-20  2.03982230778e-20  2.03982317919e-20  2.03982322547e-20  2.0398232276e-20  2.03982322768e-20  2.03982322769e-20  2.03982322769e-20  2.03982322769e-20  2.03982322769e-20  2.03982322769e-20  2.03982322769e-20  2.03982322768e-20  2.0398232276e-20  2.03982322547e-20  2.03982317919e-20  2.03982230778e-20  2.03980829682e-20  2.03961940422e-20  2.0375363553e-20  2.01939555746e-20  1.90108303975e-20  1.3718676332e-20  
3.4411850975e-22  4.7477993799e-22  5.03413184798e-22  5.07707834193e-22  5.08189532668e-22  5.08232148372e-22  5.08235228851e-22  5.08235415359e-22  5.08235424991e-22  5.08235425421e-22  5.08235425438e-22  5.08235425439e-22  5.08235425439e-22  5.08235425439e-22  5.08235425439e-22  5.08235425439e-22  5.08235425439e-22  5.08235425438e-22  5.08235425421e-22  5.08235424991e-22  5.08235415359e-22  5.08235228851e-22  5.08232148372e-22  5.08189532668e-22  5.07707834193e-22  5.03413184798e-22  4.7477993799e-22  3.4411850975e-22  
8.04334086561e-24  1.1047023877e-23  1.16916752709e-23  1.17861737723e-23  1.17965175696e-23  1.17974095325e-23  1.17974723054e-23  1.17974760015e-23  1.17974761869e-23  1.1797476195e-23  1.17974761953e-23  1.17974761953e-23  1.17974761953e-23  1.17974761953e-23  1.17974761953e-23  1.17974761953e-23  1.17974761953e-23  1.17974761953e-23  1.1797476195e-23  1.17974761869e-23  1.17974760015e-23  1.17974723054e-23  1.17974095325e-23  1.17965175696e-23  1.17861737723e-23  1.16916752709e-23  1.1047023877e-23  8.04334086561e-24  
1.75427271961e-25  2.39806810888e-25  2.53327061993e-25  2.55262293234e-25  2.55468826377e-25  2.55486168841e-25  2.55487355924e-25  2.55487423829e-25  2.55487427134e-25  2.55487427273e-25  2.55487427278e-25  2.55487427279e-25  2.55487427279e-25  2.55487427279e-25  2.55487427279e-25  2.55487427279e-25  2.55487427279e-25  2.55487427278e-25  2.55487427273e-25  2.55487427134e-25  2.55487423829e-25  2.55487355924e-25  2.55486168841e-25  2.55468826377e-25  2.55262293234e-25  2.53327061993e-25  2.39806810888e-25  1.75427271961e-25  
3.57440220862e-27  4.86245886407e-27  5.12691217774e-27  5.16383893718e-27  5.16767762179e-27  5.16799118518e-27  5.1680120392e-27  5.16801319687e-27  5.1680132515e-27  5.16801325372e-27  5.1680132538e-27  5.1680132538e-27  5.1680132538e-27  5.1680132538e-27  5.1680132538e-27  5.1680132538e-27  5.1680132538e-27  5.1680132538e-27  5.16801325372e-27  5.1680132515e-27  5.16801319687e-27  5.1680120392e-27  5.16799118518e-27  5.16767762179e-27  5.16383893718e-27  5.12691217774e-27  4.86245886407e-27  3.57440220862e-27  
6.81067502995e-29  9.21858524438e-29  9.70145757734e-29  9.76717073942e-29  9.77381804804e-29  9.7743457161e-29  9.7743797765e-29  9.77438160934e-29  9.77438169307e-29  9.77438169637e-29  9.77438169648e-29  9.77438169648e-29  9.77438169648e-29  9.77438169648e-29  9.77438169648e-29  9.77438169648e-29  9.77438169648e-29  9.77438169648e-29  9.77438169637e-29  9.77438169307e-29  9.77438160934e-29  9.7743797765e-29  9.7743457161e-29  9.77381804804e-29  9.76717073942e-29  9.70145757734e-29  9.21858524438e-29  6.81067502995e-29  
1.2145609985e-30  1.63549444135e-30  1.71786485874e-30  1.72877895896e-30  1.72985216721e-30  1.72993486632e-30  1.72994004144e-30  1.72994031107e-30  1.72994032298e-30  1.72994032343e-30  1.72994032344e-30  1.72994032344e-30  1.72994032344e-30  1.72994032344e-30  1.72994032344e-30  1.72994032344e-30  1.72994032344e-30  1.72994032344e-30  1.72994032343e-30  1.72994032298e-30  1.72994031107e-30  1.72994004144e-30  1.72993486632e-30  1.72985216721e-30  1.72877895896e-30  1.71786485874e-30  1.63549444135e-30  1.2145609985e-30  
2.02854646834e-32  2.71709338781e-32  2.84844313621e-32  2.86537066027e-32  2.86698696005e-32  2.86710772666e-32  2.8671150444e-32  2.86711541305e-32  2.86711542878e-32  2.86711542935e-32  2.86711542937e-32  2.86711542937e-32  2.86711542937e-32  2.86711542937e-32  2.86711542937e-32  2.86711542937e-32  2.86711542937e-32  2.86711542937e-32  2.86711542935e-32  2.86711542878e-32  2.86711541305e-32  2.8671150444e-32  2.86710772666e-32  2.86698696005e-32  2.86537066027e-32  2.84844313621e-32  2.71709338781e-32  2.02854646834e-32  
3.17416334639e-34  4.22837897676e-34  4.42422788526e-34  4.44875054862e-34  4.45102166459e-34  4.45118600953e-34  4.45119564005e-34  4.45119610857e-34  4.45119612784e-34  4.45119612852e-34  4.45119612854e-34  4.45119612854e-34  4.45119612854e-34  4.45119612854e-34  4.45119612854e-34  4.45119612854e-34  4.45119612854e-34  4.45119612854e-34  4.45119612852e-34  4.45119612784e-34  4.45119610857e-34  4.45119564005e-34  4.45118600953e-34  4.45102166459e-34  4.44875054862e-34  4.42422788526e-34  4.22837897676e-34  3.17416334639e-34  
