1000.0  1000.0  1000.0  1000.0  1000.0  1000.0  1000.0  1000.0  1000.0  1000.0  1000.0  1000.0  1000.0  1000.0  1000.0  1000.0  1000.0  1000.0  1000.0  1000.0  1000.0  1000.0  1000.0  1000.0  1000.0  1000.0  1000.0  1000.0  
286.35830092  468.225241883  576.12162623  640.548460566  679.929932054  704.550120513  720.194104282  730.225869249  736.67477688  740.803347836  743.412972045  745.014980062  745.929593984  746.343808573  746.343808573  745.929593984  745.014980062  743.412972045  740.803347836  736.67477688  730.225869249  720.194104282  704.550120513  679.929932054  640.548460566  576.12162623  468.225241883  286.35830092  
186.16111189  330.549815187  431.46906364  499.242948112  544.15640591  573.819816208  593.388957008  606.268978095  614.70320675  620.175324655  623.668114876  625.827534293  627.06644171  627.629162925  627.629162925  627.06644171  625.827534293  623.668114876  620.175324655  614.70320675  606.268978095  593.388957008  573.819816208  544.15640591  499.242948112  431.46906364  330.549815187  186.16111189  
128.863778808  238.569870563  323.230935769  385.031882947  428.736750447  459.051433581  479.793854105  493.822551994  503.19816154  509.375342434  513.364253439  515.851800335  517.287656878  517.942219466  517.942219466  517.287656878  515.851800335  513.364253439  509.375342434  503.19816154  493.822551994  479.793854105  459.051433581  428.736750447  385.031882947  323.230935769  238.569870563  128.863778808  
92.0964213531  174.34439113  241.831913983  294.070377245  332.919435648  360.997154191  380.849429454  394.627973156  404.025513788  410.316641  414.42988162  417.019304172  418.524085862  419.212886279  419.212886279  418.524085862  417.019304172  414.42988162  410.316641  404.025513788  394.627973156  380.849429454  360.997154191  332.919435648  294.070377245  241.831913983  174.34439113  92.0964213531  
66.7033191992  127.891893772  180.106049989  222.22823905  254.780508997  279.109022666  296.803468349  309.374928413  318.114853586  324.057282055  327.991116264  330.491626086  331.954953868  332.627662599  332.627662599  331.954953868  330.491626086  327.991116264  324.057282055  318.114853586  309.374928413  296.803468349  279.109022666  254.780508997  222.22823905  180.106049989  127.891893772  66.7033191992  
48.4120042634  93.5472557736  133.073800454  165.915923831  192.049542028  212.114267191  227.059264198  237.89747134  245.564618102  250.853977731  254.397486672  256.671265389  258.011185641  258.629815928  258.629815928  258.011185641  256.671265389  254.397486672  250.853977731  245.564618102  237.89747134  227.059264198  212.114267191  192.049542028  165.915923831  133.073800454  93.5472557736  48.4120042634  
34.9614863156  67.8993535909  97.2609190506  122.185611736  142.467490215  158.378742939  170.467439813  179.390798904  185.801742655  190.283552373  193.31963765  195.285354505  196.451495048  196.992138359  196.992138359  196.451495048  195.285354505  193.31963765  190.283552373  185.801742655  179.390798904  170.467439813  158.378742939  142.467490215  122.185611736  97.2609190506  67.8993535909  34.9614863156  
25.0062416835  48.7333640156  70.1519547089  88.6246151228  103.917782422  116.124341368  125.552026824  132.617140403  137.762361025  141.402402812  143.893469625  145.519794776  146.490661836  146.942548117  146.942548117  146.490661836  145.519794776  143.893469625  141.402402812  137.762361025  132.617140403  125.552026824  116.124341368  103.917782422  88.6246151228  70.1519547089  48.7333640156  25.0062416835  
17.6588160397  34.499264784  49.8414514916  63.2327326345  74.4692104144  83.5633082338  90.6833185632  96.0880474534  100.070793461  102.918360096  104.885072719  106.178880325  106.955729539  107.318636103  107.318636103  106.955729539  106.178880325  104.885072719  102.918360096  100.070793461  96.0880474534  90.6833185632  83.5633082338  74.4692104144  63.2327326345  49.8414514916  34.499264784  17.6588160397  
12.2848456817  24.0440062751  34.8309845913  44.3332750897  52.3915934273  58.9872660612  64.2098145533  68.2176444525  71.2013345682  73.3545550312  74.8539711607  75.8471865491  76.4467091607  76.7277189684  76.7277189684  76.4467091607  75.8471865491  74.8539711607  73.3545550312  71.2013345682  68.2176444525  64.2098145533  58.9872660612  52.3915934273  44.3332750897  34.8309845913  24.0440062751  12.2848456817  
8.40587580292  16.4747194518  23.9156799827  30.5177541444  36.1642151887  40.8284045956  44.5564556105  47.4439884425  49.6127084998  51.1906322921  52.2974860074  53.0352190397  53.4826625206  53.6930304199  53.6930304199  53.4826625206  53.0352190397  52.2974860074  51.1906322921  49.6127084998  47.4439884425  44.5564556105  40.8284045956  36.1642151887  30.5177541444  23.9156799827  16.4747194518  8.40587580292  
5.65063482201  11.0865442511  16.1202296309  20.6120091  24.4800179101  27.699338786  30.2928349652  32.3174799287  33.8497498818  34.9726050843  35.7653539163  36.2966619662  36.6202953831  36.7728732817  36.7728732817  36.6202953831  36.2966619662  35.7653539163  34.9726050843  33.8497498818  32.3174799287  30.2928349652  27.699338786  24.4800179101  20.6120091  16.1202296309  11.0865442511  5.65063482201  
3.72855451304  7.3216084798  10.659779535  13.6523221377  16.2437447341  18.4141034506  20.1741584453  21.5574256187  22.6112157974  23.3882853211  23.9400485562  24.3116717395  24.5389108474  24.6463091416  24.6463091416  24.5389108474  24.3116717395  23.9400485562  23.3882853211  22.6112157974  21.5574256187  20.1741584453  18.4141034506  16.2437447341  13.6523221377  10.659779535  7.3216084798  3.72855451304  
2.41344503244  4.74240625581  6.91193128997  8.86415067702  10.5625173561  11.992380511  13.1584383795  14.0801554563  14.786350397  15.3099610539  15.6836341637  15.9364147623  16.0915173424  16.1649852497  16.1649852497  16.0915173424  15.9364147623  15.6836341637  15.3099610539  14.786350397  14.0801554563  13.1584383795  11.992380511  10.5625173561  8.86415067702  6.91193128997  4.74240625581  2.41344503244  
1.53174051718  3.01153310501  4.39303730764  5.64003060433  6.7290557728  7.64995453812  8.4045356452  9.00395540916  9.46549685759  9.80935425873  10.0558422882  10.2232352265  10.3262610669  10.3751586545  10.3751586545  10.3262610669  10.2232352265  10.0558422882  9.80935425873  9.46549685759  9.00395540916  8.4045356452  7.64995453812  6.7290557728  5.64003060433  4.39303730764  3.01153310501  1.53174051718  
0.952876546431  1.87429691255  2.73607670461  3.51596617222  4.19926680277  4.77923789242  5.25640480507  5.63707580493  5.93145304673  6.15169544257  6.31019474745  6.41820608027  6.48486642426  6.51656061913  6.51656061913  6.48486642426  6.41820608027  6.31019474745  6.15169544257  5.93145304673  5.63707580493  5.25640480507  4.77923789242  4.19926680277  3.51596617222  2.73607670461  1.87429691255  0.952876546431  
0.580881862301  1.143026136  1.66958390673  2.14714644291  2.56671211568  2.92396694212  3.21892817622  3.45511319231  3.63844787409  3.77612129419  3.87554467166  3.94350637461  3.98555219929  4.0055749546  4.0055749546  3.98555219929  3.94350637461  3.87554467166  3.77612129419  3.63844787409  3.45511319231  3.21892817622  2.92396694212  2.56671211568  2.14714644291  1.66958390673  1.143026136  0.580881862301  
0.346951741764  0.682932881339  0.998049441487  1.28437510437  1.53651815143  1.75180327311  1.93008959323  2.07331021147  2.184850894  2.2688853045  2.32975980291  2.3714849425  2.39735530628  2.40969257792  2.40969257792  2.39735530628  2.3714849425  2.32975980291  2.2688853045  2.184850894  2.07331021147  1.93008959323  1.75180327311  1.53651815143  1.28437510437  0.998049441487  0.682932881339  0.346951741764  
0.203019597864  0.399729883171  0.584426703245  0.752514943228  0.900834519283  1.02777292731  1.13317326321  1.2180822543  1.28440211661  1.33451173817  1.37091068683  1.39592038379  1.4114570607  1.41887571892  1.41887571892  1.4114570607  1.39592038379  1.37091068683  1.33451173817  1.28440211661  1.2180822543  1.13317326321  1.02777292731  0.900834519283  0.752514943228  0.584426703245  0.399729883171  0.203019597864  
0.116378581063  0.229194611354  0.335220565847  0.431844288656  0.517252848324  0.590499698031  0.651458693832  0.700688033035  0.739238292819  0.768440499945  0.78970433008  0.804346464  0.813458378455  0.81781419795  0.81781419795  0.813458378455  0.804346464  0.78970433008  0.768440499945  0.739238292819  0.700688033035  0.651458693832  0.590499698031  0.517252848324  0.431844288656  0.335220565847  0.229194611354  0.116378581063  
0.0653530060597  0.128731732131  0.18834441353  0.242735157463  0.290885651843  0.332254001963  0.366752014093  0.394672752333  0.416586430953  0.433224021489  0.445365158317  0.453741709503  0.458962629053  0.461460955378  0.461460955378  0.458962629053  0.453741709503  0.445365158317  0.433224021489  0.416586430953  0.394672752333  0.366752014093  0.332254001963  0.290885651843  0.242735157463  0.18834441353  0.128731732131  0.0653530060597  
0.0359499003919  0.0708263393628  0.103653626645  0.133636278758  0.160214205382  0.183084544418  0.202190579526  0.217683738936  0.229868085735  0.239137574982  0.245915031746  0.250599141485  0.253522722907  0.254922999601  0.254922999601  0.253522722907  0.250599141485  0.245915031746  0.239137574982  0.229868085735  0.217683738936  0.202190579526  0.183084544418  0.160214205382  0.133636278758  0.103653626645  0.0708263393628  0.0359499003919  
0.0193669348813  0.0381614809699  0.0558627090086  0.0720446641322  0.0864057267134  0.0987805708006  0.109134828953  0.117545469483  0.124171715361  0.129221858696  0.132920709239  0.135481076763  0.137081128132  0.137848115599  0.137848115599  0.137081128132  0.135481076763  0.132920709239  0.129221858696  0.124171715361  0.117545469483  0.109134828953  0.0987805708006  0.0864057267134  0.0720446641322  0.0558627090086  0.0381614809699  0.0193669348813  
0.0102050051959  0.0201111161719  0.0294460067622  0.0379864407533  0.0455735692725  0.0521193116213  0.0576038241667  0.0620655424982  0.0655862340433  0.0682737988055  0.0702452736152  0.0716118331828  0.0724667918993  0.0728769176898  0.0728769176898  0.0724667918993  0.0716118331828  0.0702452736152  0.0682737988055  0.0655862340433  0.0620655424982  0.0576038241667  0.0521193116213  0.0455735692725  0.0379864407533  0.0294460067622  0.0201111161719  0.0102050051959  
0.00522991964461  0.0103078561318  0.0150952043052  0.0194781011571  0.0233751875523  0.026740909618  0.0295643406134  0.0318642427507  0.0336815717713  0.0350707905953  0.0360912313674  0.036799424629  0.0372429241487  0.0374558083454  0.0374558083454  0.0372429241487  0.036799424629  0.0360912313674  0.0350707905953  0.0336815717713  0.0318642427507  0.0295643406134  0.026740909618  0.0233751875523  0.0194781011571  0.0150952043052  0.0103078561318  0.00522991964461  
0.00254077986192  0.00500819654011  0.00733529321248  0.00946697041697  0.0113637255693  0.0130032680373  0.0143799924423  0.0155026438182  0.016390741067  0.0170704080329  0.0175702065295  0.017917417192  0.0181350301645  0.0182395418125  0.0182395418125  0.0181350301645  0.017917417192  0.0175702065295  0.0170704080329  0.016390741067  0.0155026438182  0.0143799924423  0.0130032680373  0.0113637255693  0.00946697041697  0.00733529321248  0.00500819654011  0.00254077986192  
0.00102453696507  0.00201962183324  0.00295836032291  0.00381859478586  0.00458440339955  0.00524675429975  0.00580330554801  0.00625748118002  0.00661704686877  0.00689244304756  0.00709511296878  0.00723600529719  0.00732435827993  0.00736680653687  0.00736680653687  0.00732435827993  0.00723600529719  0.00709511296878  0.00689244304756  0.00661704686877  0.00625748118002  0.00580330554801  0.00524675429975  0.00458440339955  0.00381859478586  0.00295836032291  0.00201962183324  0.00102453696507  
