1000.0  1000.0  1000.0  1000.0  1000.0  1000.0  1000.0  1000.0  1000.0  1000.0  1000.0  1000.0  1000.0  1000.0  1000.0  1000.0  1000.0  1000.0  1000.0  1000.0  1000.0  1000.0  1000.0  1000.0  1000.0  1000.0  1000.0  1000.0  
100.758913149  136.105831867  144.719867123  146.355416357  146.609349994  146.642534843  146.646259945  146.646624697  146.646656232  146.646658664  146.646658832  146.646658843  146.646658843  146.646658843  146.646658843  146.646658843  146.646658843  146.646658832  146.646658664  146.646656232  146.646624697  146.646259945  146.642534843  146.609349994  146.355416357  144.719867123  136.105831867  100.758913149  
23.239884631  32.777297729  35.3362248051  35.8508507792  35.9335575098  35.944587824  35.9458398579  35.9459630517  35.9459737073  35.9459745265  35.945974583  35.9459745865  35.9459745867  35.9459745867  35.9459745867  35.9459745867  35.9459745865  35.945974583  35.9459745265  35.9459737073  35.9459630517  35.9458398579  35.944587824  35.9335575098  35.8508507792  35.3362248051  32.777297729  23.239884631  
4.35296459156  6.27994385248  6.82530751736  6.93875193873  6.95735883752  6.95986854793  6.96015484613  6.96018302956  6.96018546025  6.9601856461  6.96018565882  6.9601856596  6.96018565965  6.96018565965  6.96018565965  6.96018565965  6.9601856596  6.96018565882  6.9601856461  6.96018546025  6.96018302956  6.96015484613  6.95986854793  6.95735883752  6.93875193873  6.82530751736  6.27994385248  4.35296459156  
0.676108933279  0.987831786579  1.07880585073  1.09810349852  1.10130395793  1.10173778312  1.10178729502  1.10179215482  1.10179257165  1.10179260328  1.10179260542  1.10179260555  1.10179260556  1.10179260556  1.10179260556  1.10179260556  1.10179260555  1.10179260542  1.10179260328  1.10179257165  1.10179215482  1.10178729502  1.10173778312  1.10130395793  1.09810349852  1.07880585073  0.987831786579  0.676108933279  
0.0888351787332  0.130741222792  0.143187519937  0.145855536698  0.146300141245  0.146360432506  0.146367293292  0.146367962985  0.146368019989  0.146368024275  0.146368024562  0.14636802458  0.146368024581  0.146368024581  0.146368024581  0.146368024581  0.14636802458  0.146368024562  0.146368024275  0.146368019989  0.146367962985  0.146367293292  0.146360432506  0.146300141245  0.145855536698  0.143187519937  0.130741222792  0.0888351787332  
0.0100435235193  0.0148424612198  0.0162810492727  0.0165907972396  0.0166424304413  0.0166494115467  0.0166502015592  0.0166502780878  0.0166502845414  0.0166502850214  0.0166502850532  0.0166502850551  0.0166502850552  0.0166502850552  0.0166502850552  0.0166502850552  0.0166502850551  0.0166502850532  0.0166502850214  0.0166502845414  0.0166502780878  0.0166502015592  0.0166494115467  0.0166424304413  0.0165907972396  0.0162810492727  0.0148424612198  0.0100435235193  
0.000990969104525  0.00146760937596  0.00161103341637  0.00164191933788  0.00164705251579  0.00164774271899  0.00164782023306  0.00164782767218  0.0016478282928  0.00164782833841  0.00164782834139  0.00164782834157  0.00164782834158  0.00164782834158  0.00164782834158  0.00164782834158  0.00164782834157  0.00164782834139  0.00164782833841  0.0016478282928  0.00164782767218  0.00164782023306  0.00164774271899  0.00164705251579  0.00164191933788  0.00161103341637  0.00146760937596  0.000990969104525  
8.63347870508e-05  0.000127965007444  0.000140490821956  0.000143180178244  0.000143624695643  0.000143684014497  0.000143690614779  0.000143691241452  0.000143691293111  0.000143691296859  0.0001436912971  0.000143691297114  0.000143691297115  0.000143691297115  0.000143691297115  0.000143691297115  0.000143691297114  0.0001436912971  0.000143691296859  0.000143691293111  0.000143691241452  0.000143690614779  0.000143684014497  0.000143624695643  0.000143180178244  0.000140490821956  0.000127965007444  8.63347870508e-05  
6.70634531083e-06  9.93898862697e-06  1.09088156492e-05  1.11159262366e-05  1.11499043051e-05  1.11543969341e-05  1.11548915073e-05  1.1154937908e-05  1.11549416834e-05  1.11549419535e-05  1.11549419707e-05  1.11549419716e-05  1.11549419717e-05  1.11549419717e-05  1.11549419717e-05  1.11549419717e-05  1.11549419716e-05  1.11549419707e-05  1.11549419535e-05  1.11549416834e-05  1.1154937908e-05  1.11548915073e-05  1.11543969341e-05  1.11499043051e-05  1.11159262366e-05  1.09088156492e-05  9.93898862697e-06  6.70634531083e-06  
4.68273846927e-07  6.93442769032e-07  7.6065507293e-07  7.7490473684e-07  7.77221386887e-07  7.77524471796e-07  7.77557443221e-07  7.77560496667e-07  7.77560741667e-07  7.77560758933e-07  7.77560760013e-07  7.77560760074e-07  7.77560760077e-07  7.77560760077e-07  7.77560760077e-07  7.77560760077e-07  7.77560760074e-07  7.77560760013e-07  7.77560758933e-07  7.77560741667e-07  7.77560496667e-07  7.77557443221e-07  7.77524471796e-07  7.77221386887e-07  7.7490473684e-07  7.6065507293e-07  6.93442769032e-07  4.68273846927e-07  
2.9595166806e-08  4.37683390603e-08  4.79704965326e-08  4.88535999187e-08  4.8995684219e-08  4.90140556612e-08  4.90160285786e-08  4.90162087618e-08  4.90162230064e-08  4.90162239946e-08  4.90162240554e-08  4.90162240588e-08  4.90162240589e-08  4.90162240589e-08  4.90162240589e-08  4.90162240589e-08  4.90162240588e-08  4.90162240554e-08  4.90162239946e-08  4.90162230064e-08  4.90162087618e-08  4.90160285786e-08  4.90140556612e-08  4.8995684219e-08  4.88535999187e-08  4.79704965326e-08  4.37683390603e-08  2.9595166806e-08  
1.70294613462e-09  2.51414700439e-09  2.7527060015e-09  2.80233816011e-09  2.810231847e-09  2.81123953451e-09  2.81134626335e-09  2.81135586777e-09  2.81135661529e-09  2.81135666631e-09  2.81135666939e-09  2.81135666956e-09  2.81135666957e-09  2.81135666957e-09  2.81135666957e-09  2.81135666957e-09  2.81135666956e-09  2.81135666939e-09  2.81135666631e-09  2.81135661529e-09  2.81135586777e-09  2.81134626335e-09  2.81123953451e-09  2.810231847e-09  2.80233816011e-09  2.7527060015e-09  2.51414700439e-09  1.70294613462e-09  
8.96672272155e-11  1.32108040775e-10  1.44473403476e-10  1.47017456547e-10  1.47417024337e-10  1.47467338314e-10  1.47472589647e-10  1.47473054915e-10  1.47473090539e-10  1.47473092929e-10  1.47473093071e-10  1.47473093079e-10  1.47473093079e-10  1.47473093079e-10  1.47473093079e-10  1.47473093079e-10  1.47473093079e-10  1.47473093071e-10  1.47473092929e-10  1.47473090539e-10  1.47473054915e-10  1.47472589647e-10  1.47467338314e-10  1.47417024337e-10  1.47017456547e-10  1.44473403476e-10  1.32108040775e-10  8.96672272155e-11  
4.33927756047e-12  6.3781948587e-12  6.96614654761e-12  7.08565391769e-12  7.10417293418e-12  7.10647123789e-12  7.10670743552e-12  7.10672802439e-12  7.10672957416e-12  7.1067296763e-12  7.10672968226e-12  7.10672968257e-12  7.10672968258e-12  7.10672968258e-12  7.10672968258e-12  7.10672968258e-12  7.10672968257e-12  7.10672968226e-12  7.1067296763e-12  7.10672957416e-12  7.10672802439e-12  7.10670743552e-12  7.10647123789e-12  7.10417293418e-12  7.08565391769e-12  6.96614654761e-12  6.3781948587e-12  4.33927756047e-12  
1.93733407682e-13  2.84031262772e-13  3.09779773811e-13  3.14945883178e-13  3.15735090956e-13  3.15831548894e-13  3.15841302741e-13  3.15842138638e-13  3.15842200451e-13  3.1584220445e-13  3.15842204679e-13  3.15842204691e-13  3.15842204692e-13  3.15842204692e-13  3.15842204692e-13  3.15842204692e-13  3.15842204691e-13  3.15842204679e-13  3.1584220445e-13  3.15842200451e-13  3.15842138638e-13  3.15841302741e-13  3.15831548894e-13  3.15735090956e-13  3.14945883178e-13  3.09779773811e-13  2.84031262772e-13  1.93733407682e-13  
8.00647182342e-15  1.17055913174e-14  1.27478048479e-14  1.29540497058e-14  1.298508719e-14  1.2988820343e-14  1.29891915201e-14  1.29892227725e-14  1.29892250415e-14  1.29892251855e-14  1.29892251936e-14  1.2989225194e-14  1.2989225194e-14  1.2989225194e-14  1.2989225194e-14  1.2989225194e-14  1.2989225194e-14  1.29892251936e-14  1.29892251855e-14  1.29892250415e-14  1.29892227725e-14  1.29891915201e-14  1.2988820343e-14  1.298508719e-14  1.29540497058e-14  1.27478048479e-14  1.17055913174e-14  8.00647182342e-15  
3.07183953758e-16  4.47775328172e-16  4.86884540048e-16  4.94512361099e-16  4.95642337489e-16  4.95775997405e-16  4.95789055561e-16  4.95790135068e-16  4.9579021196e-16  4.95790216745e-16  4.95790217008e-16  4.95790217021e-16  4.95790217022e-16  4.95790217022e-16  4.95790217022e-16  4.95790217022e-16  4.95790217021e-16  4.95790217008e-16  4.95790216745e-16  4.9579021196e-16  4.95790135068e-16  4.95789055561e-16  4.95775997405e-16  4.95642337489e-16  4.94512361099e-16  4.86884540048e-16  4.47775328172e-16  3.07183953758e-16  
1.0969775942e-17  1.59402469985e-17  1.73044479751e-17  1.75665027475e-17  1.76046910061e-17  1.76091303023e-17  1.76095561802e-17  1.76095907253e-17  1.76095931379e-17  1.7609593285e-17  1.7609593293e-17  1.76095932933e-17  1.76095932933e-17  1.76095932933e-17  1.76095932933e-17  1.76095932933e-17  1.76095932933e-17  1.7609593293e-17  1.7609593285e-17  1.76095931379e-17  1.76095907253e-17  1.76095561802e-17  1.76091303023e-17  1.76046910061e-17  1.75665027475e-17  1.73044479751e-17  1.59402469985e-17  1.0969775942e-17  
3.6545218969e-19  5.29291918872e-19  5.73629620685e-19  5.82012413453e-19  5.83213317275e-19  5.83350424841e-19  5.83363332322e-19  5.83364358967e-19  5.83364429223e-19  5.83364433418e-19  5.83364433639e-19  5.83364433649e-19  5.8336443365e-19  5.8336443365e-19  5.8336443365e-19  5.8336443365e-19  5.83364433649e-19  5.83364433639e-19  5.83364433418e-19  5.83364429223e-19  5.83364358967e-19  5.83363332322e-19  5.83350424841e-19  5.83213317275e-19  5.82012413453e-19  5.73629620685e-19  5.29291918872e-19  3.6545218969e-19  
1.13808793799e-20  1.64264574709e-20  1.77718862374e-20  1.80220912367e-20  1.80573052895e-20  1.80612513001e-20  1.80616156074e-20  1.80616440025e-20  1.80616459052e-20  1.80616460164e-20  1.80616460221e-20  1.80616460224e-20  1.80616460224e-20  1.80616460224e-20  1.80616460224e-20  1.80616460224e-20  1.80616460224e-20  1.80616460221e-20  1.80616460164e-20  1.80616459052e-20  1.80616440025e-20  1.80616156074e-20  1.80612513001e-20  1.80573052895e-20  1.80220912367e-20  1.77718862374e-20  1.64264574709e-20  1.13808793799e-20  
3.31904589554e-22  4.77335765692e-22  5.15524230214e-22  5.22505110912e-22  5.23469723218e-22  5.23575747514e-22  5.23585340727e-22  5.23586072966e-22  5.23586120982e-22  5.23586123725e-22  5.23586123863e-22  5.23586123869e-22  5.23586123869e-22  5.23586123869e-22  5.23586123869e-22  5.23586123869e-22  5.23586123869e-22  5.23586123863e-22  5.23586123725e-22  5.23586120982e-22  5.23586072966e-22  5.23585340727e-22  5.23575747514e-22  5.23469723218e-22  5.22505110912e-22  5.15524230214e-22  4.77335765692e-22  3.31904589554e-22  
9.07893407448e-24  1.30085797244e-23  1.40240929622e-23  1.42064539132e-23  1.42311779754e-23  1.4233841785e-23  1.4234077848e-23  1.42340954817e-23  1.42340966125e-23  1.42340966756e-23  1.42340966787e-23  1.42340966788e-23  1.42340966788e-23  1.42340966788e-23  1.42340966788e-23  1.42340966788e-23  1.42340966788e-23  1.42340966787e-23  1.42340966756e-23  1.42340966125e-23  1.42340954817e-23  1.4234077848e-23  1.4233841785e-23  1.42311779754e-23  1.42064539132e-23  1.40240929622e-23  1.30085797244e-23  9.07893407448e-24  
2.33267535245e-25  3.32948550338e-25  3.58284425197e-25  3.62751015316e-25  3.6334480284e-25  3.63407473283e-25  3.63412909118e-25  3.6341330623e-25  3.63413331115e-25  3.63413332471e-25  3.63413332536e-25  3.63413332539e-25  3.63413332539e-25  3.63413332539e-25  3.63413332539e-25  3.63413332539e-25  3.63413332539e-25  3.63413332536e-25  3.63413332471e-25  3.63413331115e-25  3.6341330623e-25  3.63412909118e-25  3.63407473283e-25  3.6334480284e-25  3.62751015316e-25  3.58284425197e-25  3.32948550338e-25  2.33267535245e-25  
5.6365687942e-27  8.01327937255e-27  8.60705695551e-27  8.70975965195e-27  8.72313861022e-27  8.72452095178e-27  8.72463822643e-27  8.72464659944e-27  8.72464711181e-27  8.72464713906e-27  8.72464714034e-27  8.72464714039e-27  8.72464714039e-27  8.72464714039e-27  8.72464714039e-27  8.72464714039e-27  8.72464714039e-27  8.72464714034e-27  8.72464713906e-27  8.72464711181e-27  8.72464659944e-27  8.72463822643e-27  8.72452095178e-27  8.72313861022e-27  8.70975965195e-27  8.60705695551e-27  8.01327937255e-27  5.6365687942e-27  
1.28231824144e-28  1.81555622032e-28  1.94642095978e-28  1.96861410787e-28  1.97144522972e-28  1.97173139693e-28  1.97175512667e-28  1.97175678126e-28  1.97175688006e-28  1.97175688518e-28  1.97175688542e-28  1.97175688543e-28  1.97175688543e-28  1.97175688543e-28  1.97175688543e-28  1.97175688543e-28  1.97175688543e-28  1.97175688542e-28  1.97175688518e-28  1.97175688006e-28  1.97175678126e-28  1.97175512667e-28  1.97173139693e-28  1.97144522972e-28  1.96861410787e-28  1.94642095978e-28  1.81555622032e-28  1.28231824144e-28  
2.74927654011e-30  3.87611879229e-30  4.1476028903e-30  4.19271509684e-30  4.19834680665e-30  4.19890331151e-30  4.19894838449e-30  4.1989514515e-30  4.19895163007e-30  4.19895163909e-30  4.19895163949e-30  4.19895163951e-30  4.19895163951e-30  4.19895163951e-30  4.19895163951e-30  4.19895163951e-30  4.19895163951e-30  4.19895163949e-30  4.19895163909e-30  4.19895163007e-30  4.1989514515e-30  4.19894838449e-30  4.19890331151e-30  4.19834680665e-30  4.19271509684e-30  4.1476028903e-30  3.87611879229e-30  2.74927654011e-30  
5.55777342572e-32  7.80175464516e-32  8.33215719225e-32  8.41845964944e-32  8.4289957873e-32  8.43001291047e-32  8.43009331496e-32  8.43009865017e-32  8.43009895282e-32  8.4300989677e-32  8.43009896834e-32  8.43009896837e-32  8.43009896837e-32  8.43009896837e-32  8.43009896837e-32  8.43009896837e-32  8.43009896837e-32  8.43009896834e-32  8.4300989677e-32  8.43009895282e-32  8.43009865017e-32  8.43009331496e-32  8.43001291047e-32  8.4289957873e-32  8.41845964944e-32  8.33215719225e-32  7.80175464516e-32  5.55777342572e-32  
