1000.0  1000.0  1000.0  1000.0  1000.0  1000.0  1000.0  1000.0  1000.0  1000.0  1000.0  1000.0  1000.0  1000.0  1000.0  1000.0  1000.0  1000.0  1000.0  1000.0  1000.0  1000.0  1000.0  1000.0  1000.0  1000.0  1000.0  1000.0  
276.178553349  448.211387108  546.929095643  603.077108291  635.240227117  653.774083643  664.453398429  670.56637953  674.02275195  675.943932495  676.988680447  677.539802743  677.813976261  677.926308697  677.926308697  677.813976261  677.539802743  676.988680447  675.943932495  674.02275195  670.56637953  664.453398429  653.774083643  635.240227117  603.077108291  546.929095643  448.211387108  276.178553349  
172.163550636  303.029135987  391.325027104  447.711041776  482.692952212  503.979828979  516.713746581  524.196309752  528.506988514  530.935994307  532.270399025  532.979699574  533.33452038  533.480403455  533.480403455  533.33452038  532.979699574  532.270399025  530.935994307  528.506988514  524.196309752  516.713746581  503.979828979  482.692952212  447.711041776  391.325027104  303.029135987  172.163550636  
112.33317081  206.067593837  275.817129874  324.162568271  356.128716549  376.538522567  389.194612015  396.834316894  401.325829608  403.896240998  405.325261702  406.091843029  406.477924463  406.637348493  406.637348493  406.477924463  406.091843029  405.325261702  403.896240998  401.325829608  396.834316894  389.194612015  376.538522567  356.128716549  324.162568271  275.817129874  206.067593837  112.33317081  
74.4055021921  139.558861925  191.082980082  228.912089572  255.184877426  272.645362644  283.824285773  290.745114201  294.896089031  297.309508543  298.668208718  299.404309638  299.777810739  299.932783706  299.932783706  299.777810739  299.404309638  298.668208718  297.309508543  294.896089031  290.745114201  283.824285773  272.645362644  255.184877426  228.912089572  191.082980082  139.558861925  74.4055021921  
49.1255603137  93.3266240805  129.673201982  157.466892467  177.506940009  191.265480221  200.318604552  206.051745681  209.554939803  211.622994877  212.801822723  213.446895313  213.776725032  213.914264067  213.914264067  213.776725032  213.446895313  212.801822723  211.622994877  209.554939803  206.051745681  200.318604552  191.265480221  177.506940009  157.466892467  129.673201982  93.3266240805  49.1255603137  
31.9799733435  61.2325099899  85.9188546958  105.354030641  119.773024134  129.934108911  136.77533803  141.19413201  143.939867748  145.583839375  146.532071294  147.056017881  147.325943454  147.439063556  147.439063556  147.325943454  147.056017881  146.532071294  145.583839375  143.939867748  141.19413201  136.77533803  129.934108911  119.773024134  105.354030641  85.9188546958  61.2325099899  31.9799733435  
20.389468614  39.2399681535  55.4342043187  68.4570110229  78.3321296435  85.4378850343  90.3141074202  93.5175363557  95.5377929351  96.7629867397  97.477447092  97.8758513597  98.0825851093  98.1696390695  98.1696390695  98.0825851093  97.8758513597  97.477447092  96.7629867397  95.5377929351  93.5175363557  90.3141074202  85.4378850343  78.3321296435  68.4570110229  55.4342043187  39.2399681535  20.389468614  
12.6779474166  24.4844531236  34.7565807239  43.1481084344  49.6197289861  54.3549740989  57.6561299828  59.8563448335  61.2619911923  62.124254786  62.6321085039  62.9177084245  63.06691035  63.130022618  63.130022618  63.06691035  62.9177084245  62.6321085039  62.124254786  61.2619911923  59.8563448335  57.6561299828  54.3549740989  49.6197289861  43.1481084344  34.7565807239  24.4844531236  12.6779474166  
7.66686016042  14.8436839332  21.1459349964  26.3560350979  30.4274703506  33.446887399  35.5795135811  37.018407725  37.9480408523  38.5240979647  38.866434695  39.0604443089  39.1624299901  39.2057510595  39.2057510595  39.1624299901  39.0604443089  38.866434695  38.5240979647  37.9480408523  37.018407725  35.5795135811  33.446887399  30.4274703506  26.3560350979  21.1459349964  14.8436839332  7.66686016042  
4.50130708945  8.73093605622  12.4710652252  15.5915153533  18.0555491045  19.9029433237  21.2219663383  22.1211939626  22.7078185599  23.0745700802  23.2942698493  23.4196491474  23.4859323384  23.5141963112  23.5141963112  23.4859323384  23.4196491474  23.2942698493  23.0745700802  22.7078185599  22.1211939626  21.2219663383  19.9029433237  18.0555491045  15.5915153533  12.4710652252  8.73093605622  4.50130708945  
2.56281110762  4.97786744452  7.12486115069  8.92903100711  10.3656015202  11.4522951516  12.23520956  12.7736660796  13.1278840336  13.3510667087  13.4857139724  13.5630371648  13.6041251491  13.621706952  13.621706952  13.6041251491  13.5630371648  13.4857139724  13.3510667087  13.1278840336  12.7736660796  12.23520956  11.4522951516  10.3656015202  8.92903100711  7.12486115069  4.97786744452  2.56281110762  
1.41399255771  2.7494287025  3.94160940274  4.94915671208  5.75684129978  6.37230619152  6.81907739951  7.1286537143  7.33377858461  7.46390386254  7.54290310707  7.58852378525  7.61287785453  7.62333211153  7.62333211153  7.61287785453  7.58852378525  7.54290310707  7.46390386254  7.33377858461  7.1286537143  6.81907739951  6.37230619152  5.75684129978  4.94915671208  3.94160940274  2.7494287025  1.41399255771  
0.755721548017  1.47071127308  2.11113008341  2.65485984794  3.09313895197  3.42914679379  3.67460925887  3.84578223249  3.95990950877  4.03274008398  4.07720123715  4.10300488954  4.1168370013  4.12279151283  4.12279151283  4.1168370013  4.10300488954  4.07720123715  4.03274008398  3.95990950877  3.84578223249  3.67460925887  3.42914679379  3.09313895197  2.65485984794  2.11113008341  1.47071127308  0.755721548017  
0.391192834923  0.761822683553  1.09469086794  1.37836462529  1.60806395107  1.78505882385  1.91505314357  2.00620008766  2.06729929113  2.10649298594  2.13053694519  2.14455309427  2.15209434945  2.15534904663  2.15534904663  2.15209434945  2.14455309427  2.13053694519  2.10649298594  2.06729929113  2.00620008766  1.91505314357  1.78505882385  1.60806395107  1.37836462529  1.09469086794  0.761822683553  0.391192834923  
0.196127049248  0.382157787471  0.54960270509  0.692742773087  0.809086796748  0.899118850681  0.965545026905  1.01233899685  1.04385358874  1.06416157826  1.07667366396  1.08399617723  1.08794902915  1.08965893038  1.08965893038  1.08794902915  1.08399617723  1.07667366396  1.06416157826  1.04385358874  1.01233899685  0.965545026905  0.899118850681  0.809086796748  0.692742773087  0.54960270509  0.382157787471  0.196127049248  
0.095248724732  0.185679536958  0.267223934476  0.337111696164  0.394096917298  0.438354036144  0.471134496418  0.494320058023  0.509998488042  0.520141995425  0.526415413026  0.530099680961  0.532094401391  0.532959033079  0.532959033079  0.532094401391  0.530099680961  0.526415413026  0.520141995425  0.509998488042  0.494320058023  0.471134496418  0.438354036144  0.394096917298  0.337111696164  0.267223934476  0.185679536958  0.095248724732  
0.0448182025866  0.0874028527961  0.1258612471  0.158893402923  0.185899585215  0.206938304543  0.222573432582  0.233670782015  0.24120157512  0.246090855627  0.249124895965  0.250912268712  0.251882527413  0.252303865561  0.252303865561  0.251882527413  0.250912268712  0.249124895965  0.246090855627  0.24120157512  0.233670782015  0.222573432582  0.206938304543  0.185899585215  0.158893402923  0.1258612471  0.0874028527961  0.0448182025866  
0.0204386729676  0.0398715977996  0.0574440613453  0.0725647964327  0.0849553508799  0.0946334539184  0.101846563945  0.106981741027  0.110477320754  0.112753772859  0.114170629764  0.115007611675  0.115463025314  0.115661113495  0.115661113495  0.115463025314  0.115007611675  0.114170629764  0.112753772859  0.110477320754  0.106981741027  0.101846563945  0.0946334539184  0.0849553508799  0.0725647964327  0.0574440613453  0.0398715977996  0.0204386729676  
0.00903663152235  0.0176333945693  0.0254155835901  0.0321224392031  0.0376290655483  0.0419399775798  0.0451609247993  0.047460043812  0.0490293249173  0.0500540695111  0.0506935475362  0.0510722331018  0.051278711993  0.0513686537823  0.0513686537823  0.051278711993  0.0510722331018  0.0506935475362  0.0500540695111  0.0490293249173  0.047460043812  0.0451609247993  0.0419399775798  0.0376290655483  0.0321224392031  0.0254155835901  0.0176333945693  0.00903663152235  
0.00387512758389  0.00756338755733  0.0109052758902  0.0137892365087  0.0161610821691  0.0180215437431  0.0194146213681  0.0204112950941  0.0210932003024  0.0215395504216  0.0218187389982  0.0219844288122  0.0220749397614  0.0221144175097  0.0221144175097  0.0220749397614  0.0219844288122  0.0218187389982  0.0215395504216  0.0210932003024  0.0204112950941  0.0194146213681  0.0180215437431  0.0161610821691  0.0137892365087  0.0109052758902  0.00756338755733  0.00387512758389  
0.00161240286598  0.00314767999518  0.00453988761416  0.00574270947361  0.00673338155155  0.00751178116345  0.00809573264658  0.0085143622129  0.00880137960773  0.00898964716182  0.00910765059343  0.00917781765155  0.00921621128123  0.00923297672592  0.00923297672592  0.00921621128123  0.00917781765155  0.00910765059343  0.00898964716182  0.00880137960773  0.0085143622129  0.00809573264658  0.00751178116345  0.00673338155155  0.00574270947361  0.00453988761416  0.00314767999518  0.00161240286598  
0.000651268849968  0.00127160453433  0.00183452040923  0.00232134610845  0.00272281352078  0.00303872554463  0.00327611247099  0.00344659435318  0.00356369408346  0.00364064836177  0.00368897069131  0.00371775356664  0.00373352613382  0.00374042072662  0.00374042072662  0.00373352613382  0.00371775356664  0.00368897069131  0.00364064836177  0.00356369408346  0.00344659435318  0.00327611247099  0.00303872554463  0.00272281352078  0.00232134610845  0.00183452040923  0.00127160453433  0.000651268849968  
0.000255469120827  0.000498878664173  0.000719889756739  0.000911191987598  0.00106912551908  0.0011935632499  0.00128720524483  0.00135455990948  0.00140089932588  0.00143140242625  0.00145058759129  0.00146203262428  0.00146831259553  0.00147106027191  0.00147106027191  0.00146831259553  0.00146203262428  0.00145058759129  0.00143140242625  0.00140089932588  0.00135455990948  0.00128720524483  0.0011935632499  0.00106912551908  0.000911191987598  0.000719889756739  0.000498878664173  0.000255469120827  
9.73552380029e-05  0.000190139402018  0.000274429446944  0.000347444070389  0.000407780712275  0.000455374552394  0.00049123539826  0.000517064677299  0.00053486048711  0.000546591769557  0.000553980910556  0.000558394957209  0.000560819820013  0.0005618816452  0.0005618816452  0.000560819820013  0.000558394957209  0.000553980910556  0.000546591769557  0.00053486048711  0.000517064677299  0.00049123539826  0.000455374552394  0.000407780712275  0.000347444070389  0.000274429446944  0.000190139402018  9.73552380029e-05  
3.6023341829e-05  7.03632190203e-05  0.000101573495878  0.000128626556808  0.000151000956144  0.000168667472582  0.00018199358896  0.000191603461788  0.000198232815123  0.000202608625985  0.00020536832185  0.000207018868899  0.000207926542975  0.000208324295771  0.000208324295771  0.000207926542975  0.000207018868899  0.00020536832185  0.000202608625985  0.000198232815123  0.000191603461788  0.00018199358896  0.000168667472582  0.000151000956144  0.000128626556808  0.000101573495878  7.03632190203e-05  3.6023341829e-05  
1.28318043441e-05  2.50663473269e-05  3.61901674636e-05  4.58376931088e-05  5.38224455508e-05  6.0132436047e-05  6.48966928563e-05  6.83358940228e-05  7.07109972497e-05  7.22804637754e-05  7.32713709879e-05  7.38646406544e-05  7.41911869576e-05  7.43343736483e-05  7.43343736483e-05  7.41911869576e-05  7.38646406544e-05  7.32713709879e-05  7.22804637754e-05  7.07109972497e-05  6.83358940228e-05  6.48966928563e-05  6.0132436047e-05  5.38224455508e-05  4.58376931088e-05  3.61901674636e-05  2.50663473269e-05  1.28318043441e-05  
4.0405063134e-06  7.89351558314e-06  1.13977436215e-05  1.44381928549e-05  1.69559723821e-05  1.89469337979e-05  2.0451261282e-05  2.15380484285e-05  2.2289198907e-05  2.27859772546e-05  2.30998886432e-05  2.3287980649e-05  2.3391580739e-05  2.34370300103e-05  2.34370300103e-05  2.3391580739e-05  2.3287980649e-05  2.30998886432e-05  2.27859772546e-05  2.2289198907e-05  2.15380484285e-05  2.0451261282e-05  1.89469337979e-05  1.69559723821e-05  1.44381928549e-05  1.13977436215e-05  7.89351558314e-06  4.0405063134e-06  
