1000.0  1000.0  1000.0  1000.0  1000.0  1000.0  1000.0  1000.0  1000.0  1000.0  1000.0  1000.0  1000.0  1000.0  1000.0  1000.0  1000.0  1000.0  1000.0  1000.0  1000.0  1000.0  1000.0  1000.0  1000.0  1000.0  1000.0  1000.0  
289.693283628  474.818678695  585.825647459  653.153612383  695.178364148  722.150719825  739.837961063  751.600550169  759.47614972  764.744091615  768.227344673  770.459838659  771.78202494  772.39600195  772.39600195  771.78202494  770.459838659  768.227344673  764.744091615  759.47614972  751.600550169  739.837961063  722.150719825  695.178364148  653.153612383  585.825647459  474.818678695  289.693283628  
190.880991305  339.881291431  445.202909565  517.082793893  565.737394297  598.730011342  621.191224212  636.521177117  646.974922267  654.059908498  658.789434193  661.841418345  663.65733211  664.502864897  664.502864897  663.65733211  661.841418345  658.789434193  654.059908498  646.974922267  636.521177117  621.191224212  598.730011342  565.737394297  517.082793893  445.202909565  339.881291431  190.880991305  
134.665335934  250.039930502  340.112403277  406.960575162  455.264312407  489.671637223  513.969477333  531.010187693  542.8687745  551.02906816  556.538693989  560.123807461  562.269222009  563.271572916  563.271572916  562.269222009  560.123807461  556.538693989  551.02906816  542.8687745  531.010187693  513.969477333  489.671637223  455.264312407  406.960575162  340.112403277  250.039930502  134.665335934  
98.629059766  187.259910313  260.840938704  318.76298757  362.79094841  395.477712664  419.334247875  436.50525468  448.699586617  457.224617459  463.051001068  466.876947745  469.18115927  470.261810636  470.261810636  469.18115927  466.876947745  463.051001068  457.224617459  448.699586617  436.50525468  419.334247875  395.477712664  362.79094841  318.76298757  260.840938704  187.259910313  98.629059766  
73.6041526062  141.535443993  200.186783627  248.313332162  286.337053656  315.535254277  337.460686846  353.616967401  365.312505941  373.615892019  379.36045111  383.168013286  385.476417496  386.563367091  386.563367091  385.476417496  383.168013286  379.36045111  373.615892019  365.312505941  353.616967401  337.460686846  315.535254277  286.337053656  248.313332162  200.186783627  141.535443993  73.6041526062  
55.3386706889  107.241976812  153.23007839  192.099551071  223.725876392  248.679540506  267.872589919  282.310397566  292.945627439  300.606138218  305.968362951  309.555074375  311.743931081  312.778712835  312.778712835  311.743931081  309.555074375  305.968362951  300.606138218  292.945627439  282.310397566  267.872589919  248.679540506  223.725876392  192.099551071  153.23007839  107.241976812  55.3386706889  
41.6186746291  81.0613959457  116.633440133  147.351558018  172.913307521  193.524427645  209.697264673  222.081687112  231.34679556  238.109005941  242.894390864  246.123052767  248.105872103  249.04687449  249.04687449  248.105872103  246.123052767  242.894390864  238.109005941  231.34679556  222.081687112  209.697264673  193.524427645  172.913307521  147.351558018  116.633440133  81.0613959457  41.6186746291  
31.1633749586  60.9068504005  88.0697378606  111.901241418  132.078573999  148.633148956  161.839609442  172.107377609  179.893993513  185.644707083  189.755073588  192.550616761  194.277621281  195.10020886  195.10020886  194.277621281  192.550616761  189.755073588  185.644707083  179.893993513  172.107377609  161.839609442  148.633148956  132.078573999  111.901241418  88.0697378606  60.9068504005  31.1633749586  
23.1580321792  45.3720706429  65.8450667185  84.0231621155  99.6227963837  112.601476796  123.097888998  131.364613271  137.708120221  142.442377103  145.856749545  148.195970645  149.648958896  150.343368151  150.343368151  149.648958896  148.195970645  145.856749545  142.442377103  137.708120221  131.364613271  123.097888998  112.601476796  99.6227963837  84.0231621155  65.8450667185  45.3720706429  23.1580321792  
17.0399872858  33.4457662553  48.6696274472  62.3116077338  74.143565134  84.0993278881  92.2427681431  98.7268307124  103.753388127  107.539495111  110.292015115  112.190269161  113.375204035  113.943254377  113.943254377  113.375204035  112.190269161  110.292015115  107.539495111  103.753388127  98.7268307124  92.2427681431  84.0993278881  74.143565134  62.3116077338  48.6696274472  33.4457662553  17.0399872858  
12.394371828  24.3607809152  35.523564131  45.598417762  54.4108828939  61.8944492312  68.0736916192  73.0395793587  76.9232030785  79.8720990296  82.031230672  83.5290694346  84.46823472  84.9197229528  84.9197229528  84.46823472  83.5290694346  82.031230672  79.8720990296  76.9232030785  73.0395793587  68.0736916192  61.8944492312  54.4108828939  45.598417762  35.523564131  24.3607809152  12.394371828  
8.90078404599  17.5128295099  25.579598176  32.9017269798  39.3503273765  44.8679975969  49.45999442  53.1794393588  56.1103793885  58.3515977987  60.0028873006  61.1544538888  61.8793907121  62.2287675121  62.2287675121  61.8793907121  61.1544538888  60.0028873006  58.3515977987  56.1103793885  53.1794393588  49.45999442  44.8679975969  39.3503273765  32.9017269798  25.579598176  17.5128295099  8.90078404599  
6.30480386971  12.4155118469  18.1580782843  23.3944933823  28.0320097713  32.0249260447  35.3700134711  38.0976820289  40.2611781547  41.9257297579  43.1589194376  44.0229265254  44.5687777463  44.8324368099  44.8324368099  44.5687777463  44.0229265254  43.1589194376  41.9257297579  40.2611781547  38.0976820289  35.3700134711  32.0249260447  28.0320097713  23.3944933823  18.1580782843  12.4155118469  6.30480386971  
4.40190415257  8.67415690799  12.6996647699  16.3841125093  19.6622121097  22.4994250123  24.8896251282  26.8498364635  28.4134053403  29.6228377013  30.5232031327  31.1566279862  31.5580732044  31.7523690595  31.7523690595  31.5580732044  31.1566279862  30.5232031327  29.6228377013  28.4134053403  26.8498364635  24.8896251282  22.4994250123  19.6622121097  16.3841125093  12.6996647699  8.67415690799  4.40190415257  
3.02755773748  5.96923701201  8.74703676747  11.2973458501  13.5750983437  15.555169887  17.2312050822  18.612490033  19.7196710031  20.5800937205  21.2233730138  21.6775837057  21.9662580938  22.1062228141  22.1062228141  21.9662580938  21.6775837057  21.2233730138  20.5800937205  19.7196710031  18.612490033  17.2312050822  15.555169887  13.5750983437  11.2973458501  8.74703676747  5.96923701201  3.02755773748  
2.05039981304  4.04448372505  5.9308679467  7.66722826805  9.22302027824  10.5805179633  11.7342398077  12.68909535  13.4577215073  14.0574888285  14.5075781855  14.8264048637  15.0295411494  15.1281884189  15.1281884189  15.0295411494  14.8264048637  14.5075781855  14.0574888285  13.4577215073  12.68909535  11.7342398077  10.5805179633  9.22302027824  7.66722826805  5.9308679467  4.04448372505  2.05039981304  
1.3668864338  2.69725870631  3.95767650664  5.12037053286  6.16499767697  7.07937349882  7.85920090931  8.50697572091  9.03034282732  9.44019701315  9.74878562918  9.96800182654  10.1079816372  10.1760544655  10.1760544655  10.1079816372  9.96800182654  9.74878562918  9.44019701315  9.03034282732  8.50697572091  7.85920090931  7.07937349882  6.16499767697  5.12037053286  3.95767650664  2.69725870631  1.3668864338  
0.89672719947  1.77006953933  2.59854493499  3.36419413259  4.05369746938  4.65887227674  5.17655092958  5.60793754179  5.95760228586  6.23229139019  6.43971495687  6.58743731506  6.68195024959  6.72796984701  6.72796984701  6.68195024959  6.58743731506  6.43971495687  6.23229139019  5.95760228586  5.60793754179  5.17655092958  4.65887227674  4.05369746938  3.36419413259  2.59854493499  1.77006953933  0.89672719947  
0.57880616502  1.14283146102  1.6784628729  2.17425574916  2.62163452481  3.01522062341  3.35278186432  3.63485646297  3.86414348722  4.04476649109  4.18151085118  4.27911519371  4.34167158455  4.37216504379  4.37216504379  4.34167158455  4.27911519371  4.18151085118  4.04476649109  3.86414348722  3.63485646297  3.35278186432  3.01522062341  2.62163452481  2.17425574916  1.6784628729  1.14283146102  0.57880616502  
0.367515853965  0.725817232819  1.06639935516  1.38207822121  1.66742414954  1.91897260681  2.135206131  2.31633603402  2.46393666063  2.58049551588  2.66894063892  2.73219592069  2.77280036483  2.79261286799  2.79261286799  2.77280036483  2.73219592069  2.66894063892  2.58049551588  2.46393666063  2.31633603402  2.135206131  1.91897260681  1.66742414954  1.38207822121  1.06639935516  0.725817232819  0.367515853965  
0.229513231665  0.453364138201  0.666316893789  0.863930952437  1.04282546296  1.20081184946  1.33688950017  1.45112000744  1.54441007827  1.61824028141  1.67437656145  1.71459586606  1.74044893788  1.75307483263  1.75307483263  1.74044893788  1.71459586606  1.67437656145  1.61824028141  1.54441007827  1.45112000744  1.33688950017  1.20081184946  1.04282546296  0.863930952437  0.666316893789  0.453364138201  0.229513231665  
0.140922631443  0.278417659062  0.409310664883  0.53090010269  0.641116200154  0.738602628911  0.8227172984  0.893460545858  0.951347778633  0.997248145056  1.03221113421  1.05730012679  1.07344729602  1.08133933447  1.08133933447  1.07344729602  1.05730012679  1.03221113421  0.997248145056  0.951347778633  0.893460545858  0.8227172984  0.738602628911  0.641116200154  0.53090010269  0.409310664883  0.278417659062  0.140922631443  
0.0849951083082  0.167948671526  0.246967389739  0.320435214326  0.387107345203  0.446159528533  0.497190213693  0.540179972599  0.57541775045  0.603406321351  0.62475974045  0.640104123358  0.649990538414  0.654825985528  0.654825985528  0.649990538414  0.640104123358  0.62475974045  0.603406321351  0.57541775045  0.540179972599  0.497190213693  0.446159528533  0.387107345203  0.320435214326  0.246967389739  0.167948671526  0.0849951083082  
0.0502081133061  0.099223402693  0.145938380066  0.189405335539  0.228890909798  0.263905193205  0.294203801691  0.319765251583  0.340748935508  0.357440688304  0.370193282687  0.3793684652  0.385285761745  0.388181703003  0.388181703003  0.385285761745  0.3793684652  0.370193282687  0.357440688304  0.340748935508  0.319765251583  0.294203801691  0.263905193205  0.228890909798  0.189405335539  0.145938380066  0.099223402693  0.0502081133061  
0.0287654410988  0.0568538386843  0.0836359770653  0.108572274334  0.131243582756  0.151367833238  0.168801589916  0.183527718686  0.19563204465  0.205272850844  0.212647317714  0.217958646864  0.221386879238  0.223065553393  0.223065553393  0.221386879238  0.217958646864  0.212647317714  0.205272850844  0.19563204465  0.183527718686  0.168801589916  0.151367833238  0.131243582756  0.108572274334  0.0836359770653  0.0568538386843  0.0287654410988  
0.0154401658891  0.0305196039641  0.0449028150823  0.0583016149988  0.0704914688216  0.0813204083514  0.0907100135519  0.0986490534566  0.105181263162  0.110389261668  0.114376766159  0.117251092392  0.119107561324  0.120016985073  0.120016985073  0.119107561324  0.117251092392  0.114376766159  0.110389261668  0.105181263162  0.0986490534566  0.0907100135519  0.0813204083514  0.0704914688216  0.0583016149988  0.0449028150823  0.0305196039641  0.0154401658891  
0.00669362390297  0.0132316288848  0.0194692079431  0.0252818406682  0.0305723179062  0.035274601818  0.0393542918422  0.0428059406544  0.0456478417664  0.047915140133  0.0496521874556  0.0509049989101  0.0517145145884  0.0521111800203  0.0521111800203  0.0517145145884  0.0509049989101  0.0496521874556  0.047915140133  0.0456478417664  0.0428059406544  0.0393542918422  0.035274601818  0.0305723179062  0.0252818406682  0.0194692079431  0.0132316288848  0.00669362390297  
