1000.0  1000.0  1000.0  1000.0  1000.0  1000.0  1000.0  1000.0  1000.0  1000.0  1000.0  1000.0  1000.0  1000.0  1000.0  1000.0  1000.0  1000.0  1000.0  1000.0  1000.0  1000.0  1000.0  1000.0  1000.0  1000.0  1000.0  1000.0  
288.601164851  472.657563175  582.640357682  649.007985527  690.151594468  716.333115642  733.326545162  744.494920897  751.87496083  756.742414611  759.915063589  761.921109575  763.09572383  763.636993542  763.636993542  763.09572383  761.921109575  759.915063589  756.742414611  751.87496083  744.494920897  733.326545162  716.333115642  690.151594468  649.007985527  582.640357682  472.657563175  288.601164851  
189.328078403  336.808343354  440.673660401  511.188015159  558.589694119  590.457801237  611.932463229  626.417486637  636.166580634  642.682100473  646.969968451  649.699958931  651.30603523  652.048183125  652.048183125  651.30603523  649.699958931  646.969968451  642.682100473  636.166580634  626.417486637  611.932463229  590.457801237  558.589694119  511.188015159  440.673660401  336.808343354  189.328078403  
132.744007349  246.237950838  334.508626646  399.667307395  446.420876444  479.436908635  502.514144374  518.509469948  529.496230066  536.951953341  541.915139285  545.101866677  546.987660087  547.862098128  547.862098128  546.987660087  545.101866677  541.915139285  536.951953341  529.496230066  518.509469948  502.514144374  479.436908635  446.420876444  399.667307395  334.508626646  246.237950838  132.744007349  
96.4474720083  182.942922114  254.47808507  310.481786356  352.749594178  383.856601191  406.327187859  422.311200159  433.515605339  441.240622034  446.446542434  449.820135436  451.829555926  452.764966498  452.764966498  451.829555926  449.820135436  446.446542434  441.240622034  433.515605339  422.311200159  406.327187859  383.856601191  352.749594178  310.481786356  254.47808507  182.942922114  96.4474720083  
71.2761693991  136.928763931  193.396949284  239.476417575  275.621868029  303.134297867  323.580773064  338.470400533  349.109577747  356.55925935  361.6417142  364.966563537  366.960391945  367.892352903  367.892352903  366.960391945  364.966563537  361.6417142  356.55925935  349.109577747  338.470400533  323.580773064  303.134297867  275.621868029  239.476417575  193.396949284  136.928763931  71.2761693991  
52.9741600411  102.563014763  146.333705819  183.123976014  212.84255556  236.083993427  253.774874041  266.926147687  276.488434654  283.281839371  287.971565236  291.067985001  292.937326645  293.814686148  293.814686148  292.937326645  291.067985001  287.971565236  283.281839371  276.488434654  266.926147687  253.774874041  236.083993427  212.84255556  183.123976014  146.333705819  102.563014763  52.9741600411  
39.3153001892  76.5034115015  109.91537658  138.608048702  162.311374652  181.254534126  195.964035651  207.095181229  215.315081053  221.232597797  225.362865277  228.113907024  229.785468803  230.573117242  230.573117242  229.785468803  228.113907024  225.362865277  221.232597797  215.315081053  207.095181229  195.964035651  181.254534126  162.311374652  138.608048702  109.91537658  76.5034115015  39.3153001892  
29.000671382  56.6272290351  81.7619554696  103.69170777  122.124109537  137.112583298  148.94506976  158.036093117  164.841325061  169.798924101  173.294175306  175.641261669  177.076013602  177.754610717  177.754610717  177.076013602  175.641261669  173.294175306  169.798924101  164.841325061  158.036093117  148.94506976  137.112583298  122.124109537  103.69170777  81.7619554696  56.6272290351  29.000671382  
21.1941347  41.4858520917  60.1171239204  76.5682833296  90.5833848996  102.13992193  111.388655473  118.58679923  124.039127686  128.053169099  130.908963534  132.840946345  134.028543172  134.592196133  134.592196133  134.028543172  132.840946345  130.908963534  128.053169099  124.039127686  118.58679923  111.388655473  102.13992193  90.5833848996  76.5682833296  60.1171239204  41.4858520917  21.1941347  
15.310968544  30.0243321961  43.6267346918  55.7483147842  66.1852426667  74.888942353  81.9339174215  87.4771923283  91.7191468146  94.8711672358  97.1319073316  98.671622459  99.6229022792  100.075832488  100.075832488  99.6229022792  98.671622459  97.1319073316  94.8711672358  91.7191468146  87.4771923283  81.9339174215  74.888942353  66.1852426667  55.7483147842  43.6267346918  30.0243321961  15.310968544  
10.9157967334  21.4349317607  31.2111187634  39.9857954371  47.6052933532  54.0181493286  59.2580299134  63.4193934745  66.6320545263  69.038702496  70.7772807876  71.968508755  72.7078595558  73.0609005612  73.0609005612  72.7078595558  71.968508755  70.7772807876  69.038702496  66.6320545263  63.4193934745  59.2580299134  54.0181493286  47.6052933532  39.9857954371  31.2111187634  21.4349317607  10.9157967334  
7.67087223744  15.0790423563  21.9924080524  28.2330182729  33.6892783401  38.3163030447  42.126912036  45.1771294253  47.5499410916  49.3400990787  50.6415571085  51.5380732365  52.0967965413  52.3642809938  52.3642809938  52.0967965413  51.5380732365  50.6415571085  49.3400990787  47.5499410916  45.1771294253  42.126912036  38.3163030447  33.6892783401  28.2330182729  21.9924080524  15.0790423563  7.67087223744  
5.3085038665  10.4440025069  15.2522444519  19.6125646416  23.4462246355  26.7176621983  29.4297751267  31.6153249471  33.3266989002  34.625859745  35.5756605532  36.2330578093  36.6442634891  36.8415834728  36.8415834728  36.6442634891  36.2330578093  35.5756605532  34.625859745  33.3266989002  31.6153249471  29.4297751267  26.7176621983  23.4462246355  19.6125646416  15.2522444519  10.4440025069  5.3085038665  
3.61521982475  7.1174412436  10.4052000805  13.397876417  16.0412436783  18.3087692809  20.199164817  21.7313113218  22.93787699  23.8587899146  24.5353855521  25.0056665656  25.3007923913  25.4427052329  25.4427052329  25.3007923913  25.0056665656  24.5353855521  23.8587899146  22.93787699  21.7313113218  20.199164817  18.3087692809  16.0412436783  13.397876417  10.4052000805  7.1174412436  3.61521982475  
2.4215927938  4.77013427807  6.97966207581  8.9971140554  10.7859446018  12.3271961948  13.6182399057  14.6697924563  15.5019780096  16.1401569077  16.611067937  16.9396097855  17.1463867405  17.2460009681  17.2460009681  17.1463867405  16.9396097855  16.611067937  16.1401569077  15.5019780096  14.6697924563  13.6182399057  12.3271961948  10.7859446018  8.9971140554  6.97966207581  4.77013427807  2.4215927938  
1.59475773531  3.14284445571  4.60192841076  5.9376173676  7.12577350988  8.15330786227  9.01754103695  9.72445844669  10.2863046221  10.718957462  11.0394354784  11.2637659293  11.4053196095  11.4736253682  11.4736253682  11.4053196095  11.2637659293  11.0394354784  10.718957462  10.2863046221  9.72445844669  9.01754103695  8.15330786227  7.12577350988  5.9376173676  4.60192841076  3.14284445571  1.59475773531  
1.03224180796  2.03505294162  2.98164118494  3.85006274683  4.62467977278  5.29671349193  5.86392489784  6.32960009295  6.70109593574  6.98821110783  7.20160499123  7.35141701214  7.44616645061  7.49195441809  7.49195441809  7.44616645061  7.35141701214  7.20160499123  6.98821110783  6.70109593574  6.32960009295  5.86392489784  5.29671349193  4.62467977278  3.85006274683  2.98164118494  2.03505294162  1.03224180796  
0.656539238691  1.29477759898  1.89800449578  2.4524418041  2.948146977  3.37938174244  3.74445569757  4.04514026842  4.28579900725  4.47239155199  4.61148838223  4.70939522319  4.77144354591  4.80146790797  4.80146790797  4.77144354591  4.70939522319  4.61148838223  4.47239155199  4.28579900725  4.04514026842  3.74445569757  3.37938174244  2.948146977  2.4524418041  1.89800449578  1.29477759898  0.656539238691  
0.410258691765  0.80930401398  1.18687118508  1.53444952828  1.84583328193  2.11735918743  2.34783171666  2.53818725132  2.69097995123  2.80978148818  2.8985776227  2.9612238634  3.00099811649  3.02026685417  3.02026685417  3.00099811649  2.9612238634  2.8985776227  2.80978148818  2.69097995123  2.53818725132  2.34783171666  2.11735918743  1.84583328193  1.53444952828  1.18687118508  0.80930401398  0.410258691765  
0.251834902249  0.496903783874  0.728999835721  0.942952723996  1.13495924111  1.30273215117  1.44546551672  1.56364397407  1.65874247168  1.73286980201  1.78840526176  1.82766668286  1.85263432761  1.86474259298  1.86474259298  1.85263432761  1.82766668286  1.78840526176  1.73286980201  1.65874247168  1.56364397407  1.44546551672  1.30273215117  1.13495924111  0.942952723996  0.728999835721  0.496903783874  0.251834902249  
0.151838221738  0.29965810997  0.439766794007  0.569075794386  0.685296357743  0.787030418874  0.873755145042  0.94571568722  1.00375205358  1.04909056915  1.08312876665  1.10723669192  1.12258995  1.13004258668  1.13004258668  1.12258995  1.10723669192  1.08312876665  1.04909056915  1.00375205358  0.94571568722  0.873755145042  0.787030418874  0.685296357743  0.569075794386  0.439766794007  0.29965810997  0.151838221738  
0.0898999860943  0.177452232264  0.260495820411  0.337217322241  0.406264326914  0.466799774078  0.518495426634  0.561472218581  0.596201772717  0.623386262646  0.64383320865  0.658338736706  0.667588625248  0.672082367712  0.672082367712  0.667588625248  0.658338736706  0.64383320865  0.623386262646  0.596201772717  0.561472218581  0.518495426634  0.466799774078  0.406264326914  0.337217322241  0.260495820411  0.177452232264  0.0898999860943  
0.052236396504  0.103124546729  0.15142184375  0.196082436391  0.236322095687  0.271649961674  0.301865999599  0.327028223959  0.347397486737  0.363369377466  0.375402617282  0.383951751272  0.389409666861  0.39206318473  0.39206318473  0.389409666861  0.383951751272  0.375402617282  0.363369377466  0.347397486737  0.327028223959  0.301865999599  0.271649961674  0.236322095687  0.196082436391  0.15142184375  0.103124546729  0.052236396504  
0.0297195440552  0.0586798678964  0.0861804414794  0.111630171038  0.13458375289  0.154759795915  0.172039957203  0.186451197544  0.198135350327  0.207311225573  0.214234456617  0.219159494516  0.222306941985  0.223838171505  0.223838171505  0.222306941985  0.219159494516  0.214234456617  0.207311225573  0.198135350327  0.186451197544  0.172039957203  0.154759795915  0.13458375289  0.111630171038  0.0861804414794  0.0586798678964  0.0297195440552  
0.0164203765533  0.0324249637047  0.0476297459094  0.0617100104332  0.074420170989  0.0856037986305  0.0951934046307  0.103201049372  0.10970198436  0.114814115021  0.118676099114  0.121426495492  0.123185745766  0.124042106817  0.124042106817  0.123185745766  0.121426495492  0.118676099114  0.114814115021  0.10970198436  0.103201049372  0.0951934046307  0.0856037986305  0.074420170989  0.0617100104332  0.0476297459094  0.0324249637047  0.0164203765533  
0.00853668084857  0.0168587264981  0.0247677533371  0.0320957321082  0.0387151843137  0.0445444012844  0.0495474348367  0.0537293822636  0.0571280688767  0.0598035375162  0.0618267822837  0.0632689731375  0.064192104998  0.064641669785  0.064641669785  0.064192104998  0.0632689731375  0.0618267822837  0.0598035375162  0.0571280688767  0.0537293822636  0.0495474348367  0.0445444012844  0.0387151843137  0.0320957321082  0.0247677533371  0.0168587264981  0.00853668084857  
0.00361748464328  0.00714444707312  0.0104971770168  0.0136046935676  0.016413034862  0.0188874702505  0.0210125247441  0.0227900275059  0.0242356396419  0.0253744473955  0.0262362223638  0.0268508743833  0.0272444944986  0.0274362463016  0.0274362463016  0.0272444944986  0.0268508743833  0.0262362223638  0.0253744473955  0.0242356396419  0.0227900275059  0.0210125247441  0.0188874702505  0.016413034862  0.0136046935676  0.0104971770168  0.00714444707312  0.00361748464328  
