1000.0  1000.0  1000.0  1000.0  1000.0  1000.0  1000.0  1000.0  1000.0  1000.0  1000.0  1000.0  1000.0  1000.0  1000.0  1000.0  1000.0  1000.0  1000.0  1000.0  1000.0  1000.0  1000.0  1000.0  1000.0  1000.0  1000.0  1000.0  
288.962200852  473.371785279  583.69256426  650.376563259  691.809795925  718.250536967  735.470652147  746.832476923  754.373232206  759.370063129  762.642676599  764.721359114  765.943183657  766.50767353  766.50767353  765.943183657  764.721359114  762.642676599  759.370063129  754.373232206  746.832476923  735.470652147  718.250536967  691.809795925  650.376563259  583.69256426  473.371785279  288.962200852  
189.840661257  337.82236384  442.167535389  513.131058313  560.943929844  593.180062734  614.976559249  629.736228881  639.713495109  646.412694716  650.842484109  653.675597659  655.348698872  656.123812603  656.123812603  655.348698872  653.675597659  650.842484109  646.412694716  639.713495109  629.736228881  614.976559249  593.180062734  560.943929844  513.131058313  442.167535389  337.82236384  189.840661257  
133.376841071  247.489857917  336.352959676  402.066179872  449.327402426  482.797793175  506.272358765  522.606754887  533.875208585  541.557695367  546.696090768  550.010128432  551.978666944  552.893802615  552.893802615  551.978666944  550.010128432  546.696090768  541.557695367  533.875208585  522.606754887  506.272358765  482.797793175  449.327402426  402.066179872  336.352959676  247.489857917  133.376841071  
97.1640548644  184.3605057  256.566494128  313.198118713  356.040757049  387.662244687  410.58273452  426.950679594  438.474046922  446.455826587  451.860134302  455.377878169  457.480988837  458.462480162  458.462480162  457.480988837  455.377878169  451.860134302  446.455826587  438.474046922  426.950679594  410.58273452  387.662244687  356.040757049  313.198118713  256.566494128  184.3605057  97.1640548644  
72.038273388  138.436398992  195.618021533  242.365297171  279.122086902  307.181669923  328.106616493  343.404552784  354.382940402  362.105682439  367.399115106  370.877262633  372.970725911  373.95169129  373.95169129  372.970725911  370.877262633  367.399115106  362.105682439  354.382940402  343.404552784  328.106616493  307.181669923  279.122086902  242.365297171  195.618021533  138.436398992  72.038273388  
53.7451547766  104.088236867  148.58068493  186.046547231  216.383589016  240.178551296  258.353470823  271.917800675  281.823238711  288.892873332  293.796023854  297.04751839  299.0176489  299.944580188  299.944580188  299.0176489  297.04751839  293.796023854  288.892873332  281.823238711  271.917800675  258.353470823  240.178551296  216.383589016  186.046547231  148.58068493  104.088236867  53.7451547766  
40.0629284501  77.982407584  112.094251895  141.442034409  165.745068924  185.224963932  200.403818657  211.93548417  220.488116718  226.673473766  231.010681556  233.912085071  235.681371803  236.517084838  236.517084838  235.681371803  233.912085071  231.010681556  226.673473766  220.488116718  211.93548417  200.403818657  185.224963932  165.745068924  141.442034409  112.094251895  77.982407584  40.0629284501  
29.6990078115  58.0087122142  83.7971704495  106.338834139  125.331394589  140.821202419  153.092080324  162.557198174  169.673205956  174.880967435  178.569498194  181.057018948  182.583042913  183.306530595  183.306530595  182.583042913  181.057018948  178.569498194  174.880967435  169.673205956  162.557198174  153.092080324  140.821202419  125.331394589  106.338834139  83.7971704495  58.0087122142  29.6990078115  
21.8246110471  42.7330898334  61.9545640292  78.9581660088  93.4789828615  105.488123312  115.132631141  122.668498286  128.401383671  132.641259264  135.671534453  137.73029114  139.000280867  139.604457095  139.604457095  139.000280867  137.73029114  135.671534453  132.641259264  128.401383671  122.668498286  115.132631141  105.488123312  93.4789828615  78.9581660088  61.9545640292  42.7330898334  21.8246110471  
15.8624970872  31.1153904424  45.2340869637  57.8389264226  68.7182340832  77.8178489771  85.2090234424  91.0477140788  95.5350754824  98.8846330009  101.297989062  102.948590098  103.971936136  104.460310397  104.460310397  103.971936136  102.948590098  101.297989062  98.8846330009  95.5350754824  91.0477140788  85.2090234424  77.8178489771  68.7182340832  57.8389264226  45.2340869637  31.1153904424  15.8624970872  
11.3841421711  22.3614323251  32.5760410703  41.7610843233  49.7562316048  56.5052772042  62.039127309  66.4513343369  69.8723718698  72.4467469045  74.3149079788  75.600285295  76.4008242867  76.7839590185  76.7839590185  76.4008242867  75.600285295  74.3149079788  72.4467469045  69.8723718698  66.4513343369  62.039127309  56.5052772042  49.7562316048  41.7610843233  32.5760410703  22.3614323251  11.3841421711  
8.0574956109  15.8438758653  23.1191596666  29.6985256269  35.4648792038  40.3694202883  44.422690287  47.6799662002  50.2247789363  52.1533820178  53.5617982261  54.5360243921  55.1452512493  55.4375742802  55.4375742802  55.1452512493  54.5360243921  53.5617982261  52.1533820178  50.2247789363  47.6799662002  44.422690287  40.3694202883  35.4648792038  29.6985256269  23.1191596666  15.8438758653  8.0574956109  
5.61912602075  11.0584865242  16.1574992611  20.7899788403  24.8727678598  28.3671588492  31.2742196104  33.6261120786  35.475662214  36.8860400123  37.9217617803  38.6415835023  39.0933581304  39.3106304959  39.3106304959  39.0933581304  38.6415835023  37.9217617803  36.8860400123  35.475662214  33.6261120786  31.2742196104  28.3671588492  24.8727678598  20.7899788403  16.1574992611  11.0584865242  5.61912602075  
3.85833285083  7.59837550053  11.1137082458  14.3193901437  17.1577358505  19.5997511901  21.6427158145  23.3050420273  24.6197420877  25.627689714  26.3715228744  26.8906533192  27.2175253729  27.3750513116  27.3750513116  27.2175253729  26.8906533192  26.3715228744  25.627689714  24.6197420877  23.3050420273  21.6427158145  19.5997511901  17.1577358505  14.3193901437  11.1137082458  7.59837550053  3.85833285083  
2.60709894302  5.13710808866  7.5202832444  9.70026477383  11.6378677013  13.3122562594  14.7197091543  15.8705858881  16.7852737234  17.4898551756  18.0120635189  18.3778731908  18.608869355  18.7203947017  18.7203947017  18.608869355  18.3778731908  18.0120635189  17.4898551756  16.7852737234  15.8705858881  14.7197091543  13.3122562594  11.6378677013  9.70026477383  7.5202832444  5.13710808866  2.60709894302  
1.73285204625  3.41602626959  5.00437525015  6.461051739  7.75995299992  8.88659190038  9.83747608759  10.6183254025  11.2415806749  11.7236578905  12.0823163594  12.334384583  12.4939638928  12.571134646  12.571134646  12.4939638928  12.334384583  12.0823163594  11.7236578905  11.2415806749  10.6183254025  9.83747608759  8.88659190038  7.75995299992  6.461051739  5.00437525015  3.41602626959  1.73285204625  
1.1325914019  2.23356679128  3.27408756052  4.23042569885  5.08551539569  5.82956191039  6.45973563826  6.97912996484  7.3952447333  7.71827001199  7.95940387132  8.12936831329  8.23721375081  8.28944225185  8.28944225185  8.23721375081  8.12936831329  7.95940387132  7.71827001199  7.3952447333  6.97912996484  6.45973563826  5.82956191039  5.08551539569  4.23042569885  3.27408756052  2.23356679128  1.1325914019  
0.727759307562  1.43566648539  2.1055583483  2.72239031001  3.27520630136  3.75754702294  4.16730303385  4.50610918428  4.7784307581  4.99050544578  5.14928631959  5.26149281807  5.33283356912  5.36742783833  5.36742783833  5.33283356912  5.26149281807  5.14928631959  4.99050544578  4.7784307581  4.50610918428  4.16730303385  3.75754702294  3.27520630136  2.72239031001  2.1055583483  1.43566648539  0.727759307562  
0.45964815234  0.907006979641  1.33080418482  1.72165070946  2.07263788432  2.37960245409  2.64105838537  2.85784749214  3.03259466588  3.16906460275  3.27150858187  3.34406919216  3.39028603543  3.4127231247  3.4127231247  3.39028603543  3.34406919216  3.27150858187  3.16906460275  3.03259466588  2.85784749214  2.64105838537  2.37960245409  2.07263788432  1.72165070946  1.33080418482  0.907006979641  0.45964815234  
0.285314532845  0.563133546738  0.826567147122  1.06984948681  1.28870084043  1.48049505285  1.64422932387  1.78032428722  1.89030296766  1.97640514535  2.04119024495  2.08717082847  2.11650465698  2.13076010682  2.13076010682  2.11650465698  2.08717082847  2.04119024495  1.97640514535  1.89030296766  1.78032428722  1.64422932387  1.48049505285  1.28870084043  1.06984948681  0.826567147122  0.563133546738  0.285314532845  
0.174028537577  0.343555133172  0.504434083557  0.653182144293  0.787194699775  0.904849058232  1.00549194889  1.08932617203  1.15722368981  1.21049774387  1.25066535275  1.2792257168  1.29747215833  1.3063475745  1.3063475745  1.29747215833  1.2792257168  1.25066535275  1.21049774387  1.15722368981  1.08932617203  1.00549194889  0.904849058232  0.787194699775  0.653182144293  0.504434083557  0.343555133172  0.174028537577  
0.104281059045  0.205900897168  0.30240506949  0.391724269862  0.472301366436  0.543153729353  0.603868615946  0.654539560568  0.695658954259  0.727985364862  0.752403813661  0.76979418734  0.780918601814  0.786334166481  0.786334166481  0.780918601814  0.76979418734  0.752403813661  0.727985364862  0.695658954259  0.654539560568  0.603868615946  0.543153729353  0.472301366436  0.391724269862  0.30240506949  0.205900897168  0.104281059045  
0.0613427885756  0.121138786497  0.177959483692  0.230596976623  0.278137391523  0.319997694827  0.355924359569  0.385958080556  0.410372899109  0.42960015703  0.444147692541  0.45452312745  0.461167718291  0.464404790852  0.464404790852  0.461167718291  0.45452312745  0.444147692541  0.42960015703  0.410372899109  0.385958080556  0.355924359569  0.319997694827  0.278137391523  0.230596976623  0.177959483692  0.121138786497  0.0613427885756  
0.0353365805249  0.0697914483162  0.102549381789  0.132919313951  0.160375966251  0.184581095199  0.205383373988  0.22279909889  0.236978262448  0.248161753538  0.256635527818  0.262686798517  0.266566022407  0.268457102395  0.268457102395  0.266566022407  0.262686798517  0.256635527818  0.248161753538  0.236978262448  0.22279909889  0.205383373988  0.184581095199  0.160375966251  0.132919313951  0.102549381789  0.0697914483162  0.0353365805249  
0.0197602974959  0.0390319563197  0.0573627521838  0.0743685189348  0.0897561128749  0.103335301724  0.115018990779  0.124812909807  0.132797175191  0.139102835289  0.143886592258  0.147306498651  0.149500758137  0.150571031797  0.150571031797  0.149500758137  0.147306498651  0.143886592258  0.139102835289  0.132797175191  0.124812909807  0.115018990779  0.103335301724  0.0897561128749  0.0743685189348  0.0573627521838  0.0390319563197  0.0197602974959  
0.0103831300863  0.0205113438809  0.0301485431245  0.0390938260063  0.0471934204177  0.0543469304493  0.0605075719768  0.0656769475077  0.0698955782582  0.0732307800654  0.0757635296931  0.0775757803094  0.0787393515416  0.0793071492885  0.0793071492885  0.0787393515416  0.0775757803094  0.0757635296931  0.0732307800654  0.0698955782582  0.0656769475077  0.0605075719768  0.0543469304493  0.0471934204177  0.0390938260063  0.0301485431245  0.0205113438809  0.0103831300863  
0.00443369346673  0.00875905662606  0.0128757058871  0.016698127986  0.0201607375923  0.0232205437107  0.0258572823557  0.028071239405  0.0298792696435  0.0313096764581  0.0323966463539  0.033174857739  0.0336747461673  0.0339187536264  0.0339187536264  0.0336747461673  0.033174857739  0.0323966463539  0.0313096764581  0.0298792696435  0.028071239405  0.0258572823557  0.0232205437107  0.0201607375923  0.016698127986  0.0128757058871  0.00875905662606  0.00443369346673  
