1000.0  1000.0  1000.0  1000.0  1000.0  1000.0  1000.0  1000.0  1000.0  1000.0  1000.0  1000.0  1000.0  1000.0  1000.0  1000.0  1000.0  1000.0  1000.0  1000.0  1000.0  1000.0  1000.0  1000.0  1000.0  1000.0  1000.0  1000.0  
269.421785922  435.022614801  527.910867805  579.027169419  607.052172475  622.341604212  630.594215126  634.974325889  637.24847623  638.398792416  638.96367317  639.23155072  639.351827259  639.397313555  639.397313555  639.351827259  639.23155072  638.96367317  638.398792416  637.24847623  634.974325889  630.594215126  622.341604212  607.052172475  579.027169419  527.910867805  435.022614801  269.421785922  
163.214250659  285.560489459  366.134776982  415.85541901  445.355190019  462.343407088  471.861673396  477.047646323  479.791250489  481.198261646  481.896344666  482.229977853  482.380648192  482.43784539  482.43784539  482.380648192  482.229977853  481.896344666  481.198261646  479.791250489  477.047646323  471.861673396  462.343407088  445.355190019  415.85541901  366.134776982  285.560489459  163.214250659  
102.302867946  186.488575937  247.582985888  288.456525329  314.276420482  329.866082201  338.915763535  343.97926512  346.712498485  348.135924381  348.850606696  349.19534596  349.35212645  349.411920491  349.411920491  349.35212645  349.19534596  348.850606696  348.135924381  346.712498485  343.97926512  338.915763535  329.866082201  314.276420482  288.456525329  247.582985888  186.488575937  102.302867946  
64.3668926033  119.963246026  162.824029939  193.173262089  213.29226262  225.925752139  233.492305068  237.831985475  240.220781998  241.48429876  242.126596601  242.439489255  242.582873501  242.637838571  242.637838571  242.582873501  242.439489255  242.126596601  241.48429876  240.220781998  237.831985475  233.492305068  225.925752139  213.29226262  193.173262089  162.824029939  119.963246026  64.3668926033  
39.932501891  75.3811206068  103.792924229  124.73478431  139.1366713  148.471627126  154.213356575  157.579647107  159.466386545  160.47921702  161.00035505  161.256740487  161.375143073  161.420770863  161.420770863  161.375143073  161.256740487  161.00035505  160.47921702  159.466386545  157.579647107  154.213356575  148.471627126  139.1366713  124.73478431  103.792924229  75.3811206068  39.932501891  
24.1725141931  45.9913742734  63.9377514157  77.5518571309  87.1798062469  93.5809035519  97.6065759942  100.012173876  101.382412135  102.128047932  102.516104291  102.708832754  102.798511698  102.833249802  102.833249802  102.798511698  102.708832754  102.516104291  102.128047932  101.382412135  100.012173876  97.6065759942  93.5809035519  87.1798062469  77.5518571309  63.9377514157  45.9913742734  24.1725141931  
14.1881191148  27.1337797247  37.9735296776  46.3709744752  52.4382187863  56.5546422389  59.1915657091  60.7931615629  61.7184643314  62.2281772856  62.4962422598  62.6305592622  62.6935067344  62.7180109382  62.7180109382  62.6935067344  62.6305592622  62.4962422598  62.2281772856  61.7184643314  60.7931615629  59.1915657091  56.5546422389  52.4382187863  46.3709744752  37.9735296776  27.1337797247  14.1881191148  
8.04430043534  15.4383962928  21.7087969002  26.6427819377  30.2671486491  32.7664129988  34.3919175718  35.3929307767  35.9784188419  36.3044574943  36.4775540951  36.5649921111  36.6062423673  36.622374666  36.622374666  36.6062423673  36.5649921111  36.4775540951  36.3044574943  35.9784188419  35.3929307767  34.3919175718  32.7664129988  30.2671486491  26.6427819377  21.7087969002  15.4383962928  8.04430043534  
4.39564745838  8.45720138539  11.9336944352  14.7017371056  16.7615447021  18.2006102645  19.1483869919  19.7388951553  20.0879696396  20.2842186413  20.3892919785  20.4427596436  20.4681372805  20.4781043924  20.4781043924  20.4681372805  20.4427596436  20.3892919785  20.2842186413  20.0879696396  19.7388951553  19.1483869919  18.2006102645  16.7615447021  14.7017371056  11.9336944352  8.45720138539  4.39564745838  
2.31184449036  4.45620922737  6.3045462755  7.78967532963  8.90617986481  9.6945127097  10.21913573  10.549238079  10.7461668079  10.8578055943  10.9180267806  10.9488733547  10.9635948349  10.9693991802  10.9693991802  10.9635948349  10.9488733547  10.9180267806  10.8578055943  10.7461668079  10.549238079  10.21913573  9.6945127097  8.90617986481  7.78967532963  6.3045462755  4.45620922737  2.31184449036  
1.16950737438  2.25744900289  3.2002427499  3.96318890775  4.5414736722  4.95332396921  5.22978115416  5.40518937752  5.51065703284  5.57088194364  5.6035841048  5.62043344238  5.62851454568  5.63171191983  5.63171191983  5.62851454568  5.62043344238  5.6035841048  5.57088194364  5.51065703284  5.40518937752  5.22978115416  4.95332396921  4.5414736722  3.96318890775  3.2002427499  2.25744900289  1.16950737438  
0.568921003248  1.09935436705  1.56095203481  1.9366157706  2.22324276133  2.42882953274  2.56782982319  2.65664896709  2.71041459737  2.74131060167  2.75818479752  2.76692440413  2.77113453815  2.77280556983  2.77280556983  2.77113453815  2.76692440413  2.75818479752  2.74131060167  2.71041459737  2.65664896709  2.56782982319  2.42882953274  2.22324276133  1.9366157706  1.56095203481  1.09935436705  0.568921003248  
0.266153827617  0.514742268301  0.73179348835  0.909243888517  1.04536867291  1.14358079351  1.21038651869  1.25333153502  1.27947901524  1.29458712486  1.30288072997  1.30719606432  1.30928307689  1.31011375944  1.31011375944  1.30928307689  1.30719606432  1.30288072997  1.29458712486  1.27947901524  1.25333153502  1.21038651869  1.14358079351  1.04536867291  0.909243888517  0.73179348835  0.514742268301  0.266153827617  
0.119774515761  0.231803071202  0.329882548876  0.410365641406  0.472380285965  0.517342452884  0.548083006394  0.567945525565  0.580099576682  0.587155813366  0.59104668079  0.593079440204  0.594065974406  0.594459624501  0.594459624501  0.594065974406  0.593079440204  0.59104668079  0.587155813366  0.580099576682  0.567945525565  0.548083006394  0.517342452884  0.472380285965  0.410365641406  0.329882548876  0.231803071202  0.119774515761  
0.0518718065349  0.100444903421  0.143063450861  0.178142777716  0.205272365723  0.225022889381  0.238584775493  0.247386024245  0.252794851911  0.255948096565  0.257693642528  0.258608873059  0.259054426342  0.259232608791  0.259232608791  0.259054426342  0.258608873059  0.257693642528  0.255948096565  0.252794851911  0.247386024245  0.238584775493  0.225022889381  0.205272365723  0.178142777716  0.143063450861  0.100444903421  0.0518718065349  
0.0216303549024  0.0419043212066  0.0597251520337  0.0744307074602  0.0858388243002  0.0941728171645  0.0999165144704  0.103658023945  0.105965961308  0.107316315817  0.108066402201  0.108460936293  0.108653529817  0.108730702659  0.108730702659  0.108653529817  0.108460936293  0.108066402201  0.107316315817  0.105965961308  0.103658023945  0.0999165144704  0.0941728171645  0.0858388243002  0.0744307074602  0.0597251520337  0.0419043212066  0.0216303549024  
0.00869006674718  0.016841588769  0.024017587494  0.0299517153658  0.0345672108174  0.0379488925869  0.040286842439  0.041814737506  0.0427602603988  0.0433152222151  0.0436244167938  0.0437875019963  0.0438673053222  0.0438993387016  0.0438993387016  0.0438673053222  0.0437875019963  0.0436244167938  0.0433152222151  0.0427602603988  0.041814737506  0.040286842439  0.0379488925869  0.0345672108174  0.0299517153658  0.024017587494  0.016841588769  0.00869006674718  
0.00336583728732  0.00652515592688  0.0093099037254  0.0116168434204  0.0134151085296  0.0147359617245  0.0156516047505  0.0162516643479  0.0166240459717  0.0168432110529  0.0169656398326  0.01703037344  0.0170621174419  0.0170748792998  0.0170748792998  0.0170621174419  0.01703037344  0.0169656398326  0.0168432110529  0.0166240459717  0.0162516643479  0.0156516047505  0.0147359617245  0.0134151085296  0.0116168434204  0.0093099037254  0.00652515592688  0.00336583728732  
0.00125768181703  0.00243884753859  0.00348108455191  0.00434580180319  0.0050211149681  0.00551820523625  0.00586359708913  0.00609049252659  0.0062316405979  0.00631491237522  0.00636153656082  0.00638624196578  0.00639837973207  0.00640326605476  0.00640326605476  0.00639837973207  0.00638624196578  0.00636153656082  0.00631491237522  0.0062316405979  0.00609049252659  0.00586359708913  0.00551820523625  0.0050211149681  0.00434580180319  0.00348108455191  0.00243884753859  0.00125768181703  
0.000453692119624  0.000879981335455  0.00125647106183  0.00156923759101  0.00181388837143  0.00199430394227  0.00211991190679  0.00220259863257  0.00225414548892  0.00228461967539  0.00230171675148  0.00231079333687  0.00231526002507  0.00231706034258  0.00231706034258  0.00231526002507  0.00231079333687  0.00230171675148  0.00228461967539  0.00225414548892  0.00220259863257  0.00211991190679  0.00199430394227  0.00181388837143  0.00156923759101  0.00125647106183  0.000879981335455  0.000453692119624  
0.000158115070068  0.000306739155938  0.000438102174957  0.000547351422273  0.000632925230464  0.000696130647656  0.000740211049632  0.000769281273981  0.000787436944406  0.000798190034829  0.000804233544619  0.000807447265941  0.000809031063641  0.00080967009124  0.00080967009124  0.000809031063641  0.000807447265941  0.000804233544619  0.000798190034829  0.000787436944406  0.000769281273981  0.000740211049632  0.000696130647656  0.000632925230464  0.000547351422273  0.000438102174957  0.000306739155938  0.000158115070068  
5.3274082734e-05  0.000103367374378  0.000147672117857  0.00018455335931  0.000213476157074  0.000234867849281  0.00024980897082  0.000259677809784  0.000265851195035  0.000269513325396  0.0002715747086  0.000272672464403  0.000273214149594  0.000273432908748  0.000273432908748  0.000273214149594  0.000272672464403  0.0002715747086  0.000269513325396  0.000265851195035  0.000259677809784  0.00024980897082  0.000234867849281  0.000213476157074  0.00018455335931  0.000147672117857  0.000103367374378  5.3274082734e-05  
1.73658330018e-05  3.36995768115e-05  4.81540534221e-05  6.0196368045e-05  6.9649722607e-05  7.66497741861e-05  8.15452950789e-05  8.47832548705e-05  8.68115505666e-05  8.80164247793e-05  8.86955495876e-05  8.90576626616e-05  8.92365439006e-05  8.93088428852e-05  8.93088428852e-05  8.92365439006e-05  8.90576626616e-05  8.86955495876e-05  8.80164247793e-05  8.68115505666e-05  8.47832548705e-05  8.15452950789e-05  7.66497741861e-05  6.9649722607e-05  6.0196368045e-05  4.81540534221e-05  3.36995768115e-05  1.73658330018e-05  
5.4802960904e-06  1.06361758259e-05  1.52010707473e-05  1.90068319088e-05  2.19970150791e-05  2.42134442194e-05  2.57652437026e-05  2.67928318358e-05  2.7437300276e-05  2.78205953231e-05  2.80368908944e-05  2.81523472969e-05  2.82094366169e-05  2.82325266377e-05  2.82325266377e-05  2.82094366169e-05  2.81523472969e-05  2.80368908944e-05  2.78205953231e-05  2.7437300276e-05  2.67928318358e-05  2.57652437026e-05  2.42134442194e-05  2.19970150791e-05  1.90068319088e-05  1.52010707473e-05  1.06361758259e-05  5.4802960904e-06  
1.67490415955e-06  3.25099769353e-06  4.64701754736e-06  5.81158071395e-06  6.7272671259e-06  7.40660035869e-06  7.88268318006e-06  8.1982617635e-06  8.39638807916e-06  8.51434528475e-06  8.58097637518e-06  8.61657706382e-06  8.63419497559e-06  8.64132488723e-06  8.64132488723e-06  8.63419497559e-06  8.61657706382e-06  8.58097637518e-06  8.51434528475e-06  8.39638807916e-06  8.1982617635e-06  7.88268318006e-06  7.40660035869e-06  6.7272671259e-06  5.81158071395e-06  4.64701754736e-06  3.25099769353e-06  1.67490415955e-06  
4.93825058381e-07  9.58601740101e-07  1.37042244609e-06  1.71413961018e-06  1.98457497471e-06  2.18535620067e-06  2.32618087441e-06  2.41960951982e-06  2.47831788147e-06  2.5133016215e-06  2.53308003236e-06  2.5436560477e-06  2.54889353007e-06  2.551014197e-06  2.551014197e-06  2.54889353007e-06  2.5436560477e-06  2.53308003236e-06  2.5133016215e-06  2.47831788147e-06  2.41960951982e-06  2.32618087441e-06  2.18535620067e-06  1.98457497471e-06  1.71413961018e-06  1.37042244609e-06  9.58601740101e-07  4.93825058381e-07  
1.32008303604e-07  2.56268991187e-07  3.66401879864e-07  4.58358226943e-07  5.30745099734e-07  5.84518835351e-07  6.22258830219e-07  6.47313851982e-07  6.63068660413e-07  6.72463221643e-07  6.77778053957e-07  6.80621790647e-07  6.82030832642e-07  6.82601578372e-07  6.82601578372e-07  6.82030832642e-07  6.80621790647e-07  6.77778053957e-07  6.72463221643e-07  6.63068660413e-07  6.47313851982e-07  6.22258830219e-07  5.84518835351e-07  5.30745099734e-07  4.58358226943e-07  3.66401879864e-07  2.56268991187e-07  1.32008303604e-07  
