1000.0  1000.0  1000.0  1000.0  1000.0  1000.0  1000.0  1000.0  1000.0  1000.0  1000.0  1000.0  1000.0  1000.0  1000.0  1000.0  1000.0  1000.0  1000.0  1000.0  1000.0  1000.0  1000.0  1000.0  1000.0  1000.0  1000.0  1000.0  
135.415574898  191.876138143  209.255494328  213.596209671  214.508673255  214.673602975  214.699636189  214.703268812  214.703721463  214.703772262  214.703777434  214.703777915  214.703777956  214.703777959  214.703777959  214.703777956  214.703777915  214.703777434  214.703772262  214.703721463  214.703268812  214.699636189  214.673602975  214.508673255  213.596209671  209.255494328  191.876138143  135.415574898  
40.2487440358  60.1421097692  66.9968346615  68.8360464166  69.2408789555  69.3162774845  69.3284131813  69.3301278564  69.3303431468  69.3303674063  69.3303698797  69.3303701095  69.330370129  69.3303701306  69.3303701306  69.330370129  69.3303701095  69.3303698797  69.3303674063  69.3303431468  69.3301278564  69.3284131813  69.3162774845  69.2408789555  68.8360464166  66.9968346615  60.1421097692  40.2487440358  
10.0971648442  15.5194964421  17.5135762803  18.0732769022  18.2002776461  18.2244146557  18.2283509919  18.2289116772  18.2289823848  18.2289903652  18.2289911785  18.2289912539  18.2289912602  18.2289912607  18.2289912607  18.2289912602  18.2289912539  18.2289911785  18.2289903652  18.2289823848  18.2289116772  18.2283509919  18.2244146557  18.2002776461  18.0732769022  17.5135762803  15.5194964421  10.0971648442  
2.15453878401  3.36535270905  3.82863276964  3.96247882027  3.99346113666  3.9994277229  4.00040881041  4.00054918703  4.00056691985  4.00056892029  4.00056912369  4.00056914248  4.00056914406  4.00056914419  4.00056914419  4.00056914406  4.00056914248  4.00056912369  4.00056892029  4.00056691985  4.00054918703  4.00040881041  3.9994277229  3.99346113666  3.96247882027  3.82863276964  3.36535270905  2.15453878401  
0.395940949159  0.62448759898  0.714137742864  0.740525054532  0.746711692789  0.747912832323  0.748111228597  0.748139664284  0.748143254647  0.748143658776  0.748143699719  0.748143703482  0.748143703798  0.748143703822  0.748143703822  0.748143703798  0.748143703482  0.748143699719  0.748143658776  0.748143254647  0.748139664284  0.748111228597  0.747912832323  0.746711692789  0.740525054532  0.714137742864  0.62448759898  0.395940949159  
0.0634672239222  0.100708852839  0.11554989172  0.119969908961  0.121014275228  0.121217930605  0.121251625396  0.121256452419  0.121257060531  0.121257128731  0.121257135607  0.121257136235  0.121257136288  0.121257136292  0.121257136292  0.121257136288  0.121257136235  0.121257135607  0.121257128731  0.121257060531  0.121256452419  0.121251625396  0.121217930605  0.121014275228  0.119969908961  0.11554989172  0.100708852839  0.0634672239222  
0.00897697516298  0.0142987214045  0.0164404953991  0.0170828846362  0.0172352962724  0.017265064113  0.0172699866286  0.0172706902336  0.0172707785506  0.0172707884075  0.0172707893955  0.0172707894852  0.0172707894926  0.0172707894932  0.0172707894932  0.0172707894926  0.0172707894852  0.0172707893955  0.0172707884075  0.0172707785506  0.0172706902336  0.0172699866286  0.017265064113  0.0172352962724  0.0170828846362  0.0164404953991  0.0142987214045  0.00897697516298  
0.00113176971467  0.00180692863182  0.00208023495186  0.00216251038764  0.00218205858252  0.00218587438988  0.00218650396318  0.00218659362314  0.00218660482302  0.00218660606575  0.00218660618949  0.00218660620064  0.00218660620156  0.00218660620163  0.00218660620163  0.00218660620156  0.00218660620064  0.00218660618949  0.00218660606575  0.00218660482302  0.00218659362314  0.00218650396318  0.00218587438988  0.00218205858252  0.00216251038764  0.00208023495186  0.00180692863182  0.00113176971467  
0.000128297686023  0.000205109527166  0.000236294420576  0.000245693250511  0.000247924918535  0.000248359554125  0.000248431003731  0.000248441130187  0.000248442387794  0.00024844252641  0.00024844254011  0.000248442541334  0.000248442541434  0.000248442541441  0.000248442541441  0.000248442541434  0.000248442541334  0.00024844254011  0.00024844252641  0.000248442387794  0.000248441130187  0.000248431003731  0.000248359554125  0.000247924918535  0.000245693250511  0.000236294420576  0.000205109527166  0.000128297686023  
1.3175673906e-05  2.10773997671e-05  2.42880123119e-05  2.52549502718e-05  2.54840218443e-05  2.55284740783e-05  2.55357466308e-05  2.55367714053e-05  2.55368978281e-05  2.55369116598e-05  2.55369130159e-05  2.55369131361e-05  2.55369131458e-05  2.55369131465e-05  2.55369131465e-05  2.55369131458e-05  2.55369131361e-05  2.55369130159e-05  2.55369116598e-05  2.55368978281e-05  2.55367714053e-05  2.55357466308e-05  2.55284740783e-05  2.54840218443e-05  2.52549502718e-05  2.42880123119e-05  2.10773997671e-05  1.3175673906e-05  
1.23377702083e-06  1.97392995614e-06  2.27442381035e-06  2.36472223037e-06  2.38603828448e-06  2.39015521761e-06  2.39082490505e-06  2.3909186482e-06  2.39093012798e-06  2.3909313739e-06  2.39093149501e-06  2.39093150564e-06  2.39093150649e-06  2.39093150655e-06  2.39093150655e-06  2.39093150649e-06  2.39093150564e-06  2.39093149501e-06  2.3909313739e-06  2.39093012798e-06  2.3909186482e-06  2.39082490505e-06  2.39015521761e-06  2.38603828448e-06  2.36472223037e-06  2.27442381035e-06  1.97392995614e-06  1.23377702083e-06  
1.05938820937e-07  1.69444972391e-07  1.95174343991e-07  2.02879634969e-07  2.04690180535e-07  2.05037892083e-07  2.05094083707e-07  2.05101892008e-07  2.05102840587e-07  2.05102942656e-07  2.05102952486e-07  2.05102953341e-07  2.05102953409e-07  2.05102953414e-07  2.05102953414e-07  2.05102953409e-07  2.05102953341e-07  2.05102952486e-07  2.05102942656e-07  2.05102840587e-07  2.05101892008e-07  2.05094083707e-07  2.05037892083e-07  2.04690180535e-07  2.02879634969e-07  1.95174343991e-07  1.69444972391e-07  1.05938820937e-07  
8.38227916332e-09  1.33992052783e-08  1.54255333054e-08  1.60297048271e-08  1.61708904202e-08  1.61978306671e-08  1.62021528744e-08  1.62027487261e-08  1.62028204949e-08  1.62028281473e-08  1.62028288773e-08  1.62028289402e-08  1.62028289451e-08  1.62028289454e-08  1.62028289454e-08  1.62028289451e-08  1.62028289402e-08  1.62028288773e-08  1.62028281473e-08  1.62028204949e-08  1.62027487261e-08  1.62021528744e-08  1.61978306671e-08  1.61708904202e-08  1.60297048271e-08  1.54255333054e-08  1.33992052783e-08  8.38227916332e-09  
6.1380552244e-10  9.80352739231e-10  1.12782101469e-09  1.17156161437e-09  1.18171938155e-09  1.18364387577e-09  1.18395021828e-09  1.18399209263e-09  1.18399709075e-09  1.18399761861e-09  1.18399766846e-09  1.1839976727e-09  1.18399767303e-09  1.18399767306e-09  1.18399767306e-09  1.18399767303e-09  1.1839976727e-09  1.18399766846e-09  1.18399761861e-09  1.18399709075e-09  1.18399209263e-09  1.18395021828e-09  1.18364387577e-09  1.18171938155e-09  1.17156161437e-09  1.12782101469e-09  9.80352739231e-10  6.1380552244e-10  
4.17555760265e-11  6.66210006732e-11  7.65786587574e-11  7.95147970575e-11  8.01919571119e-11  8.03192660288e-11  8.03393616205e-11  8.034208391e-11  8.03424057628e-11  8.03424394153e-11  8.03424425605e-11  8.03424428256e-11  8.03424428459e-11  8.03424428473e-11  8.03424428473e-11  8.03424428459e-11  8.03424428256e-11  8.03424425605e-11  8.03424394153e-11  8.03424057628e-11  8.034208391e-11  8.03393616205e-11  8.03192660288e-11  8.01919571119e-11  7.95147970575e-11  7.65786587574e-11  6.66210006732e-11  4.17555760265e-11  
2.64776878247e-12  4.21935857342e-12  4.84544286839e-12  5.02885285073e-12  5.07083757505e-12  5.07866607224e-12  5.07989085712e-12  5.08005521475e-12  5.08007445424e-12  5.0800764451e-12  5.08007662917e-12  5.08007664451e-12  5.08007664567e-12  5.08007664575e-12  5.08007664575e-12  5.08007664567e-12  5.08007664451e-12  5.08007662917e-12  5.0800764451e-12  5.08007445424e-12  5.08005521475e-12  5.07989085712e-12  5.07866607224e-12  5.07083757505e-12  5.02885285073e-12  4.84544286839e-12  4.21935857342e-12  2.64776878247e-12  
1.56976710166e-13  2.49808126594e-13  2.86578131641e-13  2.972741824e-13  2.99703164793e-13  3.00152141754e-13  3.00221732534e-13  3.00230979463e-13  3.00232050765e-13  3.00232160433e-13  3.0023217046e-13  3.00232171286e-13  3.00232171348e-13  3.00232171352e-13  3.00232171352e-13  3.00232171348e-13  3.00232171286e-13  3.0023217046e-13  3.00232160433e-13  3.00232050765e-13  3.00230979463e-13  3.00221732534e-13  3.00152141754e-13  2.99703164793e-13  2.972741824e-13  2.86578131641e-13  2.49808126594e-13  1.56976710166e-13  
8.72470799848e-15  1.38634263821e-14  1.58862452881e-14  1.64702540454e-14  1.66017623211e-14  1.6625848964e-14  1.66295461549e-14  1.66300324109e-14  1.66300881461e-14  1.66300937886e-14  1.66300942986e-14  1.66300943402e-14  1.66300943432e-14  1.66300943434e-14  1.66300943434e-14  1.66300943432e-14  1.66300943402e-14  1.66300942986e-14  1.66300937886e-14  1.66300881461e-14  1.66300324109e-14  1.66295461549e-14  1.6625848964e-14  1.66017623211e-14  1.64702540454e-14  1.58862452881e-14  1.38634263821e-14  8.72470799848e-15  
4.55700750038e-16  7.22931930116e-16  8.27430658651e-16  8.57361435791e-16  8.64041821967e-16  8.65253740598e-16  8.65437890166e-16  8.65461853793e-16  8.65464570336e-16  8.65464842221e-16  8.65464866506e-16  8.65464868459e-16  8.65464868601e-16  8.65464868611e-16  8.65464868611e-16  8.65464868601e-16  8.65464868459e-16  8.65464866506e-16  8.65464842221e-16  8.65464570336e-16  8.65461853793e-16  8.65437890166e-16  8.65253740598e-16  8.64041821967e-16  8.57361435791e-16  8.27430658651e-16  7.22931930116e-16  4.55700750038e-16  
2.24166907349e-17  3.55010885863e-17  4.05818995466e-17  4.20250505101e-17  4.23441863706e-17  4.24015098898e-17  4.24101292495e-17  4.24112386669e-17  4.24113630075e-17  4.24113753063e-17  4.24113763916e-17  4.24113764778e-17  4.2411376484e-17  4.24113764844e-17  4.24113764844e-17  4.2411376484e-17  4.24113764778e-17  4.24113763916e-17  4.24113753063e-17  4.24113630075e-17  4.24112386669e-17  4.24101292495e-17  4.24015098898e-17  4.23441863706e-17  4.20250505101e-17  4.05818995466e-17  3.55010885863e-17  2.24166907349e-17  
1.04060487993e-18  1.64500372699e-18  1.87797600281e-18  1.94357448101e-18  1.95794190682e-18  1.96049617991e-18  1.96087611144e-18  1.96092446397e-18  1.96092982009e-18  1.96093034351e-18  1.96093038912e-18  1.9609303927e-18  1.96093039296e-18  1.96093039297e-18  1.96093039297e-18  1.96093039296e-18  1.9609303927e-18  1.96093038912e-18  1.96093034351e-18  1.96092982009e-18  1.96092446397e-18  1.96087611144e-18  1.96049617991e-18  1.95794190682e-18  1.94357448101e-18  1.87797600281e-18  1.64500372699e-18  1.04060487993e-18  
4.56670791668e-20  7.20537341819e-20  8.21467681921e-20  8.49630141795e-20  8.55737124984e-20  8.56811359951e-20  8.56969371981e-20  8.56989249335e-20  8.56991424874e-20  8.56991634855e-20  8.56991652924e-20  8.56991654322e-20  8.5699165442e-20  8.56991654426e-20  8.56991654426e-20  8.5699165442e-20  8.56991654322e-20  8.56991652924e-20  8.56991634855e-20  8.56991424874e-20  8.56989249335e-20  8.56969371981e-20  8.56811359951e-20  8.55737124984e-20  8.49630141795e-20  8.21467681921e-20  7.20537341819e-20  4.56670791668e-20  
1.89772773506e-21  2.98829282979e-21  3.40211021485e-21  3.51649623184e-21  3.54104650557e-21  3.54531792208e-21  3.54593904483e-21  3.5460162533e-21  3.54602460005e-21  3.5460253955e-21  3.54602546306e-21  3.54602546822e-21  3.54602546858e-21  3.5460254686e-21  3.5460254686e-21  3.54602546858e-21  3.54602546822e-21  3.54602546306e-21  3.5460253955e-21  3.54602460005e-21  3.5460162533e-21  3.54593904483e-21  3.54531792208e-21  3.54104650557e-21  3.51649623184e-21  3.40211021485e-21  2.98829282979e-21  1.89772773506e-21  
7.47869373778e-23  1.17521313848e-22  1.3360268391e-22  1.38004830798e-22  1.38939669774e-22  1.39100496693e-22  1.39123609057e-22  1.39126447096e-22  1.39126750055e-22  1.39126778554e-22  1.39126780943e-22  1.39126781122e-22  1.39126781135e-22  1.39126781135e-22  1.39126781135e-22  1.39126781135e-22  1.39126781122e-22  1.39126780943e-22  1.39126778554e-22  1.39126750055e-22  1.39126447096e-22  1.39123609057e-22  1.39100496693e-22  1.38939669774e-22  1.38004830798e-22  1.3360268391e-22  1.17521313848e-22  7.47869373778e-23  
2.79879365614e-24  4.3886460408e-24  4.98179571307e-24  5.14254518406e-24  5.17631093649e-24  5.18205304597e-24  5.18286832338e-24  5.18296718676e-24  5.18297760477e-24  5.18297857183e-24  5.18297865178e-24  5.18297865772e-24  5.18297865812e-24  5.18297865814e-24  5.18297865814e-24  5.18297865812e-24  5.18297865772e-24  5.18297865178e-24  5.18297857183e-24  5.18297760477e-24  5.18296718676e-24  5.18286832338e-24  5.18205304597e-24  5.17631093649e-24  5.14254518406e-24  4.98179571307e-24  4.3886460408e-24  2.79879365614e-24  
9.95888928546e-26  1.55814431744e-25  1.76605634447e-25  1.82182351854e-25  1.83340672893e-25  1.83535328273e-25  1.83562625519e-25  1.83565893472e-25  1.83566233316e-25  1.83566264437e-25  1.83566266974e-25  1.83566267159e-25  1.83566267172e-25  1.83566267172e-25  1.83566267172e-25  1.83566267172e-25  1.83566267159e-25  1.83566266974e-25  1.83566264437e-25  1.83566233316e-25  1.83565893472e-25  1.83562625519e-25  1.83535328273e-25  1.83340672893e-25  1.82182351854e-25  1.76605634447e-25  1.55814431744e-25  9.95888928546e-26  
3.36986271898e-27  5.26038292052e-27  5.95309533945e-27  6.13693847269e-27  6.17468715855e-27  6.18095420215e-27  6.18182199305e-27  6.18192453009e-27  6.18193505023e-27  6.18193600032e-27  6.18193607668e-27  6.18193608219e-27  6.18193608255e-27  6.18193608257e-27  6.18193608257e-27  6.18193608255e-27  6.18193608219e-27  6.18193607668e-27  6.18193600032e-27  6.18193505023e-27  6.18192453009e-27  6.18182199305e-27  6.18095420215e-27  6.17468715855e-27  6.13693847269e-27  5.95309533945e-27  5.26038292052e-27  3.36986271898e-27  
