1000.0  1000.0  1000.0  1000.0  1000.0  1000.0  1000.0  1000.0  1000.0  1000.0  1000.0  1000.0  1000.0  1000.0  1000.0  1000.0  1000.0  1000.0  1000.0  1000.0  1000.0  1000.0  1000.0  1000.0  1000.0  1000.0  1000.0  1000.0  
288.74789419  472.947806851  583.067891587  649.563964821  690.825081081  717.111687845  734.196926334  745.443566898  752.88855469  757.808231546  761.021186197  763.056490063  764.25010547  764.800716017  764.800716017  764.25010547  763.056490063  761.021186197  757.808231546  752.88855469  745.443566898  734.196926334  717.111687845  690.825081081  649.563964821  583.067891587  472.947806851  288.74789419  
189.536304793  337.220233534  441.280381373  511.977014717  559.545449479  591.562684141  613.167632282  627.763720901  637.604981672  644.194610365  648.539675177  651.311184673  652.94422488  653.699628019  653.699628019  652.94422488  651.311184673  648.539675177  644.194610365  637.604981672  627.763720901  613.167632282  591.562684141  559.545449479  511.977014717  441.280381373  337.220233534  189.536304793  
133.000922028  246.746150521  335.257212548  400.640791744  447.600106237  480.800133106  504.038116064  520.170473271  531.270947558  538.818104818  543.851858629  547.089810762  549.008871179  549.899662974  549.899662974  549.008871179  547.089810762  543.851858629  538.818104818  531.270947558  520.170473271  504.038116064  480.800133106  447.600106237  400.640791744  335.257212548  246.746150521  133.000922028  
96.7381525478  183.517913289  255.32505507  311.583211062  354.083802437  385.3989827  408.05143906  424.190488084  435.523547768  443.352010693  448.637769293  452.069315917  454.116373166  455.070285557  455.070285557  454.116373166  452.069315917  448.637769293  443.352010693  435.523547768  424.190488084  408.05143906  385.3989827  354.083802437  311.583211062  255.32505507  183.517913289  96.7381525478  
71.585011844  137.539680493  194.296836854  240.64665606  277.039431078  304.773036381  325.412739082  340.467083921  351.242947676  358.802532718  363.969808561  367.356227966  369.390041495  370.341658619  370.341658619  369.390041495  367.356227966  363.969808561  358.802532718  351.242947676  340.467083921  325.412739082  304.773036381  277.039431078  240.64665606  194.296836854  137.539680493  71.585011844  
53.2862434875  103.18034179  147.243034864  184.306490325  214.274985753  237.739914648  255.626043926  268.943756169  278.644156472  285.548610599  290.324040965  293.482671517  295.39241407  296.289634034  296.289634034  295.39241407  293.482671517  290.324040965  285.548610599  278.644156472  268.943756169  255.626043926  237.739914648  214.274985753  184.306490325  147.243034864  103.18034179  53.2862434875  
39.617521752  77.1012303332  110.795968495  139.75319016  163.69853003  182.858112103  197.756685081  209.049001616  217.402641912  223.427690693  227.640947039  230.45222769  232.162909451  232.969788557  232.969788557  232.162909451  230.45222769  227.640947039  223.427690693  217.402641912  209.049001616  197.756685081  182.858112103  163.69853003  139.75319016  110.795968495  77.1012303332  39.617521752  
29.2825416255  57.184790703  82.5832468305  104.759730963  123.417844833  138.608161092  150.616979399  159.858312021  166.788269566  171.846150904  175.418794831  177.822057333  179.293290467  179.989820956  179.989820956  179.293290467  177.822057333  175.418794831  171.846150904  166.788269566  159.858312021  150.616979399  138.608161092  123.417844833  104.759730963  82.5832468305  57.184790703  29.2825416255  
21.448186982  41.9883870272  60.8573591709  77.5308970839  91.749430237  103.487883372  112.895538713  120.229148998  125.79388486  129.898302987  132.823844428  134.806452964  136.026926145  136.606740299  136.606740299  136.026926145  134.806452964  132.823844428  129.898302987  125.79388486  120.229148998  112.895538713  103.487883372  91.749430237  77.5308970839  60.8573591709  41.9883870272  21.448186982  
15.5327972216  30.4631257885  44.2730774012  56.5888267718  67.2033786333  76.0659142908  83.2496463226  88.9111971095  93.2512928273  96.4822183982  98.8038514252  100.387764884  101.367746755  101.834786061  101.834786061  101.367746755  100.387764884  98.8038514252  96.4822183982  93.2512928273  88.9111971095  83.2496463226  76.0659142908  67.2033786333  56.5888267718  44.2730774012  30.4631257885  15.5327972216  
11.1037880174  21.8067919429  31.7588673243  40.698092163  48.4681152816  55.0155729405  60.3730378536  64.6346280328  67.9304520733  70.4039614425  72.1941372536  73.4228159709  74.1864866703  74.5514825307  74.5514825307  74.1864866703  73.4228159709  72.1941372536  70.4039614425  67.9304520733  64.6346280328  60.3730378536  55.0155729405  48.4681152816  40.698092163  31.7588673243  21.8067919429  11.1037880174  
7.82572120983  15.3853442046  22.4435883152  28.8197348122  34.399979103  39.1378705312  43.0453279613  46.1780954987  48.6194016955  50.4646267696  51.8085796817  52.7359390807  53.3146912066  53.5920210706  53.5920210706  53.3146912066  52.7359390807  51.8085796817  50.4646267696  48.6194016955  46.1780954987  43.0453279613  39.1378705312  34.399979103  28.8197348122  22.4435883152  15.3853442046  7.82572120983  
5.43262030989  10.6895129038  15.6138783984  20.0828331051  24.0158671564  27.3761636007  30.1658984086  32.4176089707  34.1838774141  35.527170413  36.5110269489  37.1931417585  37.6203981276  37.8256079442  37.8256079442  37.6203981276  37.1931417585  36.5110269489  35.527170413  34.1838774141  32.4176089707  30.1658984086  27.3761636007  24.0158671564  20.0828331051  15.6138783984  10.6895129038  5.43262030989  
3.71211686271  7.30910954529  10.6875244356  13.7650093381  16.4859546433  18.8228482516  20.7738383806  22.3576313321  23.6070477615  24.5624095103  25.2655878609  25.7551621324  26.062816097  26.2108871701  26.2108871701  26.062816097  25.7551621324  25.2655878609  24.5624095103  23.6070477615  22.3576313321  20.7738383806  18.8228482516  16.4859546433  13.7650093381  10.6875244356  7.30910954529  3.71211686271  
2.49533150351  4.91599370618  7.19451003164  9.27649991806  11.1243651866  12.7184029317  14.055555619  15.1464071986  16.01119811  16.6755886165  17.1667255432  17.5099466614  17.7262554791  17.8305550592  17.8305550592  17.7262554791  17.5099466614  17.1667255432  16.6755886165  16.01119811  15.1464071986  14.055555619  12.7184029317  11.1243651866  9.27649991806  7.19451003164  4.91599370618  2.49533150351  
1.6494944145  3.25111655317  4.76141048021  6.14500515378  7.37698137547  8.44369688747  9.34215424159  10.0782404509  10.6642865581  11.1163933135  11.4518823349  11.6871070083  11.83573463  11.9075175169  11.9075175169  11.83573463  11.6871070083  11.4518823349  11.1163933135  10.6642865581  10.0782404509  9.34215424159  8.44369688747  7.37698137547  6.14500515378  4.76141048021  3.25111655317  1.6494944145  
1.07189837895  2.11349560826  3.09718486062  4.00031310102  4.80667632181  5.50709491684  6.09909951928  6.5859050615  6.97493123167  7.27613833354  7.50040551307  7.65810862344  7.75798187936  7.80628837821  7.80628837821  7.75798187936  7.65810862344  7.50040551307  7.27613833354  6.97493123167  6.5859050615  6.09909951928  5.50709491684  4.80667632181  4.00031310102  3.09718486062  2.11349560826  1.07189837895  
0.684595598364  1.35027434895  1.97974923737  2.5587402865  3.07690437283  3.52821965226  3.91083280033  4.22646498069  4.47952430945  4.67608489327  4.82287281333  4.92636117294  4.99203359504  5.023839302  5.023839302  4.99203359504  4.92636117294  4.82287281333  4.67608489327  4.47952430945  4.22646498069  3.91083280033  3.52821965226  3.07690437283  2.5587402865  1.97974923737  1.35027434895  0.684595598364  
0.429650861933  0.847662516091  1.24337168462  1.60792076401  1.93482709598  2.22023142958  2.46282566698  2.66351151374  2.82487401318  2.95056404577  3.04467501013  3.1111781838  3.15345670274  3.17395633901  3.17395633901  3.15345670274  3.1111781838  3.04467501013  2.95056404577  2.82487401318  2.66351151374  2.46282566698  2.22023142958  1.93482709598  1.60792076401  1.24337168462  0.847662516091  0.429650861933  
0.264934914058  0.52281607815  0.767167432826  0.992584246924  1.19507624396  1.37222379535  1.52314494708  1.64830095606  1.749187691  1.82796751526  1.88709250064  1.9289587405  1.95561762848  1.96855716286  1.96855716286  1.95561762848  1.9289587405  1.88709250064  1.82796751526  1.749187691  1.64830095606  1.52314494708  1.37222379535  1.19507624396  0.992584246924  0.767167432826  0.52281607815  0.264934914058  
0.160489743966  0.316771089143  0.464973309485  0.601853098809  0.724998148136  0.832922961614  0.925054522602  1.00162257301  1.06348097655  1.11189148077  1.14829972327  1.17412747371  1.19059734486  1.19859880373  1.19859880373  1.19059734486  1.17412747371  1.14829972327  1.11189148077  1.06348097655  1.00162257301  0.925054522602  0.832922961614  0.724998148136  0.601853098809  0.464973309485  0.316771089143  0.160489743966  
0.0954860345778  0.188501580819  0.276770859814  0.358380458757  0.431898182775  0.496430522805  0.551616852076  0.597568176145  0.634765090182  0.663932667922  0.685909518024  0.701525188674  0.711495830609  0.716343822259  0.716343822259  0.711495830609  0.701525188674  0.685909518024  0.663932667922  0.634765090182  0.597568176145  0.551616852076  0.496430522805  0.431898182775  0.358380458757  0.276770859814  0.188501580819  0.0954860345778  
0.0557601607308  0.110094625255  0.161688314907  0.209432295698  0.252492004795  0.290340975359  0.322758748914  0.349797090314  0.371722528349  0.388945116827  0.401943206201  0.411192441243  0.417104882022  0.419981794763  0.419981794763  0.417104882022  0.411192441243  0.401943206201  0.388945116827  0.371722528349  0.349797090314  0.322758748914  0.290340975359  0.252492004795  0.209432295698  0.161688314907  0.110094625255  0.0557601607308  
0.0318848241054  0.0629628253534  0.0924889316242  0.119833279283  0.144519632531  0.166244721685  0.184877658896  0.200441572885  0.213081795687  0.223026036689  0.230542002257  0.235897118857  0.23932377858  0.24099223612  0.24099223612  0.23932377858  0.235897118857  0.230542002257  0.223026036689  0.213081795687  0.200441572885  0.184877658896  0.166244721685  0.144519632531  0.119833279283  0.0924889316242  0.0629628253534  0.0318848241054  
0.0177031923872  0.0349623869165  0.0513671737045  0.0665698670518  0.0803065533078  0.0924078422504  0.102798815763  0.111489268559  0.118556530767  0.124123786646  0.128336852935  0.131341981442  0.133266602989  0.134204239942  0.134204239942  0.133266602989  0.131341981442  0.128336852935  0.124123786646  0.118556530767  0.111489268559  0.102798815763  0.0924078422504  0.0803065533078  0.0665698670518  0.0513671737045  0.0349623869165  0.0177031923872  
0.00924364699574  0.018257109938  0.0268274565541  0.0347739952443  0.0419591464029  0.0482940586408  0.0537386907521  0.0582968936187  0.062007640884  0.0649338876384  0.0671505763568  0.0687331193383  0.0697473654943  0.0702417101211  0.0702417101211  0.0697473654943  0.0687331193383  0.0671505763568  0.0649338876384  0.062007640884  0.0582968936187  0.0537386907521  0.0482940586408  0.0419591464029  0.0347739952443  0.0268274565541  0.018257109938  0.00924364699574  
0.00392930584976  0.00776123042367  0.0114056456725  0.0147859851521  0.0178438314592  0.0205413036019  0.0228611217013  0.0248045658486  0.0263878045059  0.0276372093663  0.0285842944665  0.0292608416489  0.0296946425157  0.0299061417255  0.0299061417255  0.0296946425157  0.0292608416489  0.0285842944665  0.0276372093663  0.0263878045059  0.0248045658486  0.0228611217013  0.0205413036019  0.0178438314592  0.0147859851521  0.0114056456725  0.00776123042367  0.00392930584976  
