1000.0  1000.0  1000.0  1000.0  1000.0  1000.0  1000.0  1000.0  1000.0  1000.0  1000.0  1000.0  1000.0  1000.0  1000.0  1000.0  1000.0  1000.0  1000.0  1000.0  1000.0  1000.0  1000.0  1000.0  1000.0  1000.0  1000.0  1000.0  
282.182504992  459.9947859  564.068231188  624.994883332  661.264206809  683.197070214  696.587654042  704.785170387  709.786234035  712.809572316  714.608690984  715.64917455  716.212687395  716.458555278  716.458555278  716.212687395  715.64917455  714.608690984  712.809572316  709.786234035  704.785170387  696.587654042  683.197070214  661.264206809  624.994883332  564.068231188  459.9947859  282.182504992  
180.344523528  319.085322461  414.679346805  477.57746851  518.155545299  544.075213335  560.504957783  570.82938819  577.246260464  581.178295931  583.541613274  584.918475448  585.668052051  585.996139566  585.996139566  585.668052051  584.918475448  583.541613274  581.178295931  577.246260464  570.82938819  560.504957783  544.075213335  518.155545299  477.57746851  414.679346805  319.085322461  180.344523528  
121.871190871  224.787399797  303.046349697  358.985320091  397.47764154  423.290851032  440.25819449  451.213583658  458.16293909  462.487703418  465.117951387  466.664062677  467.51119879  467.883456509  467.883456509  467.51119879  466.664062677  465.117951387  462.487703418  458.16293909  451.213583658  440.25819449  423.290851032  397.47764154  358.985320091  303.046349697  224.787399797  121.871190871  
84.4434666714  159.260212857  219.740685976  265.562974039  298.706330577  321.856313785  337.575658749  347.989214073  354.729927436  358.992352748  361.617452041  363.175604579  364.035427603  364.414936095  364.414936095  364.035427603  363.175604579  361.617452041  358.992352748  354.729927436  347.989214073  337.575658749  321.856313785  298.706330577  265.562974039  219.740685976  159.260212857  84.4434666714  
58.8939752353  112.499322551  157.562827927  193.136975307  219.8658372  239.164486384  252.639877175  261.775792885  267.802806026  271.673402536  274.087232819  275.534246587  276.338639881  276.695330282  276.695330282  276.338639881  275.534246587  274.087232819  271.673402536  267.802806026  261.775792885  252.639877175  239.164486384  219.8658372  193.136975307  157.562827927  112.499322551  58.8939752353  
40.8858030036  78.7126067431  111.347295221  137.877937401  158.39802883  173.613635646  184.49065729  192.015850878  197.066415763  200.357164725  202.434133989  203.69130723  204.395281459  204.708890979  204.708890979  204.395281459  203.69130723  202.434133989  200.357164725  197.066415763  192.015850878  184.49065729  173.613635646  158.39802883  137.877937401  111.347295221  78.7126067431  40.8858030036  
28.0575971039  54.2911499121  77.3302294198  96.4644166177  111.595605401  123.056988115  131.412085005  137.294232592  141.302811022  143.949270759  145.638345843  146.670141745  147.251970217  147.512329234  147.512329234  147.251970217  146.670141745  145.638345843  143.949270759  141.302811022  137.294232592  131.412085005  123.056988115  111.595605401  96.4644166177  77.3302294198  54.2911499121  28.0575971039  
18.9472813075  36.7904216977  52.6598161842  66.049753998  76.8212885953  85.1208868652  91.2699414024  95.6639281761  98.6986829786  100.726020406  102.033217905  102.838561296  103.295688375  103.501114064  103.501114064  103.295688375  102.838561296  102.033217905  100.726020406  98.6986829786  95.6639281761  91.2699414024  85.1208868652  76.8212885953  66.049753998  52.6598161842  36.7904216977  18.9472813075  
12.5530696496  24.4350620972  35.1006163779  44.207977244  51.6329576068  57.4331745393  61.7885213753  64.9403792981  67.1427100595  68.629444334  69.5969373736  70.1976531994  70.5407083271  70.6954807926  70.6954807926  70.5407083271  70.1976531994  69.5969373736  68.629444334  67.1427100595  64.9403792981  61.7885213753  57.4331745393  51.6329576068  44.207977244  35.1006163779  24.4350620972  12.5530696496  
8.14251858481  15.8787072079  22.8710994344  28.8970812305  33.8620200817  37.7839450074  40.7618709845  42.9401771899  44.4776497831  45.5251793451  46.2124997177  46.6422768974  46.8890797638  47.0008312955  47.0008312955  46.8890797638  46.6422768974  46.2124997177  45.5251793451  44.4776497831  42.9401771899  40.7618709845  37.7839450074  33.8620200817  28.8970812305  22.8710994344  15.8787072079  8.14251858481  
5.16351814815  10.0833072205  14.5537591809  18.4341704326  21.6584043845  24.2285620665  26.1982767488  27.6522834281  28.6875053216  29.3985726315  29.8685614033  30.1643126405  30.335007373  30.4125529309  30.4125529309  30.335007373  30.1643126405  29.8685614033  29.3985726315  28.6875053216  27.6522834281  26.1982767488  24.2285620665  21.6584043845  18.4341704326  14.5537591809  10.0833072205  5.16351814815  
3.19795029979  6.25165632417  9.03802058826  11.4704892073  13.5054539635  15.1397779813  16.4020540761  17.3410977676  18.0147225362  18.4807138843  18.790725169  18.9869178379  19.1006668113  19.152496913  19.152496913  19.1006668113  18.9869178379  18.790725169  18.4807138843  18.0147225362  17.3410977676  16.4020540761  15.1397779813  13.5054539635  11.4704892073  9.03802058826  6.25165632417  3.19795029979  
1.93300142424  3.78202338546  5.47476699722  6.95934126124  8.20825162167  9.21751877693  10.0021411786  10.5897218757  11.013974503  11.3092882273  11.5068856652  11.6325718485  11.7057400232  11.739169262  11.739169262  11.7057400232  11.6325718485  11.5068856652  11.3092882273  11.013974503  10.5897218757  10.0021411786  9.21751877693  8.20825162167  6.95934126124  5.47476699722  3.78202338546  1.93300142424  
1.13978010793  2.23156518771  3.23375388952  4.11600857153  4.86163437884  5.46731960201  5.94080174351  6.2973956162  6.55632382588  6.73754261876  6.8594162522  6.937287433  6.98278590113  7.00362371538  7.00362371538  6.98278590113  6.937287433  6.8594162522  6.73754261876  6.55632382588  6.2973956162  5.94080174351  5.46731960201  4.86163437884  4.11600857153  3.23375388952  2.23156518771  1.13978010793  
0.655399759376  1.28391607635  1.86212131858  2.37271486009  2.80589343703  3.15931125063  3.43689194864  3.64696888805  3.80025802317  3.90805568957  3.98087878774  4.02759649475  4.05498191464  4.06755140266  4.06755140266  4.05498191464  4.02759649475  3.98087878774  3.90805568957  3.80025802317  3.64696888805  3.43689194864  3.15931125063  2.80589343703  2.37271486009  1.86212131858  1.28391607635  0.655399759376  
0.367461720001  0.72018193954  1.04525864629  1.33306748374  1.57802739147  1.77862398977  1.93681200618  2.05703638045  2.14513705617  2.20735266989  2.24955025448  2.27671798808  2.29268995969  2.30003512328  2.30003512328  2.29268995969  2.27671798808  2.24955025448  2.20735266989  2.14513705617  2.05703638045  1.93681200618  1.77862398977  1.57802739147  1.33306748374  1.04525864629  0.72018193954  0.367461720001  
0.200866095461  0.393825247133  0.571932833791  0.729965753798  0.864838383048  0.975634347248  1.06330991661  1.13018805487  1.17937963892  1.21424666335  1.23797865576  1.25330657547  1.26234142306  1.26650359849  1.26650359849  1.26234142306  1.25330657547  1.23797865576  1.21424666335  1.17937963892  1.13018805487  1.06330991661  0.975634347248  0.864838383048  0.729965753798  0.571932833791  0.393825247133  0.200866095461  
0.107051389891  0.209956741551  0.305064066729  0.389608031185  0.46193000706  0.521502817267  0.568785650935  0.604967461384  0.631667800477  0.650654771715  0.663618598364  0.6720154174  0.676976367153  0.67926534757  0.67926534757  0.676976367153  0.6720154174  0.663618598364  0.650654771715  0.631667800477  0.604967461384  0.568785650935  0.521502817267  0.46193000706  0.389608031185  0.305064066729  0.209956741551  0.107051389891  
0.0556286759937  0.109132913923  0.158636912927  0.202712262866  0.240491402217  0.271683657054  0.296505382874  0.315552346809  0.329648494547  0.339701366939  0.346584313621  0.351053777656  0.353699907456  0.354922539175  0.354922539175  0.353699907456  0.351053777656  0.346584313621  0.339701366939  0.329648494547  0.315552346809  0.296505382874  0.271683657054  0.240491402217  0.202712262866  0.158636912927  0.109132913923  0.0556286759937  
0.0281888267588  0.055314167318  0.0804350968911  0.102831702152  0.122062127261  0.13797198186  0.150661263379  0.160422152552  0.16766425317  0.172842259291  0.176396286036  0.178709328678  0.180081316284  0.180716031933  0.180716031933  0.180081316284  0.178709328678  0.176396286036  0.172842259291  0.16766425317  0.160422152552  0.150661263379  0.13797198186  0.122062127261  0.102831702152  0.0804350968911  0.055314167318  0.0281888267588  
0.0139313988079  0.0273427590507  0.0397731819885  0.0508686069381  0.0604097931041  0.0683174783475  0.0746369901916  0.0795085432444  0.0831311030161  0.0857270612777  0.0875127803815  0.088677319617  0.0893692260154  0.0896896794839  0.0896896794839  0.0893692260154  0.088677319617  0.0875127803815  0.0857270612777  0.0831311030161  0.0795085432444  0.0746369901916  0.0683174783475  0.0604097931041  0.0508686069381  0.0397731819885  0.0273427590507  0.0139313988079  
0.0067162719551  0.0131841576689  0.019183194017  0.0245434387682  0.0291588649362  0.0329900475732  0.0360571340576  0.0384259551571  0.0401909473189  0.0414583091476  0.0423318250184  0.0429025119075  0.0432420925913  0.043399526914  0.043399526914  0.0432420925913  0.0429025119075  0.0423318250184  0.0414583091476  0.0401909473189  0.0384259551571  0.0360571340576  0.0329900475732  0.0291588649362  0.0245434387682  0.019183194017  0.0131841576689  0.0067162719551  
0.00315889674527  0.00620192059956  0.00902609473971  0.0115518051882  0.013729058996  0.0155388251785  0.016989883735  0.0181124679482  0.0189503741453  0.0195531192221  0.0199692864723  0.0202416189315  0.0204038857038  0.0204791831602  0.0204791831602  0.0204038857038  0.0202416189315  0.0199692864723  0.0195531192221  0.0189503741453  0.0181124679482  0.016989883735  0.0155388251785  0.013729058996  0.0115518051882  0.00902609473971  0.00620192059956  0.00315889674527  
0.00144913559873  0.00284549629705  0.00414212951559  0.00530264218294  0.00630405413821  0.00713744263926  0.00780655762213  0.0083249745001  0.0087125318284  0.0089917666033  0.00918486835839  0.00931141431465  0.00938690667141  0.0094219663103  0.0094219663103  0.00938690667141  0.00931141431465  0.00918486835839  0.0089917666033  0.0087125318284  0.0083249745001  0.00780655762213  0.00713744263926  0.00630405413821  0.00530264218294  0.00414212951559  0.00284549629705  0.00144913559873  
0.000646735337007  0.00127006565311  0.00184914847935  0.00236779322287  0.00281572755213  0.00318889588807  0.00348886446149  0.00372157729565  0.00389578869045  0.00402148548997  0.00410853074458  0.00416564786699  0.00419975826202  0.00421561104492  0.00421561104492  0.00419975826202  0.00416564786699  0.00410853074458  0.00402148548997  0.00389578869045  0.00372157729565  0.00348886446149  0.00318889588807  0.00281572755213  0.00236779322287  0.00184914847935  0.00127006565311  0.000646735337007  
0.000276143784549  0.000542346900193  0.000789750147019  0.00101145906661  0.00120308206655  0.00136286159372  0.00149142819013  0.00159127877019  0.00166611532072  0.0017201760419  0.00175765742192  0.00178227878494  0.00179699610525  0.0018038401847  0.0018038401847  0.00179699610525  0.00178227878494  0.00175765742192  0.0017201760419  0.00166611532072  0.00159127877019  0.00149142819013  0.00136286159372  0.00120308206655  0.00101145906661  0.000789750147019  0.000542346900193  0.000276143784549  
0.000100839691582  0.00019806319278  0.000288445930478  0.000369475187249  0.000439545913592  0.000498009576093  0.000545086437336  0.000581677501095  0.000609125126733  0.000628970059677  0.000642740729793  0.000651793809506  0.00065720883528  0.000659728141865  0.000659728141865  0.00065720883528  0.000651793809506  0.000642740729793  0.000628970059677  0.000609125126733  0.000581677501095  0.000545086437336  0.000498009576093  0.000439545913592  0.000369475187249  0.000288445930478  0.00019806319278  0.000100839691582  
