1000.0  1000.0  1000.0  1000.0  1000.0  1000.0  1000.0  1000.0  1000.0  1000.0  1000.0  1000.0  1000.0  1000.0  1000.0  1000.0  1000.0  1000.0  1000.0  1000.0  1000.0  1000.0  1000.0  1000.0  1000.0  1000.0  1000.0  1000.0  
288.891520687  473.231945614  583.486511133  650.108488169  691.484891109  717.874711996  735.050240745  746.37396202  753.883013133  758.854282382  762.107115931  764.171406798  765.383867578  765.943748787  765.943748787  765.383867578  764.171406798  762.107115931  758.854282382  753.883013133  746.37396202  735.050240745  717.874711996  691.484891109  650.108488169  583.486511133  473.231945614  288.891520687  
189.740251748  337.623705168  441.87481286  512.750226596  560.482365292  592.64616075  614.379317768  629.084857763  639.017085389  645.679972509  650.081662987  652.894332155  654.5541315  655.322698319  655.322698319  654.5541315  652.894332155  650.081662987  645.679972509  639.017085389  629.084857763  614.379317768  592.64616075  560.482365292  512.750226596  441.87481286  337.623705168  189.740251748  
133.252770453  247.244386209  335.991258631  401.595607612  448.757073801  482.138082212  505.534383959  521.801896521  533.014700023  540.652318949  545.75599541  549.044772179  550.996875085  551.903921501  551.903921501  550.996875085  549.044772179  545.75599541  540.652318949  533.014700023  521.801896521  505.534383959  482.138082212  448.757073801  401.595607612  335.991258631  247.244386209  133.252770453  
97.0234117384  184.082245706  256.15648011  312.66469202  355.394250449  386.914418303  409.74619232  426.038322189  437.498608238  445.429529128  450.794482382  454.283592811  456.368073674  457.340395836  457.340395836  456.368073674  454.283592811  450.794482382  445.429529128  437.498608238  426.038322189  409.74619232  386.914418303  355.394250449  312.66469202  256.15648011  184.082245706  97.0234117384  
71.8884973002  138.140069789  195.181383146  241.7972331  278.433601441  306.385287391  327.215759761  342.432960489  353.344173488  361.012757014  366.264282251  369.71193909  371.785564301  372.756765876  372.756765876  371.785564301  369.71193909  366.264282251  361.012757014  353.344173488  342.432960489  327.215759761  306.385287391  278.433601441  241.7972331  195.181383146  138.140069789  71.8884973002  
53.5933944649  103.78798215  148.138262901  185.470959663  215.685986637  239.371624973  257.450821781  270.93334991  280.770726957  287.785489027  292.646180033  295.866782479  297.816813904  298.733852968  298.733852968  297.816813904  295.866782479  292.646180033  287.785489027  280.770726957  270.93334991  257.450821781  239.371624973  215.685986637  185.470959663  148.138262901  103.78798215  53.5933944649  
39.9155030526  77.6907296727  111.664468327  140.882890483  165.067397582  184.441094241  199.526963918  210.979168132  219.465687772  225.597743514  229.893708076  232.765104744  234.514868512  235.340972927  235.340972927  234.514868512  232.765104744  229.893708076  225.597743514  219.465687772  210.979168132  199.526963918  184.441094241  165.067397582  140.882890483  111.664468327  77.6907296727  39.9155030526  
29.5610230765  57.7357127262  83.3949099609  105.815498619  124.697124039  140.087537134  152.271388087  161.662137133  168.71626987  173.874147365  177.524079648  179.983518096  181.491271408  182.205766873  182.205766873  181.491271408  179.983518096  177.524079648  173.874147365  168.71626987  161.662137133  152.271388087  140.087537134  124.697124039  105.815498619  83.3949099609  57.7357127262  29.5610230765  
21.6997539051  42.4860632552  61.5905748918  78.4846221809  92.9050604192  104.824265377  114.390029475  121.858607187  127.535508426  131.730250001  134.725602585  136.75895168  138.012411124  138.608451742  138.608451742  138.012411124  136.75895168  134.725602585  131.730250001  127.535508426  121.858607187  114.390029475  104.824265377  92.9050604192  78.4846221809  61.5905748918  42.4860632552  21.6997539051  
15.7530037376  30.8987609965  44.9148880941  57.4236551246  68.2149380547  77.2356870254  84.5578107749  90.3374959365  94.7757661816  98.0857474265  100.468481704  102.096804491  103.105656374  103.586897188  103.586897188  103.105656374  102.096804491  100.468481704  98.0857474265  94.7757661816  90.3374959365  84.5578107749  77.2356870254  68.2149380547  57.4236551246  44.9148880941  30.8987609965  15.7530037376  
11.2909120182  22.1769793992  32.3042542203  41.407496161  49.3276951856  56.0095916355  61.4846504917  65.8466198552  69.2258615963  71.7665423511  73.6086332431  74.8750440321  75.6632436199  76.040305437  76.040305437  75.6632436199  74.8750440321  73.6086332431  71.7665423511  69.2258615963  65.8466198552  61.4846504917  56.0095916355  49.3276951856  41.407496161  32.3042542203  22.1769793992  11.2909120182  
7.98030900773  15.6911648243  22.8941442438  29.4057869109  35.1100915598  39.9590413111  43.9636401058  47.1793267893  49.6895395733  51.5902499603  52.9770852442  53.9356111669  54.5346237653  54.8219198289  54.8219198289  54.5346237653  53.9356111669  52.9770852442  51.5902499603  49.6895395733  47.1793267893  43.9636401058  39.9590413111  35.1100915598  29.4057869109  22.8941442438  15.6911648243  7.98030900773  
5.55691871386  10.9354117018  15.9761524406  20.5540525604  24.5868358216  28.0364259675  30.9042634861  33.2226406074  35.0443084033  36.4322093803  37.4505409102  38.1577113685  38.6012554617  38.8144771916  38.8144771916  38.6012554617  38.1577113685  37.4505409102  36.4322093803  35.0443084033  33.2226406074  30.9042634861  28.0364259675  24.5868358216  20.5540525604  15.9761524406  10.9354117018  5.55691871386  
3.80948316823  7.50172840087  10.9713022232  14.1341252526  16.9332041429  19.3400403777  21.3522061974  22.9882161032  24.2810233951  25.271322983  26.0015022177  26.5106997316  26.8311098172  26.9854555477  26.9854555477  26.8311098172  26.5106997316  26.0015022177  25.271322983  24.2810233951  22.9882161032  21.3522061974  19.3400403777  16.9332041429  14.1341252526  10.9713022232  7.50172840087  3.80948316823  
2.56969273864  5.06310157641  7.41123763169  9.55840108134  11.4659368771  13.1133887864  14.4972595037  15.6279866914  16.5259123409  17.2169819106  17.7287366315  18.086941681  18.3129906635  18.4220813185  18.4220813185  18.3129906635  18.086941681  17.7287366315  17.2169819106  16.5259123409  15.6279866914  14.4972595037  13.1133887864  11.4659368771  9.55840108134  7.41123763169  5.06310157641  2.56969273864  
1.70490229201  3.36072902914  4.92289724766  6.35505277239  7.63148885549  8.73800194155  9.67126699474  10.4370621803  11.0477944042  11.5197771359  11.8706260849  12.1170132977  12.2728968945  12.3482488708  12.3482488708  12.2728968945  12.1170132977  11.8706260849  11.5197771359  11.0477944042  10.4370621803  9.67126699474  8.73800194155  7.63148885549  6.35505277239  4.92289724766  3.36072902914  1.70490229201  
1.11220139159  2.19322622073  3.21464773394  4.15309767882  4.9917991499  5.7211642754  6.33848547678  6.84689862964  7.25387875395  7.56954104743  7.8049787381  7.97079961609  8.07594955781  8.12685153611  8.12685153611  8.07594955781  7.97079961609  7.8049787381  7.56954104743  7.25387875395  6.84689862964  6.33848547678  5.7211642754  4.9917991499  4.15309767882  3.21464773394  2.19322622073  1.11220139159  
0.713228688816  1.4069184758  2.06319972948  2.66728427655  3.20842194816  3.68030086117  4.08089850808  4.41187997492  4.67769279963  4.88452125541  5.03924363882  5.14849794152  5.21791824984  5.25156743165  5.25156743165  5.21791824984  5.14849794152  5.03924363882  4.88452125541  4.67769279963  4.41187997492  4.08089850808  3.68030086117  3.20842194816  2.66728427655  2.06319972948  1.4069184758  0.713228688816  
0.449528318852  0.886985504151  1.30130374212  1.68327257978  2.02612675898  2.3258056883  2.58088385963  2.79222411257  2.96243893861  3.09525578645  3.19487381295  3.26537884296  3.31025853093  3.33203758856  3.33203758856  3.31025853093  3.26537884296  3.19487381295  3.09525578645  2.96243893861  2.79222411257  2.58088385963  2.3258056883  2.02612675898  1.68327257978  1.30130374212  0.886985504151  0.449528318852  
0.278424028816  0.549501134726  0.806480681107  1.04371845067  1.25703237398  1.44386619593  1.60325831371  1.73564365441  1.84253677077  1.92615204949  1.98901339385  2.03359468703  2.06201829615  2.07582582122  2.07582582122  2.06201829615  2.03359468703  1.98901339385  1.92615204949  1.84253677077  1.73564365441  1.60325831371  1.44386619593  1.25703237398  1.04371845067  0.806480681107  0.549501134726  0.278424028816  
0.169440432103  0.334477887982  0.491059409303  0.635782753189  0.766108335074  0.880460004782  0.978211913673  1.05957636365  1.12541965568  1.17703810078  1.21592504334  1.24355390916  1.26119443701  1.26977168342  1.26977168342  1.26119443701  1.24355390916  1.21592504334  1.17703810078  1.12541965568  1.05957636365  0.978211913673  0.880460004782  0.766108335074  0.635782753189  0.491059409303  0.334477887982  0.169440432103  
0.101293484991  0.199990205829  0.293696121634  0.380394679794  0.458571097816  0.527273050361  0.586105644468  0.635168590964  0.674950581083  0.706199143363  0.729783868741  0.746567847318  0.757297827581  0.762519294236  0.762519294236  0.757297827581  0.746567847318  0.729783868741  0.706199143363  0.674950581083  0.635168590964  0.586105644468  0.527273050361  0.458571097816  0.380394679794  0.293696121634  0.199990205829  0.101293484991  
0.0594418537647  0.11737793892  0.172418187433  0.22338826755  0.269401254155  0.309893394988  0.344622516351  0.373633236156  0.397197232876  0.41573881458  0.429755991896  0.439745690641  0.446139382312  0.449252991182  0.449252991182  0.446139382312  0.439745690641  0.429755991896  0.41573881458  0.397197232876  0.373633236156  0.344622516351  0.309893394988  0.269401254155  0.22338826755  0.172418187433  0.11737793892  0.0594418537647  
0.0341584030927  0.0674605242891  0.0991149729757  0.128451493114  0.15496151021  0.178318730568  0.198378861442  0.215160626358  0.228812547996  0.239571149853  0.247716290646  0.253528549012  0.257252312714  0.25906689423  0.25906689423  0.257252312714  0.253528549012  0.247716290646  0.239571149853  0.228812547996  0.215160626358  0.198378861442  0.178318730568  0.15496151021  0.128451493114  0.0991149729757  0.0674605242891  0.0341584030927  
0.0190565507797  0.0376396565072  0.0553113304274  0.0716998391605  0.0865220175513  0.0995947708429  0.110835204448  0.12025049557  0.127919879551  0.133971793851  0.138559295456  0.141836470926  0.143937896329  0.144962489064  0.144962489064  0.143937896329  0.141836470926  0.138559295456  0.133971793851  0.127919879551  0.12025049557  0.110835204448  0.0995947708429  0.0865220175513  0.0716998391605  0.0553113304274  0.0376396565072  0.0190565507797  
0.00999254135595  0.0197386006679  0.029009983064  0.0376126880506  0.0453984821752  0.0522709308025  0.0581855802313  0.0631448351643  0.0671887263627  0.0703831189646  0.0728069650111  0.0745400150404  0.0756520741338  0.0761945245792  0.0761945245792  0.0756520741338  0.0745400150404  0.0728069650111  0.0703831189646  0.0671887263627  0.0631448351643  0.0581855802313  0.0522709308025  0.0453984821752  0.0376126880506  0.029009983064  0.0197386006679  0.00999254135595  
0.00426056445199  0.00841653757961  0.0123710394025  0.0160416159733  0.0193651371124  0.0223003676201  0.024828076259  0.0269489041252  0.0286794881561  0.0300474882148  0.0310861928493  0.0318293037009  0.0323063630083  0.0325391371598  0.0325391371598  0.0323063630083  0.0318293037009  0.0310861928493  0.0300474882148  0.0286794881561  0.0269489041252  0.024828076259  0.0223003676201  0.0193651371124  0.0160416159733  0.0123710394025  0.00841653757961  0.00426056445199  
