1000.0  1000.0  1000.0  1000.0  1000.0  1000.0  1000.0  1000.0  1000.0  1000.0  1000.0  1000.0  1000.0  1000.0  1000.0  1000.0  1000.0  1000.0  1000.0  1000.0  1000.0  1000.0  1000.0  1000.0  1000.0  1000.0  1000.0  1000.0  
252.824465635  402.958310048  482.406430639  522.619881066  542.374247893  551.784741561  556.112265946  558.024612912  558.833852991  559.161013409  559.28719883  559.333573063  559.34969822  559.354614209  559.354614209  559.34969822  559.333573063  559.28719883  559.161013409  558.833852991  558.024612912  556.112265946  551.784741561  542.374247893  522.619881066  482.406430639  402.958310048  252.824465635  
142.391328214  245.329248606  309.032498835  345.059798631  364.164888574  373.758055756  378.334095193  380.409337576  381.304094805  381.670852939  381.813786058  381.866733219  381.88525586  381.890926831  381.890926831  381.88525586  381.866733219  381.813786058  381.670852939  381.304094805  380.409337576  378.334095193  373.758055756  364.164888574  345.059798631  309.032498835  245.329248606  142.391328214  
80.6349025865  144.619619798  188.14525341  214.748677171  229.725662772  237.592360109  241.47363031  243.279055346  244.072628802  244.402761191  244.532907643  244.581554628  244.598693038  244.603966527  244.603966527  244.598693038  244.581554628  244.532907643  244.402761191  244.072628802  243.279055346  241.47363031  237.592360109  229.725662772  214.748677171  188.14525341  144.619619798  80.6349025865  
44.6028150567  81.7673798381  108.588071468  125.896840346  136.095320966  141.652455437  144.475252182  145.818836379  146.420226464  146.674039042  146.7752555  146.813439376  146.826990552  146.831182315  146.831182315  146.826990552  146.813439376  146.7752555  146.674039042  146.420226464  145.818836379  144.475252182  141.652455437  136.095320966  125.896840346  108.588071468  81.7673798381  44.6028150567  
23.712079919  44.0280346316  59.2610200914  69.4768778428  75.707308491  79.2034014374  81.0230727147  81.9066688733  82.3086676023  82.4805991632  82.5499115271  82.576292864  82.5857227493  82.5886549431  82.5886549431  82.5857227493  82.576292864  82.5499115271  82.4805991632  82.3086676023  81.9066688733  81.0230727147  79.2034014374  75.707308491  69.4768778428  59.2610200914  44.0280346316  23.712079919  
12.0099940814  22.4771159458  30.5290605245  36.080208205  39.555510869  41.5516011025  42.6116162912  43.135161847  43.3767711392  43.4813416524  43.5239178604  43.540257021  43.5461368422  43.5479742239  43.5479742239  43.5461368422  43.540257021  43.5239178604  43.4813416524  43.3767711392  43.135161847  42.6116162912  41.5516011025  39.555510869  36.080208205  30.5290605245  22.4771159458  12.0099940814  
5.76920873895  10.8534614765  14.8346078853  17.6352697944  19.424080744  20.4706980842  21.0357183479  21.3188025466  21.4510538421  21.5088936806  21.532652401  21.5418382912  21.5451643592  21.5462084713  21.5462084713  21.5451643592  21.5418382912  21.532652401  21.5088936806  21.4510538421  21.3188025466  21.0357183479  20.4706980842  19.424080744  17.6352697944  14.8346078853  10.8534614765  5.76920873895  
2.62293609583  4.95208171542  6.79914990967  8.11822162766  8.97385475884  9.48191239389  9.75990429278  9.90085831326  9.96740133712  9.99676822018  10.0089252647  10.0136568222  10.0153795478  10.0159225748  10.0159225748  10.0153795478  10.0136568222  10.0089252647  9.99676822018  9.96740133712  9.90085831326  9.75990429278  9.48191239389  8.97385475884  8.11822162766  6.79914990967  4.95208171542  2.62293609583  
1.12794049441  2.13496452729  2.94102215763  3.52326482348  3.90553105381  4.1352088537  4.26227293272  4.32734619232  4.35834031811  4.37212553461  4.37787093833  4.3801201286  4.38094306398  4.38120341758  4.38120341758  4.38094306398  4.3801201286  4.37787093833  4.37212553461  4.35834031811  4.32734619232  4.26227293272  4.1352088537  3.90553105381  3.52326482348  2.94102215763  2.13496452729  1.12794049441  
0.458905428369  0.870242672703  1.20180038195  1.44340908132  1.60355316512  1.7006928006  1.75492139911  1.78292566446  1.79636441482  1.80238147902  1.80490397032  1.80589648977  1.80626119612  1.80637695174  1.80637695174  1.80626119612  1.80589648977  1.80490397032  1.80238147902  1.79636441482  1.78292566446  1.75492139911  1.7006928006  1.60355316512  1.44340908132  1.20180038195  0.870242672703  0.458905428369  
0.176784302497  0.335717723046  0.464513629461  0.559014942447  0.622129896886  0.660710509626  0.682409341571  0.693693021743  0.699142270234  0.701596007379  0.70262985075  0.703038424472  0.703189118213  0.703237082098  0.703237082098  0.703189118213  0.703038424472  0.70262985075  0.701596007379  0.699142270234  0.693693021743  0.682409341571  0.660710509626  0.622129896886  0.559014942447  0.464513629461  0.335717723046  0.176784302497  
0.0645555803229  0.122726107357  0.170063289761  0.204985273504  0.228451510086  0.242886418595  0.251055150745  0.255327743075  0.257402170235  0.258340782412  0.258737955459  0.258895511287  0.258953809701  0.258972410414  0.258972410414  0.258953809701  0.258895511287  0.258737955459  0.258340782412  0.257402170235  0.255327743075  0.251055150745  0.242886418595  0.228451510086  0.204985273504  0.170063289761  0.122726107357  0.0645555803229  
0.0223749397098  0.0425731052372  0.059063989901  0.0712828129377  0.0795340929189  0.0846360115423  0.0875379597364  0.0890631924267  0.089807065696  0.0901450254541  0.0902885576294  0.0903456798241  0.0903668743346  0.0903736507204  0.0903736507204  0.0903668743346  0.0903456798241  0.0902885576294  0.0901450254541  0.089807065696  0.0890631924267  0.0875379597364  0.0846360115423  0.0795340929189  0.0712828129377  0.059063989901  0.0425731052372  0.0223749397098  
0.00737123958981  0.0140348592635  0.0194897705066  0.0235457725531  0.026295828901  0.0280034826295  0.0289789128933  0.0294936766451  0.0297456864494  0.0298605777207  0.0299095240972  0.0299290569711  0.0299363213842  0.0299386480817  0.0299386480817  0.0299363213842  0.0299290569711  0.0299095240972  0.0298605777207  0.0297456864494  0.0294936766451  0.0289789128933  0.0280034826295  0.026295828901  0.0235457725531  0.0194897705066  0.0140348592635  0.00737123958981  
0.00231154025006  0.00440357189343  0.00611978073188  0.00739951807884  0.00827008118675  0.0088125611177  0.0091235257069  0.00928818999917  0.00936906092129  0.00940603768794  0.00942183200495  0.00942814957524  0.00943050375365  0.00943125888076  0.00943125888076  0.00943050375365  0.00942814957524  0.00942183200495  0.00940603768794  0.00936906092129  0.00928818999917  0.0091235257069  0.0088125611177  0.00827008118675  0.00739951807884  0.00611978073188  0.00440357189343  0.00231154025006  
0.000691001574156  0.00131696371562  0.00183136416469  0.00221583751813  0.00247809473509  0.00264199271781  0.00273621959835  0.00278625727987  0.0028108977602  0.00282219177439  0.00282702652995  0.00282896412454  0.00282968733342  0.0028299195938  0.0028299195938  0.00282968733342  0.00282896412454  0.00282702652995  0.00282219177439  0.0028108977602  0.00278625727987  0.00273621959835  0.00264199271781  0.00247809473509  0.00221583751813  0.00183136416469  0.00131696371562  0.000691001574156  
0.000197196630412  0.000375967209283  0.00052308434733  0.000633253675297  0.000708571316579  0.000755754697925  0.000782947219437  0.000797421606028  0.000804565236967  0.000807846219568  0.000809253314381  0.00080981812873  0.000810029229822  0.000810097092897  0.000810097092897  0.000810029229822  0.00080981812873  0.000809253314381  0.000807846219568  0.000804565236967  0.000797421606028  0.000782947219437  0.000755754697925  0.000708571316579  0.000633253675297  0.00052308434733  0.000375967209283  0.000197196630412  
5.37989709303e-05  0.000102601050178  0.000142808714187  0.000172965918098  0.000193621226488  0.000206586750322  0.000214074115371  0.000218067426371  0.000220041910286  0.000220950296864  0.000221340456436  0.000221497272396  0.000221555946345  0.000221574823274  0.000221574823274  0.000221555946345  0.000221497272396  0.000221340456436  0.000220950296864  0.000220041910286  0.000218067426371  0.000214074115371  0.000206586750322  0.000193621226488  0.000172965918098  0.000142808714187  0.000102601050178  5.37989709303e-05  
1.40505785115e-05  2.68025689979e-05  3.731883603e-05  4.52166555649e-05  5.06343080297e-05  5.40406205977e-05  5.6010995631e-05  5.70635798583e-05  5.75848180958e-05  5.7824951052e-05  5.79282156512e-05  5.79697637792e-05  5.7985322558e-05  5.79903312588e-05  5.79903312588e-05  5.7985322558e-05  5.79697637792e-05  5.79282156512e-05  5.7824951052e-05  5.75848180958e-05  5.70635798583e-05  5.6010995631e-05  5.40406205977e-05  5.06343080297e-05  4.52166555649e-05  3.731883603e-05  2.68025689979e-05  1.40505785115e-05  
3.51746654437e-06  6.71116196827e-06  9.34698291614e-06  1.1328619761e-05  1.26896665121e-05  1.35465736134e-05  1.40429294247e-05  1.43084365828e-05  1.44400774767e-05  1.4500791318e-05  1.45269253424e-05  1.45374487759e-05  1.45413920778e-05  1.45426620724e-05  1.45426620724e-05  1.45413920778e-05  1.45374487759e-05  1.45269253424e-05  1.4500791318e-05  1.44400774767e-05  1.43084365828e-05  1.40429294247e-05  1.35465736134e-05  1.26896665121e-05  1.1328619761e-05  9.34698291614e-06  6.71116196827e-06  3.51746654437e-06  
8.45138287012e-07  1.61274393568e-06  2.24666834656e-06  2.72367423428e-06  3.05163198634e-06  3.25834001448e-06  3.37820704463e-06  3.44239399866e-06  3.47424981133e-06  3.48895478534e-06  3.49528918063e-06  3.49784139871e-06  3.49879819159e-06  3.49910643086e-06  3.49910643086e-06  3.49879819159e-06  3.49784139871e-06  3.49528918063e-06  3.48895478534e-06  3.47424981133e-06  3.44239399866e-06  3.37820704463e-06  3.25834001448e-06  3.05163198634e-06  2.72367423428e-06  2.24666834656e-06  1.61274393568e-06  8.45138287012e-07  
1.95123853122e-07  3.72395829161e-07  5.18871097952e-07  6.29166471096e-07  7.05061215848e-07  7.52939309889e-07  7.80727847237e-07  7.95620768659e-07  8.03017753995e-07  8.06434545771e-07  8.07907184069e-07  8.08500778928e-07  8.08723373854e-07  8.08795096412e-07  8.08795096412e-07  8.08723373854e-07  8.08500778928e-07  8.07907184069e-07  8.06434545771e-07  8.03017753995e-07  7.95620768659e-07  7.80727847237e-07  7.52939309889e-07  7.05061215848e-07  6.29166471096e-07  5.18871097952e-07  3.72395829161e-07  1.95123853122e-07  
4.33387939874e-08  8.27212345714e-08  1.15275482924e-07  1.39802605203e-07  1.56691004297e-07  1.67352524023e-07  1.73544803416e-07  1.76865639624e-07  1.78515975199e-07  1.79278658333e-07  1.79607496484e-07  1.79740078937e-07  1.79789803488e-07  1.79805825969e-07  1.79805825969e-07  1.79789803488e-07  1.79740078937e-07  1.79607496484e-07  1.79278658333e-07  1.78515975199e-07  1.76865639624e-07  1.73544803416e-07  1.67352524023e-07  1.56691004297e-07  1.39802605203e-07  1.15275482924e-07  8.27212345714e-08  4.33387939874e-08  
9.27048774841e-09  1.76961619214e-08  2.46632752791e-08  2.99148018574e-08  3.35326652093e-08  3.58178360685e-08  3.71457793719e-08  3.78582795532e-08  3.82125104588e-08  3.83762657597e-08  3.84468854594e-08  3.84753612162e-08  3.84860409624e-08  3.84894820132e-08  3.84894820132e-08  3.84860409624e-08  3.84753612162e-08  3.84468854594e-08  3.83762657597e-08  3.82125104588e-08  3.78582795532e-08  3.71457793719e-08  3.58178360685e-08  3.35326652093e-08  2.99148018574e-08  2.46632752791e-08  1.76961619214e-08  9.27048774841e-09  
1.91172930162e-09  3.64948105043e-09  5.08677865733e-09  6.17052608875e-09  6.91743025071e-09  7.38939172818e-09  7.6637592169e-09  7.81101800211e-09  7.88424890298e-09  7.91810812563e-09  7.93271102224e-09  7.93859913573e-09  7.94080718876e-09  7.94151851394e-09  7.94151851394e-09  7.94080718876e-09  7.93859913573e-09  7.93271102224e-09  7.91810812563e-09  7.88424890298e-09  7.81101800211e-09  7.6637592169e-09  7.38939172818e-09  6.91743025071e-09  6.17052608875e-09  5.08677865733e-09  3.64948105043e-09  1.91172930162e-09  
3.8005037044e-10  7.25549524606e-10  1.01136682025e-09  1.22693231375e-09  1.37553906604e-09  1.46946856855e-09  1.52408669295e-09  1.55340714267e-09  1.56798984052e-09  1.57473260325e-09  1.57764048809e-09  1.57881282004e-09  1.57925234564e-09  1.57939390326e-09  1.57939390326e-09  1.57925234564e-09  1.57881282004e-09  1.57764048809e-09  1.57473260325e-09  1.56798984052e-09  1.55340714267e-09  1.52408669295e-09  1.46946856855e-09  1.37553906604e-09  1.22693231375e-09  1.01136682025e-09  7.25549524606e-10  3.8005037044e-10  
7.06973869072e-11  1.34972069827e-10  1.88150789326e-10  2.28265325616e-10  2.55924558806e-10  2.73410038772e-10  2.83578874432e-10  2.89038222606e-10  2.9175350099e-10  2.93008914913e-10  2.9355024541e-10  2.93768435678e-10  2.93850213887e-10  2.9387654403e-10  2.9387654403e-10  2.93850213887e-10  2.93768435678e-10  2.9355024541e-10  2.93008914913e-10  2.9175350099e-10  2.89038222606e-10  2.83578874432e-10  2.73410038772e-10  2.55924558806e-10  2.28265325616e-10  1.88150789326e-10  1.34972069827e-10  7.06973869072e-11  
