1000.0  1000.0  1000.0  1000.0  1000.0  1000.0  1000.0  1000.0  1000.0  1000.0  1000.0  1000.0  1000.0  1000.0  1000.0  1000.0  1000.0  1000.0  1000.0  1000.0  1000.0  1000.0  1000.0  1000.0  1000.0  1000.0  1000.0  1000.0  
287.478076852  470.437124487  579.372306249  644.762791665  685.016039326  710.405210667  726.710331511  737.295660406  744.195142293  748.678870578  751.557346804  753.351135716  754.388563978  754.86260402  754.86260402  754.388563978  753.351135716  751.557346804  748.678870578  744.195142293  737.295660406  726.710331511  710.405210667  685.016039326  644.762791665  579.372306249  470.437124487  287.478076852  
187.738519529  333.665652902  436.048234948  505.179594824  551.321104524  582.067762759  602.568230335  616.228041423  625.296980309  631.269396624  635.140909138  637.570483058  638.982394171  639.629389062  639.629389062  638.982394171  637.570483058  635.140909138  631.269396624  625.296980309  616.228041423  602.568230335  582.067762759  551.321104524  505.179594824  436.048234948  333.665652902  187.738519529  
130.790049608  242.37481357  328.822844762  392.281486292  437.485999297  469.123497153  491.003210695  505.98414979  516.134834378  522.922952063  527.374336676  530.191779776  531.838897497  532.596369646  532.596369646  531.838897497  530.191779776  527.374336676  522.922952063  516.134834378  505.98414979  491.003210695  469.123497153  437.485999297  392.281486292  328.822844762  242.37481357  130.790049608  
94.2472184948  178.592837774  248.075612871  302.164986538  342.688481816  372.243192697  393.365312297  408.207077705  418.470023064  425.443285361  430.072894413  433.030656891  434.77131806  435.57501993  435.57501993  434.77131806  433.030656891  430.072894413  425.443285361  418.470023064  408.207077705  393.365312297  372.243192697  342.688481816  302.164986538  248.075612871  178.592837774  94.2472184948  
68.9519659915  132.333620581  186.633798805  230.691098347  264.993973483  290.866662168  309.888708372  323.571744642  333.216429047  339.872010066  344.34569049  347.231286237  348.941216688  349.734050122  349.734050122  348.941216688  347.231286237  344.34569049  339.872010066  333.216429047  323.571744642  309.888708372  290.866662168  264.993973483  230.691098347  186.633798805  132.333620581  68.9519659915  
50.6415406926  97.9512326892  139.546067092  174.306847805  202.176182387  223.77194466  240.033242092  251.97355953  260.537756814  266.534189537  270.6129402  273.268518763  274.852936515  275.590665777  275.590665777  274.852936515  273.268518763  270.6129402  266.534189537  260.537756814  251.97355953  240.033242092  223.77194466  202.176182387  174.306847805  139.546067092  97.9512326892  50.6415406926  
37.0740164032  72.0722077355  103.393514468  130.136165071  152.062657259  169.424582237  182.760481072  192.728090852  199.988986584  205.140741829  208.683961278  211.011426523  212.409223096  213.062709796  213.062709796  212.409223096  211.011426523  208.683961278  205.140741829  199.988986584  192.728090852  182.760481072  169.424582237  152.062657259  130.136165071  103.393514468  72.0722077355  37.0740164032  
26.928676264  52.5307233248  75.7327039842  95.8597255621  112.649504034  126.176180603  136.738819525  144.754195902  150.672864028  154.922545662  157.875093851  159.83060063  161.012267741  161.566837835  161.566837835  161.012267741  159.83060063  157.875093851  154.922545662  150.672864028  144.754195902  136.738819525  126.176180603  112.649504034  95.8597255621  75.7327039842  52.5307233248  26.928676264  
19.3448281073  37.8296203397  54.7358699702  69.5780496102  82.1270721016  92.3789226326  100.49429014  106.732397078  111.393450228  114.775662477  117.147085169  118.72957686  119.691291577  120.14424857  120.14424857  119.691291577  118.72957686  117.147085169  114.775662477  111.393450228  106.732397078  100.49429014  92.3789226326  82.1270721016  69.5780496102  54.7358699702  37.8296203397  19.3448281073  
13.7134819502  26.8659696719  38.9782470468  49.7099437064  58.8804308921  66.4571064275  72.5230497508  77.2370203135  80.7954518562  83.4016835351  85.2440125834  86.4818298858  87.2379881409  87.5952969751  87.5952969751  87.2379881409  86.4818298858  85.2440125834  83.4016835351  80.7954518562  77.2370203135  72.5230497508  66.4571064275  58.8804308921  49.7099437064  38.9782470468  26.8659696719  13.7134819502  
9.57769776666  18.7894002107  27.3174179827  34.927891318  41.4865856951  46.9554180005  51.3752380313  54.8419572289  57.4820845743  59.4315686658  60.8196777475  61.7580305582  62.3339441207  62.6068910415  62.6068910415  62.3339441207  61.7580305582  60.8196777475  59.4315686658  57.4820845743  54.8419572289  51.3752380313  46.9554180005  41.4865856951  34.927891318  27.3174179827  18.7894002107  9.57769776666  
6.58244940702  12.9271412761  18.8252345662  24.1188716559  28.7122656571  32.5714148098  35.7149815731  38.2001718237  40.1072824662  41.5255822498  42.541968206  43.2327956575  43.6585792407  43.8609152733  43.8609152733  43.6585792407  43.2327956575  42.541968206  41.5255822498  40.1072824662  38.2001718237  35.7149815731  32.5714148098  28.7122656571  24.1188716559  18.8252345662  12.9271412761  6.58244940702  
4.44775521911  8.74223213869  12.747574982  16.3590091356  19.5102973561  22.1744842525  24.3590881479  26.0978049839  27.4408953139  28.4459853871  29.1703474953  29.6650837076  29.9711592011  30.11695914  30.11695914  29.9711592011  29.6650837076  29.1703474953  28.4459853871  27.4408953139  26.0978049839  24.3590881479  22.1744842525  19.5102973561  16.3590091356  12.747574982  8.74223213869  4.44775521911  
2.95278098279  5.80774572284  8.47758765491  10.89391637  13.0121263523  14.8123088918  16.2967314957  17.4849942087  18.4081283585  19.1027244626  19.6058228071  19.9509203116  20.1651383231  20.2674015547  20.2674015547  20.1651383231  19.9509203116  19.6058228071  19.1027244626  18.4081283585  17.4849942087  16.2967314957  14.8123088918  13.0121263523  10.89391637  8.47758765491  5.80774572284  2.95278098279  
1.92504423466  3.78841748416  5.53476969633  7.12020576986  8.51539184132  9.70633547373  10.6930731069  11.4868603176  12.1065941916  12.575133173  12.9159963641  13.1507049425  13.2968362501  13.3667305519  13.3667305519  13.2968362501  13.1507049425  12.9159963641  12.575133173  12.1065941916  11.4868603176  10.6930731069  9.70633547373  8.51539184132  7.12020576986  5.53476969633  3.78841748416  1.92504423466  
1.2319882919  2.42561993078  3.54631642667  4.56638287399  5.46695025735  6.23855698925  6.88047090492  7.39907102018  7.80570529225  8.11442367871  8.33989235152  8.49567093484  8.59291872331  8.63951201449  8.63951201449  8.59291872331  8.49567093484  8.33989235152  8.11442367871  7.80570529225  7.39907102018  6.88047090492  6.23855698925  5.46695025735  4.56638287399  3.54631642667  2.42561993078  1.2319882919  
0.773765005095  1.52402347658  2.22950753781  2.87304535417  3.4427531624  3.93243673191  4.34124443663  4.67274276915  4.93364970136  5.13246141426  5.27816115197  5.37913006325  5.4423116613  5.47262956275  5.47262956275  5.4423116613  5.37913006325  5.27816115197  5.13246141426  4.93364970136  4.67274276915  4.34124443663  3.93243673191  3.4427531624  2.87304535417  2.22950753781  1.52402347658  0.773765005095  
0.476828712928  0.939475465267  1.37507061292  1.77315384981  2.12639274035  2.43084595268  2.68578765888  2.89318419051  3.0569548524  3.18215364185  3.27418562148  3.33813399661  3.37823462143  3.39750335377  3.39750335377  3.37823462143  3.33813399661  3.27418562148  3.18215364185  3.0569548524  2.89318419051  2.68578765888  2.43084595268  2.12639274035  1.77315384981  1.37507061292  0.939475465267  0.476828712928  
0.288275323923  0.568133144013  0.831915854509  1.07336486083  1.28804609454  1.47351601392  1.62923380403  1.75626811517  1.85687152653  1.93400094339  1.99085103064  2.03044744534  2.05532438766  2.06729259683  2.06729259683  2.05532438766  2.03044744534  1.99085103064  1.93400094339  1.85687152653  1.75626811517  1.62923380403  1.47351601392  1.28804609454  1.07336486083  0.831915854509  0.568133144013  0.288275323923  
0.170964172591  0.337015913316  0.493676903032  0.637269876101  0.765166202615  0.875887273322  0.969061190342  1.04526025958  1.10575946736  1.15226001067  1.18661669141  1.21059715581  1.22568859649  1.23295696606  1.23295696606  1.22568859649  1.21059715581  1.18661669141  1.15226001067  1.10575946736  1.04526025958  0.969061190342  0.875887273322  0.765166202615  0.637269876101  0.493676903032  0.337015913316  0.170964172591  
0.0994546524904  0.196091641602  0.287337732122  0.371071582041  0.445765268763  0.510544508373  0.565167606463  0.609936488126  0.645561620511  0.673005292947  0.69332528204  0.707535238305  0.71649137119  0.72080906003  0.72080906003  0.71649137119  0.707535238305  0.69332528204  0.673005292947  0.645561620511  0.609936488126  0.565167606463  0.510544508373  0.445765268763  0.371071582041  0.287337732122  0.196091641602  0.0994546524904  
0.0567434746999  0.11189919319  0.164014927973  0.211889413611  0.254651814907  0.29179660078  0.32317347691  0.348939304047  0.36948370025  0.385341704248  0.397105774002  0.405346442606  0.410547316818  0.413056818928  0.413056818928  0.410547316818  0.405346442606  0.397105774002  0.385341704248  0.36948370025  0.348939304047  0.32317347691  0.29179660078  0.254651814907  0.211889413611  0.164014927973  0.11189919319  0.0567434746999  
0.0317391673001  0.062599914974  0.0917777524518  0.11860526982  0.142595948256  0.163463877044  0.181119021486  0.195641600271  0.20724176341  0.216211770762  0.222877385414  0.227553685263  0.230508570733  0.231935467262  0.231935467262  0.230508570733  0.227553685263  0.222877385414  0.216211770762  0.20724176341  0.195641600271  0.181119021486  0.163463877044  0.142595948256  0.11860526982  0.0917777524518  0.062599914974  0.0317391673001  
0.0173751275696  0.0342739917451  0.0502599211726  0.0649697403501  0.0781374421178  0.0896050651081  0.0993205116072  0.107324111442  0.113727158602  0.118686228431  0.122376876059  0.124969554722  0.126609590758  0.127402107324  0.127402107324  0.126609590758  0.124969554722  0.122376876059  0.118686228431  0.113727158602  0.107324111442  0.0993205116072  0.0896050651081  0.0781374421178  0.0649697403501  0.0502599211726  0.0342739917451  0.0173751275696  
0.00924556261198  0.018239798409  0.026752053858  0.0345900882804  0.0416125266595  0.0477346795125  0.0529275599127  0.0572109966765  0.0606424888391  0.0633037672466  0.0652869441358  0.0666817549546  0.0675648874253  0.0679919039784  0.0679919039784  0.0675648874253  0.0666817549546  0.0652869441358  0.0633037672466  0.0606424888391  0.0572109966765  0.0529275599127  0.0477346795125  0.0416125266595  0.0345900882804  0.026752053858  0.018239798409  0.00924556261198  
0.00464754895429  0.00916961144565  0.0134509353173  0.0173952989705  0.0209317122896  0.0240173530802  0.0266371426214  0.0288003882022  0.0305352912132  0.0318822847117  0.0328871314408  0.0335945353977  0.0340427737001  0.0342596155328  0.0342596155328  0.0340427737001  0.0335945353977  0.0328871314408  0.0318822847117  0.0305352912132  0.0288003882022  0.0266371426214  0.0240173530802  0.0209317122896  0.0173952989705  0.0134509353173  0.00916961144565  0.00464754895429  
0.00192190953621  0.00379216411172  0.00556329725069  0.00719563481882  0.00865984272989  0.00993814392985  0.0110241618764  0.0119215609158  0.0126418059865  0.0132014335211  0.0136192144317  0.013913519652  0.0141000995243  0.014190390736  0.014190390736  0.0141000995243  0.013913519652  0.0136192144317  0.0132014335211  0.0126418059865  0.0119215609158  0.0110241618764  0.00993814392985  0.00865984272989  0.00719563481882  0.00556329725069  0.00379216411172  0.00192190953621  
