1000.0  1000.0  1000.0  1000.0  1000.0  1000.0  1000.0  1000.0  1000.0  1000.0  1000.0  1000.0  1000.0  1000.0  1000.0  1000.0  1000.0  1000.0  1000.0  1000.0  1000.0  1000.0  1000.0  1000.0  1000.0  1000.0  1000.0  1000.0  
276.960307416  449.742271078  549.147940533  605.901509677  638.575632956  657.523008477  668.523325081  674.875416784  678.502728533  680.541141031  681.662822736  682.261798834  682.563224818  682.687803008  682.687803008  682.563224818  682.261798834  681.662822736  680.541141031  678.502728533  674.875416784  668.523325081  657.523008477  638.575632956  605.901509677  549.147940533  449.742271078  276.960307416  
173.216587525  305.091259803  394.313834035  451.515521968  487.185733395  509.029589961  522.195861992  530.000471193  534.54137162  537.128259871  538.566271225  539.340013909  539.731532839  539.893905607  539.893905607  539.731532839  539.340013909  538.566271225  537.128259871  534.54137162  530.000471193  522.195861992  509.029589961  487.185733395  451.515521968  394.313834035  305.091259803  173.216587525  
113.541253867  208.433331542  279.245972594  328.527146038  361.282888858  382.33162246  395.483659763  403.492763483  408.248336421  410.999826761  412.547669686  413.388152997  413.816317614  413.994650354  413.994650354  413.816317614  413.388152997  412.547669686  410.999826761  408.248336421  403.492763483  395.483659763  382.33162246  361.282888858  328.527146038  279.245972594  208.433331542  113.541253867  
75.6507921529  141.997450616  194.617388909  233.411005607  260.49764047  278.616651764  290.306711298  297.608230789  302.031321326  304.631331369  306.112461779  306.924703346  307.341559695  307.516012051  307.516012051  307.341559695  306.924703346  306.112461779  304.631331369  302.031321326  297.608230789  290.306711298  278.616651764  260.49764047  233.411005607  194.617388909  141.997450616  75.6507921529  
50.3069998286  95.6401664933  133.026347241  161.735037333  182.547127541  196.930337618  206.468291975  212.562507529  216.323776407  218.568779777  219.863701251  220.580967533  220.951901924  221.107908159  221.107908159  220.951901924  220.580967533  219.863701251  218.568779777  216.323776407  212.562507529  206.468291975  196.930337618  182.547127541  161.735037333  133.026347241  95.6401664933  50.3069998286  
33.0251473361  63.2792002229  88.8852097291  109.129794797  124.231706547  134.945318281  142.215355833  146.953477838  149.927430708  151.727864026  152.778738306  153.366507453  153.672768209  153.802211663  153.802211663  153.672768209  153.366507453  152.778738306  151.727864026  149.927430708  146.953477838  142.215355833  134.945318281  124.231706547  109.129794797  88.8852097291  63.2792002229  33.0251473361  
21.2585907999  40.9418976463  57.9008577826  71.5966817798  82.0396120689  89.6047358573  94.8374403806  98.3063135422  100.516258896  101.871485995  102.671241372  103.122675677  103.35959718  103.460211807  103.460211807  103.35959718  103.122675677  102.671241372  101.871485995  100.516258896  98.3063135422  94.8374403806  89.6047358573  82.0396120689  71.5966817798  57.9008577826  40.9418976463  21.2585907999  
13.3609544585  25.8219192245  36.6949851719  45.6153627614  52.5331378219  57.6293028348  61.210518253  63.6192509045  65.173889466  66.1382761797  66.7131087756  67.0403458351  67.2132473186  67.2870048137  67.2870048137  67.2132473186  67.0403458351  66.7131087756  66.1382761797  65.173889466  63.6192509045  61.210518253  57.6293028348  52.5331378219  45.6153627614  36.6949851719  25.8219192245  13.3609544585  
8.17608168798  15.8408348961  22.5910987498  28.195449066  32.5994650133  35.887904272  38.229261364  39.8235488666  40.8642016905  41.5163444671  41.9085760396  42.1335982281  42.2532338248  42.3044820638  42.3044820638  42.2532338248  42.1335982281  41.9085760396  41.5163444671  40.8642016905  39.8235488666  38.229261364  35.887904272  32.5994650133  28.195449066  22.5910987498  15.8408348961  8.17608168798  
4.86256118044  9.43833300542  13.4962765135  16.8963878261  19.5963210954  21.6345163234  23.1015642376  24.1109785712  24.7763148704  25.1970024561  25.4520665777  25.5994235458  25.6782129858  25.7120933834  25.7120933834  25.6782129858  25.5994235458  25.4520665777  25.1970024561  24.7763148704  24.1109785712  23.1015642376  21.6345163234  19.5963210954  16.8963878261  13.4962765135  9.43833300542  4.86256118044  
2.8072522515  5.45652032419  7.81854959683  9.81192959518  11.4080904815  12.6238525075  13.5068881153  14.1198633327  14.527306008  14.7869544744  14.9455073891  15.0376846404  15.0872239837  15.1086008014  15.1086008014  15.0872239837  15.0376846404  14.9455073891  14.7869544744  14.527306008  14.1198633327  13.5068881153  12.6238525075  11.4080904815  9.81192959518  7.81854959683  5.45652032419  2.8072522515  
1.57206279046  3.05895114559  4.39017821848  5.52006525317  6.43092970816  7.12983281764  7.64132125154  7.99905907693  8.23857789627  8.39226353502  8.4867053804  8.54191981629  8.57173148618  8.58463615769  8.58463615769  8.57173148618  8.54191981629  8.4867053804  8.39226353502  8.23857789627  7.99905907693  7.64132125154  7.12983281764  6.43092970816  5.52006525317  4.39017821848  3.05895114559  1.57206279046  
0.853575499035  1.66232024363  2.38881066001  3.00826552628  3.51040484755  3.89804893418  4.18355703021  4.38452701786  4.51993002367  4.60733221065  4.66134252051  4.6930775071  4.71028321283  4.71775225647  4.71775225647  4.71028321283  4.6930775071  4.66134252051  4.60733221065  4.51993002367  4.38452701786  4.18355703021  3.89804893418  3.51040484755  3.00826552628  2.38881066001  1.66232024363  0.853575499035  
0.4492706269  0.875544225332  1.25949372596  1.58810536948  1.85569815116  2.063329597  2.21708046426  2.32590141111  2.39961809325  2.44745180843  2.47715668342  2.49468834562  2.50422878394  2.50838087533  2.50838087533  2.50422878394  2.49468834562  2.47715668342  2.44745180843  2.39961809325  2.32590141111  2.21708046426  2.063329597  1.85569815116  1.58810536948  1.25949372596  0.875544225332  0.4492706269  
0.229219654029  0.446955328978  0.643504196154  0.812246131955  0.950176662346  1.05765920856  1.13761516277  1.19447318813  1.23317122883  1.25839723826  1.27413093062  1.28345369728  1.2885438322  1.29076416971  1.29076416971  1.2885438322  1.28345369728  1.27413093062  1.25839723826  1.23317122883  1.19447318813  1.13761516277  1.05765920856  0.950176662346  0.812246131955  0.643504196154  0.446955328978  0.229219654029  
0.113373648164  0.221168921379  0.318652455042  0.402560355131  0.471365654587  0.525176939333  0.565363898366  0.594057828692  0.613667248167  0.626501487913  0.634537121262  0.639315290354  0.641931849444  0.643075536536  0.643075536536  0.641931849444  0.639315290354  0.634537121262  0.626501487913  0.613667248167  0.594057828692  0.565363898366  0.525176939333  0.471365654587  0.402560355131  0.318652455042  0.221168921379  0.113373648164  
0.0543712278874  0.106107852771  0.15296656755  0.193387114629  0.22662165494  0.252694116653  0.272230872514  0.286229442183  0.29583025854  0.302136153421  0.306097755469  0.308460786247  0.309758217555  0.310326356007  0.310326356007  0.309758217555  0.308460786247  0.306097755469  0.302136153421  0.29583025854  0.286229442183  0.272230872514  0.252694116653  0.22662165494  0.193387114629  0.15296656755  0.106107852771  0.0543712278874  
0.0252891845355  0.0493688643425  0.0712062153309  0.0900777762371  0.105629913748  0.117862864432  0.127055915074  0.133663096532  0.138208741331  0.141203644313  0.143090814556  0.144219611898  0.144840842958  0.145113321243  0.145113321243  0.144840842958  0.144219611898  0.143090814556  0.141203644313  0.138208741331  0.133663096532  0.127055915074  0.117862864432  0.105629913748  0.0900777762371  0.0712062153309  0.0493688643425  0.0252891845355  
0.0114115617372  0.0222834276651  0.032153637516  0.0406966859752  0.0477508758367  0.0533121908415  0.0575020118721  0.0605213151872  0.062604238204  0.0639803349346  0.0648497603641  0.0653710872399  0.0656586013359  0.0657848920493  0.0657848920493  0.0656586013359  0.0653710872399  0.0648497603641  0.0639803349346  0.062604238204  0.0605213151872  0.0575020118721  0.0533121908415  0.0477508758367  0.0406966859752  0.032153637516  0.0222834276651  0.0114115617372  
0.0049975129844  0.00976094952585  0.0140895462787  0.0178411384797  0.0209441511637  0.0233952997622  0.0252459948547  0.0265827603228  0.0275071700555  0.0281193643713  0.0285070651862  0.0287400508383  0.0288687843918  0.0289254044306  0.0289254044306  0.0288687843918  0.0287400508383  0.0285070651862  0.0281193643713  0.0275071700555  0.0265827603228  0.0252459948547  0.0233952997622  0.0209441511637  0.0178411384797  0.0140895462787  0.00976094952585  0.0049975129844  
0.00212485260261  0.00415101082562  0.00599368226686  0.00759257094717  0.00891697621354  0.00996494974103  0.0107577101077  0.0113314916182  0.0117291167108  0.0119930085441  0.0121604805313  0.0122613186217  0.0123171287724  0.0123417039967  0.0123417039967  0.0123171287724  0.0122613186217  0.0121604805313  0.0119930085441  0.0117291167108  0.0113314916182  0.0107577101077  0.00996494974103  0.00891697621354  0.00759257094717  0.00599368226686  0.00415101082562  0.00212485260261  
0.00087749830683  0.00171453508726  0.00247629777721  0.00313794231939  0.00368669780627  0.00412156466479  0.00445107653927  0.00468999654471  0.00485587474324  0.00496617142084  0.00503629852211  0.00507859706666  0.00510204270034  0.00511237741064  0.00511237741064  0.00510204270034  0.00507859706666  0.00503629852211  0.00496617142084  0.00485587474324  0.00468999654471  0.00445107653927  0.00412156466479  0.00368669780627  0.00313794231939  0.00247629777721  0.00171453508726  0.00087749830683  
0.000352114221401  0.000688095502585  0.000994046009098  0.00126001701276  0.00148085270509  0.00165608469552  0.00178905742723  0.00188562423845  0.00195277945907  0.00199750755649  0.00202599289297  0.00204320109238  0.00205275212404  0.00205696608441  0.00205696608441  0.00205275212404  0.00204320109238  0.00202599289297  0.00199750755649  0.00195277945907  0.00188562423845  0.00178905742723  0.00165608469552  0.00148085270509  0.00126001701276  0.000994046009098  0.000688095502585  0.000352114221401  
0.000137331258866  0.000268405345537  0.000387826196228  0.0004917208145  0.000578068029577  0.000646662495748  0.000698781465443  0.000736683616147  0.000763080208361  0.000780687535072  0.000791917333531  0.000798710726415  0.00080248572961  0.000804152661742  0.000804152661742  0.00080248572961  0.000798710726415  0.000791917333531  0.000780687535072  0.000763080208361  0.000736683616147  0.000698781465443  0.000646662495748  0.000578068029577  0.0004917208145  0.000387826196228  0.000268405345537  0.000137331258866  
5.20224528405e-05  0.000101686148139  0.000146955058426  0.000186364496329  0.000219145509754  0.000245212897437  0.000265041544839  0.000279479008072  0.000289546745475  0.000296271044791  0.000300565320385  0.000303166301811  0.000304613158859  0.000305252520163  0.000305252520163  0.000304613158859  0.000303166301811  0.000300565320385  0.000296271044791  0.000289546745475  0.000279479008072  0.000265041544839  0.000245212897437  0.000219145509754  0.000186364496329  0.000146955058426  0.000101686148139  5.20224528405e-05  
1.8961693998e-05  3.70672143629e-05  5.35769536268e-05  6.79578225944e-05  7.99285401584e-05  8.94557665437e-05  9.67098165027e-05  0.000101997101922  0.000105688173199  0.000108156246364  0.000109734175912  0.000110690917915  0.000111223613209  0.000111459159558  0.000111459159558  0.000111223613209  0.000110690917915  0.000109734175912  0.000108156246364  0.000105688173199  0.000101997101922  9.67098165027e-05  8.94557665437e-05  7.99285401584e-05  6.79578225944e-05  5.35769536268e-05  3.70672143629e-05  1.8961693998e-05  
6.08712454534e-06  1.1900257815e-05  1.72025738487e-05  2.18231291182e-05  2.56713880276e-05  2.87361003521e-05  3.10712723628e-05  3.27746607928e-05  3.39647916996e-05  3.47612645976e-05  3.52709108014e-05  3.55801711306e-05  3.57524801097e-05  3.58287082127e-05  3.58287082127e-05  3.57524801097e-05  3.55801711306e-05  3.52709108014e-05  3.47612645976e-05  3.39647916996e-05  3.27746607928e-05  3.10712723628e-05  2.87361003521e-05  2.56713880276e-05  2.18231291182e-05  1.72025738487e-05  1.1900257815e-05  6.08712454534e-06  
