1000.0  1000.0  1000.0  1000.0  1000.0  1000.0  1000.0  1000.0  1000.0  1000.0  1000.0  1000.0  1000.0  1000.0  1000.0  1000.0  1000.0  1000.0  1000.0  1000.0  1000.0  1000.0  1000.0  1000.0  1000.0  1000.0  1000.0  1000.0  
278.833700247  453.415021385  554.480748306  612.705620301  646.63270148  666.605564579  678.412744473  685.375281146  689.446691595  691.795549466  693.125113528  693.856017344  694.233933838  694.393325298  694.393325298  694.233933838  693.856017344  693.125113528  691.795549466  689.446691595  685.375281146  678.412744473  666.605564579  646.63270148  612.705620301  554.480748306  453.415021385  278.833700247  
175.75492786  310.06762198  401.539466  460.734661779  498.102526368  521.33581941  535.595300621  544.226983325  549.369570824  552.377059198  554.09671067  555.049186749  555.544332176  555.753868175  555.753868175  555.544332176  555.049186749  554.09671067  552.377059198  549.369570824  544.226983325  535.595300621  521.33581941  498.102526368  460.734661779  401.539466  310.06762198  175.75492786  
116.47724352  214.189268981  287.603522724  339.190463514  373.909755538  396.565525404  410.981959301  419.947631759  425.39908386  428.63700698  430.51056491  431.557747466  432.105750232  432.338623773  432.338623773  432.105750232  431.557747466  430.51056491  428.63700698  425.39908386  419.947631759  410.981959301  396.565525404  373.909755538  339.190463514  287.603522724  214.189268981  116.47724352  
78.7090138595  147.993010759  203.322844419  244.518172537  273.65003249  293.442897666  306.449898245  314.747715197  319.895567512  323.002185366  324.822529803  325.850030746  326.39168489  326.622934229  326.622934229  326.39168489  325.850030746  324.822529803  323.002185366  319.895567512  314.747715197  306.449898245  293.442897666  273.65003249  244.518172537  203.322844419  147.993010759  78.7090138595  
53.24547436  101.400953566  141.390888346  172.407190262  195.184340203  211.175761749  221.978980314  229.030371391  233.48792046  236.2196062  237.840388213  238.764432564  239.255243861  239.465806295  239.465806295  239.255243861  238.764432564  237.840388213  236.2196062  233.48792046  229.030371391  221.978980314  211.175761749  195.184340203  172.407190262  141.390888346  101.400953566  53.24547436  
35.6636716301  68.4519316656  96.3958773587  118.712458934  135.57875625  147.736311914  156.142342991  161.739818387  165.338869252  167.576212689  168.919609834  169.692994508  170.106859464  170.285272498  170.285272498  170.106859464  169.692994508  168.919609834  167.576212689  165.338869252  161.739818387  156.142342991  147.736311914  135.57875625  118.712458934  96.3958773587  68.4519316656  35.6636716301  
23.4903220365  45.3171138566  64.2535265453  79.7018387382  91.6370474474  100.423393305  106.616837818  110.812461514  113.551026463  115.275713374  116.322819872  116.931199213  117.259100334  117.401117619  117.401117619  117.259100334  116.931199213  116.322819872  115.275713374  113.551026463  110.812461514  106.616837818  100.423393305  91.6370474474  79.7018387382  64.2535265453  45.3171138566  23.4903220365  
15.1485763506  29.3264666555  41.7834465886  52.1075180924  60.2205364088  66.2948112196  70.6454809427  73.6362416577  75.6142123383  76.8744566551  77.6473534004  78.1002560329  78.3460012584  78.4529070924  78.4529070924  78.3460012584  78.1002560329  77.6473534004  76.8744566551  75.6142123383  73.6362416577  70.6454809427  66.2948112196  60.2205364088  52.1075180924  41.7834465886  29.3264666555  15.1485763506  
9.53727697485  18.5093841747  26.4657034777  33.1388602215  38.4529381294  42.4860877866  45.4132659803  47.4506576403  48.8135808614  49.6909385805  50.2339330216  50.5546039373  50.7296807087  50.806157124  50.806157124  50.7296807087  50.5546039373  50.2339330216  49.6909385805  48.8135808614  47.4506576403  45.4132659803  42.4860877866  38.4529381294  33.1388602215  26.4657034777  18.5093841747  9.53727697485  
5.85073948547  11.3755955715  16.3090715533  20.4850622247  23.8456175394  26.424384524  28.3166505454  29.6476755762  30.5469065601  31.1310386094  31.4955082285  31.712271038  31.831288115  31.8834731202  31.8834731202  31.831288115  31.712271038  31.4955082285  31.1310386094  30.5469065601  29.6476755762  28.3166505454  26.424384524  23.8456175394  20.4850622247  16.3090715533  11.3755955715  5.85073948547  
3.49277630504  6.80044251516  9.76983569243  12.3014362844  14.3558499631  15.9465746168  17.1245448031  17.9605794718  18.5302344703  18.9032285393  19.1376467463  19.2779489039  19.3553797381  19.3894473476  19.3894473476  19.3553797381  19.2779489039  19.1376467463  18.9032285393  18.5302344703  17.9605794718  17.1245448031  15.9465746168  14.3558499631  12.3014362844  9.76983569243  6.80044251516  3.49277630504  
2.02737833897  3.95156175443  5.68618090572  7.17352786668  8.38873099868  9.33664674468  10.043991223  10.5498465825  10.897071723  11.1260116032  11.2708193785  11.3579809121  11.4063067718  11.4276351159  11.4276351159  11.4063067718  11.3579809121  11.2708193785  11.1260116032  10.897071723  10.5498465825  10.043991223  9.33664674468  8.38873099868  7.17352786668  5.68618090572  3.95156175443  2.02737833897  
1.14358633709  2.23086127472  3.21428299331  4.06140742697  4.75737577946  5.30360529951  5.71383894019  6.0091276468  6.21311142275  6.34842725222  6.434502504  6.48657467383  6.5155654939  6.52839631863  6.52839631863  6.5155654939  6.48657467383  6.434502504  6.34842725222  6.21311142275  6.0091276468  5.71383894019  5.30360529951  4.75737577946  4.06140742697  3.21428299331  2.23086127472  1.14358633709  
0.626669431355  1.22331748498  1.76442651481  2.23229482323  2.61844073113  2.92306433434  3.15309402085  3.31959399693  3.43524701433  3.51237701195  3.56168600241  3.59165053701  3.60839512082  3.61582465456  3.61582465456  3.60839512082  3.59165053701  3.56168600241  3.51237701195  3.43524701433  3.31959399693  3.15309402085  2.92306433434  2.61844073113  2.23229482323  1.76442651481  1.22331748498  0.626669431355  
0.333566658651  0.651516543449  0.940504705758  1.1911531801  1.39881022165  1.5633354117  1.68814947682  1.77892509585  1.84228148788  1.8847321128  1.91199093699  1.92862226982  1.93794697711  1.9420936784  1.9420936784  1.93794697711  1.92862226982  1.91199093699  1.8847321128  1.84228148788  1.77892509585  1.68814947682  1.5633354117  1.39881022165  1.1911531801  0.940504705758  0.651516543449  0.333566658651  
0.172463198317  0.337007094921  0.48683540243  0.617122299434  0.725408063971  0.81151626693  0.87709980571  0.924994919584  0.95856262035  0.981146290419  0.995704745007  1.00461892877  1.00963169456  1.0118653856  1.0118653856  1.00963169456  1.00461892877  0.995704745007  0.981146290419  0.95856262035  0.924994919584  0.87709980571  0.81151626693  0.725408063971  0.617122299434  0.48683540243  0.337007094921  0.172463198317  
0.0866199289884  0.169327324357  0.244752754161  0.310483399455  0.365262395404  0.408958290382  0.442352274096  0.466826869155  0.484042581509  0.495666759713  0.503186197534  0.507804979195  0.510409173081  0.511571705618  0.511571705618  0.510409173081  0.507804979195  0.503186197534  0.495666759713  0.484042581509  0.466826869155  0.442352274096  0.408958290382  0.365262395404  0.310483399455  0.244752754161  0.169327324357  0.0866199289884  
0.042268584666  0.082654626435  0.119532235952  0.151728998438  0.178623290051  0.20013363054  0.216620958352  0.228742163454  0.237295535441  0.243089189793  0.246848487129  0.249164139331  0.250472858337  0.251058027969  0.251058027969  0.250472858337  0.249164139331  0.246848487129  0.243089189793  0.237295535441  0.228742163454  0.216620958352  0.20013363054  0.178623290051  0.151728998438  0.119532235952  0.082654626435  0.042268584666  
0.0200443752382  0.0392067630886  0.0567235958956  0.0720410718362  0.084861249527  0.0951386143852  0.103036134109  0.108858003023  0.112977715178  0.115776040649  0.117596717891  0.118721039184  0.119357807227  0.119642939487  0.119642939487  0.119357807227  0.118721039184  0.117596717891  0.115776040649  0.112977715178  0.108858003023  0.103036134109  0.0951386143852  0.084861249527  0.0720410718362  0.0567235958956  0.0392067630886  0.0200443752382  
0.00923971232987  0.018077094195  0.0261631326114  0.0332434588985  0.0391795521693  0.0439477601896  0.0476199663763  0.0503334562905  0.0522583192302  0.0535690289156  0.0544238788824  0.0549529570247  0.0552531710467  0.0553877756261  0.0553877756261  0.0552531710467  0.0549529570247  0.0544238788824  0.0535690289156  0.0522583192302  0.0503334562905  0.0476199663763  0.0439477601896  0.0391795521693  0.0332434588985  0.0261631326114  0.018077094195  0.00923971232987  
0.00414139522874  0.00810409125416  0.0117328058753  0.014913897776  0.0175848458084  0.0197340319459  0.0213924246628  0.0226204075216  0.0234933891051  0.0240891395291  0.0244785255576  0.0247200037645  0.0248572570447  0.0249188677914  0.0249188677914  0.0248572570447  0.0247200037645  0.0244785255576  0.0240891395291  0.0234933891051  0.0226204075216  0.0213924246628  0.0197340319459  0.0175848458084  0.014913897776  0.0117328058753  0.00810409125416  0.00414139522874  
0.00180550436336  0.00353371754401  0.00511737888489  0.00650709079704  0.00767543985248  0.00861698225339  0.00934474706106  0.00988462003776  0.010269155382  0.0105320857675  0.0107042675452  0.0108112369406  0.0108721290154  0.0108994909502  0.0108994909502  0.0108721290154  0.0108112369406  0.0107042675452  0.0105320857675  0.010269155382  0.00988462003776  0.00934474706106  0.00861698225339  0.00767543985248  0.00650709079704  0.00511737888489  0.00353371754401  0.00180550436336  
0.000765866601753  0.00149917437093  0.00217155437704  0.00276210876083  0.00325915386441  0.00366024246063  0.00397072718827  0.00420142465493  0.00436602250496  0.00447876293493  0.00455271770473  0.00459873602766  0.00462496731322  0.00463676538001  0.00463676538001  0.00462496731322  0.00459873602766  0.00455271770473  0.00447876293493  0.00436602250496  0.00420142465493  0.00397072718827  0.00366024246063  0.00325915386441  0.00276210876083  0.00217155437704  0.00149917437093  0.000765866601753  
0.000316136706373  0.000618915331769  0.000896684242043  0.00114083786519  0.00134653421842  0.00151271395048  0.00164152389433  0.00173736949977  0.00180585621841  0.00185283799146  0.00188370364421  0.00190293714414  0.00191391386624  0.00191885500155  0.00191885500155  0.00191391386624  0.00190293714414  0.00188370364421  0.00185283799146  0.00180585621841  0.00173736949977  0.00164152389433  0.00151271395048  0.00134653421842  0.00114083786519  0.000896684242043  0.000618915331769  0.000316136706373  
0.000126833274674  0.000248335825739  0.000359853580466  0.000457941420498  0.000540650287303  0.000607538160895  0.000659444483072  0.000698115792588  0.000725785147343  0.000744792101532  0.000757295939178  0.000765097388648  0.000769554536422  0.000771562398989  0.000771562398989  0.000769554536422  0.000765097388648  0.000757295939178  0.000744792101532  0.000725785147343  0.000698115792588  0.000659444483072  0.000607538160895  0.000540650287303  0.000457941420498  0.000359853580466  0.000248335825739  0.000126833274674  
4.88880809869e-05  9.57307335612e-05  0.000138740765394  0.000176592722173  0.000208533286248  0.000234386570128  0.000254469003412  0.000269446920875  0.00028017581354  0.000287554432762  0.000292414122917  0.000295449504428  0.000297185296761  0.000297967740426  0.000297967740426  0.000297185296761  0.000295449504428  0.000292414122917  0.000287554432762  0.00028017581354  0.000269446920875  0.000254469003412  0.000234386570128  0.000208533286248  0.000176592722173  0.000138740765394  9.57307335612e-05  4.88880809869e-05  
1.64390991343e-05  3.21927175583e-05  4.66615714327e-05  5.94005876459e-05  7.01559571072e-05  7.88671736313e-05  8.56388662179e-05  9.06933800744e-05  9.43170645966e-05  9.681136386e-05  9.8455574434e-05  9.94833906559e-05  0.000100071558299  0.000100336813955  0.000100336813955  0.000100071558299  9.94833906559e-05  9.8455574434e-05  9.681136386e-05  9.43170645966e-05  9.06933800744e-05  8.56388662179e-05  7.88671736313e-05  7.01559571072e-05  5.94005876459e-05  4.66615714327e-05  3.21927175583e-05  1.64390991343e-05  
