1000.0  1000.0  1000.0  1000.0  1000.0  1000.0  1000.0  1000.0  1000.0  1000.0  1000.0  1000.0  1000.0  1000.0  1000.0  1000.0  1000.0  1000.0  1000.0  1000.0  1000.0  1000.0  1000.0  1000.0  1000.0  1000.0  1000.0  1000.0  
195.169903815  295.55471286  337.660195785  353.160312313  358.268785085  359.787709399  360.197149709  360.297651698  360.320214969  360.324868373  360.325753734  360.32590976  360.325935316  360.325939149  360.325939149  360.325935316  360.32590976  360.325753734  360.324868373  360.320214969  360.297651698  360.197149709  359.787709399  358.268785085  353.160312313  337.660195785  295.55471286  195.169903815  
82.7552084963  134.063606587  158.76663828  168.75449512  172.262037224  173.351368897  173.654070213  173.729992623  173.747304583  173.750915545  173.751608263  173.751731075  173.751751278  173.751754317  173.751754317  173.751751278  173.751731075  173.751608263  173.750915545  173.747304583  173.729992623  173.654070213  173.351368897  172.262037224  168.75449512  158.76663828  134.063606587  82.7552084963  
32.0822943587  53.8539380314  65.2339379488  70.1336231296  71.9356855942  72.5145456385  72.6794180738  72.7215288821  72.7312608665  72.733311044  72.7337072313  72.7337778458  72.7337895056  72.7337912641  72.7337912641  72.7337895056  72.7337778458  72.7337072313  72.733311044  72.7312608665  72.7215288821  72.6794180738  72.5145456385  71.9356855942  70.1336231296  65.2339379488  53.8539380314  32.0822943587  
11.2007010805  19.1823350795  23.5744206194  25.5482957298  26.2989684198  26.5463291151  26.6181547573  26.6367684654  26.6411172976  26.642040901  26.6422204489  26.6422525873  26.6422579094  26.6422587135  26.6422587135  26.6422579094  26.6422525873  26.6422204489  26.642040901  26.6411172976  26.6367684654  26.6181547573  26.5463291151  26.2989684198  25.5482957298  23.5744206194  19.1823350795  11.2007010805  
3.51040340823  6.08482105104  7.54975469076  8.2280579723  8.49237364495  8.58115426462  8.60731763525  8.61417496153  8.61579079548  8.61613614251  8.61620358513  8.61621569528  8.61621770478  8.61621800871  8.61621800871  8.61621770478  8.61621569528  8.61620358513  8.61613614251  8.61579079548  8.61417496153  8.60731763525  8.58115426462  8.49237364495  8.2280579723  7.54975469076  6.08482105104  3.51040340823  
0.989957859324  1.72915108927  2.15940599857  2.36288200181  2.44359637803  2.47109882  2.47929521761  2.4814620587  2.4819759616  2.48208631681  2.48210793923  2.48211183008  2.48211247645  2.48211257426  2.48211257426  2.48211247645  2.48211183008  2.48210793923  2.48208631681  2.4819759616  2.4814620587  2.47929521761  2.47109882  2.44359637803  2.36288200181  2.15940599857  1.72915108927  0.989957859324  
0.252367416375  0.44305395584  0.555801776713  0.609939148585  0.631697696609  0.639191368886  0.641443548844  0.642042790616  0.642185588647  0.642216356063  0.642222397661  0.642223486131  0.642223667027  0.642223694391  0.642223694391  0.642223667027  0.642223486131  0.642222397661  0.642216356063  0.642185588647  0.642042790616  0.641443548844  0.639191368886  0.631697696609  0.609939148585  0.555801776713  0.44305395584  0.252367416375  
0.0584717051035  0.103010874898  0.129640177608  0.142568481114  0.147814977678  0.149636245393  0.150187026176  0.150334259269  0.150369461747  0.150377063168  0.150378557642  0.150378827  0.150378871752  0.150378878516  0.150378878516  0.150378871752  0.150378827  0.150378557642  0.150377063168  0.150369461747  0.150334259269  0.150187026176  0.149636245393  0.147814977678  0.142568481114  0.129640177608  0.103010874898  0.0584717051035  
0.0123799156656  0.0218634014861  0.0275788448114  0.030376044948  0.0315192549237  0.0319184093514  0.0320396593809  0.0320721766265  0.0320799680555  0.0320816525379  0.0320819838495  0.0320820435463  0.0320820534559  0.0320820549516  0.0320820549516  0.0320820534559  0.0320820435463  0.0320819838495  0.0320816525379  0.0320799680555  0.0320721766265  0.0320396593809  0.0319184093514  0.0315192549237  0.030376044948  0.0275788448114  0.0218634014861  0.0123799156656  
0.0024077017837  0.00425950284544  0.00538196963206  0.00593453150517  0.00616152104648  0.00624110131737  0.00626534920166  0.00627186553034  0.00627342873731  0.00627376682941  0.00627383330722  0.00627384527475  0.00627384725853  0.00627384755744  0.00627384755744  0.00627384725853  0.00627384527475  0.00627383330722  0.00627376682941  0.00627342873731  0.00627186553034  0.00626534920166  0.00624110131737  0.00616152104648  0.00593453150517  0.00538196963206  0.00425950284544  0.0024077017837  
0.000432206932567  0.000765575602909  0.000968482288545  0.00106878580297  0.00111013852947  0.00112467682047  0.00112911513023  0.00113030918986  0.00113059573569  0.00113065769091  0.00113066986201  0.00113067204999  0.00113067241201  0.00113067246643  0.00113067246643  0.00113067241201  0.00113067204999  0.00113066986201  0.00113065769091  0.00113059573569  0.00113030918986  0.00112911513023  0.00112467682047  0.00111013852947  0.00106878580297  0.000968482288545  0.000765575602909  0.000432206932567  
7.19281873548e-05  0.000127520041719  0.000161455056145  0.000178278921677  0.000185231695609  0.000187680281698  0.000188428543593  0.000188629913402  0.000188678221252  0.000188688656621  0.000188690703746  0.000188691071068  0.000188691131706  0.0001886911408  0.0001886911408  0.000188691131706  0.000188691071068  0.000188690703746  0.000188688656621  0.000188678221252  0.000188629913402  0.000188428543593  0.000187680281698  0.000185231695609  0.000178278921677  0.000161455056145  0.000127520041719  7.19281873548e-05  
1.1142089435e-05  1.97656633977e-05  2.50402222305e-05  2.76601402949e-05  2.8744441311e-05  2.91266317267e-05  2.92434524999e-05  2.92748794652e-05  2.92824117568e-05  2.92840365619e-05  2.92843547085e-05  2.92844116653e-05  2.92844210432e-05  2.92844224457e-05  2.92844224457e-05  2.92844210432e-05  2.92844116653e-05  2.92843547085e-05  2.92840365619e-05  2.92824117568e-05  2.92748794652e-05  2.92434524999e-05  2.91266317267e-05  2.8744441311e-05  2.76601402949e-05  2.50402222305e-05  1.97656633977e-05  1.1142089435e-05  
1.61240969358e-06  2.86151147871e-06  3.62648003723e-06  4.00686480168e-06  4.16440052992e-06  4.21993626345e-06  4.23690453539e-06  4.24146507059e-06  4.2425565728e-06  4.24279158518e-06  4.24283749821e-06  4.2428456964e-06  4.24284704228e-06  4.24284724293e-06  4.24284724293e-06  4.24284704228e-06  4.2428456964e-06  4.24283749821e-06  4.24279158518e-06  4.2425565728e-06  4.24146507059e-06  4.23690453539e-06  4.21993626345e-06  4.16440052992e-06  4.00686480168e-06  3.62648003723e-06  2.86151147871e-06  1.61240969358e-06  
2.18705864806e-07  3.88226616909e-07  4.92114473087e-07  5.43796833504e-07  5.65201866827e-07  5.72744366064e-07  5.75046715783e-07  5.75664640452e-07  5.75812259083e-07  5.758439717e-07  5.75850151106e-07  5.75851251272e-07  5.75851431304e-07  5.75851458055e-07  5.75851458055e-07  5.75851431304e-07  5.75851251272e-07  5.75850151106e-07  5.758439717e-07  5.75812259083e-07  5.75664640452e-07  5.75046715783e-07  5.72744366064e-07  5.65201866827e-07  5.43796833504e-07  4.92114473087e-07  3.88226616909e-07  2.18705864806e-07  
2.78885311233e-08  4.9510689622e-08  6.27642979293e-08  6.93572481792e-08  7.20864841484e-08  7.30472759559e-08  7.33401473017e-08  7.34186069819e-08  7.34373089021e-08  7.34413162337e-08  7.34420948204e-08  7.34422329951e-08  7.34422555281e-08  7.34422588643e-08  7.34422588643e-08  7.34422555281e-08  7.34422329951e-08  7.34420948204e-08  7.34413162337e-08  7.34373089021e-08  7.34186069819e-08  7.33401473017e-08  7.30472759559e-08  7.20864841484e-08  6.93572481792e-08  6.27642979293e-08  4.9510689622e-08  2.78885311233e-08  
3.35241664559e-09  5.95160379636e-09  7.54454192971e-09  8.33653479162e-09  8.6640840343e-09  8.77923530913e-09  8.81427307478e-09  8.82363908391e-09  8.82586590654e-09  8.82634168345e-09  8.82643382904e-09  8.8264501257e-09  8.82645277351e-09  8.82645316407e-09  8.82645316407e-09  8.82645277351e-09  8.8264501257e-09  8.82643382904e-09  8.82634168345e-09  8.82586590654e-09  8.82363908391e-09  8.81427307478e-09  8.77923530913e-09  8.6640840343e-09  8.33653479162e-09  7.54454192971e-09  5.95160379636e-09  3.35241664559e-09  
3.80838083931e-10  6.76053868216e-10  8.56891160434e-10  9.46722039071e-10  9.83825123753e-10  9.96846204692e-10  1.00079974188e-09  1.00185392273e-09  1.00210384883e-09  1.00215707961e-09  1.00216735381e-09  1.00216916422e-09  1.00216945723e-09  1.00216950028e-09  1.00216950028e-09  1.00216945723e-09  1.00216916422e-09  1.00216735381e-09  1.00215707961e-09  1.00210384883e-09  1.00185392273e-09  1.00079974188e-09  9.96846204692e-10  9.83825123753e-10  9.46722039071e-10  8.56891160434e-10  6.76053868216e-10  3.80838083931e-10  
4.09791706213e-11  7.27339801228e-11  9.21708948477e-11  1.01814569985e-10  1.05791188218e-10  1.07183888324e-10  1.07605717958e-10  1.07717882657e-10  1.07744392437e-10  1.07750019576e-10  1.07751101737e-10  1.07751291687e-10  1.07751322304e-10  1.07751326784e-10  1.07751326784e-10  1.07751322304e-10  1.07751291687e-10  1.07751101737e-10  1.07750019576e-10  1.07744392437e-10  1.07717882657e-10  1.07605717958e-10  1.07183888324e-10  1.05791188218e-10  1.01814569985e-10  9.21708948477e-11  7.27339801228e-11  4.09791706213e-11  
4.18537522548e-12  7.4270265557e-12  9.40925094621e-12  1.03912856857e-11  1.0795453351e-11  1.0936671603e-11  1.09793291399e-11  1.09906374257e-11  1.09933012145e-11  1.09938646167e-11  1.099397255e-11  1.09939914186e-11  1.09939944471e-11  1.09939948883e-11  1.09939948883e-11  1.09939944471e-11  1.09939914186e-11  1.099397255e-11  1.09938646167e-11  1.09933012145e-11  1.09906374257e-11  1.09793291399e-11  1.0936671603e-11  1.0795453351e-11  1.03912856857e-11  9.40925094621e-12  7.4270265557e-12  4.18537522548e-12  
4.06526354644e-13  7.21194773869e-13  9.13380526714e-13  1.00843016176e-12  1.04746389229e-12  1.06106730182e-12  1.06516439266e-12  1.06624697701e-12  1.06650109027e-12  1.06655463281e-12  1.06656484901e-12  1.06656662745e-12  1.06656691164e-12  1.06656695286e-12  1.06656695286e-12  1.06656691164e-12  1.06656662745e-12  1.06656484901e-12  1.06655463281e-12  1.06650109027e-12  1.06624697701e-12  1.06516439266e-12  1.06106730182e-12  1.04746389229e-12  1.00843016176e-12  9.13380526714e-13  7.21194773869e-13  4.06526354644e-13  
3.76179512363e-14  6.67148015782e-14  8.4461567553e-14  9.32217376253e-14  9.68106339765e-14  9.80578784264e-14  9.84323425658e-14  9.85309464937e-14  9.85540054786e-14  9.85588448332e-14  9.85597643503e-14  9.85599237202e-14  9.8559949071e-14  9.85599527315e-14  9.85599527315e-14  9.8559949071e-14  9.85599237202e-14  9.85597643503e-14  9.85588448332e-14  9.85540054786e-14  9.85309464937e-14  9.84323425658e-14  9.80578784264e-14  9.68106339765e-14  9.32217376253e-14  8.4461567553e-14  6.67148015782e-14  3.76179512363e-14  
3.32172771037e-15  5.88893299521e-15  7.45233829108e-15  8.22243970538e-15  8.53711973847e-15  8.64615249413e-15  8.67877845342e-15  8.68733829513e-15  8.68933225749e-15  8.68974900121e-15  8.68982784296e-15  8.68984144601e-15  8.68984359971e-15  8.68984390923e-15  8.68984390923e-15  8.68984359971e-15  8.68984144601e-15  8.68982784296e-15  8.68974900121e-15  8.68933225749e-15  8.68733829513e-15  8.67877845342e-15  8.64615249413e-15  8.53711973847e-15  8.22243970538e-15  7.45233829108e-15  5.88893299521e-15  3.32172771037e-15  
2.80319284103e-16  4.96770024729e-16  6.28367498789e-16  6.93042177978e-16  7.19396453036e-16  7.28498903394e-16  7.31213070364e-16  7.31922460027e-16  7.32087038207e-16  7.32121288456e-16  7.3212773911e-16  7.32128846903e-16  7.3212902145e-16  7.32129046415e-16  7.32129046415e-16  7.3212902145e-16  7.32128846903e-16  7.3212773911e-16  7.32121288456e-16  7.32087038207e-16  7.31922460027e-16  7.31213070364e-16  7.28498903394e-16  7.19396453036e-16  6.93042177978e-16  6.28367498789e-16  4.96770024729e-16  2.80319284103e-16  
2.26397720195e-17  4.01042311367e-17  5.07032785461e-17  5.58996272241e-17  5.80108806937e-17  5.87376494017e-17  5.89535615314e-17  5.90097703353e-17  5.90227559952e-17  5.90254465015e-17  5.90259508945e-17  5.90260371017e-17  5.90260506177e-17  5.90260525414e-17  5.90260525414e-17  5.90260506177e-17  5.90260371017e-17  5.90259508945e-17  5.90254465015e-17  5.90227559952e-17  5.90097703353e-17  5.89535615314e-17  5.87376494017e-17  5.80108806937e-17  5.58996272241e-17  5.07032785461e-17  4.01042311367e-17  2.26397720195e-17  
1.75217810737e-18  3.10241150072e-18  3.92030077726e-18  4.32025562207e-18  4.48225534602e-18  4.53782706417e-18  4.55427356196e-18  4.5585375699e-18  4.55951839304e-18  4.55972068682e-18  4.55975843173e-18  4.55976485122e-18  4.55976585263e-18  4.55976599444e-18  4.55976599444e-18  4.55976585263e-18  4.55976485122e-18  4.55975843173e-18  4.55972068682e-18  4.55951839304e-18  4.5585375699e-18  4.55427356196e-18  4.53782706417e-18  4.48225534602e-18  4.32025562207e-18  3.92030077726e-18  3.10241150072e-18  1.75217810737e-18  
1.29479574969e-19  2.29147930651e-19  2.89401210071e-19  3.18787116169e-19  3.30651864409e-19  3.34707298189e-19  3.35902808241e-19  3.36211464594e-19  3.36282149048e-19  3.3629666025e-19  3.36299354814e-19  3.36299810819e-19  3.3629988159e-19  3.36299891562e-19  3.36299891562e-19  3.3629988159e-19  3.36299810819e-19  3.36299354814e-19  3.3629666025e-19  3.36282149048e-19  3.36211464594e-19  3.35902808241e-19  3.34707298189e-19  3.30651864409e-19  3.18787116169e-19  2.89401210071e-19  2.29147930651e-19  1.29479574969e-19  
