1000.0  1000.0  1000.0  1000.0  1000.0  1000.0  1000.0  1000.0  1000.0  1000.0  1000.0  1000.0  1000.0  1000.0  1000.0  1000.0  1000.0  1000.0  1000.0  1000.0  1000.0  1000.0  1000.0  1000.0  1000.0  1000.0  1000.0  1000.0  
282.021666065  459.678344846  563.606151007  624.400915197  660.554672147  682.389542702  695.699717231  703.833391542  708.785440761  711.772460532  713.545743646  714.568838328  715.121740992  715.36260511  715.36260511  715.121740992  714.568838328  713.545743646  711.772460532  708.785440761  703.833391542  695.699717231  682.389542702  660.554672147  624.400915197  563.606151007  459.678344846  282.021666065  
180.122562788  318.648628356  414.041669352  476.757785704  517.176382156  542.960822831  559.279606207  569.515938945  575.865175793  579.747095957  582.074763924  583.427632352  584.162568907  584.483752241  584.483752241  584.162568907  583.427632352  582.074763924  579.747095957  575.865175793  569.515938945  559.279606207  542.960822831  517.176382156  476.757785704  414.041669352  318.648628356  180.122562788  
121.607812102  224.269219085  302.289684296  358.01269115  396.31577915  421.968535398  438.804221099  449.655082679  456.524190818  460.789496445  463.37744975  464.895095407  465.724863273  466.088930325  466.088930325  465.724863273  464.895095407  463.37744975  460.789496445  456.524190818  449.655082679  438.804221099  421.968535398  396.31577915  358.01269115  302.289684296  224.269219085  121.607812102  
84.1600125883  158.702536387  218.926350141  264.51621915  297.455926752  320.433237139  336.010901123  346.311974167  352.966335942  357.16478171  359.744372064  361.271896646  362.113032597  362.483728643  362.483728643  362.113032597  361.271896646  359.744372064  357.16478171  352.966335942  346.311974167  336.010901123  320.433237139  297.455926752  264.51621915  218.926350141  158.702536387  84.1600125883  
58.6106074938  111.941817321  156.748745348  192.090551402  218.615836486  237.741878237  251.075645818  260.099128863  266.039831705  269.846481811  272.214828583  273.631232704  274.416950716  274.764834433  274.764834433  274.416950716  273.631232704  272.214828583  269.846481811  266.039831705  260.099128863  251.075645818  237.741878237  218.615836486  192.090551402  156.748745348  111.941817321  58.6106074938  
40.6192642381  78.1882127986  110.581566082  136.893673154  157.222289187  172.275553712  183.019379174  190.438834338  195.408231375  198.638846732  200.673046489  201.901437882  202.587852676  202.893181931  202.893181931  202.587852676  201.901437882  200.673046489  198.638846732  195.408231375  190.438834338  183.019379174  172.275553712  157.222289187  136.893673154  110.581566082  78.1882127986  40.6192642381  
27.8198651778  53.8234326904  76.6472642342  95.5865428756  110.546961838  121.863562244  130.099874955  135.887729386  139.823929295  142.416769919  144.067710966  145.07384582  145.640019518  145.892996652  145.892996652  145.640019518  145.07384582  144.067710966  142.416769919  139.823929295  135.887729386  130.099874955  121.863562244  110.546961838  95.5865428756  76.6472642342  53.8234326904  27.8198651778  
18.7451867474  36.3928194197  52.079236973  65.3034916096  75.9298666435  84.106400092  90.1544926343  94.4683378883  97.4415802804  99.4233511203  100.69814356  101.481682319  101.925507938  102.124661645  102.124661645  101.925507938  101.481682319  100.69814356  99.4233511203  97.4415802804  94.4683378883  90.1544926343  84.106400092  75.9298666435  65.3034916096  52.079236973  36.3928194197  18.7451867474  
12.3887366609  24.1117535335  34.6285240328  43.6011665273  50.9081203474  56.6082796708  60.8815435583  63.9682493958  66.1205759552  67.5702710569  68.5114251826  69.0944193097  69.4266642879  69.5763396835  69.5763396835  69.4266642879  69.0944193097  68.5114251826  67.5702710569  66.1205759552  63.9682493958  60.8815435583  56.6082796708  50.9081203474  43.6011665273  34.6285240328  24.1117535335  12.3887366609  
8.01435725834  15.6265638727  22.5029245954  28.4238469018  33.296746643  37.1406484478  40.0545710358  42.1820786388  43.6805659753  44.6992204411  45.3660089923  45.781972669  46.0203498805  46.128128816  46.128128816  46.0203498805  45.781972669  45.3660089923  44.6992204411  43.6805659753  42.1820786388  40.0545710358  37.1406484478  33.296746643  28.4238469018  22.5029245954  15.6265638727  8.01435725834  
5.06745648267  9.89431736526  14.2778019978  18.0794719403  21.234725971  23.7464110492  25.6681626623  27.0841042439  28.0901153307  28.7795488713  29.2341560633  29.5195596073  29.6839431009  29.7585131192  29.7585131192  29.6839431009  29.5195596073  29.2341560633  28.7795488713  28.0901153307  27.0841042439  25.6681626623  23.7464110492  21.234725971  18.0794719403  14.2778019978  9.89431736526  5.06745648267  
3.1286351668  6.11528779297  8.8389011233  11.2145560688  13.1997523204  14.7918909961  16.0195660551  16.9311511643  17.5837061397  18.0340943504  18.3330127952  18.5217435706  18.6309417287  18.6806263765  18.6806263765  18.6309417287  18.5217435706  18.3330127952  18.0340943504  17.5837061397  16.9311511643  16.0195660551  14.7918909961  13.1997523204  11.2145560688  8.8389011233  6.11528779297  3.1286351668  
1.88478518498  3.68716472152  5.33625970042  6.78131654616  7.9956113991  8.97553900811  9.73609828137  10.30458449  10.7141865841  10.9986519106  11.1885375457  11.3090366429  11.3790415887  11.4109796203  11.4109796203  11.3790415887  11.3090366429  11.1885375457  10.9986519106  10.7141865841  10.30458449  9.73609828137  8.97553900811  7.9956113991  6.78131654616  5.33625970042  3.68716472152  1.88478518498  
1.1074087036  2.16787938464  3.14076434141  3.99648974834  4.71887819784  5.30486898003  5.76219966249  6.10597812197  6.35507439646  6.52901355982  6.64571283372  6.72010398418  6.76348040462  6.7833178997  6.7833178997  6.76348040462  6.72010398418  6.64571283372  6.52901355982  6.35507439646  6.10597812197  5.76219966249  5.30486898003  4.71887819784  3.99648974834  3.14076434141  2.16787938464  1.1074087036  
0.634401441094  1.24260534539  1.80180289051  2.29518903311  2.71329617315  3.05394123818  3.32104775276  3.52281463535  3.66972893163  3.77280710607  3.84227594056  3.8867379534  3.91274801665  3.92466920845  3.92466920845  3.91274801665  3.8867379534  3.84227594056  3.77280710607  3.66972893163  3.52281463535  3.32104775276  3.05394123818  2.71329617315  2.29518903311  1.80180289051  1.24260534539  0.634401441094  
0.354289282314  0.694267509813  1.00742099258  1.28443633594  1.5199430523  1.71252878273  1.8641480685  1.97916137932  2.06326492467  2.12252165478  2.16261651593  2.18837034676  2.20348030146  2.21041916454  2.21041916454  2.20348030146  2.18837034676  2.16261651593  2.12252165478  2.06326492467  1.97916137932  1.8641480685  1.71252878273  1.5199430523  1.28443633594  1.00742099258  0.694267509813  0.354289282314  
0.19286824071  0.378090998032  0.548959514034  0.700439542244  0.829573316115  0.935506367457  1.01919478407  1.08291015629  1.12967600314  1.1627475719  1.18520377468  1.19967392863  1.20818586946  1.21210159534  1.21210159534  1.20818586946  1.19967392863  1.18520377468  1.1627475719  1.12967600314  1.08291015629  1.01919478407  0.935506367457  0.829573316115  0.700439542244  0.548959514034  0.378090998032  0.19286824071  
0.102347634659  0.200703069558  0.291553087493  0.37224345555  0.441190745372  0.497904165545  0.542842755409  0.577165201426  0.602439624321  0.62037129969  0.632585358876  0.640478136236  0.645131844714  0.647276029886  0.647276029886  0.645131844714  0.640478136236  0.632585358876  0.62037129969  0.602439624321  0.577165201426  0.542842755409  0.497904165545  0.441190745372  0.37224345555  0.291553087493  0.200703069558  0.102347634659  
0.0529470721199  0.103857448668  0.150934473613  0.192813093566  0.228668619897  0.258231108469  0.281716804192  0.299704187838  0.312987852539  0.322439493269  0.328895329573  0.333077696889  0.335548843137  0.336689015143  0.336689015143  0.335548843137  0.333077696889  0.328895329573  0.322439493269  0.312987852539  0.299704187838  0.281716804192  0.258231108469  0.228668619897  0.192813093566  0.150934473613  0.103857448668  0.0529470721199  
0.026705903111  0.0523968640935  0.0761757432946  0.0973576739308  0.115524509826  0.13053331635  0.142484015342  0.151659210281  0.158452254847  0.163298004465  0.166616029181  0.16877045465  0.170045776314  0.170634942129  0.170634942129  0.170045776314  0.16877045465  0.166616029181  0.163298004465  0.158452254847  0.151659210281  0.142484015342  0.13053331635  0.115524509826  0.0973576739308  0.0761757432946  0.0523968640935  0.026705903111  
0.0131354316486  0.0257768935454  0.0374869989141  0.0479305042208  0.056900895511  0.0643250552299  0.070248262313  0.0748055807875  0.078187243747  0.0806049856541  0.0822641344352  0.0833436165025  0.0839836922169  0.0842797244333  0.0842797244333  0.0839836922169  0.0833436165025  0.0822641344352  0.0806049856541  0.078187243747  0.0748055807875  0.070248262313  0.0643250552299  0.056900895511  0.0479305042208  0.0374869989141  0.0257768935454  0.0131354316486  
0.00630133799378  0.0123678860258  0.0179914430524  0.023011879212  0.0273298022562  0.0309089880456  0.0337695543235  0.0359746415444  0.0376141285717  0.0387886536715  0.0395962454036  0.0401226361054  0.0404352273636  0.0405799459561  0.0405799459561  0.0404352273636  0.0401226361054  0.0395962454036  0.0387886536715  0.0376141285717  0.0359746415444  0.0337695543235  0.0309089880456  0.0273298022562  0.023011879212  0.0179914430524  0.0123678860258  0.00630133799378  
0.0029487289104  0.00578847506985  0.00842247532205  0.0107760873443  0.0128026788948  0.0144848390121  0.0158313304438  0.0168710210262  0.0176453958125  0.0182011528755  0.0185839582549  0.0188338770135  0.0189824888142  0.019051353409  0.019051353409  0.0189824888142  0.0188338770135  0.0185839582549  0.0182011528755  0.0176453958125  0.0168710210262  0.0158313304438  0.0144848390121  0.0128026788948  0.0107760873443  0.00842247532205  0.00578847506985  0.0029487289104  
0.00134571805913  0.0026420534141  0.00384511246264  0.00492094934411  0.00584823768069  0.00661885128616  0.0072365304823  0.00771417739125  0.00807049184383  0.0083266225406  0.0085033225756  0.00861885078816  0.00868763165694  0.00871952976598  0.00871952976598  0.00868763165694  0.00861885078816  0.0085033225756  0.0083266225406  0.00807049184383  0.00771417739125  0.0072365304823  0.00661885128616  0.00584823768069  0.00492094934411  0.00384511246264  0.0026420534141  0.00134571805913  
0.000597453612961  0.00117311953021  0.00170761365362  0.00218591194554  0.00259853019008  0.00294179210109  0.00321725879186  0.00343055277716  0.0035898850461  0.00370458028876  0.00378381659827  0.00383568883824  0.00386660467479  0.00388095274228  0.00388095274228  0.00386660467479  0.00383568883824  0.00378381659827  0.00370458028876  0.0035898850461  0.00343055277716  0.00321725879186  0.00294179210109  0.00259853019008  0.00218591194554  0.00170761365362  0.00117311953021  0.000597453612961  
0.000253837943512  0.000498467605036  0.000725690155814  0.000929139304391  0.0011047801895  0.00125102680953  0.00136850716268  0.00145957236084  0.00152767819273  0.00157676290614  0.00161071277457  0.00163296250251  0.00164623546416  0.00165239926659  0.00165239926659  0.00164623546416  0.00163296250251  0.00161071277457  0.00157676290614  0.00152767819273  0.00145957236084  0.00136850716268  0.00125102680953  0.0011047801895  0.000929139304391  0.000725690155814  0.000498467605036  0.000253837943512  
9.2330964612e-05  0.000181325217903  0.000264010174225  0.000338074637088  0.000402049639129  0.000455352050024  0.000498201094879  0.000531442076917  0.000556323357288  0.00057427118895  0.0005866956121  0.000594844691631  0.000599709215742  0.000601969257251  0.000601969257251  0.000599709215742  0.000594844691631  0.0005866956121  0.00057427118895  0.000556323357288  0.000531442076917  0.000498201094879  0.000455352050024  0.000402049639129  0.000338074637088  0.000264010174225  0.000181325217903  9.2330964612e-05  
