1000.0  1000.0  1000.0  1000.0  1000.0  1000.0  1000.0  1000.0  1000.0  1000.0  1000.0  1000.0  1000.0  1000.0  1000.0  1000.0  1000.0  1000.0  1000.0  1000.0  1000.0  1000.0  1000.0  1000.0  1000.0  1000.0  1000.0  1000.0  
277.456063903  450.713623534  550.557024363  607.697170677  640.698944298  659.912908558  671.121509141  677.629905076  681.369891622  683.486282476  684.659629706  685.291049841  685.611110336  685.744112945  685.744112945  685.611110336  685.291049841  684.659629706  683.486282476  681.369891622  677.629905076  671.121509141  659.912908558  640.698944298  607.697170677  550.557024363  450.713623534  277.456063903  
173.886271119  306.403390678  396.21725849  453.941133303  490.053925741  512.257875175  525.705478074  533.721202403  538.414284008  541.106487794  542.614274587  543.431831994  543.848515433  544.02226447  544.02226447  543.848515433  543.431831994  542.614274587  541.106487794  538.414284008  533.721202403  525.705478074  512.257875175  490.053925741  453.941133303  396.21725849  306.403390678  173.886271119  
114.312569447  209.944588404  281.438245867  331.320831714  364.58629094  386.049727585  399.525749575  407.777966468  412.708778068  415.581534513  417.209716433  418.100645062  418.557781029  418.749210576  418.749210576  418.557781029  418.100645062  417.209716433  415.581534513  412.708778068  407.777966468  399.525749575  386.049727585  364.58629094  331.320831714  281.438245867  209.944588404  114.312569447  
76.449866285  143.563089423  196.888536283  236.305180014  263.919833938  282.468422644  294.494071995  302.047399669  306.651985577  309.377583279  310.94191005  311.806387555  312.253241816  312.441254465  312.441254465  312.253241816  311.806387555  310.94191005  309.377583279  306.651985577  302.047399669  294.494071995  282.468422644  263.919833938  236.305180014  196.888536283  143.563089423  76.449866285  
51.0697279974  97.1345850774  135.194164993  164.497509721  185.813554195  200.606744237  210.464960895  216.799468321  220.733919539  223.098748885  224.473043299  225.240140844  225.639690102  225.80863076  225.80863076  225.639690102  225.240140844  224.473043299  223.098748885  220.733919539  216.799468321  210.464960895  200.606744237  185.813554195  164.497509721  135.194164993  97.1345850774  51.0697279974  
33.7047193613  64.6106831077  90.8166546013  111.59102691  127.141899674  138.220732915  145.776050427  150.728201117  153.856395052  155.763538964  156.8850917  157.517229347  157.848965878  157.989924125  157.989924125  157.848965878  157.517229347  156.8850917  155.763538964  153.856395052  150.728201117  145.776050427  138.220732915  127.141899674  111.59102691  90.8166546013  64.6106831077  33.7047193613  
21.8282932518  42.0581065189  59.5200107707  73.6599349749  84.4791929938  92.3504333159  97.822232267  101.470468504  103.809660548  105.254296698  106.113264534  106.601865468  106.860125447  106.970384177  106.970384177  106.860125447  106.601865468  106.113264534  105.254296698  103.809660548  101.470468504  97.822232267  92.3504333159  84.4791929938  73.6599349749  59.5200107707  42.0581065189  21.8282932518  
13.812735617  26.7070806077  37.9789704546  47.251494995  54.4676603371  59.8065281859  63.5772925684  66.1282068335  67.7852886131  68.8205342218  69.4422883688  69.7989736554  69.9887803974  70.0701777693  70.0701777693  69.9887803974  69.7989736554  69.4422883688  68.8205342218  67.7852886131  66.1282068335  63.5772925684  59.8065281859  54.4676603371  47.251494995  37.9789704546  26.7070806077  13.812735617  
8.51628875148  16.5073873335  23.5579654079  29.4274697767  34.0561489512  37.5273092929  40.0113570026  41.7126661475  42.8304199674  43.5358858002  43.9634221836  44.2105988701  44.3429511004  44.3999457848  44.3999457848  44.3429511004  44.2105988701  43.9634221836  43.5358858002  42.8304199674  41.7126661475  40.0113570026  37.5273092929  34.0561489512  29.4274697767  23.5579654079  16.5073873335  8.51628875148  
5.1065460707  9.91635763925  14.1896651844  17.7799164355  20.6409430655  22.8101462909  24.3794908061  25.4656214091  26.1862188516  26.6451196705  26.9254807459  27.0887097352  27.1766084827  27.2146048459  27.2146048459  27.1766084827  27.0887097352  26.9254807459  26.6451196705  26.1862188516  25.4656214091  24.3794908061  22.8101462909  20.6409430655  17.7799164355  14.1896651844  9.91635763925  5.1065460707  
2.97428423622  5.78377288398  8.29323214204  10.4167674952  12.1231925974  13.4286180631  14.3816591494  15.0471277381  15.4923777846  15.7781661843  15.954020826  16.0570519421  16.1128196777  16.137010458  16.137010458  16.1128196777  16.0570519421  15.954020826  15.7781661843  15.4923777846  15.0471277381  14.3816591494  13.4286180631  12.1231925974  10.4167674952  8.29323214204  5.78377288398  2.97428423622  
1.68143166271  3.27322685246  4.70098211756  5.91608194124  6.89913080268  7.65672634284  8.21403410535  8.6061248451  8.87038203185  9.04116894736  9.14692799882  9.20924083244  9.24312523582  9.2578697527  9.2578697527  9.24312523582  9.20924083244  9.14692799882  9.04116894736  8.87038203185  8.6061248451  8.21403410535  7.65672634284  6.89913080268  5.91608194124  4.70098211756  3.27322685246  1.68143166271  
0.922181973715  1.79673279907  2.58377099323  3.25667264878  3.80408339755  4.2285334481  4.54277128592  4.765278286  4.91618816913  5.01430818938  5.07541001056  5.11159214413  5.13134900679  5.13997039548  5.13997039548  5.13134900679  5.11159214413  5.07541001056  5.01430818938  4.91618816913  4.765278286  4.54277128592  4.2285334481  3.80408339755  3.25667264878  2.58377099323  1.79673279907  0.922181973715  
0.490560797938  0.956438297852  1.37682549698  1.73759933322  2.03243230789  2.26220780172  2.43324148483  2.55501642672  2.63805856895  2.6923365569  2.72630450189  2.746509062  2.75758257816  2.76242706917  2.76242706917  2.75758257816  2.746509062  2.72630450189  2.6923365569  2.63805856895  2.55501642672  2.43324148483  2.26220780172  2.03243230789  1.73759933322  1.37682549698  0.956438297852  0.490560797938  
0.253092628968  0.493725785535  0.711340576661  0.898675325114  1.05235183533  1.1726331152  1.26257677337  1.32691971869  1.37100514112  1.39995333989  1.41814887101  1.42901487459  1.4349899965  1.43760997875  1.43760997875  1.4349899965  1.42901487459  1.41814887101  1.39995333989  1.37100514112  1.32691971869  1.26257677337  1.1726331152  1.05235183533  0.898675325114  0.711340576661  0.493725785535  0.253092628968  
0.126649515445  0.247177869926  0.35637540365  0.450621346299  0.528180940871  0.589107091892  0.634845468893  0.667699028764  0.690301855953  0.705203854697  0.714606806637  0.720241918638  0.723349809791  0.724715344318  0.724715344318  0.723349809791  0.720241918638  0.714606806637  0.705203854697  0.690301855953  0.667699028764  0.634845468893  0.589107091892  0.528180940871  0.450621346299  0.35637540365  0.247177869926  0.126649515445  
0.0614799989369  0.12003457891  0.173165262708  0.21912063901  0.257041625771  0.286922424324  0.309430220572  0.32565458761  0.336856857112  0.344268759512  0.348961555868  0.351782750078  0.353342820405  0.354029529793  0.354029529793  0.353342820405  0.351782750078  0.348961555868  0.344268759512  0.336856857112  0.32565458761  0.309430220572  0.286922424324  0.257041625771  0.21912063901  0.173165262708  0.12003457891  0.0614799989369  
0.0289581877605  0.056556681427  0.0816308878538  0.103358655462  0.121328947334  0.135526704815  0.146252347952  0.15400749104  0.159378927152  0.16294402145  0.165208066156  0.166572958207  0.167329501645  0.16766305922  0.16766305922  0.167329501645  0.166572958207  0.165208066156  0.16294402145  0.159378927152  0.15400749104  0.146252347952  0.135526704815  0.121328947334  0.103358655462  0.0816308878538  0.056556681427  0.0289581877605  
0.0132385825481  0.0258626332371  0.0373445400171  0.0473096374885  0.0555676496304  0.0621069682294  0.0670595330605  0.0706500524023  0.0731437984154  0.0748034965061  0.0758603274902  0.0764990280106  0.0768537981508  0.0770104433622  0.0770104433622  0.0768537981508  0.0764990280106  0.0758603274902  0.0748034965061  0.0731437984154  0.0706500524023  0.0670595330605  0.0621069682294  0.0555676496304  0.0473096374885  0.0373445400171  0.0258626332371  0.0132385825481  
0.00587608570798  0.0114820844242  0.0165856445496  0.021020953357  0.0247026959402  0.0276239490776  0.0298412184115  0.0314524585125  0.0325742310237  0.0333226385052  0.0338003280464  0.0340896608101  0.0342506747709  0.0343218616044  0.0343218616044  0.0342506747709  0.0340896608101  0.0338003280464  0.0333226385052  0.0325742310237  0.0314524585125  0.0298412184115  0.0276239490776  0.0247026959402  0.021020953357  0.0165856445496  0.0114820844242  0.00587608570798  
0.00253319791175  0.00495095308837  0.00715378294756  0.00907039652966  0.0106637085174  0.0119300852141  0.0128931216779  0.0135943738408  0.0140836377187  0.0144107606307  0.0146199955974  0.0147469774121  0.0148177615941  0.0148490929025  0.0148490929025  0.0148177615941  0.0147469774121  0.0146199955974  0.0144107606307  0.0140836377187  0.0135943738408  0.0128931216779  0.0119300852141  0.0106637085174  0.00907039652966  0.00715378294756  0.00495095308837  0.00253319791175  
0.00106108896139  0.00207418118922  0.00299785553948  0.00380232288961  0.00447194246739  0.00500495964609  0.00541098039634  0.00570716449736  0.00591420077915  0.00605288979467  0.00614176472872  0.00619579647784  0.00622596087436  0.00623932650919  0.00623932650919  0.00622596087436  0.00619579647784  0.00614176472872  0.00605288979467  0.00591420077915  0.00570716449736  0.00541098039634  0.00500495964609  0.00447194246739  0.00380232288961  0.00299785553948  0.00207418118922  0.00106108896139  
0.000432019744611  0.000844624626008  0.00122103875978  0.0015491603571  0.00182258483175  0.00204051636262  0.00220676783408  0.0023282375195  0.00241328740361  0.00247035682596  0.00250698916928  0.00252929479076  0.00254176407089  0.00254729427362  0.00254729427362  0.00254176407089  0.00252929479076  0.00250698916928  0.00247035682596  0.00241328740361  0.0023282375195  0.00220676783408  0.00204051636262  0.00182258483175  0.0015491603571  0.00122103875978  0.000844624626008  0.000432019744611  
0.000171016398861  0.000334391093808  0.000483513992316  0.000613604112747  0.000722113974328  0.000808700714425  0.000874839804595  0.000923231208811  0.00095716340327  0.000979966456279  0.000994625247909  0.00100356352454  0.00100856617147  0.00101078672418  0.00101078672418  0.00100856617147  0.00100356352454  0.000994625247909  0.000979966456279  0.00095716340327  0.000923231208811  0.000874839804595  0.000808700714425  0.000722113974328  0.000613604112747  0.000483513992316  0.000334391093808  0.000171016398861  
6.57642195782e-05  0.000128604454587  0.00018598910795  0.000236082943636  0.000277902355427  0.000311306254909  0.000336850696312  0.000355563579289  0.000368702109244  0.00037754314965  0.000383234021923  0.000386708359949  0.000388654970753  0.00038951966332  0.00038951966332  0.000388654970753  0.000386708359949  0.000383234021923  0.00037754314965  0.000368702109244  0.000355563579289  0.000336850696312  0.000311306254909  0.000277902355427  0.000236082943636  0.00018598910795  0.000128604454587  6.57642195782e-05  
2.43250625934e-05  4.75731899929e-05  6.88112384894e-05  8.73614426695e-05  0.000102858762583  0.00011524812624  0.000124731643871  0.000131686236453  0.000136574568938  0.000139867727058  0.000141989894221  0.000143286884786  0.000144014232539  0.000144337530099  0.000144337530099  0.000144014232539  0.000143286884786  0.000141989894221  0.000139867727058  0.000136574568938  0.000131686236453  0.000124731643871  0.00011524812624  0.000102858762583  8.73614426695e-05  6.88112384894e-05  4.75731899929e-05  2.43250625934e-05  
7.90524367948e-06  1.5461617368e-05  2.23666560872e-05  2.84003582636e-05  3.34438006073e-05  3.74783882749e-05  4.05689379527e-05  4.28371419069e-05  4.44327806132e-05  4.55086499099e-05  4.62025504412e-05  4.66269790443e-05  4.68651619714e-05  4.6971082638e-05  4.6971082638e-05  4.68651619714e-05  4.66269790443e-05  4.62025504412e-05  4.55086499099e-05  4.44327806132e-05  4.28371419069e-05  4.05689379527e-05  3.74783882749e-05  3.34438006073e-05  2.84003582636e-05  2.23666560872e-05  1.5461617368e-05  7.90524367948e-06  
