1000.0  1000.0  1000.0  1000.0  1000.0  1000.0  1000.0  1000.0  1000.0  1000.0  1000.0  1000.0  1000.0  1000.0  1000.0  1000.0  1000.0  1000.0  1000.0  1000.0  1000.0  1000.0  1000.0  1000.0  1000.0  1000.0  1000.0  1000.0  
234.471397958  368.074123519  434.089523488  464.427590776  477.587594732  482.98015036  485.062926383  485.819648091  486.078016099  486.160911146  486.185920271  486.193022626  486.194919351  486.195374389  486.195374389  486.194919351  486.193022626  486.185920271  486.160911146  486.078016099  485.819648091  485.062926383  482.98015036  477.587594732  464.427590776  434.089523488  368.074123519  234.471397958  
121.284833684  205.207372637  253.452578909  278.108341875  289.613809596  294.572011323  296.555693375  297.294719098  297.551682537  297.635245257  297.660712721  297.668001432  297.669959535  297.670431337  297.670431337  297.669959535  297.668001432  297.660712721  297.635245257  297.551682537  297.294719098  296.555693375  294.572011323  289.613809596  278.108341875  253.452578909  205.207372637  121.284833684  
61.1239931423  107.525599975  136.749143477  152.822391734  160.754291606  164.318576948  165.789883693  166.351063783  166.549701699  166.615186844  166.635357223  166.641177837  166.642751676  166.643132701  166.643132701  166.642751676  166.641177837  166.635357223  166.615186844  166.549701699  166.351063783  165.789883693  164.318576948  160.754291606  152.822391734  136.749143477  107.525599975  61.1239931423  
29.2391162769  52.5529246563  68.0992847064  77.0983787612  81.7298582861  83.8817644686  84.7936619245  85.1486921427  85.2764019489  85.319042148  85.3323086189  85.3361676534  85.3372177263  85.3374731482  85.3374731482  85.3372177263  85.3361676534  85.3323086189  85.319042148  85.2764019489  85.1486921427  84.7936619245  83.8817644686  81.7298582861  77.0983787612  68.0992847064  52.5529246563  29.2391162769  
13.10377777  23.8519956469  31.2904339206  35.7543525207  38.1252925234  39.2562237995  39.7458604156  39.939825471  40.0105789879  40.0344695145  40.0419700878  40.0441678741  40.0447694116  40.0449163719  40.0449163719  40.0447694116  40.0441678741  40.0419700878  40.0344695145  40.0105789879  39.939825471  39.7458604156  39.2562237995  38.1252925234  35.7543525207  31.2904339206  23.8519956469  13.10377777  
5.47040503372  10.0365889026  13.2767184563  15.2721916823  16.3575382545  16.8860175897  17.1188253645  17.2123860161  17.246920672  17.2586950706  17.2624210495  17.2635198648  17.2638221757  17.2638963209  17.2638963209  17.2638221757  17.2635198648  17.2624210495  17.2586950706  17.246920672  17.2123860161  17.1188253645  16.8860175897  16.3575382545  15.2721916823  13.2767184563  10.0365889026  5.47040503372  
2.12359735467  3.91656794448  5.21118484138  6.02373946015  6.47375191027  6.69644395197  6.79592445727  6.83637896787  6.85145966406  6.85664367053  6.85829526046  6.8587850291  6.85892038137  6.85895369  6.85895369  6.85892038137  6.8587850291  6.85829526046  6.85664367053  6.85145966406  6.83637896787  6.79592445727  6.69644395197  6.47375191027  6.02373946015  5.21118484138  3.91656794448  2.12359735467  
0.766881194898  1.41945652449  1.89655892671  2.20026064629  2.37080962454  2.4562890158  2.49490542858  2.51076159002  2.51672106425  2.51878373582  2.51944463933  2.51964154517  2.51969616844  2.51970964879  2.51970964879  2.51969616844  2.51964154517  2.51944463933  2.51878373582  2.51672106425  2.51076159002  2.49490542858  2.4562890158  2.37080962454  2.20026064629  1.89655892671  1.41945652449  0.766881194898  
0.25802415674  0.478814104084  0.641718312914  0.746527457577  0.806021992917  0.836142906943  0.849873929735  0.855556564603  0.857706797246  0.858455267277  0.858696222684  0.858768291356  0.858788346602  0.858793307558  0.858793307558  0.858788346602  0.858768291356  0.858696222684  0.858455267277  0.857706797246  0.855556564603  0.849873929735  0.836142906943  0.806021992917  0.746527457577  0.641718312914  0.478814104084  0.25802415674  
0.0810586087516  0.150702813059  0.202441174227  0.236001753911  0.255213362579  0.2650180733  0.269520310513  0.271395543745  0.272109027981  0.272358543888  0.272439183226  0.27246337894  0.272470129271  0.272471802188  0.272471802188  0.272470129271  0.27246337894  0.272439183226  0.272358543888  0.272109027981  0.271395543745  0.269520310513  0.2650180733  0.255213362579  0.236001753911  0.202441174227  0.150702813059  0.0810586087516  
0.023833816171  0.0443738408168  0.0597127066421  0.0697256412533  0.0754956155407  0.0784592102837  0.0798280552345  0.0804011582495  0.0806201898093  0.0806970791403  0.0807220067179  0.0807295053224  0.0807316015616  0.0807321218203  0.0807321218203  0.0807316015616  0.0807295053224  0.0807220067179  0.0806970791403  0.0806201898093  0.0804011582495  0.0798280552345  0.0784592102837  0.0754956155407  0.0697256412533  0.0597127066421  0.0443738408168  0.023833816171  
0.00657555786034  0.0122555226077  0.0165142909401  0.0193081378892  0.0209265584481  0.0217620658135  0.0221497939459  0.0223128061288  0.022375332213  0.0223973483618  0.0224045038873  0.0224066606909  0.0224072645544  0.0224074145856  0.0224074145856  0.0224072645544  0.0224066606909  0.0224045038873  0.0223973483618  0.022375332213  0.0223128061288  0.0221497939459  0.0217620658135  0.0209265584481  0.0193081378892  0.0165142909401  0.0122555226077  0.00657555786034  
0.00170647279543  0.0031831563958  0.00429382516479  0.00502529005711  0.00545077741857  0.0056713294664  0.00577406513435  0.0058174027533  0.00583407347881  0.00583995754034  0.00584187365478  0.00584245208149  0.0058426142108  0.00584265452159  0.00584265452159  0.0058426142108  0.00584245208149  0.00584187365478  0.00583995754034  0.00583407347881  0.0058174027533  0.00577406513435  0.0056713294664  0.00545077741857  0.00502529005711  0.00429382516479  0.0031831563958  0.00170647279543  
0.000417585746292  0.000779442062715  0.00105227490448  0.00123250933704  0.00133769599273  0.00139239606225  0.00141795219357  0.00142876121701  0.00143292850993  0.00143440211338  0.00143488268565  0.00143502791636  0.0014350686539  0.00143507878695  0.00143507878695  0.0014350686539  0.00143502791636  0.00143488268565  0.00143440211338  0.00143292850993  0.00142876121701  0.00141795219357  0.00139239606225  0.00133769599273  0.00123250933704  0.00105227490448  0.000779442062715  0.000417585746292  
9.65779803517e-05  0.000180357705626  0.00024364746193  0.000285558048938  0.000310081135972  0.000322866374953  0.00032885372328  0.000331391294944  0.000332371312959  0.000332718336614  0.000332831625721  0.000332865886582  0.000332875500812  0.00033287789263  0.00033287789263  0.000332875500812  0.000332865886582  0.000332831625721  0.000332718336614  0.000332371312959  0.000331391294944  0.00032885372328  0.000322866374953  0.000310081135972  0.000285558048938  0.00024364746193  0.000180357705626  9.65779803517e-05  
2.11568767761e-05  3.95256294926e-05  5.3422821231e-05  6.26430105697e-05  6.80489954143e-05  7.08730339754e-05  7.21979302743e-05  7.27603264107e-05  7.29778015162e-05  7.3054883949e-05  7.30800651219e-05  7.30876833424e-05  7.30898214152e-05  7.30903532784e-05  7.30903532784e-05  7.30898214152e-05  7.30876833424e-05  7.30800651219e-05  7.3054883949e-05  7.29778015162e-05  7.27603264107e-05  7.21979302743e-05  7.08730339754e-05  6.80489954143e-05  6.26430105697e-05  5.3422821231e-05  3.95256294926e-05  2.11568767761e-05  
4.39912874156e-06  8.22103779987e-06  1.11159504409e-05  1.30394262029e-05  1.41689722725e-05  1.47599327195e-05  1.50375581029e-05  1.51555392311e-05  1.52012019846e-05  1.52173967502e-05  1.52226890816e-05  1.52242903567e-05  1.52247396963e-05  1.52248514398e-05  1.52248514398e-05  1.52247396963e-05  1.52242903567e-05  1.52226890816e-05  1.52173967502e-05  1.52012019846e-05  1.51555392311e-05  1.50375581029e-05  1.47599327195e-05  1.41689722725e-05  1.30394262029e-05  1.11159504409e-05  8.22103779987e-06  4.39912874156e-06  
8.69901824266e-07  1.62604432645e-06  2.19930026746e-06  2.58061815759e-06  2.80480981414e-06  2.922235139e-06  2.97745376965e-06  3.00093790216e-06  3.01003201095e-06  3.01325831299e-06  3.01431271565e-06  3.01463168953e-06  3.01472116481e-06  3.01474340493e-06  3.01474340493e-06  3.01472116481e-06  3.01463168953e-06  3.01431271565e-06  3.01325831299e-06  3.01003201095e-06  3.00093790216e-06  2.97745376965e-06  2.922235139e-06  2.80480981414e-06  2.58061815759e-06  2.19930026746e-06  1.62604432645e-06  8.69901824266e-07  
1.63891650298e-07  3.06405217231e-07  4.14522200774e-07  4.86499318182e-07  5.28854011948e-07  5.51055756646e-07  5.61502763152e-07  5.65947852973e-07  5.67669622761e-07  5.68280472681e-07  5.68480070966e-07  5.68540429127e-07  5.68557350405e-07  5.6856155359e-07  5.6856155359e-07  5.68557350405e-07  5.68540429127e-07  5.68480070966e-07  5.68280472681e-07  5.67669622761e-07  5.65947852973e-07  5.61502763152e-07  5.51055756646e-07  5.28854011948e-07  4.86499318182e-07  4.14522200774e-07  3.06405217231e-07  1.63891650298e-07  
2.94694004741e-08  5.51019740009e-08  7.45574570951e-08  8.75172854495e-08  9.51479535336e-08  9.91498691538e-08  1.01033653557e-07  1.01835335138e-07  1.02145858459e-07  1.02256003404e-07  1.02291979309e-07  1.02302851901e-07  1.02305897683e-07  1.02306653623e-07  1.02306653623e-07  1.02305897683e-07  1.02302851901e-07  1.02291979309e-07  1.02256003404e-07  1.02145858459e-07  1.01835335138e-07  1.01033653557e-07  9.91498691538e-08  9.51479535336e-08  8.75172854495e-08  7.45574570951e-08  5.51019740009e-08  2.94694004741e-08  
5.06537677505e-09  9.47211280105e-09  1.28179985147e-08  1.50476447518e-08  1.63609155675e-08  1.70498427664e-08  1.73741742187e-08  1.75121932706e-08  1.75656412711e-08  1.75845917876e-08  1.7590777756e-08  1.75926458216e-08  1.75931686437e-08  1.75932982794e-08  1.75932982794e-08  1.75931686437e-08  1.75926458216e-08  1.7590777756e-08  1.75845917876e-08  1.75656412711e-08  1.75121932706e-08  1.73741742187e-08  1.70498427664e-08  1.63609155675e-08  1.50476447518e-08  1.28179985147e-08  9.47211280105e-09  5.06537677505e-09  
8.33551779509e-10  1.5588069652e-09  2.1095786324e-09  2.47668169356e-09  2.69294076122e-09  2.80639353668e-09  2.85979963576e-09  2.88252076364e-09  2.89131576968e-09  2.8944322437e-09  2.8954487577e-09  2.89575544076e-09  2.8958411805e-09  2.89586241681e-09  2.89586241681e-09  2.8958411805e-09  2.89575544076e-09  2.8954487577e-09  2.8944322437e-09  2.89131576968e-09  2.88252076364e-09  2.85979963576e-09  2.80639353668e-09  2.69294076122e-09  2.47668169356e-09  2.1095786324e-09  1.5588069652e-09  8.33551779509e-10  
1.31506594492e-10  2.45934512754e-10  3.32840584609e-10  3.90769124684e-10  4.24894032746e-10  4.42794068926e-10  4.51217877861e-10  4.54800136731e-10  4.56185936431e-10  4.56676610259e-10  4.56836506222e-10  4.56884694547e-10  4.56898150222e-10  4.56901478947e-10  4.56901478947e-10  4.56898150222e-10  4.56884694547e-10  4.56836506222e-10  4.56676610259e-10  4.56185936431e-10  4.54800136731e-10  4.51217877861e-10  4.42794068926e-10  4.24894032746e-10  3.90769124684e-10  3.32840584609e-10  2.45934512754e-10  1.31506594492e-10  
1.99173991788e-11  3.72482651488e-11  5.04106075521e-11  5.91835413488e-11  6.43506851978e-11  6.70602794651e-11  6.83348566191e-11  6.88765497838e-11  6.90859445194e-11  6.91600171976e-11  6.91841293352e-11  6.91913872184e-11  6.91934111271e-11  6.91939111532e-11  6.91939111532e-11  6.91934111271e-11  6.91913872184e-11  6.91841293352e-11  6.91600171976e-11  6.90859445194e-11  6.88765497838e-11  6.83348566191e-11  6.70602794651e-11  6.43506851978e-11  5.91835413488e-11  5.04106075521e-11  3.72482651488e-11  1.99173991788e-11  
2.89952743994e-12  5.42241588637e-12  7.33829770492e-12  8.61503019012e-12  9.36678223372e-12  9.76081971842e-12  9.94606328399e-12  1.00247327319e-11  1.00551154182e-11  1.00658518409e-11  1.00693425571e-11  1.00703918725e-11  1.00706840556e-11  1.00707561404e-11  1.00707561404e-11  1.00706840556e-11  1.00703918725e-11  1.00693425571e-11  1.00658518409e-11  1.00551154182e-11  1.00247327319e-11  9.94606328399e-12  9.76081971842e-12  9.36678223372e-12  8.61503019012e-12  7.33829770492e-12  5.42241588637e-12  2.89952743994e-12  
4.06096731636e-13  7.59415012267e-13  1.02767888074e-12  1.20639733116e-12  1.31158438946e-12  1.36668794879e-12  1.39257441096e-12  1.40355828148e-12  1.40779596513e-12  1.40929168618e-12  1.40977734671e-12  1.40992312545e-12  1.40996365456e-12  1.40997363855e-12  1.40997363855e-12  1.40996365456e-12  1.40992312545e-12  1.40977734671e-12  1.40929168618e-12  1.40779596513e-12  1.40355828148e-12  1.39257441096e-12  1.36668794879e-12  1.31158438946e-12  1.20639733116e-12  1.02767888074e-12  7.59415012267e-13  4.06096731636e-13  
5.39263493246e-14  1.00839024938e-13  1.36450288116e-13  1.60166127136e-13  1.74117376167e-13  1.81421140509e-13  1.84849526585e-13  1.86302831244e-13  1.86862911576e-13  1.87060350144e-13  1.8712437021e-13  1.8714355804e-13  1.87148884082e-13  1.87150194098e-13  1.87150194098e-13  1.87148884082e-13  1.8714355804e-13  1.8712437021e-13  1.87060350144e-13  1.86862911576e-13  1.86302831244e-13  1.84849526585e-13  1.81421140509e-13  1.74117376167e-13  1.60166127136e-13  1.36450288116e-13  1.00839024938e-13  5.39263493246e-14  
