1000.0  1000.0  1000.0  1000.0  1000.0  1000.0  1000.0  1000.0  1000.0  1000.0  1000.0  1000.0  1000.0  1000.0  1000.0  1000.0  1000.0  1000.0  1000.0  1000.0  1000.0  1000.0  1000.0  1000.0  1000.0  1000.0  1000.0  1000.0  
280.066969948  455.836004851  558.003376683  617.21246733  651.986629998  672.661951197  685.030510941  692.425442806  696.817783047  699.39591832  700.882541698  701.715369092  702.153550383  702.340751434  702.340751434  702.153550383  701.715369092  700.882541698  699.39591832  696.817783047  692.425442806  685.030510941  672.661951197  651.986629998  617.21246733  558.003376683  455.836004851  280.066969948  
177.437367716  313.370349803  406.34505864  466.882916392  505.406350463  529.597909449  544.623192175  553.844713348  559.425079181  562.745317176  564.67920353  565.770704413  566.348050177  566.595517595  566.595517595  566.348050177  565.770704413  564.67920353  562.745317176  559.425079181  553.844713348  544.623192175  529.597909449  505.406350463  466.882916392  406.34505864  313.370349803  177.437367716  
118.441812982  218.04582723  293.214944293  346.369666909  382.438260768  406.212931969  421.523521834  431.177878568  437.140459259  440.743523368  442.867197229  444.076684496  444.720649785  444.997804549  444.997804549  444.720649785  444.076684496  442.867197229  440.743523368  437.140459259  431.177878568  421.523521834  406.212931969  382.438260768  346.369666909  293.214944293  218.04582723  118.441812982  
80.7803320323  152.059113871  209.239140469  252.087395575  282.641812362  303.614299815  317.563956653  326.587791758  332.274463463  335.765990386  337.849981789  339.048561759  339.691363023  339.969284946  339.969284946  339.691363023  339.048561759  337.849981789  335.765990386  332.274463463  326.587791758  317.563956653  303.614299815  282.641812362  252.087395575  209.239140469  152.059113871  80.7803320323  
55.265145248  105.365660077  147.159625405  179.78758814  203.951750872  221.0932906  232.815559699  240.574762948  245.557598764  248.664510208  250.542294887  251.633099466  252.222500682  252.478554499  252.478554499  252.222500682  251.633099466  250.542294887  248.664510208  245.557598764  240.574762948  232.815559699  221.0932906  203.951750872  179.78758814  147.159625405  105.365660077  55.265145248  
37.5086274495  72.0736534113  101.665538136  125.454306193  143.587551935  156.795635647  166.041105045  172.28505178  176.363844263  178.943861979  180.521953998  181.447616269  181.95150484  182.17145528  182.17145528  181.95150484  181.447616269  180.521953998  178.943861979  176.363844263  172.28505178  166.041105045  156.795635647  143.587551935  125.454306193  101.665538136  72.0736534113  37.5086274495  
25.0817390834  48.4411179734  68.7989751528  85.5171079256  98.545080269  108.237491985  115.154910329  119.908056792  123.060333181  125.080512598  126.329987327  127.069661945  127.47517833  127.653006445  127.653006445  127.47517833  127.069661945  126.329987327  125.080512598  123.060333181  119.908056792  115.154910329  108.237491985  98.545080269  85.5171079256  68.7989751528  48.4411179734  25.0817390834  
16.4515887444  31.8843129059  45.5051081076  56.8688272216  65.8765020149  72.6925528942  77.6358963705  81.0830429378  83.3996558254  84.9017588924  85.8402815372  86.4006341304  86.7098947756  86.8461047414  86.8461047414  86.7098947756  86.4006341304  85.8402815372  84.9017588924  83.3996558254  81.0830429378  77.6358963705  72.6925528942  65.8765020149  56.8688272216  45.5051081076  31.8843129059  16.4515887444  
10.5537540853  20.5047457848  29.3689308233  36.8530716015  42.86500789  47.4767396558  50.8661770209  53.2595082914  54.8865242764  55.9524838864  56.6246240399  57.0290722312  57.2536679486  57.3529899163  57.3529899163  57.2536679486  57.0290722312  56.6246240399  55.9524838864  54.8865242764  53.2595082914  50.8661770209  47.4767396558  42.86500789  36.8530716015  29.3689308233  20.5047457848  10.5537540853  
6.60835426172  12.862799052  18.4729185549  23.2533282614  27.1339712797  30.1439134551  32.3806482985  33.9768972333  35.072899396  35.7975446055  36.2582231767  36.537392087  36.6932934953  36.7624942467  36.7624942467  36.6932934953  36.537392087  36.2582231767  35.7975446055  35.072899396  33.9768972333  32.3806482985  30.1439134551  27.1339712797  23.2533282614  18.4729185549  12.862799052  6.60835426172  
4.03348130701  7.86184506501  11.3141395032  14.2770834055  16.7026421123  18.6010463288  20.0248089217  21.0500783472  21.7601167752  22.2333493521  22.5363945174  22.7212078277  22.8249444287  22.8711469647  22.8711469647  22.8249444287  22.7212078277  22.5363945174  22.2333493521  21.7601167752  21.0500783472  20.0248089217  18.6010463288  16.7026421123  14.2770834055  11.3141395032  7.86184506501  4.03348130701  
2.39756405386  4.67823140015  6.74345074288  8.52609086341  9.99536483115  11.1538940055  12.029477857  12.6648504681  13.108149693  13.4056834895  13.5974487343  13.7150638663  13.7813861266  13.8110157932  13.8110157932  13.7813861266  13.7150638663  13.5974487343  13.4056834895  13.108149693  12.6648504681  12.029477857  11.1538940055  9.99536483115  8.52609086341  6.74345074288  4.67823140015  2.39756405386  
1.38708242003  2.70883807227  3.90971008009  4.95105494357  5.81412310967  6.49886288391  7.01973176342  7.40018503119  7.66733706768  7.84774872248  7.96469220394  8.03678155484  8.07760041026  8.09588690536  8.09588690536  8.07760041026  8.03678155484  7.96469220394  7.84774872248  7.66733706768  7.40018503119  7.01973176342  6.49886288391  5.81412310967  4.95105494357  3.90971008009  2.70883807227  1.38708242003  
0.780753093914  1.52577804787  2.20448386129  2.79524511585  3.28711815893  3.67937436112  3.97939557716  4.19976895393  4.35537719294  4.46102831413  4.52985802285  4.57247987826  4.59670291883  4.60758166434  4.60758166434  4.59670291883  4.57247987826  4.52985802285  4.46102831413  4.35537719294  4.19976895393  3.97939557716  3.67937436112  3.28711815893  2.79524511585  2.20448386129  1.52577804787  0.780753093914  
0.427480324446  0.835864422107  1.20871421719  1.53425977334  1.80634883409  2.02427544938  2.19173756979  2.31533705347  2.4030348645  2.46285919022  2.50200776858  2.52634762692  2.54022640685  2.54647339562  2.54647339562  2.54022640685  2.52634762692  2.50200776858  2.46285919022  2.4030348645  2.31533705347  2.19173756979  2.02427544938  1.80634883409  1.53425977334  1.20871421719  0.835864422107  0.427480324446  
0.227655093212  0.445345319071  0.644456026605  0.818755372886  0.964901838522  1.08238696172  1.17302707611  1.2402050728  1.28807103199  1.32085894399  1.34239988923  1.35584053622  1.36352719551  1.36699396991  1.36699396991  1.36352719551  1.35584053622  1.34239988923  1.32085894399  1.28807103199  1.2402050728  1.17302707611  1.08238696172  0.964901838522  0.818755372886  0.644456026605  0.445345319071  0.227655093212  
0.117925741492  0.23077823421  0.334156300609  0.424849430209  0.501100607778  0.562590238123  0.610192519618  0.645600391256  0.670922252643  0.688330869916  0.699807961115  0.706992020777  0.711111429235  0.712972661687  0.712972661687  0.711111429235  0.706992020777  0.699807961115  0.688330869916  0.670922252643  0.645600391256  0.610192519618  0.562590238123  0.501100607778  0.424849430209  0.334156300609  0.23077823421  0.117925741492  
0.0594230179371  0.116327216449  0.168521155225  0.214395216313  0.253053723656  0.284312210185  0.30858275325  0.326692536492  0.339685461019  0.348646734297  0.354573008293  0.358293080212  0.360431247703  0.36139886581  0.36139886581  0.360431247703  0.358293080212  0.354573008293  0.348646734297  0.339685461019  0.326692536492  0.30858275325  0.284312210185  0.253053723656  0.214395216313  0.168521155225  0.116327216449  0.0594230179371  
0.0291331053496  0.0570469767199  0.0826783017499  0.105241586925  0.124293699535  0.139734620535  0.15175450722  0.160747886663  0.167218482354  0.171693950467  0.174661814443  0.176529532819  0.177605300782  0.178092834539  0.178092834539  0.177605300782  0.176529532819  0.174661814443  0.171693950467  0.167218482354  0.160747886663  0.15175450722  0.139734620535  0.124293699535  0.105241586925  0.0826783017499  0.0570469767199  0.0291331053496  
0.0138994157939  0.0272235261948  0.039469586139  0.0502644125449  0.0593950498138  0.0668099335059  0.0725949373502  0.0769337168558  0.0800631816279  0.0822331535981  0.0836756698562  0.0845855153539  0.0851105585963  0.0853488125425  0.0853488125425  0.0851105585963  0.0845855153539  0.0836756698562  0.0822331535981  0.0800631816279  0.0769337168558  0.0725949373502  0.0668099335059  0.0593950498138  0.0502644125449  0.039469586139  0.0272235261948  0.0138994157939  
0.00645492968387  0.0126452416489  0.0183392974047  0.0233644500144  0.0276212234143  0.0310841574448  0.0337911925703  0.0358257642242  0.037296484226  0.0383185539723  0.0389994672515  0.0394298091632  0.0396785661889  0.0397915773811  0.0397915773811  0.0396785661889  0.0394298091632  0.0389994672515  0.0383185539723  0.037296484226  0.0358257642242  0.0337911925703  0.0310841574448  0.0276212234143  0.0233644500144  0.0183392974047  0.0126452416489  0.00645492968387  
0.00291869994896  0.00571874940496  0.00829613347532  0.0105730558761  0.0125043225954  0.0140778374946  0.0153099971  0.0162377934438  0.0169097703997  0.0173776817173  0.0176900141075  0.0178877662012  0.0180022491038  0.0180543129399  0.0180543129399  0.0180022491038  0.0178877662012  0.0176900141075  0.0173776817173  0.0169097703997  0.0162377934438  0.0153099971  0.0140778374946  0.0125043225954  0.0105730558761  0.00829613347532  0.00571874940496  0.00291869994896  
0.00128529270558  0.00251871928788  0.0036547542294  0.00465924518619  0.00551221236331  0.00620810834219  0.00675386316172  0.00716548263138  0.00746412170907  0.00767243633966  0.00781172793225  0.00790006212472  0.00795127014724  0.00797457985249  0.00797457985249  0.00795127014724  0.00790006212472  0.00781172793225  0.00767243633966  0.00746412170907  0.00716548263138  0.00675386316172  0.00620810834219  0.00551221236331  0.00465924518619  0.0036547542294  0.00251871928788  0.00128529270558  
0.000551240552548  0.00108038009472  0.00156799841519  0.00199948908626  0.00236625530726  0.0026658362883  0.00290109565342  0.00307879080007  0.00320791000833  0.00329811776239  0.00335852927708  0.00339689554402  0.00341916383044  0.00342930871387  0.00342930871387  0.00341916383044  0.00339689554402  0.00335852927708  0.00329811776239  0.00320791000833  0.00307879080007  0.00290109565342  0.0026658362883  0.00236625530726  0.00199948908626  0.00156799841519  0.00108038009472  0.000551240552548  
0.000229876034502  0.000450587668378  0.000654074592114  0.000834260899  0.000987551934083  0.00111289223046  0.0012114366354  0.00128596392441  0.00134019110516  0.0013781288503  0.00140357031456  0.00141974842953  0.00142914858208  0.00143343423437  0.00143343423437  0.00142914858208  0.00141974842953  0.00140357031456  0.0013781288503  0.00134019110516  0.00128596392441  0.0012114366354  0.00111289223046  0.000987551934083  0.000834260899  0.000654074592114  0.000450587668378  0.000229876034502  
9.19810353747e-05  0.000180312672902  0.000261782666239  0.00033396507519  0.000395418421605  0.000445710585246  0.000485290397696  0.000515256443541  0.000537085328865  0.000552375077821  0.000562640584694  0.000569175548097  0.000572976159587  0.000574710011256  0.000574710011256  0.000572976159587  0.000569175548097  0.000562640584694  0.000552375077821  0.000537085328865  0.000515256443541  0.000485290397696  0.000445710585246  0.000395418421605  0.00033396507519  0.000261782666239  0.000180312672902  9.19810353747e-05  
3.18875180313e-05  6.25143445931e-05  9.07701698326e-05  0.000115815327173  0.000137149318657  0.000154619870914  0.000168379220446  0.000178804831377  0.000186405866032  0.000191734566672  0.000195315349803  0.00019759670916  0.000198924417325  0.0001995304078  0.0001995304078  0.000198924417325  0.00019759670916  0.000195315349803  0.000191734566672  0.000186405866032  0.000178804831377  0.000168379220446  0.000154619870914  0.000137149318657  0.000115815327173  9.07701698326e-05  6.25143445931e-05  3.18875180313e-05  
