1000.0  1000.0  1000.0  1000.0  1000.0  1000.0  1000.0  1000.0  1000.0  1000.0  1000.0  1000.0  1000.0  1000.0  1000.0  1000.0  1000.0  1000.0  1000.0  1000.0  1000.0  1000.0  1000.0  1000.0  1000.0  1000.0  1000.0  1000.0  
71.3946924875  91.8591796405  95.7156735083  96.2630562864  96.325106373  96.3309219057  96.3313833214  96.3314148564  96.3314167378  96.3314168369  96.3314168415  96.3314168417  96.3314168417  96.3314168417  96.3314168417  96.3314168417  96.3314168417  96.3314168415  96.3314168369  96.3314167378  96.3314148564  96.3313833214  96.3309219057  96.325106373  96.2630562864  95.7156735083  91.8591796405  71.3946924875  
12.5812607366  16.7389354858  17.5874991454  17.7132952519  17.7278801143  17.7292602921  17.729369928  17.729377386  17.7293778269  17.7293778499  17.7293778509  17.729377851  17.729377851  17.729377851  17.729377851  17.729377851  17.729377851  17.7293778509  17.7293778499  17.7293778269  17.729377386  17.729369928  17.7292602921  17.7278801143  17.7132952519  17.5874991454  16.7389354858  12.5812607366  
1.74526871089  2.36167688799  2.49275237355  2.51261661506  2.51494179643  2.51516208611  2.51517950235  2.51518067637  2.51518074493  2.51518074844  2.5151807486  2.51518074861  2.51518074861  2.51518074861  2.51518074861  2.51518074861  2.51518074861  2.5151807486  2.51518074844  2.51518074493  2.51518067637  2.51517950235  2.51516208611  2.51494179643  2.51261661506  2.49275237355  2.36167688799  1.74526871089  
0.196665899224  0.268489416808  0.284078380445  0.286462659368  0.286742046599  0.28676838994  0.286770453757  0.286770591154  0.286770599057  0.286770599455  0.286770599472  0.286770599473  0.286770599473  0.286770599473  0.286770599473  0.286770599473  0.286770599473  0.286770599472  0.286770599455  0.286770599057  0.286770591154  0.286770453757  0.28676838994  0.286742046599  0.286462659368  0.284078380445  0.268489416808  0.196665899224  
0.0184633271426  0.0253176411102  0.0268178381915  0.0270474934903  0.0270742753431  0.027076777671  0.0270769712793  0.0270769839743  0.0270769846919  0.0270769847273  0.0270769847289  0.0270769847289  0.0270769847289  0.0270769847289  0.0270769847289  0.0270769847289  0.0270769847289  0.0270769847289  0.0270769847273  0.0270769846919  0.0270769839743  0.0270769712793  0.027076777671  0.0270742753431  0.0270474934903  0.0268178381915  0.0253176411102  0.0184633271426  
0.00147312875279  0.002023552043  0.0021440945399  0.00216245900955  0.00216458126718  0.00216477710459  0.00216479202869  0.00216479299036  0.00216479304367  0.00216479304625  0.00216479304636  0.00216479304636  0.00216479304636  0.00216479304636  0.00216479304636  0.00216479304636  0.00216479304636  0.00216479304636  0.00216479304625  0.00216479304367  0.00216479299036  0.00216479202869  0.00216477710459  0.00216458126718  0.00216245900955  0.0021440945399  0.002023552043  0.00147312875279  
0.000101470901574  0.000139389317705  0.000147654180289  0.000148902081875  0.000149044522591  0.000149057469667  0.000149058439303  0.000149058500586  0.000149058503912  0.000149058504069  0.000149058504076  0.000149058504076  0.000149058504076  0.000149058504076  0.000149058504076  0.000149058504076  0.000149058504076  0.000149058504076  0.000149058504069  0.000149058503912  0.000149058500586  0.000149058439303  0.000149057469667  0.000149044522591  0.000148902081875  0.000147654180289  0.000139389317705  0.000101470901574  
6.11033104701e-06  8.38405851486e-06  8.8753948612e-06  8.94868587651e-06  8.95692732437e-06  8.95766357102e-06  8.95771765557e-06  8.95772100248e-06  8.95772118008e-06  8.95772118828e-06  8.95772118861e-06  8.95772118862e-06  8.95772118862e-06  8.95772118862e-06  8.95772118862e-06  8.95772118862e-06  8.95772118862e-06  8.95772118861e-06  8.95772118828e-06  8.95772118008e-06  8.95772100248e-06  8.95771765557e-06  8.95766357102e-06  8.95692732437e-06  8.94868587651e-06  8.8753948612e-06  8.38405851486e-06  6.11033104701e-06  
3.24958139026e-07  4.44986903619e-07  4.7062508979e-07  4.74393716581e-07  4.74810290161e-07  4.74846796649e-07  4.74849422649e-07  4.74849581517e-07  4.74849589746e-07  4.74849590116e-07  4.7484959013e-07  4.74849590131e-07  4.74849590131e-07  4.74849590131e-07  4.74849590131e-07  4.74849590131e-07  4.74849590131e-07  4.7484959013e-07  4.74849590116e-07  4.74849589746e-07  4.74849581517e-07  4.74849422649e-07  4.74846796649e-07  4.74810290161e-07  4.74393716581e-07  4.7062508979e-07  4.44986903619e-07  3.24958139026e-07  
1.53904761598e-08  2.10194145455e-08  2.22050499125e-08  2.23764268046e-08  2.23950135896e-08  2.23966087688e-08  2.23967209539e-08  2.23967275793e-08  2.23967279138e-08  2.23967279284e-08  2.2396727929e-08  2.2396727929e-08  2.2396727929e-08  2.2396727929e-08  2.2396727929e-08  2.2396727929e-08  2.2396727929e-08  2.2396727929e-08  2.23967279284e-08  2.23967279138e-08  2.23967275793e-08  2.23967209539e-08  2.23966087688e-08  2.23950135896e-08  2.23764268046e-08  2.22050499125e-08  2.10194145455e-08  1.53904761598e-08  
6.53643673919e-10  8.89889783425e-10  9.38861176517e-10  9.4580910474e-10  9.46547226354e-10  9.46609169194e-10  9.46613422114e-10  9.46613666957e-10  9.46613678991e-10  9.46613679503e-10  9.46613679522e-10  9.46613679522e-10  9.46613679522e-10  9.46613679522e-10  9.46613679522e-10  9.46613679522e-10  9.46613679522e-10  9.46613679522e-10  9.46613679503e-10  9.46613678991e-10  9.46613666957e-10  9.46613422114e-10  9.46609169194e-10  9.46547226354e-10  9.4580910474e-10  9.38861176517e-10  8.89889783425e-10  6.53643673919e-10  
2.50382823638e-11  3.39660168042e-11  3.57841127174e-11  3.60368872041e-11  3.606315142e-11  3.60653035001e-11  3.60654475524e-11  3.60654556258e-11  3.60654560116e-11  3.60654560275e-11  3.60654560281e-11  3.60654560281e-11  3.60654560281e-11  3.60654560281e-11  3.60654560281e-11  3.60654560281e-11  3.60654560281e-11  3.60654560281e-11  3.60654560275e-11  3.60654560116e-11  3.60654556258e-11  3.60654475524e-11  3.60653035001e-11  3.606315142e-11  3.60368872041e-11  3.57841127174e-11  3.39660168042e-11  2.50382823638e-11  
8.69270855702e-13  1.17459132818e-12  1.23558025445e-12  1.24387724362e-12  1.24471919788e-12  1.24478646642e-12  1.24479085021e-12  1.24479108906e-12  1.24479110014e-12  1.24479110058e-12  1.2447911006e-12  1.2447911006e-12  1.2447911006e-12  1.2447911006e-12  1.2447911006e-12  1.2447911006e-12  1.2447911006e-12  1.2447911006e-12  1.24479110058e-12  1.24479110014e-12  1.24479108906e-12  1.24479085021e-12  1.24478646642e-12  1.24471919788e-12  1.24387724362e-12  1.23558025445e-12  1.17459132818e-12  8.69270855702e-13  
2.74649897139e-14  3.69546915082e-14  3.88113861521e-14  3.90581890896e-14  3.90826154039e-14  3.90845157084e-14  3.90846361152e-14  3.90846424846e-14  3.9084642771e-14  3.90846427821e-14  3.90846427824e-14  3.90846427825e-14  3.90846427825e-14  3.90846427825e-14  3.90846427825e-14  3.90846427825e-14  3.90846427825e-14  3.90846427824e-14  3.90846427821e-14  3.9084642771e-14  3.90846424846e-14  3.90846361152e-14  3.90845157084e-14  3.90826154039e-14  3.90581890896e-14  3.88113861521e-14  3.69546915082e-14  2.74649897139e-14  
7.92487705284e-16  1.06150662009e-15  1.11299033841e-15  1.11966808685e-15  1.12031180078e-15  1.12036049933e-15  1.12036349535e-15  1.120363649e-15  1.12036365569e-15  1.12036365594e-15  1.12036365595e-15  1.12036365595e-15  1.12036365595e-15  1.12036365595e-15  1.12036365595e-15  1.12036365595e-15  1.12036365595e-15  1.12036365595e-15  1.12036365594e-15  1.12036365569e-15  1.120363649e-15  1.12036349535e-15  1.12036049933e-15  1.12031180078e-15  1.11966808685e-15  1.11299033841e-15  1.06150662009e-15  7.92487705284e-16  
2.09449741567e-17  2.79217328163e-17  2.92259964438e-17  2.93908495219e-17  2.94063068283e-17  2.94074424314e-17  2.94075101729e-17  2.94075135364e-17  2.94075136779e-17  2.9407513683e-17  2.94075136832e-17  2.94075136832e-17  2.94075136832e-17  2.94075136832e-17  2.94075136832e-17  2.94075136832e-17  2.94075136832e-17  2.94075136832e-17  2.9407513683e-17  2.94075136779e-17  2.94075135364e-17  2.94075101729e-17  2.94074424314e-17  2.94063068283e-17  2.93908495219e-17  2.92259964438e-17  2.79217328163e-17  2.09449741567e-17  
5.08311360365e-19  6.74256276752e-19  7.04520808379e-19  7.08243527308e-19  7.08582593523e-19  7.08606750737e-19  7.08608145998e-19  7.08608212968e-19  7.08608215688e-19  7.08608215783e-19  7.08608215786e-19  7.08608215786e-19  7.08608215786e-19  7.08608215786e-19  7.08608215786e-19  7.08608215786e-19  7.08608215786e-19  7.08608215786e-19  7.08608215783e-19  7.08608215688e-19  7.08608212968e-19  7.08608145998e-19  7.08606750737e-19  7.08582593523e-19  7.08243527308e-19  7.04520808379e-19  6.74256276752e-19  5.08311360365e-19  
1.1351666283e-20  1.49793715406e-20  1.56239763984e-20  1.57010368473e-20  1.57078452423e-20  1.57083149831e-20  1.57083412134e-20  1.57083424286e-20  1.57083424762e-20  1.57083424778e-20  1.57083424778e-20  1.57083424778e-20  1.57083424778e-20  1.57083424778e-20  1.57083424778e-20  1.57083424778e-20  1.57083424778e-20  1.57083424778e-20  1.57083424778e-20  1.57083424762e-20  1.57083424286e-20  1.57083412134e-20  1.57083149831e-20  1.57078452423e-20  1.57010368473e-20  1.56239763984e-20  1.49793715406e-20  1.1351666283e-20  
2.33687280145e-22  3.06703203389e-22  3.19327176511e-22  3.20791880142e-22  3.20917233098e-22  3.20925595982e-22  3.20926046762e-22  3.20926066886e-22  3.20926067643e-22  3.20926067667e-22  3.20926067668e-22  3.20926067668e-22  3.20926067668e-22  3.20926067668e-22  3.20926067668e-22  3.20926067668e-22  3.20926067668e-22  3.20926067668e-22  3.20926067667e-22  3.20926067643e-22  3.20926066886e-22  3.20926046762e-22  3.20925595982e-22  3.20917233098e-22  3.20791880142e-22  3.19327176511e-22  3.06703203389e-22  2.33687280145e-22  
4.44105898894e-24  5.79605670926e-24  6.02369468443e-24  6.04929225724e-24  6.05141116863e-24  6.05154764832e-24  6.05155473799e-24  6.05155504244e-24  6.05155505344e-24  6.05155505378e-24  6.05155505379e-24  6.05155505379e-24  6.05155505379e-24  6.05155505379e-24  6.05155505379e-24  6.05155505379e-24  6.05155505379e-24  6.05155505379e-24  6.05155505378e-24  6.05155505344e-24  6.05155504244e-24  6.05155473799e-24  6.05154764832e-24  6.05141116863e-24  6.04929225724e-24  6.02369468443e-24  5.79605670926e-24  4.44105898894e-24  
7.8004772673e-26  1.01215234296e-25  1.04998855349e-25  1.05410593471e-25  1.0544350821e-25  1.05445551676e-25  1.05445653797e-25  1.05445658008e-25  1.05445658154e-25  1.05445658158e-25  1.05445658158e-25  1.05445658158e-25  1.05445658158e-25  1.05445658158e-25  1.05445658158e-25  1.05445658158e-25  1.05445658158e-25  1.05445658158e-25  1.05445658158e-25  1.05445658154e-25  1.05445658008e-25  1.05445653797e-25  1.05445551676e-25  1.0544350821e-25  1.05410593471e-25  1.04998855349e-25  1.01215234296e-25  7.8004772673e-26  
1.26745453775e-27  1.63475608735e-27  1.6927693934e-27  1.69886936108e-27  1.69933951529e-27  1.69936760077e-27  1.69936894854e-27  1.69936900179e-27  1.69936900355e-27  1.6993690036e-27  1.6993690036e-27  1.6993690036e-27  1.6993690036e-27  1.6993690036e-27  1.6993690036e-27  1.6993690036e-27  1.6993690036e-27  1.6993690036e-27  1.6993690036e-27  1.69936900355e-27  1.69936900179e-27  1.69936894854e-27  1.69936760077e-27  1.69933951529e-27  1.69886936108e-27  1.6927693934e-27  1.63475608735e-27  1.26745453775e-27  
1.90636874387e-29  2.44366378691e-29  2.52576113857e-29  2.53408843859e-29  2.53470617538e-29  2.53474161588e-29  2.53474324573e-29  2.5347433073e-29  2.53474330924e-29  2.5347433093e-29  2.5347433093e-29  2.5347433093e-29  2.5347433093e-29  2.5347433093e-29  2.5347433093e-29  2.5347433093e-29  2.5347433093e-29  2.5347433093e-29  2.5347433093e-29  2.53474330924e-29  2.5347433073e-29  2.53474324573e-29  2.53474161588e-29  2.53470617538e-29  2.53408843859e-29  2.52576113857e-29  2.44366378691e-29  1.90636874387e-29  
2.65539859134e-31  3.38218011973e-31  3.48943643705e-31  3.49991293938e-31  3.50065954651e-31  3.50070060209e-31  3.50070240755e-31  3.50070247261e-31  3.50070247456e-31  3.50070247461e-31  3.50070247461e-31  3.50070247461e-31  3.50070247461e-31  3.50070247461e-31  3.50070247461e-31  3.50070247461e-31  3.50070247461e-31  3.50070247461e-31  3.50070247461e-31  3.50070247456e-31  3.50070247261e-31  3.50070240755e-31  3.50070060209e-31  3.50065954651e-31  3.49991293938e-31  3.48943643705e-31  3.38218011973e-31  2.65539859134e-31  
3.42599855098e-33  4.3351600888e-33  4.46452241567e-33  4.47666775434e-33  4.47749758673e-33  4.47754122937e-33  4.4775430603e-33  4.47754312307e-33  4.47754312486e-33  4.4775431249e-33  4.4775431249e-33  4.4775431249e-33  4.4775431249e-33  4.4775431249e-33  4.4775431249e-33  4.4775431249e-33  4.4775431249e-33  4.4775431249e-33  4.4775431249e-33  4.47754312486e-33  4.47754312307e-33  4.4775430603e-33  4.47754122937e-33  4.47749758673e-33  4.47666775434e-33  4.46452241567e-33  4.3351600888e-33  3.42599855098e-33  
4.09419312362e-35  5.14582935042e-35  5.28983227655e-35  5.30280136747e-35  5.30364908617e-35  5.30369162509e-35  5.30369332319e-35  5.30369337843e-35  5.30369337991e-35  5.30369337995e-35  5.30369337995e-35  5.30369337995e-35  5.30369337995e-35  5.30369337995e-35  5.30369337995e-35  5.30369337995e-35  5.30369337995e-35  5.30369337995e-35  5.30369337995e-35  5.30369337991e-35  5.30369337843e-35  5.30369332319e-35  5.30369162509e-35  5.30364908617e-35  5.30280136747e-35  5.28983227655e-35  5.14582935042e-35  4.09419312362e-35  
4.53025304834e-37  5.65453261464e-37  5.80239275373e-37  5.81513907716e-37  5.81593425568e-37  5.81597223019e-37  5.81597366851e-37  5.81597371275e-37  5.81597371388e-37  5.8159737139e-37  5.8159737139e-37  5.8159737139e-37  5.8159737139e-37  5.8159737139e-37  5.8159737139e-37  5.8159737139e-37  5.8159737139e-37  5.8159737139e-37  5.8159737139e-37  5.81597371388e-37  5.81597371275e-37  5.81597366851e-37  5.81597223019e-37  5.81593425568e-37  5.81513907716e-37  5.80239275373e-37  5.65453261464e-37  4.53025304834e-37  
