1000.0  1000.0  1000.0  1000.0  1000.0  1000.0  1000.0  1000.0  1000.0  1000.0  1000.0  1000.0  1000.0  1000.0  1000.0  1000.0  1000.0  1000.0  1000.0  1000.0  1000.0  1000.0  1000.0  1000.0  1000.0  1000.0  1000.0  1000.0  
281.692171809  459.030217403  562.660040295  623.185292326  659.103279376  680.738641415  693.885503874  701.889875061  706.742959294  709.656891833  711.378360647  712.366694852  712.898446643  713.129354965  713.129354965  712.898446643  712.366694852  711.378360647  709.656891833  706.742959294  701.889875061  693.885503874  680.738641415  659.103279376  623.185292326  562.660040295  459.030217403  281.692171809  
179.668335842  317.755148104  412.737404753  475.081988147  515.175569661  540.684985814  556.778644903  566.836737179  573.049556145  576.830731396  579.086978858  580.391934545  581.097717863  581.405178808  581.405178808  581.097717863  580.391934545  579.086978858  576.830731396  573.049556145  566.836737179  556.778644903  540.684985814  515.175569661  475.081988147  412.737404753  317.755148104  179.668335842  
121.06962189  223.210581854  300.744334513  356.0271396  393.945146543  419.272056114  435.841021572  446.48071401  453.188205936  457.334160739  459.837505624  461.298392831  462.093625911  462.441437729  462.441437729  462.093625911  461.298392831  459.837505624  457.334160739  453.188205936  446.48071401  435.841021572  419.272056114  393.945146543  356.0271396  300.744334513  223.210581854  121.06962189  
83.5818945888  157.565362263  217.266361289  262.383382206  294.909457131  317.536768292  332.82794905  342.902212431  349.382993063  353.453256391  355.941980662  357.408550927  358.212600149  358.565840119  358.565840119  358.212600149  357.408550927  355.941980662  353.453256391  349.382993063  342.902212431  332.82794905  317.536768292  294.909457131  262.383382206  217.266361289  157.565362263  83.5818945888  
58.0339922577  110.807602003  155.093082233  189.963283625  216.076032029  234.85301064  247.901069654  256.69836401  262.465967486  266.14479611  268.422536454  269.778162868  270.526902868  270.857382086  270.857382086  270.526902868  269.778162868  268.422536454  266.14479611  262.465967486  256.69836401  247.901069654  234.85301064  216.076032029  189.963283625  155.093082233  110.807602003  58.0339922577  
40.0783549143  77.1242349398  109.028438919  134.898160399  154.839808289  169.565653776  180.041495699  187.248803112  192.055853332  195.16659291  197.115822719  198.287219964  198.938960106  199.227969437  199.227969437  198.938960106  198.287219964  197.115822719  195.16659291  192.055853332  187.248803112  180.041495699  169.565653776  154.839808289  134.898160399  109.028438919  77.1242349398  40.0783549143  
27.3389038575  52.8773767494  75.266279414  93.812217309  108.42857844  119.454076565  127.452139488  133.051393343  136.843273324  139.329554915  140.904969384  141.860447015  142.395802795  142.634275665  142.634275665  142.395802795  141.860447015  140.904969384  139.329554915  136.843273324  133.051393343  127.452139488  119.454076565  108.42857844  93.812217309  75.266279414  52.8773767494  27.3389038575  
18.3377406785  35.5913717678  50.9093480707  63.8003996325  74.1353285146  82.0652829407  87.9115743405  92.0656802738  94.9166947702  96.8082238322  98.0190590182  98.7597029294  99.1774343101  99.3643073575  99.3643073575  99.1774343101  98.7597029294  98.0190590182  96.8082238322  94.9166947702  92.0656802738  87.9115743405  82.0652829407  74.1353285146  63.8003996325  50.9093480707  35.5913717678  18.3377406785  
12.0586926003  23.4625585773  33.6808877342  42.3836390256  49.4545322759  54.9549800722  59.0648074352  62.0221495058  64.0754969197  65.4521199383  66.3414891429  66.8897544859  67.200874098  67.3406077101  67.3406077101  67.200874098  66.8897544859  66.3414891429  65.4521199383  64.0754969197  62.0221495058  59.0648074352  54.9549800722  49.4545322759  42.3836390256  33.6808877342  23.4625585773  12.0586926003  
7.75803909116  15.1223896707  21.7669819224  27.4783135072  32.167901292  35.8567249356  38.6437441727  40.6708111021  42.0924543232  43.0543822751  43.6809728  44.0699802459  44.2919611272  44.3920241358  44.3920241358  44.2919611272  44.0699802459  43.6809728  43.0543822751  42.0924543232  40.6708111021  38.6437441727  35.8567249356  32.167901292  27.4783135072  21.7669819224  15.1223896707  7.75803909116  
4.87620874422  9.5181376374  13.7286971178  17.3739936861  20.3924860998  22.7884793756  24.6155637903  25.956583817  26.9052789904  27.5524051949  27.9770346846  28.2423371999  28.3944949206  28.4633118962  28.4633118962  28.3944949206  28.2423371999  27.9770346846  27.5524051949  26.9052789904  25.956583817  24.6155637903  22.7884793756  20.3924860998  17.3739936861  13.7286971178  9.5181376374  4.87620874422  
2.99130946948  5.84517286827  8.44462108721  10.7079991902  12.5950041451  14.1040835224  15.2637978916  16.1216014181  16.7330161351  17.1530395865  17.4304443946  17.6047508051  17.7051764692  17.7507332788  17.7507332788  17.7051764692  17.6047508051  17.4304443946  17.1530395865  16.7330161351  16.1216014181  15.2637978916  14.1040835224  12.5950041451  10.7079991902  8.44462108721  5.84517286827  2.99130946948  
1.78975672308  3.50024806633  5.06342459529  6.43079198767  7.57714692488  8.49960791886  9.21315008803  9.74443157127  10.1255763331  10.3890398437  10.5640469647  10.6745712927  10.7385103359  10.7675942498  10.7675942498  10.7385103359  10.6745712927  10.5640469647  10.3890398437  10.1255763331  9.74443157127  9.21315008803  8.49960791886  7.57714692488  6.43079198767  5.06342459529  3.50024806633  1.78975672308  
1.04395997054  2.04307936941  2.95860028514  3.76245769422  4.43948945424  4.9871178326  5.41306402811  5.73200991884  5.96211386962  6.12203786995  6.22880925103  6.29654524321  6.33587483226  6.35380832721  6.35380832721  6.33587483226  6.29654524321  6.22880925103  6.12203786995  5.96211386962  5.73200991884  5.41306402811  4.9871178326  4.43948945424  3.76245769422  2.95860028514  2.04307936941  1.04395997054  
0.593483213642  1.16212205293  1.68432683547  2.14426577948  2.5331260508  2.84903586898  3.09590787237  3.28166584542  3.41633746462  3.51038223411  3.57345277454  3.61362613158  3.63702860026  3.647723014  3.647723014  3.63702860026  3.61362613158  3.57345277454  3.51038223411  3.41633746462  3.28166584542  3.09590787237  2.84903586898  2.5331260508  2.14426577948  1.68432683547  1.16212205293  0.593483213642  
0.328777279162  0.644087518493  0.934177415157  1.19034054262  1.40761466401  1.58478138846  1.72378825361  1.82882392036  1.90529791906  1.9589257096  1.99503407999  2.01811612764  2.0316017297  2.03777644208  2.03777644208  2.0316017297  2.01811612764  1.99503407999  1.9589257096  1.90529791906  1.82882392036  1.72378825361  1.58478138846  1.40761466401  1.19034054262  0.934177415157  0.644087518493  0.328777279162  
0.177476824017  0.347817571206  0.504772395359  0.643673330191  0.761808914993  0.858441627737  0.934523194472  0.992221385118  1.03438659567  1.0640642855  1.08411717858  1.09697679264  1.10450967418  1.10796484753  1.10796484753  1.10450967418  1.09697679264  1.08411717858  1.0640642855  1.03438659567  0.992221385118  0.934523194472  0.858441627737  0.761808914993  0.643673330191  0.504772395359  0.347817571206  0.177476824017  
0.0933555102682  0.183016560048  0.265738145208  0.339080082889  0.401602848637  0.452883928795  0.493379731316  0.52418818537  0.546776165061  0.56272629239  0.573537327677  0.580490000725  0.58457226981  0.586447666511  0.586447666511  0.58457226981  0.580490000725  0.573537327677  0.56272629239  0.546776165061  0.52418818537  0.493379731316  0.452883928795  0.401602848637  0.339080082889  0.265738145208  0.183016560048  0.0933555102682  
0.0478559240799  0.0938438019237  0.136318894666  0.174037373714  0.206256028479  0.232743545332  0.253714630442  0.269713304928  0.281476777688  0.289807247404  0.295469345429  0.2991199284  0.301267864786  0.302256019087  0.302256019087  0.301267864786  0.2991199284  0.295469345429  0.289807247404  0.281476777688  0.269713304928  0.253714630442  0.232743545332  0.206256028479  0.174037373714  0.136318894666  0.0938438019237  0.0478559240799  
0.0239105319036  0.0468987642055  0.0681510041549  0.0870489647296  0.103219238035  0.116540084793  0.127110554144  0.135194294753  0.141153118189  0.14538369208  0.148266257388  0.150128972908  0.151227017083  0.151732808799  0.151732808799  0.151227017083  0.150128972908  0.148266257388  0.14538369208  0.141153118189  0.135194294753  0.127110554144  0.116540084793  0.103219238035  0.0870489647296  0.0681510041549  0.0468987642055  0.0239105319036  
0.0116460134789  0.0228474423274  0.0332113805941  0.0424380702093  0.050344835326  0.0568698431732  0.0620578923766  0.0660339286967  0.0689713601399  0.0710615577033  0.0724888817785  0.0734130869637  0.073958808554  0.0742104691422  0.0742104691422  0.073958808554  0.0734130869637  0.0724888817785  0.0710615577033  0.0689713601399  0.0660339286967  0.0620578923766  0.0568698431732  0.050344835326  0.0424380702093  0.0332113805941  0.0228474423274  0.0116460134789  
0.00553077486029  0.0108523222106  0.0157794636612  0.0201704337629  0.0239381735579  0.0270522926843  0.0295326522217  0.03143714781  0.0328469436125  0.0338521339478  0.034539893055  0.0349860302628  0.0352498610058  0.0353716509389  0.0353716509389  0.0352498610058  0.0349860302628  0.034539893055  0.0338521339478  0.0328469436125  0.03143714781  0.0295326522217  0.0270522926843  0.0239381735579  0.0201704337629  0.0157794636612  0.0108523222106  0.00553077486029  
0.00256145430214  0.00502677971952  0.00731078919356  0.00934807305024  0.0110981978195  0.0125466821917  0.0137021556998  0.0145908450234  0.015249850115  0.0157205652965  0.016043197977  0.0162528238309  0.0163769573004  0.0164343123769  0.0164343123769  0.0163769573004  0.0162528238309  0.016043197977  0.0157205652965  0.015249850115  0.0145908450234  0.0137021556998  0.0125466821917  0.0110981978195  0.00934807305024  0.00731078919356  0.00502677971952  0.00256145430214  
0.00115665445904  0.00227020459167  0.00330241073169  0.00422383577035  0.00501617961996  0.00567274516186  0.00619720558195  0.00660117103456  0.00690119799437  0.00711584368187  0.00726319465334  0.00735907287616  0.00741591761853  0.00744220391709  0.00744220391709  0.00741591761853  0.00735907287616  0.00726319465334  0.00711584368187  0.00690119799437  0.00660117103456  0.00619720558195  0.00567274516186  0.00501617961996  0.00422383577035  0.00330241073169  0.00227020459167  0.00115665445904  
0.000508068273686  0.000997318674055  0.00145104139587  0.00185634473789  0.00220517530356  0.00249453189144  0.00272594288024  0.00290441874862  0.00303715592549  0.00313225284384  0.00319762611574  0.00324021798236  0.00326549725611  0.0032771954927  0.0032771954927  0.00326549725611  0.00324021798236  0.00319762611574  0.00313225284384  0.00303715592549  0.00290441874862  0.00272594288024  0.00249453189144  0.00220517530356  0.00185634473789  0.00145104139587  0.000997318674055  0.000508068273686  
0.000213679095661  0.000419484832733  0.000610420401634  0.000781077814303  0.000928065066661  0.00105009922592  0.00114779316369  0.00122322250253  0.00127938669458  0.00131967261084  0.00134739943328  0.00136548379969  0.0013762271572  0.00138120184768  0.00138120184768  0.0013762271572  0.00136548379969  0.00134739943328  0.00131967261084  0.00127938669458  0.00122322250253  0.00114779316369  0.00105009922592  0.000928065066661  0.000781077814303  0.000610420401634  0.000419484832733  0.000213679095661  
7.70996551405e-05  0.00015136909481  0.000220291783675  0.000281920073138  0.000335028822881  0.000379149781243  0.000414496312662  0.000441809082156  0.000462163220964  0.00047677572639  0.000486841455294  0.000493411917662  0.000497317839152  0.000499127289483  0.000499127289483  0.000497317839152  0.000493411917662  0.000486841455294  0.00047677572639  0.000462163220964  0.000441809082156  0.000414496312662  0.000379149781243  0.000335028822881  0.000281920073138  0.000220291783675  0.00015136909481  7.70996551405e-05  
