1000.0  1000.0  1000.0  1000.0  1000.0  1000.0  1000.0  1000.0  1000.0  1000.0  1000.0  1000.0  1000.0  1000.0  1000.0  1000.0  1000.0  1000.0  1000.0  1000.0  1000.0  1000.0  1000.0  1000.0  1000.0  1000.0  1000.0  1000.0  
283.096538296  461.793899692  566.697266018  628.377529805  665.309597207  687.80695388  701.663217208  710.232735789  715.521352572  718.759323043  720.712269603  721.857031176  722.484559015  722.760741714  722.760741714  722.484559015  721.857031176  720.712269603  718.759323043  715.521352572  710.232735789  701.663217208  687.80695388  665.309597207  628.377529805  566.697266018  461.793899692  283.096538296  
181.608832969  321.573891239  418.315873667  482.256396232  523.751179157  550.451647012  567.525507286  578.364476008  585.179075293  589.4079739  591.984051661  593.505139674  594.343253823  594.713268706  594.713268706  594.343253823  593.505139674  591.984051661  589.4079739  585.179075293  578.364476008  567.525507286  550.451647012  523.751179157  482.256396232  418.315873667  321.573891239  181.608832969  
123.376283889  227.749905029  307.375428617  364.555304941  404.138891725  430.881570659  448.615663931  460.183545771  467.606336919  472.284466996  475.167965919  476.885747757  477.838267663  478.260429869  478.260429869  477.838267663  476.885747757  475.167965919  472.284466996  467.606336919  460.183545771  448.615663931  430.881570659  404.138891725  364.555304941  307.375428617  227.749905029  123.376283889  
86.0700120274  162.461770648  224.419079297  271.582384082  305.905030923  330.059443322  346.607360924  357.682781288  364.935082576  369.579341176  372.478087214  374.221731819  375.195421141  375.62885032  375.62885032  375.195421141  374.221731819  372.478087214  369.579341176  364.935082576  357.682781288  346.607360924  330.059443322  305.905030923  271.582384082  224.419079297  162.461770648  86.0700120274  
60.5282531391  115.716094892  162.26344101  199.184951958  227.098669097  247.406469867  261.714311869  271.515175259  278.056145698  282.310333255  284.999062202  286.63241162  287.551186436  287.962040664  287.962040664  287.551186436  286.63241162  284.999062202  282.310333255  278.056145698  271.515175259  261.714311869  247.406469867  227.098669097  199.184951958  162.26344101  115.716094892  60.5282531391  
42.4321746792  81.7563458305  115.795043331  143.600544232  165.241712714  181.412131333  193.076760275  201.231063694  206.76787093  210.421514087  212.758541041  214.191984622  215.00415891  215.369004171  215.369004171  215.00415891  214.191984622  212.758541041  210.421514087  206.76787093  201.231063694  193.076760275  181.412131333  165.241712714  143.600544232  115.795043331  81.7563458305  42.4321746792  
29.4462670896  57.0244768016  81.3243641712  101.603365395  117.741254526  130.060015481  139.122328992  145.569355686  150.014516933  152.986796583  154.909352213  156.099398382  156.778362656  157.084717217  157.084717217  156.778362656  156.099398382  154.909352213  152.986796583  150.014516933  145.569355686  139.122328992  130.060015481  117.741254526  101.603365395  81.3243641712  57.0244768016  29.4462670896  
20.1368722282  39.1318940266  56.0813303566  70.4519310233  82.0858003242  91.1198055308  97.8746238932  102.752438665  106.161118939  108.467503621  109.974656072  110.915520949  111.455829767  111.700642573  111.700642573  111.455829767  110.915520949  109.974656072  108.467503621  106.161118939  102.752438665  97.8746238932  91.1198055308  82.0858003242  70.4519310233  56.0813303566  39.1318940266  20.1368722282  
13.5286555947  26.3553027736  37.906585943  47.8181620861  55.9503035016  62.3527563941  67.2048309079  70.7534132821  73.2623383616  74.9778623801  76.1092898892  76.8211089203  77.232355472  77.4194161968  77.4194161968  77.232355472  76.8211089203  76.1092898892  74.9778623801  73.2623383616  70.7534132821  67.2048309079  62.3527563941  55.9503035016  47.8181620861  37.906585943  26.3553027736  13.5286555947  
8.91050616858  17.3903283265  25.0799586043  31.7389994643  37.260584403  41.6565479915  45.0254491037  47.5160043232  49.2947759014  50.5223607049  51.3386891382  51.8558945319  52.1563556509  52.29351334  52.29351334  52.1563556509  51.8558945319  51.3386891382  50.5223607049  49.2947759014  47.5160043232  45.0254491037  41.6565479915  37.260584403  31.7389994643  25.0799586043  17.3903283265  8.91050616858  
5.74502440678  11.2278753563  16.2262522522  20.5859842919  24.2316712697  27.1607251648  29.4264363473  31.1168271315  32.3347118757  33.1820730984  33.7497097865  34.1116330409  34.3229383824  34.4197116918  34.4197116918  34.3229383824  34.1116330409  33.7497097865  33.1820730984  32.3347118757  31.1168271315  29.4264363473  27.1607251648  24.2316712697  20.5859842919  16.2262522522  11.2278753563  5.74502440678  
3.62216115042  7.08661969598  10.2580983718  13.0402174608  15.3826107027  17.2787215418  18.7568945712  19.8683458612  20.6751890302  21.2405753896  21.621794004  21.8662381891  22.0095982807  22.0754477793  22.0754477793  22.0095982807  21.8662381891  21.621794004  21.2405753896  20.6751890302  19.8683458612  18.7568945712  17.2787215418  15.3826107027  13.0402174608  10.2580983718  7.08661969598  3.62216115042  
2.23156053404  4.36966732725  6.3334475003  8.06409354987  9.52935446479  10.7228449277  11.659390138  12.3682844839  12.8862699332  13.2515138067  13.4992064738  13.6588360928  13.7528336748  13.7961242546  13.7961242546  13.7528336748  13.6588360928  13.4992064738  13.2515138067  12.8862699332  12.3682844839  11.659390138  10.7228449277  9.52935446479  8.06409354987  6.3334475003  4.36966732725  2.23156053404  
1.34273851012  2.63103976962  3.81747253352  4.86699657781  5.7596835326  6.49058663784  7.06732666412  7.50636950834  7.82899778682  8.05773733796  8.21365064166  8.31458484861  8.37423516865  8.40177269173  8.40177269173  8.37423516865  8.31458484861  8.21365064166  8.05773733796  7.82899778682  7.50636950834  7.06732666412  6.49058663784  5.7596835326  4.86699657781  3.81747253352  2.63103976962  1.34273851012  
0.788799518065  1.5464801114  2.24578135555  2.86631118031  3.39614093287  3.8318505108  4.17728756107  4.44154293932  4.6366875473  4.77570750529  4.87089386568  4.93276238884  4.96944405314  4.98641435357  4.98641435357  4.96944405314  4.93276238884  4.87089386568  4.77570750529  4.6366875473  4.44154293932  4.17728756107  3.8318505108  3.39614093287  2.86631118031  2.24578135555  1.5464801114  0.788799518065  
0.452315183584  0.887193967219  1.28929573237  1.6470293377  1.95346174608  2.20639548205  2.40773741458  2.56241493007  2.67713046832  2.75919808068  2.81561376005  2.85241336487  2.87429489984  2.8844375145  2.8844375145  2.87429489984  2.85241336487  2.81561376005  2.75919808068  2.67713046832  2.56241493007  2.40773741458  2.20639548205  1.95346174608  1.6470293377  1.28929573237  0.887193967219  0.452315183584  
0.253142904524  0.49671808176  0.722278120734  0.923387980253  1.09612907325  1.23916434392  1.35342088991  1.44151929811  1.5071022248  1.55419457692  1.58668170567  1.6079402316  1.6206135239  1.62649797956  1.62649797956  1.6206135239  1.6079402316  1.58668170567  1.55419457692  1.5071022248  1.44151929811  1.35342088991  1.23916434392  1.09612907325  0.923387980253  0.722278120734  0.49671808176  0.253142904524  
0.138269251528  0.271400391871  0.394843767723  0.505110170419  0.600043535862  0.678865572052  0.742018241812  0.790868474958  0.827353638332  0.853637931768  0.871827280312  0.883763513118  0.890895757648  0.894212486753  0.894212486753  0.890895757648  0.883763513118  0.871827280312  0.853637931768  0.827353638332  0.790868474958  0.742018241812  0.678865572052  0.600043535862  0.505110170419  0.394843767723  0.271400391871  0.138269251528  
0.0737111691632  0.144723068699  0.210639786496  0.269613530194  0.320488593424  0.362828908563  0.396840970163  0.423223784046  0.442985539195  0.457263347039  0.467171455038  0.473689788707  0.477592733566  0.479410230858  0.479410230858  0.477592733566  0.473689788707  0.467171455038  0.457263347039  0.442985539195  0.423223784046  0.396840970163  0.362828908563  0.320488593424  0.269613530194  0.210639786496  0.144723068699  0.0737111691632  
0.0383551003598  0.0753234254405  0.109671546958  0.14044371651  0.167036071466  0.189212514302  0.207067566736  0.220951538446  0.231377707286  0.23892991575  0.244183778885  0.247647981605  0.249726061151  0.250694962044  0.250694962044  0.249726061151  0.247647981605  0.244183778885  0.23892991575  0.231377707286  0.220951538446  0.207067566736  0.189212514302  0.167036071466  0.14044371651  0.109671546958  0.0753234254405  0.0383551003598  
0.0194825485534  0.0382684693955  0.0557370964855  0.0714055656653  0.0849661706643  0.0962950543819  0.105434592946  0.112556790248  0.117917272038  0.121808994944  0.124522344793  0.126315036805  0.127392207029  0.127894992155  0.127894992155  0.127392207029  0.126315036805  0.124522344793  0.121808994944  0.117917272038  0.112556790248  0.105434592946  0.0962950543819  0.0849661706643  0.0714055656653  0.0557370964855  0.0382684693955  0.0194825485534  
0.00966182272569  0.0189815237301  0.0276538368783  0.0354404583523  0.042188417462  0.047834637273  0.0523977201787  0.0559603916656  0.0586471808392  0.060601754126  0.0619671937195  0.0628709603939  0.0634148125074  0.0636689161388  0.0636689161388  0.0634148125074  0.0628709603939  0.0619671937195  0.060601754126  0.0586471808392  0.0559603916656  0.0523977201787  0.047834637273  0.042188417462  0.0354404583523  0.0276538368783  0.0189815237301  0.00966182272569  
0.00467835699283  0.0091924698317  0.0133956016636  0.0171728658186  0.0204500523322  0.0231959351861  0.0254185085731  0.0271567350442  0.0284699488245  0.029427007638  0.0300967768448  0.0305408061784  0.0308083629752  0.0309334851352  0.0309334851352  0.0308083629752  0.0305408061784  0.0300967768448  0.029427007638  0.0284699488245  0.0271567350442  0.0254185085731  0.0231959351861  0.0204500523322  0.0171728658186  0.0133956016636  0.0091924698317  0.00467835699283  
0.00221092643948  0.00434481760846  0.00633277417847  0.00812071459535  0.00967351676725  0.0109761468751  0.0120319665961  0.012858935041  0.0134846882557  0.0139414665605  0.0142616332945  0.0144741982032  0.014602435864  0.014662453938  0.014662453938  0.014602435864  0.0144741982032  0.0142616332945  0.0139414665605  0.0134846882557  0.012858935041  0.0120319665961  0.0109761468751  0.00967351676725  0.00812071459535  0.00633277417847  0.00434481760846  0.00221092643948  
0.00101661222903  0.00199803573158  0.00291276852694  0.00373602954674  0.00445165083497  0.00505261110755  0.00554029084605  0.00592276601354  0.00621258048675  0.00642443565453  0.00657313686283  0.00667198912845  0.00673168870933  0.00675964931727  0.00675964931727  0.00673168870933  0.00667198912845  0.00657313686283  0.00642443565453  0.00621258048675  0.00592276601354  0.00554029084605  0.00505261110755  0.00445165083497  0.00373602954674  0.00291276852694  0.00199803573158  0.00101661222903  
0.000446521400361  0.000877672265365  0.00127968173386  0.00164169739521  0.0019566118163  0.00222130196163  0.00243631399845  0.00260512838553  0.00273319426701  0.0028269229067  0.00289278847169  0.00293662148653  0.00296311721321  0.00297553409861  0.00297553409861  0.00296311721321  0.00293662148653  0.00289278847169  0.0028269229067  0.00273319426701  0.00260512838553  0.00243631399845  0.00222130196163  0.0019566118163  0.00164169739521  0.00127968173386  0.000877672265365  0.000446521400361  
0.000166717947624  0.000327719627891  0.000477880868098  0.000613158303091  0.000730896740223  0.0008299198523  0.000910415629846  0.000973665819639  0.00102168879766  0.00105686595806  0.00108160674269  0.00109808436681  0.00110805101798  0.0011127237845  0.0011127237845  0.00110805101798  0.00109808436681  0.00108160674269  0.00105686595806  0.00102168879766  0.000973665819639  0.000910415629846  0.0008299198523  0.000730896740223  0.000613158303091  0.000477880868098  0.000327719627891  0.000166717947624  
