1000.0  1000.0  1000.0  1000.0  1000.0  1000.0  1000.0  1000.0  1000.0  1000.0  1000.0  1000.0  1000.0  1000.0  1000.0  1000.0  1000.0  1000.0  1000.0  1000.0  1000.0  1000.0  1000.0  1000.0  1000.0  1000.0  1000.0  1000.0  
273.185826138  442.360283896  538.470231467  592.345244597  622.614965737  639.640964947  649.171730327  654.447531885  657.319733854  658.850713484  659.646409364  660.046854864  660.237332152  660.312726343  660.312726343  660.237332152  660.046854864  659.646409364  658.850713484  657.319733854  654.447531885  649.171730327  639.640964947  622.614965737  592.345244597  538.470231467  442.360283896  273.185826138  
168.166030187  295.213555506  380.026146882  433.376020631  465.828843944  485.101618885  496.301378947  502.665694785  506.196080503  508.103885296  509.105625964  509.613664941  509.856691548  509.953235795  509.953235795  509.856691548  509.613664941  509.105625964  508.103885296  506.196080503  502.665694785  496.301378947  485.101618885  465.828843944  433.376020631  380.026146882  295.213555506  168.166030187  
107.800280163  197.205309567  263.005049141  307.907740386  337.006106754  355.132088462  366.048575546  372.420288446  376.0270221  378.006442727  379.058256549  379.596628813  379.855948046  379.959427471  379.959427471  379.855948046  379.596628813  379.058256549  378.006442727  376.0270221  372.420288446  366.048575546  355.132088462  337.006106754  307.907740386  263.005049141  197.205309567  107.800280163  
69.8018653885  130.558264273  178.070948205  212.40359218  235.763858485  250.90489708  260.317090452  265.950159022  269.202565169  271.015785975  271.991404104  272.495742655  272.740508394  272.838666114  272.838666114  272.740508394  272.495742655  271.991404104  271.015785975  269.202565169  265.950159022  260.317090452  250.90489708  235.763858485  212.40359218  178.070948205  130.558264273  69.8018653885  
44.8354972454  84.9390995016  117.54748813  142.082887641  159.408818827  171.005924392  178.412684213  182.945804859  185.611657236  187.120413325  187.942265869  188.371371803  188.581240735  188.665837244  188.665837244  188.581240735  188.371371803  187.942265869  187.120413325  185.611657236  182.945804859  178.412684213  171.005924392  159.408818827  142.082887641  117.54748813  84.9390995016  44.8354972454  
28.263009065  53.965457002  75.4129964178  92.0251632527  104.092632908  112.381047869  117.795871607  121.174977132  123.195250912  124.354656405  124.993613774  125.3304535  125.496449391  125.563702213  125.563702213  125.496449391  125.3304535  124.993613774  124.354656405  123.195250912  121.174977132  117.795871607  112.381047869  104.092632908  92.0251632527  75.4129964178  53.965457002  28.263009065  
17.3707891699  33.3381377422  46.9020322615  57.6321859451  65.5975666308  71.1824818852  74.9002925532  77.2593754052  78.6904778573  79.5221541144  79.9854536845  80.2319103146  80.3542443922  80.4040504428  80.4040504428  80.3542443922  80.2319103146  79.9854536845  79.5221541144  78.6904778573  77.2593754052  74.9002925532  71.1824818852  65.5975666308  57.6321859451  46.9020322615  33.3381377422  17.3707891699  
10.3671918342  19.9666894487  28.2253349745  34.86188115  39.8716403809  43.4427226435  45.8571503724  47.4110489715  48.3657226769  48.926767658  49.2423716404  49.411665034  49.4962647376  49.5308664225  49.5308664225  49.4962647376  49.411665034  49.2423716404  48.926767658  48.3657226769  47.4110489715  45.8571503724  43.4427226435  39.8716403809  34.86188115  28.2253349745  19.9666894487  10.3671918342  
5.99286034109  11.5708448153  16.4144574565  20.3531905457  23.3656096081  25.5416768476  27.0319383105  28.0026307088  28.6055747972  28.9634281428  29.1664998529  29.2762582442  29.3314471654  29.3541157811  29.3541157811  29.3314471654  29.2762582442  29.1664998529  28.9634281428  28.6055747972  28.0026307088  27.0319383105  25.5416768476  23.3656096081  20.3531905457  16.4144574565  11.5708448153  5.99286034109  
3.35002641506  6.48006715253  9.21703254073  11.4631161102  13.1988284086  14.4662257268  15.3434783949  15.9207145013  16.2826706533  16.4993619765  16.6232892502  16.6907296262  16.7248313512  16.7388930249  16.7388930249  16.7248313512  16.6907296262  16.6232892502  16.4993619765  16.2826706533  15.9207145013  15.3434783949  14.4662257268  13.1988284086  11.4631161102  9.21703254073  6.48006715253  3.35002641506  
1.80921947572  3.50452135435  4.99487860789  6.22672046352  7.18656114438  7.8936146113  8.38736796915  8.71506655184  8.92223031426  9.04719382047  9.11915564781  9.15855683426  9.17858172422  9.18686805014  9.18686805014  9.17858172422  9.15855683426  9.11915564781  9.04719382047  8.92223031426  8.71506655184  8.38736796915  7.8936146113  7.18656114438  6.22672046352  4.99487860789  3.50452135435  1.80921947572  
0.943500859725  1.82957157468  2.61179454049  3.26202186732  3.77207263343  4.15052069384  4.41676440054  4.59476263876  4.70808120176  4.77688869963  4.81675418849  4.83870091327  4.84990586186  4.85455725238  4.85455725238  4.84990586186  4.83870091327  4.81675418849  4.77688869963  4.70808120176  4.59476263876  4.41676440054  4.15052069384  3.77207263343  3.26202186732  2.61179454049  1.82957157468  0.943500859725  
0.475023608525  0.92191983372  1.3177566701  1.64830922192  1.90902091611  2.10362626317  2.24138826448  2.33406416206  2.39342207999  2.42967244218  2.45078796493  2.46246887582  2.46845695231  2.47094982756  2.47094982756  2.46845695231  2.46246887582  2.45078796493  2.42967244218  2.39342207999  2.33406416206  2.24138826448  2.10362626317  1.90902091611  1.64830922192  1.3177566701  0.92191983372  0.475023608525  
0.230898192108  0.448431492711  0.641629969224  0.803568417201  0.93186810664  1.02811588216  1.09660901555  1.14293152279  1.17275597671  1.19106168085  1.20177503609  1.20772706744  1.21078942126  1.21206756278  1.21206756278  1.21078942126  1.20772706744  1.20177503609  1.19106168085  1.17275597671  1.14293152279  1.09660901555  1.02811588216  0.93186810664  0.803568417201  0.641629969224  0.448431492711  0.230898192108  
0.108377535091  0.210599322755  0.301585733215  0.378085333541  0.438921424305  0.484751463404  0.517511413484  0.539768415887  0.5541633805  0.563037561923  0.568252765896  0.571161227767  0.572662502431  0.573290525456  0.573290525456  0.572662502431  0.571161227767  0.568252765896  0.563037561923  0.5541633805  0.539768415887  0.517511413484  0.484751463404  0.438921424305  0.378085333541  0.301585733215  0.210599322755  0.108377535091  
0.0491364570304  0.0955258395443  0.136891589431  0.171760227006  0.199576599334  0.220606214414  0.235695755843  0.245987795627  0.252670443458  0.256805967029  0.259245246159  0.260610196259  0.261316781632  0.261612967654  0.261612967654  0.261316781632  0.260610196259  0.259245246159  0.256805967029  0.252670443458  0.245987795627  0.235695755843  0.220606214414  0.199576599334  0.171760227006  0.136891589431  0.0955258395443  0.0491364570304  
0.0215270413333  0.0418665453061  0.0600309441461  0.0753752476478  0.0876486099887  0.0969555177291  0.103655368192  0.108240581163  0.111227939557  0.113082862707  0.114180491318  0.114796527141  0.115116244052  0.115250506124  0.115250506124  0.115116244052  0.114796527141  0.114180491318  0.113082862707  0.111227939557  0.108240581163  0.103655368192  0.0969555177291  0.0876486099887  0.0753752476478  0.0600309441461  0.0418665453061  0.0215270413333  
0.00911755258732  0.0177378144914  0.0254460472899  0.0319693620837  0.0371988873354  0.0411746878312  0.0440448169081  0.0460148232997  0.0473021402154  0.048103819566  0.0485795516349  0.0488472584472  0.0489865120323  0.0490450847168  0.0490450847168  0.0489865120323  0.0488472584472  0.0485795516349  0.048103819566  0.0473021402154  0.0460148232997  0.0440448169081  0.0411746878312  0.0371988873354  0.0319693620837  0.0254460472899  0.0177378144914  0.00911755258732  
0.00373510430671  0.00726845480519  0.0104313882434  0.0131122408165  0.0152655271368  0.016906215568  0.0180934973001  0.0189105012672  0.0194457653787  0.0197799631332  0.019978779226  0.020090919895  0.0201493701491  0.0201739907344  0.0201739907344  0.0201493701491  0.020090919895  0.019978779226  0.0197799631332  0.0194457653787  0.0189105012672  0.0180934973001  0.016906215568  0.0152655271368  0.0131122408165  0.0104313882434  0.00726845480519  0.00373510430671  
0.00148077298288  0.00288222461671  0.00413791074473  0.0052036137147  0.0060610099339  0.00671554845082  0.00719019798587  0.00751754203485  0.00773248990937  0.00786699926219  0.00794719632842  0.00799252446766  0.00801619284344  0.00802617522159  0.00802617522159  0.00801619284344  0.00799252446766  0.00794719632842  0.00786699926219  0.00773248990937  0.00751754203485  0.00719019798587  0.00671554845082  0.0060610099339  0.0052036137147  0.00413791074473  0.00288222461671  0.00148077298288  
0.000568427853604  0.00110662433591  0.00158922309451  0.00199926925175  0.00232963546635  0.00258225485124  0.0027657797925  0.00289259305094  0.00297602948452  0.00302834614448  0.00305959909721  0.00307729589439  0.00308655106118  0.00309045893992  0.00309045893992  0.00308655106118  0.00307729589439  0.00305959909721  0.00302834614448  0.00297602948452  0.00289259305094  0.0027657797925  0.00258225485124  0.00232963546635  0.00199926925175  0.00158922309451  0.00110662433591  0.000568427853604  
0.000211401711131  0.000411629853855  0.000591295504206  0.000744099749639  0.000867362628473  0.000961752581209  0.0010304345068  0.0010779728817  0.00110930512121  0.00112898563704  0.00114076258968  0.00114744200979  0.00115094016069  0.00115241869302  0.00115241869302  0.00115094016069  0.00114744200979  0.00114076258968  0.00112898563704  0.00110930512121  0.0010779728817  0.0010304345068  0.000961752581209  0.000867362628473  0.000744099749639  0.000591295504206  0.000411629853855  0.000211401711131  
7.6213807023e-05  0.000148421027416  0.000213250870641  0.000268434725295  0.000312997481705  0.00034716447698  0.000372060145185  0.000389317183517  0.000400708571909  0.000407874805105  0.000412169622173  0.000414608953911  0.000415888071313  0.00041642918451  0.00041642918451  0.000415888071313  0.000414608953911  0.000412169622173  0.000407874805105  0.000400708571909  0.000389317183517  0.000372060145185  0.00034716447698  0.000312997481705  0.000268434725295  0.000213250870641  0.000148421027416  7.6213807023e-05  
2.66485752662e-05  5.19027820692e-05  7.45882835612e-05  9.39125706662e-05  0.000109532028817  0.000121520730847  0.000130266808233  0.000136337197089  0.000140349639959  0.000142877258847  0.00014439411482  0.000145256731438  0.000145709560148  0.000145901273395  0.000145901273395  0.000145709560148  0.000145256731438  0.00014439411482  0.000142877258847  0.000140349639959  0.000136337197089  0.000130266808233  0.000121520730847  0.000109532028817  9.39125706662e-05  7.45882835612e-05  5.19027820692e-05  2.66485752662e-05  
9.03663066389e-06  1.76023502089e-05  2.53001976118e-05  3.18616529421e-05  3.71694245498e-05  4.1247250492e-05  4.4225265218e-05  4.62945482572e-05  4.76639207908e-05  4.85275757193e-05  4.904647294e-05  4.93418901202e-05  4.94971184216e-05  4.95628824528e-05  4.95628824528e-05  4.94971184216e-05  4.93418901202e-05  4.904647294e-05  4.85275757193e-05  4.76639207908e-05  4.62945482572e-05  4.4225265218e-05  4.1247250492e-05  3.71694245498e-05  3.18616529421e-05  2.53001976118e-05  1.76023502089e-05  9.03663066389e-06  
2.95389022617e-06  5.75438543856e-06  8.27207971455e-06  1.04192638676e-05  1.21573853609e-05  1.34938200733e-05  1.44706920881e-05  1.51501323351e-05  1.56002135193e-05  1.58843673425e-05  1.60552635554e-05  1.61526506205e-05  1.62038656651e-05  1.62255763248e-05  1.62255763248e-05  1.62038656651e-05  1.61526506205e-05  1.60552635554e-05  1.58843673425e-05  1.56002135193e-05  1.51501323351e-05  1.44706920881e-05  1.34938200733e-05  1.21573853609e-05  1.04192638676e-05  8.27207971455e-06  5.75438543856e-06  2.95389022617e-06  
8.6431576928e-07  1.68386783133e-06  2.42087081345e-06  3.049675624e-06  3.55895456605e-06  3.95078011706e-06  4.23738495665e-06  4.43687459565e-06  4.56912491283e-06  4.65268541745e-06  4.7029795161e-06  4.73166121575e-06  4.74675433689e-06  4.75315541215e-06  4.75315541215e-06  4.74675433689e-06  4.73166121575e-06  4.7029795161e-06  4.65268541745e-06  4.56912491283e-06  4.43687459565e-06  4.23738495665e-06  3.95078011706e-06  3.55895456605e-06  3.049675624e-06  2.42087081345e-06  1.68386783133e-06  8.6431576928e-07  
