1000.0  1000.0  1000.0  1000.0  1000.0  1000.0  1000.0  1000.0  1000.0  1000.0  1000.0  1000.0  1000.0  1000.0  1000.0  1000.0  1000.0  1000.0  1000.0  1000.0  1000.0  1000.0  1000.0  1000.0  1000.0  1000.0  1000.0  1000.0  
289.817695773  475.064986443  586.188963802  653.626956397  695.75303897  722.816753397  740.58456634  752.416562153  760.350402022  765.665704413  769.1859072  771.445481504  772.785388919  773.40812029  773.40812029  772.785388919  771.445481504  769.1859072  765.665704413  760.350402022  752.416562153  740.58456634  722.816753397  695.75303897  653.626956397  586.188963802  475.064986443  289.817695773  
191.05834572  340.232412747  445.720830999  517.757563649  566.556614417  599.679466028  622.255535914  637.684429549  648.22119725  655.373696448  660.155894277  663.246481538  665.0876568  665.945668923  665.945668923  665.0876568  663.246481538  660.155894277  655.373696448  648.22119725  637.684429549  622.255535914  599.679466028  566.556614417  517.757563649  445.720830999  340.232412747  191.05834572  
134.885545481  250.475895062  340.755472366  407.798391907  456.281482647  490.850509715  515.29095842  532.454514916  544.416183182  552.66030111  558.235324518  561.868367327  564.045146275  565.062991359  565.062991359  564.045146275  561.868367327  558.235324518  552.66030111  544.416183182  532.454514916  515.29095842  490.850509715  456.281482647  407.798391907  340.755472366  250.475895062  134.885545481  
98.8802375241  187.757184635  261.574442175  319.71862502  363.95116018  396.822364613  420.841560692  438.152686353  450.464592808  459.085232911  464.986208053  468.866821977  471.206806978  472.305130586  472.305130586  471.206806978  468.866821977  464.986208053  459.085232911  450.464592808  438.152686353  420.841560692  396.822364613  363.95116018  319.71862502  261.574442175  187.757184635  98.8802375241  
73.8736736432  142.069033513  200.973853074  249.338756297  287.581989664  316.978096863  339.07806552  355.384693476  367.206388502  375.612361819  381.43695593  385.303174481  387.64996242  388.755873677  388.755873677  387.64996242  385.303174481  381.43695593  375.612361819  367.206388502  355.384693476  339.07806552  316.978096863  287.581989664  249.338756297  200.973853074  142.069033513  73.8736736432  
55.614210187  107.787481153  154.034721932  193.147869971  224.998606111  250.154592366  269.526070771  284.11757804  294.881776207  302.647159864  308.091202159  311.737875944  313.965970783  315.020136209  315.020136209  313.965970783  311.737875944  308.091202159  302.647159864  294.881776207  284.11757804  269.526070771  250.154592366  224.998606111  193.147869971  154.034721932  107.787481153  55.614210187  
41.8891057064  81.5967864094  117.423164319  148.380437813  174.162434465  194.972121521  211.320074412  223.855341204  233.247020935  240.112154058  244.97783441  248.265342672  250.286669614  251.246694716  251.246694716  250.286669614  248.265342672  244.97783441  240.112154058  233.247020935  223.855341204  211.320074412  194.972121521  174.162434465  148.380437813  117.423164319  81.5967864094  41.8891057064  
31.4194408395  61.4138007098  88.8175105903  112.875463676  133.261340578  150.003930156  163.376198951  173.786792552  181.693249926  187.54141279  191.727803836  194.579062852  196.34252619  197.183124304  197.183124304  196.34252619  194.579062852  191.727803836  187.54141279  181.693249926  173.786792552  163.376198951  150.003930156  133.261340578  112.875463676  88.8175105903  61.4138007098  31.4194408395  
23.3927478786  45.8367521824  66.5304902448  84.9161520593  100.706939252  113.857953457  124.506343673  132.903978673  139.357328459  144.180903177  147.664955664  150.055242433  151.541646303  152.252562681  152.252562681  151.541646303  150.055242433  147.664955664  144.180903177  139.357328459  132.903978673  124.506343673  113.857953457  100.706939252  84.9161520593  66.5304902448  45.8367521824  23.3927478786  
17.2487676445  33.8591015424  49.2793122399  63.1059212873  75.1079064384  85.2169561359  93.4955758508  100.096077803  105.220334374  109.085883626  111.900378624  113.844051126  115.058706021  115.6414378  115.6414378  115.058706021  113.844051126  111.900378624  109.085883626  105.220334374  100.096077803  93.4955758508  85.2169561359  75.1079064384  63.1059212873  49.2793122399  33.8591015424  17.2487676445  
12.5749184405  24.7182197303  36.0507986282  46.2853112389  55.2448077707  62.8609275256  69.1570636544  74.2236386916  78.1917435018  81.2093327218  83.4220530607  84.9591639023  85.9240270245  86.3882096933  86.3882096933  85.9240270245  84.9591639023  83.4220530607  81.2093327218  78.1917435018  74.2236386916  69.1570636544  62.8609275256  55.2448077707  46.2853112389  36.0507986282  24.7182197303  12.5749184405  
9.0527884449  17.8137612582  26.0234819594  33.4800276962  40.0524127183  45.6816774039  50.3720837979  54.17629334  57.1783535362  59.4774002946  61.1738019395  62.3584282014  63.1049975306  63.4650604701  63.4650604701  63.1049975306  62.3584282014  61.1738019395  59.4774002946  57.1783535362  54.17629334  50.3720837979  45.6816774039  40.0524127183  33.4800276962  26.0234819594  17.8137612582  9.0527884449  
6.42953618903  12.6624511941  18.522320826  23.8690345698  28.6081240306  32.6926094745  36.118446039  38.9156663994  41.1375177213  42.8495175969  44.1197212971  45.0108531106  45.5744531268  45.8468797726  45.8468797726  45.5744531268  45.0108531106  44.1197212971  42.8495175969  41.1375177213  38.9156663994  36.118446039  32.6926094745  28.6081240306  23.8690345698  18.522320826  12.6624511941  6.42953618903  
4.50175602966  8.8718388228  12.9912505568  16.7639941512  20.123403779  23.0339175609  25.4887561836  27.5046418038  29.1149215785  30.3623336319  31.2923262231  31.9474622195  32.3631137429  32.564427202  32.564427202  32.3631137429  31.9474622195  31.2923262231  30.3623336319  29.1149215785  27.5046418038  25.4887561836  23.0339175609  20.123403779  16.7639941512  12.9912505568  8.8718388228  4.50175602966  
3.10559814798  6.12373741664  8.97492820701  11.5942447554  13.9355442359  15.9729025137  17.6994537494  19.1242482931  20.2679332696  21.1580361056  21.8244678228  22.2956446253  22.5954203524  22.7408688476  22.7408688476  22.5954203524  22.2956446253  21.8244678228  21.1580361056  20.2679332696  19.1242482931  17.6994537494  15.9729025137  13.9355442359  11.5942447554  8.97492820701  6.12373741664  3.10559814798  
2.10998665743  4.1624505243  6.1048710948  7.89392029159  9.49823138857  10.8994677262  12.0917581229  13.0798322398  13.87632782  14.498754336  14.9665190058  15.2982979483  15.5099091044  15.6127427058  15.6127427058  15.5099091044  15.2982979483  14.9665190058  14.498754336  13.87632782  13.0798322398  12.0917581229  10.8994677262  9.49823138857  7.89392029159  6.1048710948  4.1624505243  2.10998665743  
1.41135891165  2.78530276087  4.08754272798  5.289560189  6.37039826128  7.31741676062  8.12602783103  8.798593136  9.34275831845  9.76952199722  10.0913006066  10.3201821084  10.4664859923  10.5376826954  10.5376826954  10.4664859923  10.3201821084  10.0913006066  9.76952199722  9.34275831845  8.798593136  8.12602783103  7.31741676062  6.37039826128  5.289560189  4.08754272798  2.78530276087  1.41135891165  
0.929187555331  1.83433257622  2.69333355883  3.48768425315  4.20361697165  4.83261640649  5.37130274812  5.82078227362  6.185625804  6.47265547038  6.68970490396  6.84448073169  6.94360873127  6.99190799089  6.99190799089  6.94360873127  6.84448073169  6.68970490396  6.47265547038  6.185625804  5.82078227362  5.37130274812  4.83261640649  4.20361697165  3.48768425315  2.69333355883  1.83433257622  0.929187555331  
0.601986406131  1.18872220991  1.74615199242  2.26244043651  2.72869201449  3.13929061467  3.4918525676  3.78684628093  4.02697136171  4.21640565219  4.36002282857  4.46266321243  4.5285146206  4.56063567401  4.56063567401  4.5285146206  4.46266321243  4.36002282857  4.21640565219  4.02697136171  3.78684628093  3.4918525676  3.13929061467  2.72869201449  2.26244043651  1.74615199242  1.18872220991  0.601986406131  
0.383716471028  0.757890111915  1.11370689467  1.44370974729  1.74224534966  2.00568315958  2.2323998647  2.422558031  2.57773243549  2.70044858739  2.7936963011  2.86047059992  2.90337745526  2.92432723706  2.92432723706  2.90337745526  2.86047059992  2.7936963011  2.70044858739  2.57773243549  2.422558031  2.2323998647  2.00568315958  1.74224534966  1.44370974729  1.11370689467  0.757890111915  0.383716471028  
0.240596726539  0.475306444816  0.698681724345  0.906095173233  1.09401292764  1.26013284114  1.40338190314  1.52378838716  1.62225933525  1.7003013605  1.75972271509  1.80234905215  1.82977696349  1.84318074379  1.84318074379  1.82977696349  1.80234905215  1.75972271509  1.7003013605  1.62225933525  1.52378838716  1.40338190314  1.26013284114  1.09401292764  0.906095173233  0.698681724345  0.475306444816  0.240596726539  
0.14834400245  0.293109926912  0.430981642299  0.559132474631  0.675390187632  0.77832240949  0.867238584427  0.942116760664  1.00347259699  1.0521927112  1.08935495176  1.11605534019  1.13325677304  1.14166955503  1.14166955503  1.13325677304  1.11605534019  1.08935495176  1.0521927112  1.00347259699  0.942116760664  0.867238584427  0.77832240949  0.675390187632  0.559132474631  0.430981642299  0.293109926912  0.14834400245  
0.0898532603594  0.177566453388  0.261153494636  0.338916412768  0.409543327416  0.472160206746  0.526333782095  0.572030048483  0.609538133746  0.639372268039  0.662165091501  0.678564105743  0.689140506606  0.694316761898  0.694316761898  0.689140506606  0.678564105743  0.662165091501  0.639372268039  0.609538133746  0.572030048483  0.526333782095  0.472160206746  0.409543327416  0.338916412768  0.261153494636  0.177566453388  0.0898532603594  
0.053305312527  0.105354978404  0.154982346367  0.201187471077  0.243194224183  0.280480962099  0.312783084776  0.340069824138  0.362500700629  0.380368865402  0.394038952503  0.403886354459  0.410243438762  0.413356604228  0.413356604228  0.410243438762  0.403886354459  0.394038952503  0.380368865402  0.362500700629  0.340069824138  0.312783084776  0.280480962099  0.243194224183  0.201187471077  0.154982346367  0.105354978404  0.053305312527  
0.0306654669014  0.0606153436428  0.0891841138398  0.115800146548  0.140018054621  0.161536301748  0.180199053197  0.195983484247  0.208975504978  0.219337894109  0.227275116052  0.23299875059  0.236696722185  0.23850862716  0.23850862716  0.236696722185  0.23299875059  0.227275116052  0.219337894109  0.208975504978  0.195983484247  0.180199053197  0.161536301748  0.140018054621  0.115800146548  0.0891841138398  0.0606153436428  0.0306654669014  
0.0165190534579  0.03265548784  0.0480531885091  0.062405770775  0.075473799277  0.0870942520166  0.0971816699571  0.105721593277  0.112757808493  0.118375490938  0.122682497428  0.125790904383  0.12780051196  0.12878557398  0.12878557398  0.12780051196  0.125790904383  0.122682497428  0.118375490938  0.112757808493  0.105721593277  0.0971816699571  0.0870942520166  0.075473799277  0.062405770775  0.0480531885091  0.03265548784  0.0165190534579  
0.0071794587315  0.0141934396148  0.0208878513525  0.0271299770228  0.0328158973189  0.0378745968266  0.0422685056859  0.0459907233382  0.0490595674308  0.051511335165  0.0533922434766  0.0547504523399  0.0556289197228  0.0560596415895  0.0560596415895  0.0556289197228  0.0547504523399  0.0533922434766  0.051511335165  0.0490595674308  0.0459907233382  0.0422685056859  0.0378745968266  0.0328158973189  0.0271299770228  0.0208878513525  0.0141934396148  0.0071794587315  
