1000.0  1000.0  1000.0  1000.0  1000.0  1000.0  1000.0  1000.0  1000.0  1000.0  1000.0  1000.0  1000.0  1000.0  1000.0  1000.0  1000.0  1000.0  1000.0  1000.0  1000.0  1000.0  1000.0  1000.0  1000.0  1000.0  1000.0  1000.0  
271.038071476  438.170484432  532.434215514  584.721604624  613.692283672  629.706424365  638.486450976  643.231355771  645.74549673  647.046077425  647.700463852  648.018809168  648.165349276  648.221877884  648.221877884  648.165349276  648.018809168  647.700463852  647.046077425  645.74549673  643.231355771  638.486450976  629.706424365  613.692283672  584.721604624  532.434215514  438.170484432  271.038071476  
165.330172545  289.681431688  372.05634907  423.310016835  454.04769586  471.984532858  482.193136077  487.856563712  490.914256569  492.517913885  493.333121634  493.732790745  493.917824002  493.989468067  493.989468067  493.917824002  493.732790745  493.333121634  492.517913885  490.914256569  487.856563712  482.193136077  471.984532858  454.04769586  423.310016835  372.05634907  289.681431688  165.330172545  
104.635958597  191.032447839  254.112227973  296.676020301  323.860721906  340.496188833  350.306881482  355.896678343  358.976100447  360.61624979  361.460002308  361.877505053  362.072145642  362.147855685  362.147855685  362.072145642  361.877505053  361.460002308  360.61624979  358.976100447  355.896678343  350.306881482  340.496188833  323.860721906  296.676020301  254.112227973  191.032447839  104.635958597  
66.6534188022  124.416398457  169.222842978  201.22844935  222.684824276  236.343026379  244.655179691  249.510448215  252.238354107  253.714137471  254.482835314  254.866976907  255.04742871  255.117975173  255.117975173  255.04742871  254.866976907  254.482835314  253.714137471  252.238354107  249.510448215  244.655179691  236.343026379  222.684824276  201.22844935  169.222842978  124.416398457  66.6534188022  
41.9734330731  79.3559273811  109.504317419  131.924486112  147.519893152  157.769260807  164.17626678  168.002547828  170.191790244  171.393946598  172.027806844  172.347721451  172.499170519  172.558687902  172.558687902  172.499170519  172.347721451  172.027806844  171.393946598  170.191790244  168.002547828  164.17626678  157.769260807  147.519893152  131.924486112  109.504317419  79.3559273811  41.9734330731  
25.8541306674  49.2663666272  68.6435091114  83.4755124078  94.0866586268  101.240954968  105.814550165  108.598946137  110.218255493  111.119750377  111.600586888  111.845595896  111.962465411  112.00863037  112.00863037  111.962465411  111.845595896  111.600586888  111.119750377  110.218255493  108.598946137  105.814550165  101.240954968  94.0866586268  83.4755124078  68.6435091114  49.2663666272  25.8541306674  
15.4779646285  29.6457594954  41.5828692546  50.9143456285  57.7355563121  62.4295070329  65.4865033007  67.3784660128  68.4946612222  69.1238050196  69.4629508628  69.6373129008  69.7210833728  69.7543371796  69.7543371796  69.7210833728  69.6373129008  69.4629508628  69.1238050196  68.4946612222  67.3784660128  65.4865033007  62.4295070329  57.7355563121  50.9143456285  41.5828692546  29.6457594954  15.4779646285  
8.97069480259  17.2425307765  24.3010177611  29.9057412158  34.0714849724  36.9853846758  38.9124359053  40.1218520102  40.8443220459  41.2560449876  41.4801264351  41.5962813909  41.6524609626  41.6748653849  41.6748653849  41.6524609626  41.5962813909  41.4801264351  41.2560449876  40.8443220459  40.1218520102  38.9124359053  36.9853846758  34.0714849724  29.9057412158  24.3010177611  17.2425307765  8.97069480259  
5.0213847558  9.67579555604  13.6845603212  16.9055803531  19.3309619443  21.0499789447  22.2013197006  22.9324877228  23.3739979893  23.6280538692  23.7675157761  23.8403477936  23.8757901839  23.8899849643  23.8899849643  23.8757901839  23.8403477936  23.7675157761  23.6280538692  23.3739979893  22.9324877228  22.2013197006  21.0499789447  19.3309619443  16.9055803531  13.6845603212  9.67579555604  5.0213847558  
2.71070543415  5.23296080142  7.42055058436  9.19436669115  10.5438274974  11.5105287738  12.1648281728  12.5845172127  12.8403054381  12.9887443807  13.0708517738  13.1140192502  13.135142985  13.1436360629  13.1436360629  13.135142985  13.1140192502  13.0708517738  12.9887443807  12.8403054381  12.5845172127  12.1648281728  11.5105287738  10.5438274974  9.19436669115  7.42055058436  5.23296080142  2.71070543415  
1.41012249036  2.72602136216  3.87345133138  4.81051585519  5.52928770402  6.04868832956  6.4033216032  6.63272613191  6.77366152458  6.85605578561  6.90193906192  6.9262066112  6.9381413648  6.94295681171  6.94295681171  6.9381413648  6.9262066112  6.90193906192  6.85605578561  6.77366152458  6.63272613191  6.4033216032  6.04868832956  5.52928770402  4.81051585519  3.87345133138  2.72602136216  1.41012249036  
0.706628927515  1.36752141138  1.94622362046  2.42151764801  2.7885203065  3.05562866999  3.23933891246  3.35903229154  3.43307268464  3.47663805145  3.50104276724  3.5140191891  3.52042965476  3.52302436228  3.52302436228  3.52042965476  3.5140191891  3.50104276724  3.47663805145  3.43307268464  3.35903229154  3.23933891246  3.05562866999  2.7885203065  2.42151764801  1.94622362046  1.36752141138  0.706628927515  
0.341085595847  0.660658895308  0.941423930505  1.17307498263  1.35291934561  1.48458967829  1.57570564492  1.63543398508  1.67259994971  1.69459131589  1.70697496828  1.71359070263  1.71687203572  1.71820396665  1.71820396665  1.71687203572  1.71359070263  1.70697496828  1.69459131589  1.67259994971  1.63543398508  1.57570564492  1.48458967829  1.35291934561  1.17307498263  0.941423930505  0.660658895308  0.341085595847  
0.158615093815  0.307436963985  0.438538483829  0.547109903182  0.631777911463  0.694073315641  0.737405207974  0.765958381442  0.783816376682  0.794434782505  0.800441606368  0.803664060885  0.805268065235  0.805920801381  0.805920801381  0.805268065235  0.803664060885  0.800441606368  0.794434782505  0.783816376682  0.765958381442  0.737405207974  0.694073315641  0.631777911463  0.547109903182  0.438538483829  0.307436963985  0.158615093815  
0.0710843862214  0.137856658648  0.19680769911  0.245777703458  0.284108449874  0.312427908082  0.332213095373  0.34530860824  0.35353507529  0.358447402996  0.361237501847  0.362739825816  0.363489989367  0.363795952207  0.363795952207  0.363489989367  0.362739825816  0.361237501847  0.358447402996  0.35353507529  0.34530860824  0.332213095373  0.312427908082  0.284108449874  0.245777703458  0.19680769911  0.137856658648  0.0710843862214  
0.0307142841116  0.0595926770449  0.0851347502444  0.106406371651  0.12310837877  0.135491416979  0.144175096843  0.149944736731  0.15358301127  0.155763635491  0.157006566127  0.157678003863  0.158014218294  0.158151622802  0.158151622802  0.158014218294  0.157678003863  0.157006566127  0.155763635491  0.15358301127  0.149944736731  0.144175096843  0.135491416979  0.12310837877  0.106406371651  0.0851347502444  0.0595926770449  0.0307142841116  
0.0128016365257  0.0248475304881  0.0355178757779  0.0444231865063  0.0514338000483  0.0566470183446  0.0603145113186  0.0627593293661  0.0643061139748  0.0652361980043  0.0657679820352  0.0660560817628  0.0662007031724  0.0662599126528  0.0662599126528  0.0662007031724  0.0660560817628  0.0657679820352  0.0652361980043  0.0643061139748  0.0627593293661  0.0603145113186  0.0566470183446  0.0514338000483  0.0444231865063  0.0355178757779  0.0248475304881  0.0128016365257  
0.00514986852734  0.00999890127908  0.0142996657436  0.0178954812932  0.0207325521176  0.0228476078339  0.0243396318902  0.0253370804488  0.0259699618102  0.0263515933983  0.0265703900308  0.0266892264821  0.0267490117675  0.0267735271754  0.0267735271754  0.0267490117675  0.0266892264821  0.0265703900308  0.0263515933983  0.0259699618102  0.0253370804488  0.0243396318902  0.0228476078339  0.0207325521176  0.0178954812932  0.0142996657436  0.00999890127908  0.00514986852734  
0.0020007619638  0.00388569149897  0.00555929110306  0.00696070407897  0.0080685062304  0.00889617740965  0.00948142207936  0.00987363670497  0.0101231205226  0.010273933927  0.0103606052949  0.0104077850591  0.0104315668436  0.0104413323924  0.0104413323924  0.0104315668436  0.0104077850591  0.0103606052949  0.010273933927  0.0101231205226  0.00987363670497  0.00948142207936  0.00889617740965  0.0080685062304  0.00696070407897  0.00555929110306  0.00388569149897  0.0020007619638  
0.000751167813145  0.00145918033488  0.00208838731834  0.00261594922933  0.00303365879359  0.00334632562878  0.00356786322399  0.0037166497869  0.00381149809034  0.00386895846058  0.0039020500079  0.00392009898894  0.0039292125168  0.00393295944712  0.00393295944712  0.0039292125168  0.00392009898894  0.0039020500079  0.00386895846058  0.00381149809034  0.0037166497869  0.00356786322399  0.00334632562878  0.00303365879359  0.00261594922933  0.00208838731834  0.00145918033488  0.000751167813145  
0.000272709647064  0.000529855016502  0.000758556918551  0.000950527173226  0.0011027363114  0.00121685277596  0.00129785203903  0.0013523531879  0.00138716269822  0.00140829081393  0.00142048101887  0.00142714140765  0.00143050954935  0.00143189583636  0.00143189583636  0.00143050954935  0.00142714140765  0.00142048101887  0.00140829081393  0.00138716269822  0.0013523531879  0.00129785203903  0.00121685277596  0.0011027363114  0.000950527173226  0.000758556918551  0.000529855016502  0.000272709647064  
9.58006149908e-05  0.000186164680042  0.0002665871064  0.000334157684601  0.000387797417768  0.000428069082657  0.000456697528159  0.000475991682389  0.000488335211032  0.000495839739617  0.000500176615045  0.000502549776982  0.000503751477599  0.000504246558508  0.000504246558508  0.000503751477599  0.000502549776982  0.000500176615045  0.000495839739617  0.000488335211032  0.000475991682389  0.000456697528159  0.000428069082657  0.000387797417768  0.000334157684601  0.0002665871064  0.000186164680042  9.58006149908e-05  
3.2585281034e-05  6.33304738986e-05  9.07088998862e-05  0.000113731151962  0.000132025963218  0.000145777944614  0.000155567012659  0.000162173670039  0.000166406443124  0.000168983594822  0.000170475048709  0.000171292272512  0.000171706575028  0.000171877404886  0.000171877404886  0.000171706575028  0.000171292272512  0.000170475048709  0.000168983594822  0.000166406443124  0.000162173670039  0.000155567012659  0.000145777944614  0.000132025963218  0.000113731151962  9.07088998862e-05  6.33304738986e-05  3.2585281034e-05  
1.07380279481e-05  2.08722593065e-05  2.9901215317e-05  3.74989968905e-05  4.35420622309e-05  4.80893167748e-05  5.13299317553e-05  5.35197148647e-05  5.49244469386e-05  5.57808134693e-05  5.62770270145e-05  5.65492395566e-05  5.66873826385e-05  5.6744385414e-05  5.6744385414e-05  5.66873826385e-05  5.65492395566e-05  5.62770270145e-05  5.57808134693e-05  5.49244469386e-05  5.35197148647e-05  5.13299317553e-05  4.80893167748e-05  4.35420622309e-05  3.74989968905e-05  2.9901215317e-05  2.08722593065e-05  1.07380279481e-05  
3.42896093148e-06  6.66582216598e-06  9.55089402856e-06  1.19801513379e-05  1.3913817701e-05  1.53701727316e-05  1.64090900412e-05  1.71118676296e-05  1.75631912298e-05  1.78386357764e-05  1.79984122315e-05  1.80861517471e-05  1.81307177186e-05  1.81491190557e-05  1.81491190557e-05  1.81307177186e-05  1.80861517471e-05  1.79984122315e-05  1.78386357764e-05  1.75631912298e-05  1.71118676296e-05  1.64090900412e-05  1.53701727316e-05  1.3913817701e-05  1.19801513379e-05  9.55089402856e-06  6.66582216598e-06  3.42896093148e-06  
1.05606501578e-06  2.05315250137e-06  2.94219812392e-06  3.69117600211e-06  4.28775088341e-06  4.73741367929e-06  5.05846397131e-06  5.2758373936e-06  5.41556612644e-06  5.50092388948e-06  5.55048305298e-06  5.57772170781e-06  5.59156772827e-06  5.59728790597e-06  5.59728790597e-06  5.59156772827e-06  5.57772170781e-06  5.55048305298e-06  5.50092388948e-06  5.41556612644e-06  5.2758373936e-06  5.05846397131e-06  4.73741367929e-06  4.28775088341e-06  3.69117600211e-06  2.94219812392e-06  2.05315250137e-06  1.05606501578e-06  
2.93384698529e-07  5.70424759633e-07  8.17514891672e-07  1.02576073502e-06  1.19171738725e-06  1.31688053839e-06  1.40630379723e-06  1.46689233518e-06  1.50586734222e-06  1.52969390854e-06  1.54353764538e-06  1.55115155656e-06  1.55502415494e-06  1.55662471034e-06  1.55662471034e-06  1.55502415494e-06  1.55115155656e-06  1.54353764538e-06  1.52969390854e-06  1.50586734222e-06  1.46689233518e-06  1.40630379723e-06  1.31688053839e-06  1.19171738725e-06  1.02576073502e-06  8.17514891672e-07  5.70424759633e-07  2.93384698529e-07  
