1000.0  1000.0  1000.0  1000.0  1000.0  1000.0  1000.0  1000.0  1000.0  1000.0  1000.0  1000.0  1000.0  1000.0  1000.0  1000.0  1000.0  1000.0  1000.0  1000.0  1000.0  1000.0  1000.0  1000.0  1000.0  1000.0  1000.0  1000.0  
281.351827067  458.360934436  561.683487103  621.931300206  657.60713062  679.038153175  692.018304587  699.891184389  704.644055407  707.484316322  709.153801385  710.107418355  710.618126876  710.839156207  710.839156207  710.618126876  710.107418355  709.153801385  707.484316322  704.644055407  699.891184389  692.018304587  679.038153175  657.60713062  621.931300206  561.683487103  458.360934436  281.351827067  
179.199830126  316.833839564  411.393122743  473.3557998  513.116045776  538.344186179  554.208368802  564.085467181  570.160348228  573.840120585  576.02481817  577.28199036  577.958810998  578.252675253  578.252675253  577.958810998  577.28199036  576.02481817  573.840120585  570.160348228  564.085467181  554.208368802  538.344186179  513.116045776  473.3557998  411.393122743  316.833839564  179.199830126  
120.515634421  222.121176734  299.154786944  353.986013791  391.509879505  416.504209767  432.801848605  443.227543784  449.771949648  453.798017593  456.216772715  457.621169475  458.382163191  458.713901408  458.713901408  458.382163191  457.621169475  456.216772715  453.798017593  449.771949648  443.227543784  432.801848605  416.504209767  391.509879505  353.986013791  299.154786944  222.121176734  120.515634421  
82.9883448961  156.398161349  215.563308012  260.196514569  292.300319647  314.571324044  329.571828163  339.416839521  345.722914242  349.664753322  352.062867306  353.468928628  354.236303935  354.572327762  354.572327762  354.236303935  353.468928628  352.062867306  349.664753322  345.722914242  339.416839521  329.571828163  314.571324044  292.300319647  260.196514569  215.563308012  156.398161349  82.9883448961  
57.4438439473  109.647092865  153.39979999  187.7889749  213.481895563  231.904637312  244.663717313  253.233106676  258.827037677  262.378207188  264.56588106  265.861364237  266.573653296  266.887021471  266.887021471  266.573653296  265.861364237  264.56588106  262.378207188  258.827037677  253.233106676  244.663717313  231.904637312  213.481895563  187.7889749  153.39979999  109.647092865  57.4438439473  
39.5267902947  76.0396028228  107.445875558  132.866036735  152.415329494  166.810128789  177.015920026  184.010259311  188.655027106  191.646485899  193.5115647  194.626771644  195.244458049  195.517482115  195.517482115  195.244458049  194.626771644  193.5115647  191.646485899  188.655027106  184.010259311  177.015920026  166.810128789  152.415329494  132.866036735  107.445875558  76.0396028228  39.5267902947  
26.850536752  51.9170236703  73.8650568386  92.0129614989  106.281947768  117.014361731  124.773351465  130.184075805  133.832303346  136.21300364  137.713936322  138.619682934  139.12490105  139.349227386  139.349227386  139.12490105  138.619682934  137.713936322  136.21300364  133.832303346  130.184075805  124.773351465  117.014361731  106.281947768  92.0129614989  73.8650568386  51.9170236703  26.850536752  
17.9259810967  34.7816673227  49.7279399323  62.2834117659  72.3254800695  80.0083544427  85.6531083742  89.648293471  92.3782235091  94.1807639884  95.3288268166  96.0275607049  96.4198954445  96.5948478301  96.5948478301  96.4198954445  96.0275607049  95.3288268166  94.1807639884  92.3782235091  89.648293471  85.6531083742  80.0083544427  72.3254800695  62.2834117659  49.7279399323  34.7816673227  17.9259810967  
11.7269036847  22.8101152738  32.7289398798  41.1613011223  47.9962331907  53.2976144337  57.2450762762  60.0743939003  62.0302038245  63.3351487664  64.1739601377  64.6884728911  64.9791403475  65.1092745385  65.1092745385  64.9791403475  64.6884728911  64.1739601377  63.3351487664  62.0302038245  60.0743939003  57.2450762762  53.2976144337  47.9962331907  41.1613011223  32.7289398798  22.8101152738  11.7269036847  
7.50184378927  14.6185991602  21.0319316831  26.5344901198  31.0418949608  34.5770289535  37.2387007681  39.1669383065  40.5132922425  41.419896153  42.0074672456  42.3704272014  42.5766258301  42.669281621  42.669281621  42.5766258301  42.3704272014  42.0074672456  41.419896153  40.5132922425  39.1669383065  37.2387007681  34.5770289535  31.0418949608  26.5344901198  21.0319316831  14.6185991602  7.50184378927  
4.68624003755  9.14457913111  13.1836650548  16.6741662131  19.5575842499  21.8396346123  23.5737942955  24.8415535869  25.734442351  26.3405643955  26.7362766357  26.9822770141  27.1227403547  27.18606898  27.18606898  27.1227403547  26.9822770141  26.7362766357  26.3405643955  25.734442351  24.8415535869  23.5737942955  21.8396346123  19.5575842499  16.6741662131  13.1836650548  9.14457913111  4.68624003755  
2.85581216468  5.57872957331  8.05587652353  10.2088525709  11.9995250948  13.4273471276  14.5207974674  15.3263632086  15.8979891326  16.2887801502  16.5455713878  16.7061195741  16.7982103349  16.8398556558  16.8398556558  16.7982103349  16.7061195741  16.5455713878  16.2887801502  15.8979891326  15.3263632086  14.5207974674  13.4273471276  11.9995250948  10.2088525709  8.05587652353  5.57872957331  2.85581216468  
1.69666055246  3.3171838887  4.79633390298  6.08785282305  7.16802858393  8.03467012155  8.70269565957  9.19809802332  9.55191663018  9.79530583873  9.95615876546  10.0572369957  10.1154539483  10.1418526935  10.1418526935  10.1154539483  10.0572369957  9.95615876546  9.79530583873  9.55191663018  9.19809802332  8.70269565957  8.03467012155  7.16802858393  6.08785282305  4.79633390298  3.3171838887  1.69666055246  
0.982270121994  1.92177330519  2.78161649215  3.5352170424  4.16840100713  4.67904788032  5.07484065898  5.37001974396  5.58202422144  5.72865338452  5.82605170248  5.8875330246  5.92307410187  5.93922989325  5.93922989325  5.92307410187  5.8875330246  5.82605170248  5.72865338452  5.58202422144  5.37001974396  5.07484065898  4.67904788032  4.16840100713  3.5352170424  2.78161649215  1.92177330519  0.982270121994  
0.554015611026  1.08451402263  1.57109905154  1.99888753714  2.35969887963  2.65195363117  2.87953965158  3.05009786798  3.17319537086  3.25873938278  3.31581743168  3.35199241455  3.37297325477  3.38253142709  3.38253142709  3.37297325477  3.35199241455  3.31581743168  3.25873938278  3.17319537086  3.05009786798  2.87953965158  2.65195363117  2.35969887963  1.99888753714  1.57109905154  1.08451402263  0.554015611026  
0.304375055891  0.596103979896  0.864171659575  1.10045833584  1.30039268121  1.46293692658  1.59002306996  1.68566461876  1.75498606407  1.8033611711  1.83576717103  1.85637916342  1.86836891366  1.87384181096  1.87384181096  1.86836891366  1.85637916342  1.83576717103  1.8033611711  1.75498606407  1.68566461876  1.59002306996  1.46293692658  1.30039268121  1.10045833584  0.864171659575  0.596103979896  0.304375055891  
0.162883334914  0.31912173816  0.46290699793  0.58992209144  0.697689342382  0.785579170625  0.854533871622  0.906616299599  0.944506219636  0.971044602238  0.988885017325  1.00026874035  1.00690792121  1.00994382254  1.00994382254  1.00690792121  1.00026874035  0.988885017325  0.971044602238  0.944506219636  0.906616299599  0.854533871622  0.785579170625  0.697689342382  0.58992209144  0.46290699793  0.31912173816  0.162883334914  
0.0849069962386  0.166403994092  0.241501762994  0.307963345783  0.364484564388  0.410705348759  0.447076564422  0.474635301649  0.494749552056  0.508883468613  0.518414664023  0.524513691989  0.528079105551  0.529712041543  0.529712041543  0.528079105551  0.524513691989  0.518414664023  0.508883468613  0.494749552056  0.474635301649  0.447076564422  0.410705348759  0.364484564388  0.307963345783  0.241501762994  0.166403994092  0.0849069962386  
0.0431176537073  0.0845268728462  0.122726425605  0.156586493377  0.185439775109  0.209089950982  0.227748570483  0.241925475127  0.252302358128  0.259614926087  0.264559828947  0.267732108648  0.269590479135  0.270442806221  0.270442806221  0.269590479135  0.267732108648  0.264559828947  0.259614926087  0.252302358128  0.241925475127  0.227748570483  0.209089950982  0.185439775109  0.156586493377  0.122726425605  0.0845268728462  0.0431176537073  
0.0213342997274  0.0418331234012  0.0607608372229  0.0775611606558  0.0919019593637  0.103680505181  0.112994103755  0.120087787017  0.125293149402  0.128970678278  0.131463631873  0.133066546699  0.134007324851  0.134439353276  0.134439353276  0.134007324851  0.133066546699  0.131463631873  0.128970678278  0.125293149402  0.120087787017  0.112994103755  0.103680505181  0.0919019593637  0.0775611606558  0.0607608372229  0.0418331234012  0.0213342997274  
0.0102871820268  0.0201755970457  0.029313529271  0.037433935932  0.0443759114147  0.0500876420137  0.0546129919389  0.058067069574  0.0606073270379  0.0624060368221  0.0636280415202  0.0644153545252  0.0648782204646  0.0650910219852  0.0650910219852  0.0648782204646  0.0644153545252  0.0636280415202  0.0624060368221  0.0606073270379  0.058067069574  0.0546129919389  0.0500876420137  0.0443759114147  0.037433935932  0.029313529271  0.0201755970457  0.0102871820268  
0.00483506188266  0.00948436651117  0.0137838341082  0.0176084545348  0.020882315328  0.0235801514256  0.0257213376777  0.0273587235596  0.0285652944924  0.0294213584414  0.0300040907153  0.0303802134915  0.0306016722892  0.0307035915555  0.0307035915555  0.0306016722892  0.0303802134915  0.0300040907153  0.0294213584414  0.0285652944924  0.0273587235596  0.0257213376777  0.0235801514256  0.020882315328  0.0176084545348  0.0137838341082  0.00948436651117  0.00483506188266  
0.00221551910749  0.00434658573166  0.00631850870934  0.00807421244771  0.00957880607991  0.0108203545448  0.0118072416119  0.0125631799685  0.0131211979695  0.0135178196845  0.0137882776406  0.0139631271128  0.0140662169287  0.0141137042585  0.0141137042585  0.0140662169287  0.0139631271128  0.0137882776406  0.0135178196845  0.0131211979695  0.0125631799685  0.0118072416119  0.0108203545448  0.00957880607991  0.00807421244771  0.00631850870934  0.00434658573166  0.00221551910749  
0.000989604446293  0.00194174602974  0.00282325588036  0.0036087226951  0.00428252294284  0.00483918796449  0.00528227030115  0.00562216372821  0.00587345620008  0.00605235110278  0.00617453116151  0.00625363452693  0.00630032986893  0.00632185734756  0.00632185734756  0.00630032986893  0.00625363452693  0.00617453116151  0.00605235110278  0.00587345620008  0.00562216372821  0.00528227030115  0.00483918796449  0.00428252294284  0.0036087226951  0.00282325588036  0.00194174602974  0.000989604446293  
0.000429947382084  0.000843716524261  0.0012269700974  0.00156869968874  0.00186210362347  0.0021047546695  0.00229812386463  0.00244665173051  0.00255661300868  0.00263500441745  0.00268861772106  0.00272337345887  0.00274391219255  0.00275338789378  0.00275338789378  0.00274391219255  0.00272337345887  0.00268861772106  0.00263500441745  0.00255661300868  0.00244665173051  0.00229812386463  0.0021047546695  0.00186210362347  0.00156869968874  0.0012269700974  0.000843716524261  0.000429947382084  
0.000178939241285  0.000351179540138  0.000510779580648  0.000653169121138  0.000775512802815  0.000876782715565  0.00095756584583  0.00101968389181  0.00106572597269  0.00109858863872  0.0011210905678  0.00113569386941  0.0011443315766  0.00114831914409  0.00114831914409  0.0011443315766  0.00113569386941  0.0011210905678  0.00109858863872  0.00106572597269  0.00101968389181  0.00095756584583  0.000876782715565  0.000775512802815  0.000653169121138  0.000510779580648  0.000351179540138  0.000178939241285  
6.40282526394e-05  0.000125668354354  0.000182801052939  0.000233793990971  0.000277631478136  0.000313941155074  0.00034292653332  0.000365232597701  0.000381779949234  0.000393600978668  0.000401702135144  0.000406963851523  0.000410078203833  0.000411516592626  0.000411516592626  0.000410078203833  0.000406963851523  0.000401702135144  0.000393600978668  0.000381779949234  0.000365232597701  0.00034292653332  0.000313941155074  0.000277631478136  0.000233793990971  0.000182801052939  0.000125668354354  6.40282526394e-05  
