1000.0  1000.0  1000.0  1000.0  1000.0  1000.0  1000.0  1000.0  1000.0  1000.0  1000.0  1000.0  1000.0  1000.0  1000.0  1000.0  1000.0  1000.0  1000.0  1000.0  1000.0  1000.0  1000.0  1000.0  1000.0  1000.0  1000.0  1000.0  
284.818224093  465.186453263  571.66354055  634.782361933  672.99074611  696.587177295  711.361975796  720.676246555  726.550109569  730.232664912  732.509999323  733.878413885  734.645210433  734.987983877  734.987983877  734.645210433  733.878413885  732.509999323  730.232664912  726.550109569  720.676246555  711.361975796  696.587177295  672.99074611  634.782361933  571.66354055  465.186453263  284.818224093  
184.003814342  326.293162841  425.224298004  491.165952305  534.436179416  562.665535846  581.017142541  592.892113935  600.520832341  605.368180479  608.395505341  610.227711109  611.259558368  611.722205947  611.722205947  611.259558368  610.227711109  608.395505341  605.368180479  600.520832341  592.892113935  581.017142541  562.665535846  534.436179416  491.165952305  425.224298004  326.293162841  184.003814342  
126.25000263  233.412521055  315.664792043  375.245811535  416.959741507  445.536924163  464.804178185  477.615154659  486.014804181  491.43501006  494.859959529  496.951051272  498.136031511  498.669343729  498.669343729  498.136031511  496.951051272  494.859959529  491.43501006  486.014804181  477.615154659  464.804178185  445.536924163  416.959741507  375.245811535  315.664792043  233.412521055  126.25000263  
89.2072481255  168.643643723  233.468571176  283.253203742  319.901547237  346.058689488  364.280361748  376.712872213  385.031613739  390.486000355  393.975851412  396.127041245  397.354509479  397.909282137  397.909282137  397.354509479  396.127041245  393.975851412  390.486000355  385.031613739  376.712872213  364.280361748  346.058689488  319.901547237  283.253203742  233.468571176  168.643643723  89.2072481255  
63.7195393618  122.004473349  171.468844642  211.056847635  241.336333593  263.68137321  279.691811902  290.873152184  298.498942188  303.577220807  306.867243625  308.915163634  310.092092338  310.626382012  310.626382012  310.092092338  308.915163634  306.867243625  303.577220807  298.498942188  290.873152184  279.691811902  263.68137321  241.336333593  211.056847635  171.468844642  122.004473349  63.7195393618  
45.4959737993  87.7935135456  124.632707006  154.998180462  178.910613096  197.036891416  210.336107286  219.815746537  226.394043365  230.838862881  233.753168572  235.584625763  236.644644187  237.12799542  237.12799542  236.644644187  235.584625763  233.753168572  230.838862881  226.394043365  219.815746537  210.336107286  197.036891416  178.910613096  154.998180462  124.632707006  87.7935135456  45.4959737993  
32.2438769142  62.5371233098  89.3941953439  112.010756391  130.222582  144.327279301  154.882170225  162.539392144  167.935563551  171.630287392  174.079972567  175.63345685  176.538735336  176.953301504  176.953301504  176.538735336  175.63345685  174.079972567  171.630287392  167.935563551  162.539392144  154.882170225  144.327279301  130.222582  112.010756391  89.3941953439  62.5371233098  32.2438769142  
22.5788885348  43.9438496454  63.1254383145  79.5364835376  92.9806836702  103.573627491  111.631314248  117.565508272  121.80432677  124.74133538  126.708621914  127.966734408  128.704594777  129.043866495  129.043866495  128.704594777  127.966734408  126.708621914  124.74133538  121.80432677  117.565508272  111.631314248  103.573627491  92.9806836702  79.5364835376  63.1254383145  43.9438496454  22.5788885348  
15.5736171508  30.3848686631  43.8053734068  55.4256349895  65.0737643785  72.7816888791  78.7248009262  83.1580095861  86.3621051392  88.6057245097  90.1224771309  91.0999659901  91.6766466708  91.9428095201  91.9428095201  91.6766466708  91.0999659901  90.1224771309  88.6057245097  86.3621051392  83.1580095861  78.7248009262  72.7816888791  65.0737643785  55.4256349895  43.8053734068  30.3848686631  15.5736171508  
10.5576520456  20.6360049227  29.8312300065  37.8665605323  44.6092252206  50.0567060075  54.304405901  57.5075032058  59.846216762  61.4991698974  62.6258694051  63.35706664  63.7907819796  63.9916550973  63.9916550973  63.7907819796  63.35706664  62.6258694051  61.4991698974  59.846216762  57.5075032058  54.304405901  50.0567060075  44.6092252206  37.8665605323  29.8312300065  20.6360049227  10.5576520456  
7.02370738621  13.7475016884  19.9146763627  25.3428273149  29.9364444588  33.6817976815  36.6297272019  38.8732712496  40.5258454563  41.7034259714  42.5120086753  43.0400576497  43.3548108721  43.5010478  43.5010478  43.3548108721  43.0400576497  42.5120086753  41.7034259714  40.5258454563  38.8732712496  36.6297272019  33.6817976815  29.9364444588  25.3428273149  19.9146763627  13.7475016884  7.02370738621  
4.58040357456  8.97482289426  13.0221972355  16.6049890888  19.6577619337  22.1656092627  24.155039329  25.6810268469  26.8136297087  27.6264857383  28.1882722778  28.5572134895  28.7780991109  28.8810175121  28.8810175121  28.7780991109  28.5572134895  28.1882722778  27.6264857383  26.8136297087  25.6810268469  24.155039329  22.1656092627  19.6577619337  16.6049890888  13.0221972355  8.97482289426  4.58040357456  
2.92569754254  5.7374547982  8.3357219472  10.6463652257  12.6262169768  14.2628432262  15.5697387968  16.5789205708  17.3328849993  17.8773954595  18.2558916351  18.5057072481  18.6558646846  18.7260081963  18.7260081963  18.6558646846  18.5057072481  18.2558916351  17.8773954595  17.3328849993  16.5789205708  15.5697387968  14.2628432262  12.6262169768  10.6463652257  8.3357219472  5.7374547982  2.92569754254  
1.82932555838  3.58985309147  5.22105906899  6.67715972895  7.93057420456  8.97211559863  9.80847197406  10.4580175236  10.9460685563  11.3004755465  11.5480835665  11.7122393654  11.8112586041  11.8576204782  11.8576204782  11.8112586041  11.7122393654  11.5480835665  11.3004755465  10.9460685563  10.4580175236  9.80847197406  8.97211559863  7.93057420456  6.67715972895  5.22105906899  3.58985309147  1.82932555838  
1.11920377944  2.19753747261  3.19885080186  4.09545665251  4.8702301604  5.51687202849  6.03859648633  6.44579005208  6.75326247516  6.97761531155  7.13506603128  7.23986467657  7.30327957011  7.3330324583  7.3330324583  7.30327957011  7.23986467657  7.13506603128  6.97761531155  6.75326247516  6.44579005208  6.03859648633  5.51687202849  4.8702301604  4.09545665251  3.19885080186  2.19753747261  1.11920377944  
0.669823917305  1.31579224152  1.91671215129  2.4561901498  2.92387248897  3.31566626008  3.63306128617  3.88183782186  4.0705012328  4.20874556856  4.30615155606  4.37121331949  4.41069417566  4.42925198455  4.42925198455  4.41069417566  4.37121331949  4.30615155606  4.20874556856  4.0705012328  3.88183782186  3.63306128617  3.31566626008  2.92387248897  2.4561901498  1.91671215129  1.31579224152  0.669823917305  
0.392072000092  0.770476218006  1.12302732865  1.44022292253  1.71595951356  1.94768935919  2.13607313737  2.28427613268  2.39709252382  2.48006733632  2.53873681948  2.57804772427  2.60196257074  2.61322223688  2.61322223688  2.60196257074  2.57804772427  2.53873681948  2.48006733632  2.39709252382  2.28427613268  2.13607313737  1.94768935919  1.71595951356  1.44022292253  1.12302732865  0.770476218006  0.392072000092  
0.224429302268  0.441177794848  0.643377707872  0.825637556266  0.98444626569  1.11827469679  1.22739956007  1.31352555742  1.37930416126  1.42784227265  1.4622696295  1.48540179123  1.49950597201  1.50615637747  1.50615637747  1.49950597201  1.48540179123  1.4622696295  1.42784227265  1.37930416126  1.31352555742  1.22739956007  1.11827469679  0.98444626569  0.825637556266  0.643377707872  0.441177794848  0.224429302268  
0.125627344085  0.247023329991  0.360395275108  0.462749174394  0.552112856045  0.627597817849  0.689310964517  0.738154806716  0.775567798316  0.803255058604  0.822947720752  0.836212422998  0.844316484216  0.848142776681  0.848142776681  0.844316484216  0.836212422998  0.822947720752  0.803255058604  0.775567798316  0.738154806716  0.689310964517  0.627597817849  0.552112856045  0.462749174394  0.360395275108  0.247023329991  0.125627344085  
0.068767575869  0.135250895832  0.197398317289  0.253582648945  0.302721744665  0.344314466253  0.37839698603  0.405438813955  0.426205263199  0.441612902298  0.452598707168  0.460015050988  0.46455422598  0.46669992053  0.46669992053  0.46455422598  0.460015050988  0.452598707168  0.441612902298  0.426205263199  0.405438813955  0.37839698603  0.344314466253  0.302721744665  0.253582648945  0.197398317289  0.135250895832  0.068767575869  
0.0368126858628  0.0724173361575  0.105727044117  0.13587633754  0.162284967678  0.184678044878  0.203064690057  0.217684824438  0.228937684851  0.237305820102  0.243285526646  0.24733036141  0.249810000668  0.250983389649  0.250983389649  0.249810000668  0.24733036141  0.243285526646  0.237305820102  0.228937684851  0.217684824438  0.203064690057  0.184678044878  0.162284967678  0.13587633754  0.105727044117  0.0724173361575  0.0368126858628  
0.0192728588544  0.037919981947  0.0553775371752  0.0711950345155  0.0850683557512  0.0968506620197  0.106542109763  0.114263086355  0.120217761163  0.124654941646  0.127831901721  0.129984710686  0.131306376921  0.131932400493  0.131932400493  0.131306376921  0.129984710686  0.127831901721  0.124654941646  0.120217761163  0.114263086355  0.106542109763  0.0968506620197  0.0850683557512  0.0711950345155  0.0553775371752  0.037919981947  0.0192728588544  
0.00986727035164  0.0194171785616  0.028363392518  0.0364764694206  0.0436005963296  0.0496593240805  0.0546506864029  0.0586339770182  0.0617115249524  0.064008950561  0.0656567686155  0.0667751644094  0.0674626695737  0.0677885948153  0.0677885948153  0.0674626695737  0.0667751644094  0.0656567686155  0.064008950561  0.0617115249524  0.0586339770182  0.0546506864029  0.0496593240805  0.0436005963296  0.0364764694206  0.028363392518  0.0194171785616  0.00986727035164  
0.00493641716831  0.00971537480655  0.0141946519195  0.018259996701  0.0218334249877  0.024876148957  0.0273862976814  0.0293925081854  0.0309449985061  0.0321058226483  0.0329397246333  0.0335065120942  0.0338553354341  0.0340208292448  0.0340208292448  0.0338553354341  0.0335065120942  0.0329397246333  0.0321058226483  0.0309449985061  0.0293925081854  0.0273862976814  0.024876148957  0.0218334249877  0.018259996701  0.0141946519195  0.00971537480655  0.00493641716831  
0.0024028383756  0.00472958367113  0.00691144191665  0.00889302884764  0.0106363762535  0.0121223809962  0.0133497617717  0.0143320249766  0.0150931994938  0.01566314992  0.0160731505222  0.0163521703191  0.0165240662389  0.0166056749829  0.0166056749829  0.0165240662389  0.0163521703191  0.0160731505222  0.01566314992  0.0150931994938  0.0143320249766  0.0133497617717  0.0121223809962  0.0106363762535  0.00889302884764  0.00691144191665  0.00472958367113  0.0024028383756  
0.00111321072313  0.00219137870894  0.00320279816744  0.0041218985655  0.00493108790984  0.00562143245072  0.00619219803161  0.00664947660015  0.00700424065753  0.00727019383593  0.00746173068075  0.00759221502646  0.00767267153976  0.00771089051025  0.00771089051025  0.00767267153976  0.00759221502646  0.00746173068075  0.00727019383593  0.00700424065753  0.00664947660015  0.00619219803161  0.00562143245072  0.00493108790984  0.0041218985655  0.00320279816744  0.00219137870894  0.00111321072313  
0.000433105485547  0.000852634403914  0.00124629642608  0.00160416733647  0.00191940265539  0.0021885042564  0.00241114850537  0.0025896605543  0.00272826567098  0.0028322589882  0.00290721463125  0.00295831585266  0.00298984384787  0.00300482647422  0.00300482647422  0.00298984384787  0.00295831585266  0.00290721463125  0.0028322589882  0.00272826567098  0.0025896605543  0.00241114850537  0.0021885042564  0.00191940265539  0.00160416733647  0.00124629642608  0.000852634403914  0.000433105485547  
