1000.0  1000.0  1000.0  1000.0  1000.0  1000.0  1000.0  1000.0  1000.0  1000.0  1000.0  1000.0  1000.0  1000.0  1000.0  1000.0  1000.0  1000.0  1000.0  1000.0  1000.0  1000.0  1000.0  1000.0  1000.0  1000.0  1000.0  1000.0  
289.304733563  474.049591833  584.691573569  651.676735877  693.386273267  720.074974491  737.512601743  749.060687364  756.756755128  761.879081574  765.249008978  767.398628381  768.666675687  769.253937293  769.253937293  768.666675687  767.398628381  765.249008978  761.879081574  756.756755128  749.060687364  737.512601743  720.074974491  693.386273267  651.676735877  584.691573569  474.049591833  289.304733563  
190.32768972  338.786099529  443.587970932  514.979700099  563.185432129  595.7741233  617.879885036  632.90438511  643.102477848  649.980108981  654.54826041  657.482232522  659.221053427  660.028544043  660.028544043  659.221053427  657.482232522  654.54826041  649.980108981  643.102477848  632.90438511  617.879885036  595.7741233  563.185432129  514.979700099  443.587970932  338.786099529  190.32768972  
133.979363011  248.68213256  338.110234314  404.353202873  452.100444995  486.00699471  509.86415876  526.526180685  538.067820948  545.971045991  551.280608756  554.719417806  556.769257401  557.724446062  557.724446062  556.769257401  554.719417806  551.280608756  545.971045991  538.067820948  526.526180685  509.86415876  486.00699471  452.100444995  404.353202873  338.110234314  248.68213256  133.979363011  
97.8481172191  185.714132455  258.56158157  315.794642982  359.189069711  391.305735728  414.660593581  431.400493509  443.234008717  451.466390308  457.065021454  460.724415428  462.919824974  463.946787231  463.946787231  462.919824974  460.724415428  457.065021454  451.466390308  443.234008717  431.400493509  414.660593581  391.305735728  359.189069711  315.794642982  258.56158157  185.714132455  97.8481172191  
72.7681358365  139.880654431  197.746683088  245.135659228  282.481174652  311.069080943  332.457467145  348.152249904  359.461538364  367.451648862  372.952404673  376.581677344  378.773612908  379.803090382  379.803090382  378.773612908  376.581677344  372.952404673  367.451648862  359.461538364  348.152249904  332.457467145  311.069080943  282.481174652  245.135659228  197.746683088  139.880654431  72.7681358365  
54.4863375403  105.554892018  150.742358661  188.859869125  219.794759905  244.12622928  262.771763708  276.739080932  286.980537307  294.321672914  299.435349227  302.840302264  304.910424859  305.886616775  305.886616775  304.910424859  302.840302264  299.435349227  294.321672914  286.980537307  276.739080932  262.771763708  244.12622928  219.794759905  188.859869125  150.742358661  105.554892018  54.4863375403  
40.7847903826  79.4108295035  114.199571798  144.182009714  169.067299846  189.069704665  204.706892192  216.631024195  225.510899271  231.960663787  236.502894934  239.553744755  241.42040859  242.30409378  242.30409378  241.42040859  239.553744755  236.502894934  231.960663787  225.510899271  216.631024195  204.706892192  189.069704665  169.067299846  144.182009714  114.199571798  79.4108295035  40.7847903826  
30.3766065588  59.3495448816  85.7733916747  108.910788686  128.449892511  144.430158292  157.131249739  166.964751847  174.387918641  179.843857509  183.724824574  186.352615253  187.970036405  188.73855005  188.73855005  187.970036405  186.352615253  183.724824574  179.843857509  174.387918641  166.964751847  157.131249739  144.430158292  128.449892511  108.910788686  85.7733916747  59.3495448816  30.3766065588  
22.4397289012  43.9502841047  63.7485547572  81.2929516181  96.3099059262  108.764266855  118.799303206  126.669569036  132.681272702  137.146424121  140.351375623  142.53745529  143.890405499  144.535451198  144.535451198  143.890405499  142.53745529  140.351375623  137.146424121  132.681272702  126.669569036  118.799303206  108.764266855  96.3099059262  81.2929516181  63.7485547572  43.9502841047  22.4397289012  
16.4038473029  32.1866122802  46.812930017  59.8937037549  71.2096406361  80.70107091  88.4359251422  94.5688953142  99.3016206229  102.849421138  105.41649047  107.179132998  108.275481781  108.799819732  108.799819732  108.275481781  107.179132998  105.41649047  102.849421138  99.3016206229  94.5688953142  88.4359251422  80.70107091  71.2096406361  59.8937037549  46.812930017  32.1866122802  16.4038473029  
11.8468781647  23.2770915608  33.9256023335  43.51745958  51.8858206963  58.9697712583  64.7973785251  69.4611147123  73.0918686151  75.8356824185  77.835220646  79.2163574102  80.0792896214  80.4931612149  80.4931612149  80.0792896214  79.2163574102  77.835220646  75.8356824185  73.0918686151  69.4611147123  64.7973785251  58.9697712583  51.8858206963  43.51745958  33.9256023335  23.2770915608  11.8468781647  
8.44221506858  16.605155485  24.2411833944  31.158770057  37.2354064717  42.4183777785  46.7158655085  50.1822492724  52.9014060742  54.9708667773  56.4884975189  57.5423278918  58.2034212397  58.5212951482  58.5212951482  58.2034212397  57.5423278918  56.4884975189  54.9708667773  52.9014060742  50.1822492724  46.7158655085  42.4183777785  37.2354064717  31.158770057  24.2411833944  16.605155485  8.44221506858  
5.93058885127  11.6748057144  17.0658688292  21.9721621292  26.3061445189  30.0259392777  33.1307040493  35.6518748586  37.6425586303  39.1669603305  40.2910894712  41.075348504  41.5691070504  41.8070617008  41.8070617008  41.5691070504  41.075348504  40.2910894712  39.1669603305  37.6425586303  35.6518748586  33.1307040493  30.0259392777  26.3061445189  21.9721621292  17.0658688292  11.6748057144  5.93058885127  
4.10410043067  8.08469695594  11.8304773862  15.2522151385  18.2887656096  20.9086339062  23.1075927259  24.9034820815  26.3295365844  27.427447343  28.2410312959  28.8110000326  29.170995178  29.3448382092  29.3448382092  29.170995178  28.8110000326  28.2410312959  27.427447343  26.3295365844  24.9034820815  23.1075927259  20.9086339062  18.2887656096  15.2522151385  11.8304773862  8.08469695594  4.10410043067  
2.79626272672  5.51142216817  8.07196795931  10.4182415173  12.5083951637  14.3196684136  15.8471803402  17.1008503769  18.1012374589  18.8750538245  19.4509407727  19.8558737428  20.1123598802  20.2364419818  20.2364419818  20.1123598802  19.8558737428  19.4509407727  18.8750538245  18.1012374589  17.1008503769  15.8471803402  14.3196684136  12.5083951637  10.4182415173  8.07196795931  5.51142216817  2.79626272672  
1.87496553499  3.69723756873  5.41883886652  7.000443494  8.41394817305  9.64341982309  10.6844950889  11.5425635297  12.2301953707  12.7642801592  13.1632598468  13.4447153838  13.6234411081  13.7100435923  13.7100435923  13.6234411081  13.4447153838  13.1632598468  12.7642801592  12.2301953707  11.5425635297  10.6844950889  9.64341982309  8.41394817305  7.000443494  5.41883886652  3.69723756873  1.87496553499  
1.23686323538  2.4398974349  3.57818738802  4.62618620174  5.56536012488  6.38485352239  7.08119786836  7.65724446831  8.12058843227  8.48176765341  8.75248143263  8.94400418865  9.06589507676  9.12504245003  9.12504245003  9.06589507676  8.94400418865  8.75248143263  8.48176765341  8.12058843227  7.65724446831  7.08119786836  6.38485352239  5.56536012488  4.62618620174  3.57818738802  2.4398974349  1.23686323538  
0.802516475856  1.58359394034  2.32358016889  3.00612637452  3.61922398135  4.1556531096  4.61284636191  4.99226522237  5.29844352172  5.53786859421  5.71785313874  5.84551289311  5.92692142735  5.96647509453  5.96647509453  5.92692142735  5.84551289311  5.71785313874  5.53786859421  5.29844352172  4.99226522237  4.61284636191  4.1556531096  3.61922398135  3.00612637452  2.32358016889  1.58359394034  0.802516475856  
0.512042600537  1.01068349644  1.48360661156  1.92050870405  2.31374338851  2.65861436444  2.95331471848  3.19856489966  3.39703802156  3.55267394595  3.66997619987  3.75336530427  3.80663678297  3.83254895331  3.83254895331  3.80663678297  3.75336530427  3.66997619987  3.55267394595  3.39703802156  3.19856489966  2.95331471848  2.65861436444  2.31374338851  1.92050870405  1.48360661156  1.01068349644  0.512042600537  
0.321225397059  0.634192717203  0.931296545355  1.20614437311  1.45395080978  1.67172436581  1.85824237188  2.01384237943  2.14008059312  2.23931699337  2.31428403661  2.36768490718  2.40185287935  2.41848957911  2.41848957911  2.40185287935  2.36768490718  2.31428403661  2.23931699337  2.14008059312  2.01384237943  1.85824237188  1.67172436581  1.45395080978  1.20614437311  0.931296545355  0.634192717203  0.321225397059  
0.198104495496  0.391195705404  0.574648131756  0.744558334388  0.897982654157  1.03305347398  1.14897015668  1.24587987109  1.324676914  1.38675521299  1.43374789253  1.46728204309  1.488768731  1.49924024067  1.49924024067  1.488768731  1.46728204309  1.43374789253  1.38675521299  1.324676914  1.24587987109  1.14897015668  1.03305347398  0.897982654157  0.744558334388  0.574648131756  0.391195705404  0.198104495496  
0.120069571882  0.237142528856  0.348449730103  0.451646273885  0.544952672406  0.627225684452  0.697955955878  0.757200586408  0.805466674228  0.843565766507  0.87245909137  0.89311046398  0.906359264047  0.912821254303  0.912821254303  0.906359264047  0.89311046398  0.87245909137  0.843565766507  0.805466674228  0.757200586408  0.697955955878  0.627225684452  0.544952672406  0.451646273885  0.348449730103  0.237142528856  0.120069571882  
0.0714615090414  0.141161233586  0.207468940764  0.269000074125  0.324698242002  0.373877480057  0.416222362375  0.451750264029  0.480744691575  0.503670984648  0.52108586551  0.533550784698  0.541556548892  0.545464097167  0.545464097167  0.541556548892  0.533550784698  0.52108586551  0.503670984648  0.480744691575  0.451750264029  0.416222362375  0.373877480057  0.324698242002  0.269000074125  0.207468940764  0.141161233586  0.0714615090414  
0.0416533587856  0.0822907648249  0.12097104482  0.156892837076  0.189441886492  0.218215695611  0.243024307686  0.26386948045  0.280907139849  0.294399425695  0.304662837483  0.312018216566  0.316746972367  0.319056502713  0.319056502713  0.316746972367  0.312018216566  0.304662837483  0.294399425695  0.280907139849  0.26386948045  0.243024307686  0.218215695611  0.189441886492  0.156892837076  0.12097104482  0.0822907648249  0.0416533587856  
0.0235593224788  0.0465492567672  0.0684418158641  0.0887864911414  0.107236622576  0.12356333568  0.137656309559  0.149512541184  0.159215729399  0.166909718784  0.172769596598  0.17697365401  0.179678721664  0.181000599003  0.181000599003  0.179678721664  0.17697365401  0.172769596598  0.166909718784  0.159215729399  0.149512541184  0.137656309559  0.12356333568  0.107236622576  0.0887864911414  0.0684418158641  0.0465492567672  0.0235593224788  
0.0125040929689  0.0247081806283  0.0363338607841  0.0471431887648  0.0569525127383  0.0656398638042  0.0731454939992  0.0794661356319  0.0846443166893  0.0887545044707  0.0918879474062  0.0941379044443  0.0955865999972  0.0962948371717  0.0962948371717  0.0955865999972  0.0941379044443  0.0918879474062  0.0887545044707  0.0846443166893  0.0794661356319  0.0731454939992  0.0656398638042  0.0569525127383  0.0471431887648  0.0363338607841  0.0247081806283  0.0125040929689  
0.00537767559457  0.0106269507589  0.0156286116498  0.0202806568777  0.0245042018463  0.0282466542085  0.0314819811026  0.034208302437  0.0364433682303  0.0382186670884  0.0395729594462  0.040545957685  0.0411727299438  0.0414792342389  0.0414792342389  0.0411727299438  0.040545957685  0.0395729594462  0.0382186670884  0.0364433682303  0.034208302437  0.0314819811026  0.0282466542085  0.0245042018463  0.0202806568777  0.0156286116498  0.0106269507589  0.00537767559457  
