1000.0  1000.0  1000.0  1000.0  1000.0  1000.0  1000.0  1000.0  1000.0  1000.0  1000.0  1000.0  1000.0  1000.0  1000.0  1000.0  1000.0  1000.0  1000.0  1000.0  1000.0  1000.0  1000.0  1000.0  1000.0  1000.0  1000.0  1000.0  
277.210626964  450.232679423  549.859228968  606.807741668  639.646953507  658.728510779  669.833532233  676.264085768  679.947867109  682.025291479  683.172772975  683.787920439  684.098619253  684.227384622  684.227384622  684.098619253  683.787920439  683.172772975  682.025291479  679.947867109  676.264085768  669.833532233  658.728510779  639.646953507  606.807741668  549.859228968  450.232679423  277.210626964  
173.554543733  305.753358195  395.274138319  452.739012114  488.632099247  510.65710207  523.964722549  531.87524962  536.492377317  539.131924984  540.604760291  541.400329837  541.804364074  541.972388029  541.972388029  541.804364074  541.400329837  540.604760291  539.131924984  536.492377317  531.87524962  523.964722549  510.65710207  488.632099247  452.739012114  395.274138319  305.753358195  173.554543733  
113.930204566  209.195332104  280.351168967  329.935228958  362.947461001  384.204654283  397.519346608  405.650328785  410.493611311  413.305690095  414.893598253  415.75919215  416.201754217  416.386587781  416.386587781  416.201754217  415.75919215  414.893598253  413.305690095  410.493611311  405.650328785  397.519346608  384.204654283  362.947461001  329.935228958  280.351168967  209.195332104  113.930204566  
76.0533515274  142.786109016  195.761242172  234.868327473  262.220403998  280.555142317  292.41351932  299.841153232  304.354996156  307.017692334  308.540272166  309.378490013  309.810239228  309.991415798  309.991415798  309.810239228  309.378490013  308.540272166  307.017692334  304.354996156  299.841153232  292.41351932  280.555142317  262.220403998  234.868327473  195.761242172  142.786109016  76.0533515274  
50.6907986399  96.3920672051  134.116879488  163.124411752  184.18954817  198.778401333  208.476796033  214.69121593  218.538977806  220.843720306  222.178139174  222.920156282  223.30527987  223.467692257  223.467692257  223.30527987  222.920156282  222.178139174  220.843720306  218.538977806  214.69121593  208.476796033  198.778401333  184.18954817  163.124411752  134.116879488  96.3920672051  50.6907986399  
33.3666333786  63.9482021206  89.8554994432  110.365961632  125.692995896  136.589547517  144.002302959  148.847343026  151.898222016  153.751781715  154.837777732  155.447553516  155.766429145  155.90156761  155.90156761  155.766429145  155.447553516  154.837777732  153.751781715  151.898222016  148.847343026  144.002302959  136.589547517  125.692995896  110.365961632  89.8554994432  63.9482021206  33.3666333786  
21.5444184269  41.5018560513  58.7129874053  72.6313358343  83.262671308  90.9808876388  96.333015838  99.8913480732  102.165651606  103.565320617  104.394453067  104.864292401  105.111763149  105.217139907  105.217139907  105.111763149  104.864292401  104.394453067  103.565320617  102.165651606  99.8913480732  96.333015838  90.9808876388  83.262671308  72.6313358343  58.7129874053  41.5018560513  21.5444184269  
13.5872210701  26.2651897677  37.337870369  46.4343868826  53.5012850536  58.718614309  62.3943387451  64.8738600904  66.4794193871  67.478964622  68.0770347742  68.4188285293  68.6000725462  68.6775957132  68.6775957132  68.6000725462  68.4188285293  68.0770347742  67.478964622  66.4794193871  64.8738600904  62.3943387451  58.718614309  53.5012850536  46.4343868826  37.337870369  26.2651897677  13.5872210701  
8.34613779802  16.1739828491  23.0742645179  28.8109832932  33.3270580424  36.7065390468  39.1189026014  40.766369178  41.8452708161  42.5238191544  42.9335006532  43.1694524499  43.2953510834  43.3494260916  43.3494260916  43.2953510834  43.1694524499  42.9335006532  42.5238191544  41.8452708161  40.766369178  39.1189026014  36.7065390468  33.3270580424  28.8109832932  23.0742645179  16.1739828491  8.34613779802  
4.98426144884  9.67674749339  13.8420451607  17.336875541  20.1169892089  22.2203209915  23.7381657703  24.7856189895  25.4783109142  25.9178810379  26.1854216196  26.3405919067  26.4238580286  26.4597587407  26.4597587407  26.4238580286  26.3405919067  26.1854216196  25.9178810379  25.4783109142  24.7856189895  23.7381657703  22.2203209915  20.1169892089  17.336875541  13.8420451607  9.67674749339  4.98426144884  
2.89037769031  5.61936402307  8.05471561784  10.1127845212  11.7637008797  13.0239406846  13.941658481  14.5806018651  15.0067168159  15.2792519982  15.4463182696  15.543826082  15.5964191457  15.6191739531  15.6191739531  15.5964191457  15.543826082  15.4463182696  15.2792519982  15.0067168159  14.5806018651  13.941658481  13.0239406846  11.7637008797  10.1127845212  8.05471561784  5.61936402307  2.89037769031  
1.62635814367  3.16531529871  4.54443162913  5.7165665527  6.66318852695  7.39113447698  7.92526676781  8.29995676017  8.55166305923  8.71375849376  8.81375511521  8.87244700666  8.90425049198  8.91805386733  8.91805386733  8.90425049198  8.87244700666  8.81375511521  8.71375849376  8.55166305923  8.29995676017  7.92526676781  7.39113447698  6.66318852695  5.7165665527  4.54443162913  3.16531529871  1.62635814367  
0.887545882561  1.72886723408  2.48531803727  3.13120222393  3.65570870401  4.0615178144  4.36118684685  4.57275676739  4.71577916628  4.80843806205  4.86591983678  4.89982765448  4.91827770396  4.92630812589  4.92630812589  4.91827770396  4.89982765448  4.86591983678  4.80843806205  4.71577916628  4.57275676739  4.36118684685  4.0615178144  3.65570870401  3.13120222393  2.48531803727  1.72886723408  0.887545882561  
0.469659023969  0.915484048755  1.31741397629  1.66188582068  1.94289988087  2.16142990641  2.32367585499  2.43885466956  2.51714069075  2.56812624914  2.5999121461  2.61874608565  2.62903218377  2.63352063242  2.63352063242  2.62903218377  2.61874608565  2.5999121461  2.56812624914  2.51714069075  2.43885466956  2.32367585499  2.16142990641  1.94289988087  1.66188582068  1.31741397629  0.915484048755  0.469659023969  
0.240973538205  0.469980311439  0.67689411825  0.854778114297  1.00044413228  1.11420743752  1.19905834443  1.25957924322  1.3009092767  1.32795042352  1.34488231899  1.35495474953  1.36047404799  1.36288794966  1.36288794966  1.36047404799  1.35495474953  1.34488231899  1.32795042352  1.3009092767  1.25957924322  1.19905834443  1.11420743752  1.00044413228  0.854778114297  0.67689411825  0.469980311439  0.240973538205  
0.119890177039  0.233934157051  0.337163731845  0.426139359255  0.499232250138  0.556524373887  0.599423748839  0.630147024667  0.651214372242  0.665053853984  0.673752919225  0.678946078405  0.681800162473  0.683050964706  0.683050964706  0.681800162473  0.678946078405  0.673752919225  0.665053853984  0.651214372242  0.630147024667  0.599423748839  0.556524373887  0.499232250138  0.426139359255  0.337163731845  0.233934157051  0.119890177039  
0.057849545089  0.112921444232  0.162846971922  0.205972085481  0.241494607697  0.26942430517  0.290408075112  0.305489064664  0.315867362122  0.322709214544  0.327024453028  0.329608640324  0.331032627755  0.331657830137  0.331657830137  0.331032627755  0.329608640324  0.327024453028  0.322709214544  0.315867362122  0.305489064664  0.290408075112  0.26942430517  0.241494607697  0.205972085481  0.162846971922  0.112921444232  0.057849545089  
0.0270785091603  0.0528738821481  0.0762887414482  0.0965513648384  0.113280172276  0.126468139594  0.136405146765  0.143568733213  0.148513950772  0.151784237918  0.153853069621  0.15509544732  0.155781660699  0.156083434984  0.156083434984  0.155781660699  0.15509544732  0.153853069621  0.151784237918  0.148513950772  0.143568733213  0.136405146765  0.126468139594  0.113280172276  0.0965513648384  0.0762887414482  0.0528738821481  0.0270785091603  
0.0122995320329  0.0240228038327  0.0346758017016  0.0439090622415  0.051547022511  0.0575820755129  0.0621408770377  0.0654360885661  0.0677171082855  0.0692297009083  0.0701891459531  0.0707667421652  0.0710864424247  0.0712272413756  0.0712272413756  0.0710864424247  0.0707667421652  0.0701891459531  0.0692297009083  0.0677171082855  0.0654360885661  0.0621408770377  0.0575820755129  0.051547022511  0.0439090622415  0.0346758017016  0.0240228038327  0.0122995320329  
0.00542300979435  0.0105944103412  0.0152980699988  0.0193803397949  0.022763002136  0.0254410580162  0.0274684545024  0.0289373241061  0.0299565612588  0.0306340795179  0.0310648508812  0.0313247522506  0.031468878187  0.0315324353828  0.0315324353828  0.031468878187  0.0313247522506  0.0310648508812  0.0306340795179  0.0299565612588  0.0289373241061  0.0274684545024  0.0254410580162  0.022763002136  0.0193803397949  0.0152980699988  0.0105944103412  0.00542300979435  
0.00232189591171  0.00453697251178  0.00655331622671  0.00830531095445  0.00975918064511  0.0109121859758  0.0117867243687  0.0124216318642  0.0128631247306  0.0131572284072  0.0133446150382  0.0134578950054  0.0135208186912  0.0135485993679  0.0135485993679  0.0135208186912  0.0134578950054  0.0133446150382  0.0131572284072  0.0128631247306  0.0124216318642  0.0117867243687  0.0109121859758  0.00975918064511  0.00830531095445  0.00655331622671  0.00453697251178  0.00232189591171  
0.000965756327084  0.00188740927083  0.00272695464969  0.00345716458807  0.00406389101252  0.00454578140578  0.00491189937143  0.00517817541098  0.00536368144952  0.005487492457  0.00556652538411  0.00561438645905  0.00564101166723  0.00565277889246  0.00565277889246  0.00564101166723  0.00561438645905  0.00556652538411  0.005487492457  0.00536368144952  0.00517817541098  0.00491189937143  0.00454578140578  0.00406389101252  0.00345716458807  0.00272695464969  0.00188740927083  0.000965756327084  
0.000390379620699  0.000763046171351  0.00110271718052  0.00139840999813  0.00164437187956  0.00183998201197  0.00198881547116  0.00209723263538  0.00217288842352  0.00222346789276  0.00225580818127  0.0022754235091  0.00228635013519  0.00229118374357  0.00229118374357  0.00228635013519  0.0022754235091  0.00225580818127  0.00222346789276  0.00217288842352  0.00209723263538  0.00198881547116  0.00183998201197  0.00164437187956  0.00139840999813  0.00110271718052  0.000763046171351  0.000390379620699  
0.000153398994344  0.000299876820839  0.000433455630478  0.000549828114959  0.000646722513907  0.000723869736982  0.000782644249236  0.000825518022985  0.000855480029492  0.000875540964651  0.000888386779358  0.00089618897362  0.000900540330635  0.00090246684009  0.00090246684009  0.000900540330635  0.00089618897362  0.000888386779358  0.000875540964651  0.000855480029492  0.000825518022985  0.000782644249236  0.000723869736982  0.000646722513907  0.000549828114959  0.000433455630478  0.000299876820839  0.000153398994344  
5.85511099836e-05  0.000114473463858  0.000165494489719  0.00020997296236  0.000247038136827  0.000276579017013  0.000299110139555  0.0003155658857  0.000327080687886  0.000334800547483  0.000339750343131  0.000342760419726  0.000344440944696  0.000345185526115  0.000345185526115  0.000344440944696  0.000342760419726  0.000339750343131  0.000334800547483  0.000327080687886  0.0003155658857  0.000299110139555  0.000276579017013  0.000247038136827  0.00020997296236  0.000165494489719  0.000114473463858  5.85511099836e-05  
2.1499944254e-05  4.20386666828e-05  6.07845370838e-05  7.71358053136e-05  9.07716248184e-05  0.000101648667079  0.000109952719801  0.000116024011126  0.000120277064772  0.000123131674168  0.000124964046636  0.000126079537609  0.000126702885498  0.0001269792454  0.0001269792454  0.000126702885498  0.000126079537609  0.000124964046636  0.000123131674168  0.000120277064772  0.000116024011126  0.000109952719801  0.000101648667079  9.07716248184e-05  7.71358053136e-05  6.07845370838e-05  4.20386666828e-05  2.1499944254e-05  
6.94482266255e-06  1.35801360676e-05  1.96380029571e-05  2.49242715655e-05  2.93350396033e-05  3.28556926422e-05  3.55454812577e-05  3.75136056095e-05  3.88934647649e-05  3.98204067051e-05  4.04159167874e-05  4.07787363382e-05  4.09816238713e-05  4.10716170638e-05  4.10716170638e-05  4.09816238713e-05  4.07787363382e-05  4.04159167874e-05  3.98204067051e-05  3.88934647649e-05  3.75136056095e-05  3.55454812577e-05  3.28556926422e-05  2.93350396033e-05  2.49242715655e-05  1.96380029571e-05  1.35801360676e-05  6.94482266255e-06  
