1000.0  1000.0  1000.0  1000.0  1000.0  1000.0  1000.0  1000.0  1000.0  1000.0  1000.0  1000.0  1000.0  1000.0  1000.0  1000.0  1000.0  1000.0  1000.0  1000.0  1000.0  1000.0  1000.0  1000.0  1000.0  1000.0  1000.0  1000.0  
284.937998382  465.422646616  572.009723245  635.229551617  673.528099254  697.202760102  712.043521636  721.4118188  727.328611058  731.044162332  733.34585699  734.731252447  735.508719834  735.856626696  735.856626696  735.508719834  734.731252447  733.34585699  731.044162332  727.328611058  721.4118188  712.043521636  697.202760102  673.528099254  635.229551617  572.009723245  465.422646616  284.937998382  
184.171084874  326.623017938  425.707757823  491.790472005  535.186614902  563.525220471  581.968944964  593.919363863  601.60803204  606.501457784  609.562800462  611.418718921  612.465467171  612.935283127  612.935283127  612.465467171  611.418718921  609.562800462  606.501457784  601.60803204  593.919363863  581.968944964  563.525220471  535.186614902  491.790472005  425.707757823  326.623017938  184.171084874  
126.451812677  233.810487184  316.24807945  375.999284078  417.865127012  446.574113608  465.952502122  478.854500194  487.32647344  492.802266736  496.268254217  498.387951787  499.590907638  500.132867263  500.132867263  499.590907638  498.387951787  496.268254217  492.802266736  487.32647344  478.854500194  465.952502122  446.574113608  417.865127012  375.999284078  316.24807945  233.810487184  126.451812677  
89.4291144145  169.08115988  234.109824593  284.081552707  320.896902262  347.198941818  365.542786815  378.075357745  386.473603595  391.989095375  395.524057091  397.706691039  398.953918135  399.518195961  399.518195961  398.953918135  397.706691039  395.524057091  391.989095375  386.473603595  378.075357745  365.542786815  347.198941818  320.896902262  284.081552707  234.109824593  169.08115988  89.4291144145  
63.9471581716  122.453332673  172.12672173  211.90666765  242.35748443  264.851171302  280.986942293  292.270928624  299.978275511  305.11923534  308.455531215  310.535704861  311.73290074  312.276939989  312.276939989  311.73290074  310.535704861  308.455531215  305.11923534  299.978275511  292.270928624  280.986942293  264.851171302  242.35748443  211.90666765  172.12672173  122.453332673  63.9471581716  
45.7166927686  88.2287657403  125.270638732  155.822232606  179.900796382  198.17120809  211.591947784  221.171111557  227.828482962  232.334074177  235.293242003  237.155968555  238.235635238  238.728438178  238.728438178  238.235635238  237.155968555  235.293242003  232.334074177  227.828482962  221.171111557  211.591947784  198.17120809  179.900796382  155.822232606  125.270638732  88.2287657403  45.7166927686  
32.447734145  62.939123743  89.9833893034  112.771847807  131.137106564  145.374917862  156.042039029  163.791171731  169.26036618  173.011209079  175.502320428  177.084678301  178.008099197  178.431392545  178.431392545  178.008099197  177.084678301  175.502320428  173.011209079  169.26036618  163.791171731  156.042039029  145.374917862  131.137106564  112.771847807  89.9833893034  62.939123743  32.447734145  
22.7591287755  44.2992772339  63.6463705667  80.2093944683  93.7892459757  104.499874107  112.656779386  118.672225708  122.975596861  125.962213129  127.966117889  129.249752017  130.003648179  130.35063357  130.35063357  130.003648179  129.249752017  127.966117889  125.962213129  122.975596861  118.672225708  112.656779386  104.499874107  93.7892459757  80.2093944683  63.6463705667  44.2992772339  22.7591287755  
15.7267038562  30.686749618  44.2478231948  55.9971634784  65.7605020262  73.5683736034  79.5957474936  84.0979576792  87.3568708923  89.6426150306  91.19046107  92.1896201451  92.7799162637  93.0526283892  93.0526283892  92.7799162637  92.1896201451  91.19046107  89.6426150306  87.3568708923  84.0979576792  79.5957474936  73.5683736034  65.7605020262  55.9971634784  44.2478231948  30.686749618  15.7267038562  
10.682878827  20.8829464947  30.1931565795  38.3340713673  45.1709730889  50.7002047335  55.0168235618  58.276356013  60.6599020917  62.3473053601  63.4994322999  64.248350169  64.6931990346  64.8994274604  64.8994274604  64.6931990346  64.248350169  63.4994322999  62.3473053601  60.6599020917  58.276356013  55.0168235618  50.7002047335  45.1709730889  38.3340713673  30.1931565795  20.8829464947  10.682878827  
7.12255861597  13.9424312516  20.2003707991  25.7118644567  30.379865534  34.1897450029  37.1920704964  39.4801555238  41.1681118153  42.3728792606  43.2015274994  43.7435597174  44.0670980088  44.2175605144  44.2175605144  44.0670980088  43.7435597174  43.2015274994  42.3728792606  41.1681118153  39.4801555238  37.1920704964  34.1897450029  30.379865534  25.7118644567  20.2003707991  13.9424312516  7.12255861597  
4.65582006035  9.12353984154  13.2401599341  16.8865337711  19.9960524394  22.5531237412  24.5840482452  26.1440110713  27.3036016187  28.1371934  28.7142833308  29.0938886314  29.3214737704  29.4276145222  29.4276145222  29.3214737704  29.0938886314  28.7142833308  28.1371934  27.3036016187  26.1440110713  24.5840482452  22.5531237412  19.9960524394  16.8865337711  13.2401599341  9.12353984154  4.65582006035  
2.98137778071  5.84725261104  8.49664300461  10.8542270176  12.8759713542  14.5489358867  15.8864623242  16.9207231978  17.6946077142  18.2544227463  18.6442133647  18.9018990422  19.0570004888  19.1295219144  19.1295219144  19.0570004888  18.9018990422  18.6442133647  18.2544227463  17.6946077142  16.9207231978  15.8864623242  14.5489358867  12.8759713542  10.8542270176  8.49664300461  5.84725261104  2.98137778071  
1.86914999846  3.66838399916  5.33615424419  6.82582698596  8.10920217895  9.17673097889  10.0349921044  10.7024713063  11.2047660666  11.570115841  11.8257989186  11.9955811751  12.0981348178  12.1461965776  12.1461965776  12.0981348178  11.9955811751  11.8257989186  11.570115841  11.2047660666  10.7024713063  10.0349921044  9.17673097889  8.10920217895  6.82582698596  5.33615424419  3.66838399916  1.86914999846  
1.14682296229  2.25200027703  3.27867115719  4.19855888716  4.99410915582  5.65877169978  6.19568503915  6.615313231  6.93266121592  7.16460050432  7.32764917593  7.43634807729  7.50221289803  7.5331440502  7.5331440502  7.50221289803  7.43634807729  7.32764917593  7.16460050432  6.93266121592  6.615313231  6.19568503915  5.65877169978  4.99410915582  4.19855888716  3.27867115719  2.25200027703  1.14682296229  
0.688412018345  1.35244632304  1.97043177974  2.52557799964  3.00724218804  3.41116256961  3.73877810133  3.99592134374  4.19122916448  4.33457742861  4.43574929368  4.50343469154  4.54456348678  4.56391382572  4.56391382572  4.54456348678  4.50343469154  4.43574929368  4.33457742861  4.19122916448  3.99592134374  3.73877810133  3.41116256961  3.00724218804  2.52557799964  1.97043177974  1.35244632304  0.688412018345  
0.404220871993  0.794432604972  1.15813716722  1.48557269091  1.77044675837  2.01010128422  2.20516376125  2.35883374337  2.47599144977  2.56230082831  2.62343051306  2.66445529487  2.68944659204  2.70122392839  2.70122392839  2.68944659204  2.66445529487  2.62343051306  2.56230082831  2.47599144977  2.35883374337  2.20516376125  2.01010128422  1.77044675837  1.48557269091  1.15813716722  0.794432604972  0.404220871993  
0.232145416054  0.456393144992  0.6656767483  0.854439913681  1.01905156036  1.15791248393  1.27127835786  1.36087570473  1.42941070559  1.48006585289  1.51605501889  1.54027512691  1.55506258587  1.5620415707  1.5620415707  1.55506258587  1.54027512691  1.51605501889  1.48006585289  1.42941070559  1.36087570473  1.27127835786  1.15791248393  1.01905156036  0.854439913681  0.6656767483  0.456393144992  0.232145416054  
0.13039258794  0.25641983463  0.37416632743  0.480536244789  0.573483295849  0.652075719241  0.716407453501  0.767394520625  0.806509200647  0.835503334638  0.856160048604  0.870096255711  0.878622026848  0.882651106061  0.882651106061  0.878622026848  0.870096255711  0.856160048604  0.835503334638  0.806509200647  0.767394520625  0.716407453501  0.652075719241  0.573483295849  0.480536244789  0.37416632743  0.25641983463  0.13039258794  
0.0716306856586  0.140896585421  0.205672292778  0.264269426809  0.315561304167  0.359020802025  0.394676318249  0.42300550301  0.444794018112  0.460986528219  0.472551269379  0.480370838371  0.485163226275  0.487430677829  0.487430677829  0.485163226275  0.480370838371  0.472551269379  0.460986528219  0.444794018112  0.42300550301  0.394676318249  0.359020802025  0.315561304167  0.264269426809  0.205672292778  0.140896585421  0.0716306856586  
0.0384871619486  0.0757191733542  0.110565972552  0.142126291774  0.169793832395  0.193278511928  0.212584914153  0.227957734498  0.239808125621  0.248635082868  0.254953197863  0.259233713849  0.261861344272  0.263105891559  0.263105891559  0.261861344272  0.259233713849  0.254953197863  0.248635082868  0.239808125621  0.227957734498  0.212584914153  0.193278511928  0.169793832395  0.142126291774  0.110565972552  0.0757191733542  0.0384871619486  
0.020226515511  0.0398004518549  0.0581333906348  0.0747544499875  0.0893446741634  0.101748574037  0.111963727756  0.120113249628  0.126408104224  0.131106474341  0.134476060999  0.136763012292  0.138168904944  0.13883542518  0.13883542518  0.138168904944  0.136763012292  0.134476060999  0.131106474341  0.126408104224  0.120113249628  0.111963727756  0.101748574037  0.0893446741634  0.0747544499875  0.0581333906348  0.0398004518549  0.020226515511  
0.0103962558012  0.0204602538164  0.0298920192847  0.0384507951709  0.0459725374434  0.0523760001032  0.0576577899804  0.0618787179093  0.0651448871937  0.0675871235196  0.0693417297812  0.0705344853031  0.071268676954  0.0716170483885  0.0716170483885  0.071268676954  0.0705344853031  0.0693417297812  0.0675871235196  0.0651448871937  0.0618787179093  0.0576577899804  0.0523760001032  0.0459725374434  0.0384507951709  0.0298920192847  0.0204602538164  0.0103962558012  
0.005221936509  0.0102783703833  0.0150197143718  0.0193256081499  0.0231136243741  0.0263423869005  0.0290092564218  0.0311436912927  0.0327979494727  0.0340368972281  0.0349284050662  0.0355353018592  0.0359093059841  0.0360869058047  0.0360869058047  0.0359093059841  0.0355353018592  0.0349284050662  0.0340368972281  0.0327979494727  0.0311436912927  0.0290092564218  0.0263423869005  0.0231136243741  0.0193256081499  0.0150197143718  0.0102783703833  0.005221936509  
0.00255198086121  0.00502366563931  0.00734241119799  0.00944964159599  0.0113050674698  0.012888234053  0.0141974595956  0.0152466807925  0.0160609935119  0.0166717327344  0.017111807074  0.0174117646701  0.0175968045338  0.0176847321269  0.0176847321269  0.0175968045338  0.0174117646701  0.017111807074  0.0166717327344  0.0160609935119  0.0152466807925  0.0141974595956  0.012888234053  0.0113050674698  0.00944964159599  0.00734241119799  0.00502366563931  0.00255198086121  
0.00118669672982  0.00233627906454  0.00341514402637  0.00439614808144  0.00526055544446  0.00599876656399  0.0066098503882  0.00710011145434  0.00748104863059  0.00776709066381  0.0079734379243  0.00811423274741  0.00820116138491  0.00824249165168  0.00824249165168  0.00820116138491  0.00811423274741  0.0079734379243  0.00776709066381  0.00748104863059  0.00710011145434  0.0066098503882  0.00599876656399  0.00526055544446  0.00439614808144  0.00341514402637  0.00233627906454  0.00118669672982  
0.000463001166495  0.00091158274748  0.00133268241194  0.00171573589701  0.00205343337209  0.00234200590201  0.00258104987657  0.00277297710661  0.00292222719028  0.00303439044054  0.00311536897385  0.0031706628839  0.00320482260647  0.00322107032513  0.00322107032513  0.00320482260647  0.0031706628839  0.00311536897385  0.00303439044054  0.00292222719028  0.00277297710661  0.00258104987657  0.00234200590201  0.00205343337209  0.00171573589701  0.00133268241194  0.00091158274748  0.000463001166495  
