1000.0  1000.0  1000.0  1000.0  1000.0  1000.0  1000.0  1000.0  1000.0  1000.0  1000.0  1000.0  1000.0  1000.0  1000.0  1000.0  1000.0  1000.0  1000.0  1000.0  1000.0  1000.0  1000.0  1000.0  1000.0  1000.0  1000.0  1000.0  
284.696790967  464.947012566  571.312654708  634.329193857  672.446349098  695.963704322  710.671903959  719.931699944  725.762340561  729.411725805  731.6646092  733.016004108  733.772118202  734.109756725  734.109756725  733.772118202  733.016004108  731.6646092  729.411725805  725.762340561  719.931699944  710.671903959  695.963704322  672.446349098  634.329193857  571.312654708  464.947012566  284.696790967  
183.834314312  325.958944519  424.734521868  490.533408792  533.67629766  561.795279886  580.053928698  591.852865601  599.421255939  604.222307121  607.215505019  609.02395623  610.040893976  610.496374784  610.496374784  610.040893976  609.02395623  607.215505019  604.222307121  599.421255939  591.852865601  580.053928698  561.795279886  533.67629766  490.533408792  424.734521868  325.958944519  183.834314312  
126.045649477  233.00958013  315.074308179  374.483206143  416.043617326  444.487734353  463.642920955  476.362233621  484.689155385  490.053549417  493.437358842  495.499814895  496.666822206  497.191495186  497.191495186  496.666822206  495.499814895  493.437358842  490.053549417  484.689155385  476.362233621  463.642920955  444.487734353  416.043617326  374.483206143  315.074308179  233.00958013  126.045649477  
88.9827925995  168.201065774  232.820003179  282.415585476  318.895312844  344.906305419  363.004892797  375.336729638  383.575596377  388.968687697  392.413357664  394.533099613  395.740830179  396.286115423  396.286115423  395.740830179  394.533099613  392.413357664  388.968687697  383.575596377  375.336729638  363.004892797  344.906305419  318.895312844  282.415585476  232.820003179  168.201065774  88.9827925995  
63.4895219628  121.550929304  170.804208272  210.198480167  240.305177307  262.500452879  278.384765071  289.462946108  297.006891127  302.022364078  305.266093642  307.281792397  308.438498427  308.963067679  308.963067679  308.438498427  307.281792397  305.266093642  302.022364078  297.006891127  289.462946108  278.384765071  262.500452879  240.305177307  210.198480167  170.804208272  121.550929304  63.4895219628  
45.2732226187  87.3542977134  123.989069542  154.166936081  177.912044555  195.893297983  209.070381183  218.45013024  224.949177866  229.333185404  232.202668665  234.002929175  235.043368404  235.517308658  235.517308658  235.043368404  234.002929175  232.202668665  229.333185404  224.949177866  218.45013024  209.070381183  195.893297983  177.912044555  154.166936081  123.989069542  87.3542977134  45.2732226187  
32.0384535482  62.1320749443  88.8006297578  111.244182319  129.301706563  143.27266906  153.714938081  161.280051128  166.60314904  170.241801699  172.650160097  174.174881587  175.062108863  175.467998644  175.467998644  175.062108863  174.174881587  172.650160097  170.241801699  166.60314904  161.280051128  153.714938081  143.27266906  129.301706563  111.244182319  88.8006297578  62.1320749443  32.0384535482  
22.3975726533  43.5863366427  62.6015339904  78.8598786233  92.1678920581  102.64280409  110.601095711  116.454001111  120.628332511  123.515860353  125.446678884  126.679411102  127.401343553  127.732959601  127.732959601  127.401343553  126.679411102  125.446678884  123.515860353  120.628332511  116.454001111  110.601095711  102.64280409  92.1678920581  78.8598786233  62.6015339904  43.5863366427  22.3975726533  
15.4199077179  30.0817900059  43.3612398156  54.8520546048  64.3847387734  71.9926105932  77.8514704392  82.2157773277  85.365214545  87.5668964677  89.0527419032  90.0087214285  90.5719039149  90.8315790677  90.8315790677  90.5719039149  90.0087214285  89.0527419032  87.5668964677  85.365214545  82.2157773277  77.8514704392  71.9926105932  64.3847387734  54.8520546048  43.3612398156  30.0817900059  15.4199077179  
10.4321763751  20.3885972956  29.4686788502  37.3983434805  44.0467738102  49.4125870701  53.5915188699  56.7383795685  59.0324837213  60.6512111642  61.7526880709  62.4663328099  62.8890334598  63.0846126636  63.0846126636  62.8890334598  62.4663328099  61.7526880709  60.6512111642  59.0324837213  56.7383795685  53.5915188699  49.4125870701  44.0467738102  37.3983434805  29.4686788502  20.3885972956  10.4321763751  
6.92488262471  13.5526438196  19.6291330957  24.9740647047  29.4934675444  33.174505511  36.0682804323  38.2675402627  39.8849878822  41.0356195429  41.8243432925  42.3385729908  42.6446545578  42.7867237947  42.7867237947  42.6446545578  42.3385729908  41.8243432925  41.0356195429  39.8849878822  38.2675402627  36.0682804323  33.174505511  29.4934675444  24.9740647047  19.6291330957  13.5526438196  6.92488262471  
4.50519013942  8.82652120289  12.8048782487  16.3243362619  19.3206300821  21.77953349  23.7277535579  25.2200436833  26.3259188584  27.1182707002  27.664948251  28.0233760757  28.2376647741  28.3374127107  28.3374127107  28.2376647741  28.0233760757  27.664948251  27.1182707002  26.3259188584  25.2200436833  23.7277535579  21.77953349  19.3206300821  16.3243362619  12.8048782487  8.82652120289  4.50519013942  
2.87031132828  5.62824772627  8.1756925563  10.4396996846  12.3779640855  13.9785526435  15.2551063633  16.2394788417  16.9737663984  17.5031825762  17.8705568151  18.1126337909  18.2579356149  18.3257456004  18.3257456004  18.2579356149  18.1126337909  17.8705568151  17.5031825762  16.9737663984  16.2394788417  15.2551063633  13.9785526435  12.3779640855  10.4396996846  8.1756925563  5.62824772627  2.87031132828  
1.78982076302  3.5119603127  5.10691760365  6.52975612254  7.75351032632  8.76935048668  9.5840687612  10.2159226416  10.6899427759  11.0335872077  11.2732655234  11.431904152  11.527461802  11.5721601469  11.5721601469  11.527461802  11.431904152  11.2732655234  11.0335872077  10.6899427759  10.2159226416  9.5840687612  8.76935048668  7.75351032632  6.52975612254  5.10691760365  3.5119603127  1.78982076302  
1.09188629721  2.1436750045  3.11992307535  3.99352938216  4.74779458726  5.3766663211  5.88343066915  6.27839327838  6.57616617176  6.79307935297  6.94504899119  7.04603434923  7.10705682548  7.13566003244  7.13566003244  7.10705682548  7.04603434923  6.94504899119  6.79307935297  6.57616617176  6.27839327838  5.88343066915  5.3766663211  4.74779458726  3.99352938216  3.11992307535  2.1436750045  1.09188629721  
0.651495420105  1.27965370662  1.86375668135  2.38780409423  2.84172772369  3.22160029731  3.5289597608  3.76953198668  3.95168954118  4.08494414525  4.17867425451  4.24117880527  4.27905537679  4.29684227034  4.29684227034  4.27905537679  4.24117880527  4.17867425451  4.08494414525  3.95168954118  3.76953198668  3.5289597608  3.22160029731  2.84172772369  2.38780409423  1.86375668135  1.27965370662  0.651495420105  
0.380131453923  0.746932996625  1.08852861025  1.39567213172  1.6624461033  1.88641066407  2.0682577821  2.21111722995  2.31969657791  2.39942197871  2.45569782825  2.49334365532  2.51621396165  2.52697170793  2.52697170793  2.51621396165  2.49334365532  2.45569782825  2.39942197871  2.31969657791  2.21111722995  2.0682577821  1.88641066407  1.6624461033  1.39567213172  1.08852861025  0.746932996625  0.380131453923  
0.216871077026  0.426275284098  0.621540698336  0.797438072844  0.950574097043  1.07948790207  1.18447596456  1.2672204525  1.33031795468  1.37680006727  1.4097130144  1.43179178415  1.44523518694  1.45156808922  1.45156808922  1.44523518694  1.43179178415  1.4097130144  1.37680006727  1.33031795468  1.2672204525  1.18447596456  1.07948790207  0.950574097043  0.797438072844  0.621540698336  0.426275284098  0.216871077026  
0.120976004748  0.237852355828  0.346956932988  0.44539559658  0.531268653139  0.603729603058  0.662897489422  0.709660920084  0.745424534008  0.771847069451  0.790608231714  0.803225048947  0.810922725439  0.814553758285  0.814553758285  0.810922725439  0.803225048947  0.790608231714  0.771847069451  0.745424534008  0.709660920084  0.662897489422  0.603729603058  0.531268653139  0.44539559658  0.346956932988  0.237852355828  0.120976004748  
0.0659830995309  0.129760815178  0.189353701346  0.243194364959  0.290244052271  0.33002676259  0.362585918738  0.388382685866  0.40816210966  0.422812969297  0.433241433165  0.440270159468  0.444566217257  0.4465951038  0.4465951038  0.444566217257  0.440270159468  0.433241433165  0.422812969297  0.40816210966  0.388382685866  0.362585918738  0.33002676259  0.290244052271  0.243194364959  0.189353701346  0.129760815178  0.0659830995309  
0.0351903507237  0.0692186367179  0.10104003  0.129823907892  0.155015305997  0.176353976482  0.193853254998  0.207748187485  0.218426187406  0.226353598116  0.232008753978  0.235827889026  0.238165976557  0.239271358586  0.239271358586  0.238165976557  0.235827889026  0.232008753978  0.226353598116  0.218426187406  0.207748187485  0.193853254998  0.176353976482  0.155015305997  0.129823907892  0.10104003  0.0692186367179  0.0351903507237  
0.0183525008458  0.0361053554614  0.0527186115667  0.0677615546727  0.0809444118878  0.0921286482684  0.101316805629  0.108626497781  0.11425517797  0.118442451808  0.121435395903  0.123460246412  0.124701666517  0.125289138453  0.125289138453  0.124701666517  0.123460246412  0.121435395903  0.118442451808  0.11425517797  0.108626497781  0.101316805629  0.0921286482684  0.0809444118878  0.0677615546727  0.0527186115667  0.0361053554614  0.0183525008458  
0.00935879975828  0.0184146567849  0.0268944365969  0.034579624767  0.0413223345174  0.0470507029599  0.051764078455  0.05552021799  0.058417735209  0.0605771619418  0.0621233750892  0.0631711241408  0.0638143279127  0.0641189709733  0.0641189709733  0.0638143279127  0.0631711241408  0.0621233750892  0.0605771619418  0.058417735209  0.05552021799  0.051764078455  0.0470507029599  0.0413223345174  0.034579624767  0.0268944365969  0.0184146567849  0.00935879975828  
0.00466308670896  0.00917646822232  0.0134050205696  0.0172403681604  0.0206087880057  0.0234739568921  0.0258347088202  0.0277188523205  0.0291746055235  0.0302612844673  0.0310406002426  0.0315694366523  0.0318944631852  0.0320485256555  0.0320485256555  0.0318944631852  0.0315694366523  0.0310406002426  0.0302612844673  0.0291746055235  0.0277188523205  0.0258347088202  0.0234739568921  0.0206087880057  0.0172403681604  0.0134050205696  0.00917646822232  0.00466308670896  
0.00226063530188  0.00444921340093  0.00650063395664  0.0083625707017  0.00999927256849  0.0113929182667  0.0125425923359  0.0134613688996  0.0141722349881  0.0147036294033  0.015085247333  0.0153445357238  0.0155040601269  0.0155797262039  0.0155797262039  0.0155040601269  0.0153445357238  0.015085247333  0.0147036294033  0.0141722349881  0.0134613688996  0.0125425923359  0.0113929182667  0.00999927256849  0.0083625707017  0.00650063395664  0.00444921340093  0.00226063530188  
0.00104340018036  0.00205373964032  0.00300112646653  0.0038614917358  0.00461833199729  0.00526334261216  0.0057959686198  0.00622208919983  0.00655216476726  0.00679919840132  0.00697680892178  0.00709761253384  0.00717199964645  0.00720730329878  0.00720730329878  0.00717199964645  0.00709761253384  0.00697680892178  0.00679919840132  0.00655216476726  0.00622208919983  0.0057959686198  0.00526334261216  0.00461833199729  0.0038614917358  0.00300112646653  0.00205373964032  0.00104340018036  
0.000404782352347  0.000796792487  0.0011644761702  0.00149851852374  0.00179251673511  0.00204322786404  0.00225040085649  0.00241627437348  0.00254486573538  0.00264118566949  0.0027104934206  0.0027576687932  0.00278673556681  0.0028005360305  0.0028005360305  0.00278673556681  0.0027576687932  0.0027104934206  0.00264118566949  0.00254486573538  0.00241627437348  0.00225040085649  0.00204322786404  0.00179251673511  0.00149851852374  0.0011644761702  0.000796792487  0.000404782352347  
