1000.0  1000.0  1000.0  1000.0  1000.0  1000.0  1000.0  1000.0  1000.0  1000.0  1000.0  1000.0  1000.0  1000.0  1000.0  1000.0  1000.0  1000.0  1000.0  1000.0  1000.0  1000.0  1000.0  1000.0  1000.0  1000.0  1000.0  1000.0  
276.444426657  448.731923767  547.683291792  604.036700465  636.372836691  655.046394981  665.833871508  672.027177496  675.540778799  677.501061461  678.571369201  679.138327383  679.421487405  679.537847588  679.537847588  679.421487405  679.138327383  678.571369201  677.501061461  675.540778799  672.027177496  665.833871508  655.046394981  636.372836691  604.036700465  547.683291792  448.731923767  276.444426657  
172.521277303  303.729504827  392.33977484  449.002136935  484.216826721  505.691654969  518.571086541  526.161710062  530.54937539  533.030980707  534.399766513  535.130367354  535.497275112  535.648575399  535.648575399  535.497275112  535.130367354  534.399766513  533.030980707  530.54937539  526.161710062  518.571086541  505.691654969  484.216826721  449.002136935  392.33977484  303.729504827  172.521277303  
112.742914377  206.869800268  276.979421282  325.64137729  357.874134549  378.499199425  391.32193764  399.085391949  403.665064078  406.295705117  407.764091833  408.555060292  408.954979555  409.120605271  409.120605271  408.954979555  408.555060292  407.764091833  406.295705117  403.665064078  399.085391949  391.32193764  378.499199425  357.874134549  325.64137729  276.979421282  206.869800268  112.742914377  
74.8270055538  140.384088334  192.278616019  230.433309718  256.980333746  274.662226191  286.01254902  293.060647114  297.302283032  299.777636717  301.176813804  301.937988089  302.325715402  302.487063794  302.487063794  302.325715402  301.937988089  301.176813804  299.777636717  297.302283032  293.060647114  286.01254902  274.662226191  256.980333746  230.433309718  192.278616019  140.384088334  74.8270055538  
49.5244645786  94.1076014125  130.804717672  158.906515871  179.206068104  193.174110717  202.389408455  208.242959617  211.831921292  213.958562304  215.175675196  215.844461151  216.187744292  216.331312059  216.331312059  216.187744292  215.844461151  215.175675196  213.958562304  211.831921292  208.242959617  202.389408455  193.174110717  179.206068104  158.906515871  130.804717672  94.1076014125  49.5244645786  
32.331848259  61.9214086442  86.9169526659  106.62389077  121.271765233  131.617617802  138.60186291  143.126833886  145.948191776  147.643813811  148.625794759  149.170642827  149.45242536  149.570858406  149.570858406  149.45242536  149.170642827  148.625794759  147.643813811  145.948191776  143.126833886  138.60186291  131.617617802  121.271765233  106.62389077  86.9169526659  61.9214086442  32.331848259  
20.6811065111  39.8109310472  56.2614238878  69.5094504935  79.5742407733  86.8331006826  91.8278206511  95.1192151971  97.2021164181  98.4700917821  99.212502604  99.6282149916  99.8447661472  99.9362187954  99.9362187954  99.8447661472  99.6282149916  99.212502604  98.4700917821  97.2021164181  95.1192151971  91.8278206511  86.8331006826  79.5742407733  69.5094504935  56.2614238878  39.8109310472  20.6811065111  
12.9062853085  24.9314849508  35.404238905  43.9720853401  50.5921852667  55.4472745741  58.8411769048  61.1102337234  62.5648998284  63.4606357203  63.9903547911  64.2894927508  64.4463726629  64.512924737  64.512924737  64.4463726629  64.2894927508  63.9903547911  63.4606357203  62.5648998284  61.1102337234  58.8411769048  55.4472745741  50.5921852667  43.9720853401  35.404238905  24.9314849508  12.9062853085  
7.83640368544  15.1756073128  21.6268177388  26.9678224658  31.1494857008  34.257864743  36.4593306926  37.9493156873  38.9153237542  39.5162152072  39.8747721223  40.0788229752  40.186502663  40.2323744406  40.2323744406  40.186502663  40.0788229752  39.8747721223  39.5162152072  38.9153237542  37.9493156873  36.4593306926  34.257864743  31.1494857008  26.9678224658  21.6268177388  15.1756073128  7.83640368544  
4.62104914669  8.96535850105  12.810685759  16.023577968  18.5654463782  20.4756528083  21.8432750732  22.7785669089  23.3908642199  23.7751405108  24.0062843821  24.1387470428  24.2090463276  24.2391091668  24.2391091668  24.2090463276  24.1387470428  24.0062843821  23.7751405108  23.3908642199  22.7785669089  21.8432750732  20.4756528083  18.5654463782  16.023577968  12.810685759  8.96535850105  4.62104914669  
2.64344387232  5.1357228815  7.35355115607  9.21996248083  10.708934889  11.8379122447  12.6535385325  13.2162662437  13.5877591831  13.8227321096  13.9650772855  14.0471642528  14.0909527371  14.1097439896  14.1097439896  14.0909527371  14.0471642528  13.9650772855  13.8227321096  13.5877591831  13.2162662437  12.6535385325  11.8379122447  10.708934889  9.21996248083  7.35355115607  5.1357228815  2.64344387232  
1.46586544679  2.85097957109  4.08872668269  5.13630995253  5.97769833438  6.62035622783  7.08816195328  7.41334287012  7.62957241497  7.76727527919  7.85122099899  7.89990215481  7.92599084987  7.93722188055  7.93722188055  7.92599084987  7.89990215481  7.85122099899  7.76727527919  7.62957241497  7.41334287012  7.08816195328  6.62035622783  5.97769833438  5.13630995253  4.08872668269  2.85097957109  1.46586544679  
0.787657328467  1.53323079663  2.20170076716  2.77007533341  3.22909941159  3.58184282156  3.8402489004  4.02102264813  4.1419808802  4.21947183531  4.26697454696  4.29465967869  4.30955798152  4.31598987438  4.31598987438  4.30955798152  4.29465967869  4.26697454696  4.21947183531  4.1419808802  4.02102264813  3.8402489004  3.58184282156  3.22909941159  2.77007533341  2.20170076716  1.53323079663  0.787657328467  
0.410037118009  0.798713000741  1.14813202843  1.44634570587  1.68828291724  1.87514922743  2.0127771908  2.10958534635  2.1747117429  2.21665239848  2.24248874688  2.25761340846  2.26578270864  2.26931856977  2.26931856977  2.26578270864  2.25761340846  2.24248874688  2.21665239848  2.1747117429  2.10958534635  2.0127771908  1.87514922743  1.68828291724  1.44634570587  1.14813202843  0.798713000741  0.410037118009  
0.206798857246  0.403049072521  0.579866245667  0.731239194167  0.854511903671  0.950132115994  1.02087898601  1.07087667335  1.10466982863  1.12653169607  1.14005745294  1.14800673266  1.1523146156  1.15418343394  1.15418343394  1.1523146156  1.14800673266  1.14005745294  1.12653169607  1.10466982863  1.07087667335  1.02087898601  0.950132115994  0.854511903671  0.731239194167  0.579866245667  0.403049072521  0.206798857246  
0.101056280288  0.197048337818  0.283692657932  0.358059981773  0.418814733887  0.466111663216  0.501242089866  0.526169788018  0.543087012217  0.554075130255  0.560899397055  0.564924180833  0.567111744446  0.568062682185  0.568062682185  0.567111744446  0.564924180833  0.560899397055  0.554075130255  0.543087012217  0.526169788018  0.501242089866  0.466111663216  0.418814733887  0.358059981773  0.283692657932  0.197048337818  0.101056280288  
0.0478587101797  0.0933548302704  0.134483026019  0.169860025066  0.198839158657  0.221468674279  0.238333383736  0.250342102627  0.258520810528  0.263851735707  0.267173741883  0.269139080761  0.27021010383  0.270676531312  0.270676531312  0.27021010383  0.269139080761  0.267173741883  0.263851735707  0.258520810528  0.250342102627  0.238333383736  0.221468674279  0.198839158657  0.169860025066  0.134483026019  0.0933548302704  0.0478587101797  
0.0219717482525  0.042872641696  0.0617911442887  0.0780939788475  0.0914790351473  0.101958891207  0.10979159677  0.115385928597  0.119207859797  0.121706711841  0.123268542878  0.124195097301  0.124701215088  0.12492198821  0.12492198821  0.124701215088  0.124195097301  0.123268542878  0.121706711841  0.119207859797  0.115385928597  0.10979159677  0.101958891207  0.0914790351473  0.0780939788475  0.0617911442887  0.042872641696  0.0219717482525  
0.00978185251941  0.0190921665678  0.0275285988872  0.0348099622507  0.0407998641177  0.0455003273259  0.0490222663509  0.0515443912007  0.0532721406802  0.0544048500716  0.0551146875078  0.0555368331582  0.0557679075144  0.0558688513653  0.0558688513653  0.0557679075144  0.0555368331582  0.0551146875078  0.0544048500716  0.0532721406802  0.0515443912007  0.0490222663509  0.0455003273259  0.0407998641177  0.0348099622507  0.0275285988872  0.0190921665678  0.00978185251941  
0.00422469143291  0.00824764908141  0.0118963968813  0.0150497932235  0.0176482597127  0.0196913639727  0.0212255369053  0.0223267264907  0.0230828832304  0.0235798079155  0.0238919462969  0.0240779831785  0.0241800063417  0.0242246328241  0.0242246328241  0.0241800063417  0.0240779831785  0.0238919462969  0.0235798079155  0.0230828832304  0.0223267264907  0.0212255369053  0.0196913639727  0.0176482597127  0.0150497932235  0.0118963968813  0.00824764908141  0.00422469143291  
0.00177077627147  0.00345768660139  0.00498890642775  0.00631377511482  0.00740708689346  0.00826819473299  0.00891602798299  0.0093819674533  0.00970258716904  0.00991373599042  0.0100466425731  0.0101260099816  0.0101696077749  0.0101887003083  0.0101887003083  0.0101696077749  0.0101260099816  0.0100466425731  0.00991373599042  0.00970258716904  0.0093819674533  0.00891602798299  0.00826819473299  0.00740708689346  0.00631377511482  0.00498890642775  0.00345768660139  0.00177077627147  
0.000720631695905  0.00140737600007  0.0020311690063  0.00257143693497  0.00301784260847  0.00336996047977  0.00363530647826  0.00382648982257  0.00395828928845  0.00404525050965  0.00410008872808  0.00413289297377  0.00415093962934  0.00415885091008  0.00415885091008  0.00415093962934  0.00413289297377  0.00410008872808  0.00404525050965  0.00395828928845  0.00382648982257  0.00363530647826  0.00336996047977  0.00301784260847  0.00257143693497  0.0020311690063  0.00140737600007  0.000720631695905  
0.000284859774417  0.000556407235823  0.000803210748904  0.00101715307853  0.00119412154946  0.00133389278466  0.00143937335206  0.00151549153451  0.00156805217362  0.00160278922649  0.00162473045695  0.00163787592918  0.00164511724352  0.00164829462959  0.00164829462959  0.00164511724352  0.00163787592918  0.00162473045695  0.00160278922649  0.00156805217362  0.00151549153451  0.00143937335206  0.00133389278466  0.00119412154946  0.00101715307853  0.000803210748904  0.000556407235823  0.000284859774417  
0.00010941098921  0.000213736642746  0.000308605376019  0.0003909048086  0.000459046694309  0.000512926940215  0.000553640363564  0.000583060932791  0.000603405534141  0.000616870941781  0.000625388559711  0.000630498644233  0.000633316904749  0.000634554539791  0.000634554539791  0.000633316904749  0.000630498644233  0.000625388559711  0.000616870941781  0.000603405534141  0.000583060932791  0.000553640363564  0.000512926940215  0.000459046694309  0.0003909048086  0.000308605376019  0.000213736642746  0.00010941098921  
4.08074641456e-05  7.97272262465e-05  0.00011513503516  0.000145871841734  0.000171342539396  0.000191502409894  0.000206752792811  0.000217786439597  0.000225425999491  0.000230488927631  0.000233695626435  0.000235621797909  0.000236685210849  0.00023715254968  0.00023715254968  0.000236685210849  0.000235621797909  0.000233695626435  0.000230488927631  0.000225425999491  0.000217786439597  0.000206752792811  0.000191502409894  0.000171342539396  0.000145871841734  0.00011513503516  7.97272262465e-05  4.08074641456e-05  
1.46496728985e-05  2.86244188237e-05  4.13430517212e-05  5.2390039146e-05  6.15509222036e-05  6.88078560811e-05  7.43027790052e-05  7.82824798304e-05  8.1040983906e-05  8.28711568884e-05  8.40316158336e-05  8.47294009137e-05  8.51149867957e-05  8.52845479949e-05  8.52845479949e-05  8.51149867957e-05  8.47294009137e-05  8.40316158336e-05  8.28711568884e-05  8.1040983906e-05  7.82824798304e-05  7.43027790052e-05  6.88078560811e-05  6.15509222036e-05  5.2390039146e-05  4.13430517212e-05  2.86244188237e-05  1.46496728985e-05  
4.64329657611e-06  9.07332648443e-06  1.31063364628e-05  1.66107572119e-05  1.95184224335e-05  2.18232508078e-05  2.35697197298e-05  2.4835593579e-05  2.57137513635e-05  2.62968725765e-05  2.66669236601e-05  2.68896128829e-05  2.70127522129e-05  2.70669287707e-05  2.70669287707e-05  2.70127522129e-05  2.68896128829e-05  2.66669236601e-05  2.62968725765e-05  2.57137513635e-05  2.4835593579e-05  2.35697197298e-05  2.18232508078e-05  1.95184224335e-05  1.66107572119e-05  1.31063364628e-05  9.07332648443e-06  4.64329657611e-06  
