1000.0  1000.0  1000.0  1000.0  1000.0  1000.0  1000.0  1000.0  1000.0  1000.0  1000.0  1000.0  1000.0  1000.0  1000.0  1000.0  1000.0  1000.0  1000.0  1000.0  1000.0  1000.0  1000.0  1000.0  1000.0  1000.0  1000.0  1000.0  
283.523187559  462.634153078  567.926226929  629.96065458  667.20558306  689.970905853  704.049689321  712.79830966  718.226529525  721.569633137  723.598615225  724.795365034  725.455039928  725.746521075  725.746521075  725.455039928  724.795365034  723.598615225  721.569633137  718.226529525  712.79830966  704.049689321  689.970905853  667.20558306  629.96065458  567.926226929  462.634153078  283.523187559  
182.200686245  322.739500378  420.020699922  484.452517822  526.381297869  553.453481825  570.836013421  581.923422203  588.93166861  593.30639812  595.987943776  597.581143019  598.463846822  598.85508129  598.85508129  598.463846822  597.581143019  595.987943776  593.30639812  588.93166861  581.923422203  570.836013421  553.453481825  526.381297869  484.452517822  420.020699922  322.739500378  182.200686245  
124.083692605  229.143089932  309.413104376  367.180189405  407.282495466  434.469449091  452.572460628  464.437268495  472.091494987  476.943909924  479.953452709  481.75741249  482.76321929  483.210739704  483.210739704  482.76321929  481.75741249  479.953452709  476.943909924  472.091494987  464.437268495  452.572460628  434.469449091  407.282495466  367.180189405  309.413104376  229.143089932  124.083692605  
86.8384493723  163.975144163  226.632537597  274.433697736  309.319796146  333.956788125  350.905424255  362.303358394  369.807033145  374.640586452  377.676228058  379.513467806  380.545029164  381.005998152  381.005998152  380.545029164  379.513467806  377.676228058  374.640586452  369.807033145  362.303358394  350.905424255  333.956788125  309.319796146  274.433697736  226.632537597  163.975144163  86.8384493723  
61.3051884336  117.246201472  164.50136615  202.06777127  230.551148938  251.346837736  266.059797035  276.186706035  282.981795419  287.427339282  290.254450411  291.982408581  292.959680721  293.398371851  293.398371851  292.959680721  291.982408581  290.254450411  287.427339282  282.981795419  276.186706035  266.059797035  251.346837736  230.551148938  202.06777127  164.50136615  117.246201472  61.3051884336  
43.1727378763  83.2148174283  117.928187802  146.348375391  168.532511077  185.167945649  197.218689787  205.683736107  211.462727225  215.298732795  217.767633037  219.291232268  220.159148869  220.550519493  220.550519493  220.159148869  219.291232268  217.767633037  215.298732795  211.462727225  205.683736107  197.218689787  185.167945649  168.532511077  146.348375391  117.928187802  83.2148174283  43.1727378763  
30.1169220528  58.3452670944  83.2561294343  104.091774178  120.721349382  133.46119648  142.873138397  149.601533827  154.265977106  157.403367451  159.445315977  160.71698229  161.446409779  161.776777066  161.776777066  161.446409779  160.71698229  159.445315977  157.403367451  154.265977106  149.601533827  142.873138397  133.46119648  120.721349382  104.091774178  83.2561294343  58.3452670944  30.1169220528  
20.7168360705  40.2740735707  57.7518547632  72.6038082872  84.6628490705  94.0609659126  101.118096262  106.239191592  109.83746198  112.286593883  113.896963145  114.908386616  115.492317994  115.757887899  115.757887899  115.492317994  114.908386616  113.896963145  112.286593883  109.83746198  106.239191592  101.118096262  94.0609659126  84.6628490705  72.6038082872  57.7518547632  40.2740735707  20.7168360705  
14.0092858393  27.3018518845  39.2909787707  49.6014481554  58.0859166047  64.7900883232  69.8926622113  73.6428210027  76.3088283004  78.1426174228  79.3595548804  80.1298252718  80.5772076306  80.7814625183  80.7814625183  80.5772076306  80.1298252718  79.3595548804  78.1426174228  76.3088283004  73.6428210027  69.8926622113  64.7900883232  58.0859166047  49.6014481554  39.2909787707  27.3018518845  14.0092858393  
9.2932146309  18.1440284435  26.1822903039  33.1589417425  38.9610518831  43.5972375923  47.1655726444  49.8166043368  51.7204236072  53.0421498307  53.9265420097  54.4902706756  54.819492104  54.9703341195  54.9703341195  54.819492104  54.4902706756  53.9265420097  53.0421498307  51.7204236072  49.8166043368  47.1655726444  43.5972375923  38.9610518831  33.1589417425  26.1822903039  18.1440284435  9.2932146309  
6.03841677189  11.8056755141  17.0713144686  21.6745220956  25.5352489137  28.6484408027  31.0670175867  32.8804067891  34.1941297854  35.1136378507  35.7334330732  36.13100589  36.3643484096  36.471606788  36.471606788  36.3643484096  36.13100589  35.7334330732  35.1136378507  34.1941297854  32.8804067891  31.0670175867  28.6484408027  25.5352489137  21.6745220956  17.0713144686  11.8056755141  6.03841677189  
3.83905870067  7.5137709623  10.8828247388  13.8449301217  16.3462835998  18.3785060187  19.9696691038  21.1720291498  22.0497024778  22.66840612  23.088167861  23.3589540149  23.518596822  23.5921931943  23.5921931943  23.518596822  23.3589540149  23.088167861  22.66840612  22.0497024778  21.1720291498  19.9696691038  18.3785060187  16.3462835998  13.8449301217  10.8828247388  7.5137709623  3.83905870067  
2.38639399696  4.67459016873  6.77940657621  8.63852989192  10.2172552842  11.5078967657  12.5250855621  13.2988596913  13.8673918847  14.2706820519  14.5458764585  14.7243006313  14.8299149956  14.8787323117  14.8787323117  14.8299149956  14.7243006313  14.5458764585  14.2706820519  13.8673918847  13.2988596913  12.5250855621  11.5078967657  10.2172552842  8.63852989192  6.77940657621  4.67459016873  2.38639399696  
1.4495877172  2.84146334461  4.12522118726  5.26340120062  6.23438156646  7.03231823847  7.66469872513  8.14850287247  8.50600147817  8.76098579232  8.93586866213  9.04976564384  9.11742767877  9.14877665492  9.14877665492  9.11742767877  9.04976564384  8.93586866213  8.76098579232  8.50600147817  8.14850287247  7.66469872513  7.03231823847  6.23438156646  5.26340120062  4.12522118726  2.84146334461  1.4495877172  
0.860150843012  1.68699520514  2.4512858273  3.13101440127  3.71312136802  4.19358764704  4.57617231777  4.870309987  5.08873202143  5.24527008787  5.35311741895  5.42363710567  5.46566532712  5.48517906164  5.48517906164  5.46566532712  5.42363710567  5.35311741895  5.24527008787  5.08873202143  4.870309987  4.57617231777  4.19358764704  3.71312136802  3.13101440127  2.4512858273  1.68699520514  0.860150843012  
0.498461499566  0.97807132744  1.42220349723  1.8182213378  2.15846035857  2.44033583801  2.66569765115  2.83969587775  2.9694605073  3.06285281042  3.12745256057  3.16984384291  3.1951808909  3.20696726783  3.20696726783  3.1951808909  3.16984384291  3.12745256057  3.06285281042  2.9694605073  2.83969587775  2.66569765115  2.44033583801  2.15846035857  1.8182213378  1.42220349723  0.97807132744  0.498461499566  
0.282070980738  0.553686720896  0.805593787608  1.03070156892  1.22463291856  1.38580811808  1.51511872545  1.61532517394  1.69033840063  1.74452659063  1.78214124909  1.80690281008  1.82174073514  1.82865484157  1.82865484157  1.82174073514  1.80690281008  1.78214124909  1.74452659063  1.69033840063  1.61532517394  1.51511872545  1.38580811808  1.22463291856  1.03070156892  0.805593787608  0.553686720896  0.282070980738  
0.155859183855  0.306040399672  0.445503725322  0.570361231076  0.678178004982  0.76802826137  0.840332472571  0.896542758539  0.938759781005  0.969356624198  0.990661979585  1.00472682512  1.01317430771  1.01711662484  1.01711662484  1.01317430771  1.00472682512  0.990661979585  0.969356624198  0.938759781005  0.896542758539  0.840332472571  0.76802826137  0.678178004982  0.570361231076  0.445503725322  0.306040399672  0.155859183855  
0.0840927265092  0.165167439066  0.240538770494  0.308123544577  0.366601468542  0.415449460534  0.454861404958  0.485586682246  0.508729958978  0.525551722915  0.537297773947  0.545071532419  0.549750126011  0.551936538545  0.551936538545  0.549750126011  0.545071532419  0.537297773947  0.525551722915  0.508729958978  0.485586682246  0.454861404958  0.415449460534  0.366601468542  0.308123544577  0.240538770494  0.165167439066  0.0840927265092  
0.0443060606454  0.0870425618234  0.12681009374  0.162517945098  0.193467901991  0.219374009869  0.240323605737  0.256695932007  0.269059629963  0.27806931968  0.284376070373  0.288559390118  0.291081731867  0.292261922048  0.292261922048  0.291081731867  0.288559390118  0.284376070373  0.27806931968  0.269059629963  0.256695932007  0.240323605737  0.219374009869  0.193467901991  0.162517945098  0.12681009374  0.0870425618234  0.0443060606454  
0.0227976129943  0.0447967342103  0.0652842014085  0.0837019472326  0.0996897020817  0.113095847793  0.12395878336  0.132466662781  0.138905987412  0.143609173349  0.146908665183  0.149101650106  0.150426096295  0.151046478301  0.151046478301  0.150426096295  0.149101650106  0.146908665183  0.143609173349  0.138905987412  0.132466662781  0.12395878336  0.113095847793  0.0996897020817  0.0837019472326  0.0652842014085  0.0447967342103  0.0227976129943  
0.0114574006634  0.0225174825035  0.03282486062  0.0421004866755  0.0501629174412  0.0569340464081  0.062430335877  0.0667432771945  0.0700141423428  0.0724079884311  0.0740906929471  0.0752111069149  0.0758887788176  0.0762065193834  0.0762065193834  0.0758887788176  0.0752111069149  0.0740906929471  0.0724079884311  0.0700141423428  0.0667432771945  0.062430335877  0.0569340464081  0.0501629174412  0.0421004866755  0.03282486062  0.0225174825035  0.0114574006634  
0.00562431483327  0.0110552936383  0.0161197854212  0.0206814321031  0.0246510225372  0.0279894165111  0.0307034883892  0.0328368287066  0.03445760275  0.0356459470382  0.036482743936  0.0370408178406  0.0373788121051  0.0375374282608  0.0375374282608  0.0373788121051  0.0370408178406  0.036482743936  0.0356459470382  0.03445760275  0.0328368287066  0.0307034883892  0.0279894165111  0.0246510225372  0.0206814321031  0.0161197854212  0.0110552936383  0.00562431483327  
0.00269544199686  0.00529894142467  0.00772806439678  0.00991772860347  0.0118251278408  0.0134311766484  0.0147386671137  0.0157679339448  0.0165511418819  0.0171263132107  0.0175319704165  0.0178029010565  0.0179671839951  0.0180443410671  0.0180443410671  0.0179671839951  0.0178029010565  0.0175319704165  0.0171263132107  0.0165511418819  0.0157679339448  0.0147386671137  0.0134311766484  0.0118251278408  0.00991772860347  0.00772806439678  0.00529894142467  0.00269544199686  
0.00125691098592  0.00247123663286  0.00360475976774  0.00462724184997  0.00551870365578  0.00627011543724  0.00688257714791  0.00736534549098  0.00773321307254  0.00800375135794  0.00819482237699  0.00832259815746  0.00840015862623  0.0084366113139  0.0084366113139  0.00840015862623  0.00832259815746  0.00819482237699  0.00800375135794  0.00773321307254  0.00736534549098  0.00688257714791  0.00627011543724  0.00551870365578  0.00462724184997  0.00360475976774  0.00247123663286  0.00125691098592  
0.000559412338823  0.00109997784776  0.00160476975975  0.00206037109105  0.00245788377561  0.00279324163831  0.00306685991144  0.00328277486743  0.00344749326256  0.00356877578148  0.00365453347955  0.00371194442385  0.0037468241231  0.00376322700324  0.00376322700324  0.0037468241231  0.00371194442385  0.00365453347955  0.00356877578148  0.00344749326256  0.00328277486743  0.00306685991144  0.00279324163831  0.00245788377561  0.00206037109105  0.00160476975975  0.00109997784776  0.000559412338823  
0.00021102861366  0.000414976063716  0.000605479114561  0.000777487579652  0.000927643391199  0.00105440015848  0.00115789473426  0.00123962735793  0.00130203187721  0.00134801966652  0.00138056442011  0.00140236846543  0.00141562381967  0.0014218600692  0.0014218600692  0.00141562381967  0.00140236846543  0.00138056442011  0.00134801966652  0.00130203187721  0.00123962735793  0.00115789473426  0.00105440015848  0.000927643391199  0.000777487579652  0.000605479114561  0.000414976063716  0.00021102861366  
