1000.0  1000.0  1000.0  1000.0  1000.0  1000.0  1000.0  1000.0  1000.0  1000.0  1000.0  1000.0  1000.0  1000.0  1000.0  1000.0  1000.0  1000.0  1000.0  1000.0  1000.0  1000.0  1000.0  1000.0  1000.0  1000.0  1000.0  1000.0  
246.323327104  390.531173592  465.051231678  501.519773682  518.667728886  526.412214618  529.758718698  531.137168192  531.6769721  531.877630707  531.94838845  531.972050188  531.979521755  531.981612119  531.981612119  531.979521755  531.972050188  531.94838845  531.877630707  531.6769721  531.137168192  529.758718698  526.412214618  518.667728886  501.519773682  465.051231678  390.531173592  246.323327104  
134.684707392  230.597913154  288.459602834  320.048030126  336.063912028  343.682618775  347.096107908  348.5387203  349.114248593  349.331143783  349.408421196  349.43446809  349.442742859  349.445067991  349.445067991  349.442742859  349.43446809  349.408421196  349.331143783  349.114248593  348.5387203  347.096107908  343.682618775  336.063912028  320.048030126  288.459602834  230.597913154  134.684707392  
73.2206475537  130.447301844  168.353369335  190.686891436  202.692516333  208.660269267  211.423583761  212.620725523  213.107399238  213.29347866  213.360525  213.383323165  213.390615938  213.392675386  213.392675386  213.390615938  213.383323165  213.360525  213.29347866  213.107399238  212.620725523  211.423583761  208.660269267  202.692516333  190.686891436  168.353369335  130.447301844  73.2206475537  
38.4801177659  70.0640273888  92.2444675397  106.027732537  113.773125575  117.762732831  119.662821235  120.504438001  120.852612958  120.987593608  121.036768082  121.053637556  121.059071943  121.060614522  121.060614522  121.059071943  121.053637556  121.036768082  120.987593608  120.852612958  120.504438001  119.662821235  117.762732831  113.773125575  106.027732537  92.2444675397  70.0640273888  38.4801177659  
19.2536066078  35.5059307697  47.3602732843  55.0093981889  59.4540846562  61.8092522755  62.9574437839  63.4758137727  63.6936139023  63.7791216536  63.8105939703  63.8214813058  63.825012356  63.826019683  63.826019683  63.825012356  63.8214813058  63.8105939703  63.7791216536  63.6936139023  63.4758137727  62.9574437839  61.8092522755  59.4540846562  55.0093981889  47.3602732843  35.5059307697  19.2536066078  
9.10068574655  16.9162463319  22.7637523546  26.6403816628  28.9508382634  30.2028232428  30.8249867129  31.1104301219  31.2319827135  31.2802381893  31.2981638519  31.304412422  31.3064516702  31.3070361303  31.3070361303  31.3064516702  31.304412422  31.2981638519  31.2802381893  31.2319827135  31.1104301219  30.8249867129  30.2028232428  28.9508382634  26.6403816628  22.7637523546  16.9162463319  9.10068574655  
4.04904189602  7.56558790488  10.243488435  12.0543049876  13.1546536023  13.7615604912  14.067897576  14.2103438727  14.2717004733  14.2962949376  14.3055056018  14.3087381616  14.3097990495  14.3101043867  14.3101043867  14.3097990495  14.3087381616  14.3055056018  14.2962949376  14.2717004733  14.2103438727  14.067897576  13.7615604912  13.1546536023  12.0543049876  10.243488435  7.56558790488  4.04904189602  
1.69359525131  3.17580550815  4.31887095047  5.10330383951  5.58714293118  5.85778809397  5.99614112949  6.06119719594  6.08949119646  6.10092697421  6.10523995368  6.10676266311  6.10726487477  6.107409957  6.107409957  6.10726487477  6.10676266311  6.10523995368  6.10092697421  6.08949119646  6.06119719594  5.99614112949  5.85778809397  5.58714293118  5.10330383951  4.31887095047  3.17580550815  1.69359525131  
0.666049058546  1.25215755225  1.70836729812  2.02496165125  2.22252506857  2.33428394415  2.39200846969  2.41940382027  2.43141570566  2.43630493899  2.43816008739  2.43881843282  2.43903650008  2.43909970169  2.43909970169  2.43903650008  2.43881843282  2.43816008739  2.43630493899  2.43141570566  2.41940382027  2.39200846969  2.33428394415  2.22252506857  2.02496165125  1.70836729812  1.25215755225  0.666049058546  
0.246518127267  0.464319114809  0.635032880029  0.754526008727  0.829779833347  0.872735399206  0.895110448588  0.905811030692  0.91053489536  0.912469150137  0.913206866119  0.913469819764  0.913557241615  0.913582649617  0.913582649617  0.913557241615  0.913469819764  0.913206866119  0.912469150137  0.91053489536  0.905811030692  0.895110448588  0.872735399206  0.829779833347  0.754526008727  0.635032880029  0.464319114809  0.246518127267  
0.0859890320719  0.162190213884  0.2222360289  0.264548794346  0.291391161916  0.306824958835  0.314919984954  0.318815960876  0.320545683618  0.321257503676  0.321530174909  0.321627731123  0.321660266737  0.32166974523  0.32166974523  0.321660266737  0.321627731123  0.321530174909  0.321257503676  0.320545683618  0.318815960876  0.314919984954  0.306824958835  0.291391161916  0.264548794346  0.2222360289  0.162190213884  0.0859890320719  
0.0283141145321  0.0534633440726  0.073362876721  0.087460020925  0.0964552823398  0.101657997404  0.104402331803  0.105730078368  0.10632236886  0.106567136051  0.10666124135  0.10669501652  0.106706310504  0.106709607284  0.106709607284  0.106706310504  0.10669501652  0.10666124135  0.106567136051  0.10632236886  0.105730078368  0.104402331803  0.101657997404  0.0964552823398  0.087460020925  0.073362876721  0.0534633440726  0.0283141145321  
0.00881648903844  0.0166615996926  0.0228893595595  0.0273198500789  0.0301602260419  0.0318109711448  0.0326857711988  0.0331108532407  0.0333012256795  0.0333801741695  0.033410620361  0.033421576464  0.033425248072  0.0334263215928  0.0334263215928  0.033425248072  0.033421576464  0.033410620361  0.0333801741695  0.0333012256795  0.0331108532407  0.0326857711988  0.0318109711448  0.0301602260419  0.0273198500789  0.0228893595595  0.0166615996926  0.00881648903844  
0.00260079516634  0.00491833027476  0.00676285184341  0.00807951113987  0.00892683676158  0.00942121433698  0.00968420999974  0.00981246351426  0.00987008941096  0.00989405664184  0.00990332292697  0.00990666462511  0.00990778649919  0.00990811495265  0.00990811495265  0.00990778649919  0.00990666462511  0.00990332292697  0.00989405664184  0.00987008941096  0.00981246351426  0.00968420999974  0.00942121433698  0.00892683676158  0.00807951113987  0.00676285184341  0.00491833027476  0.00260079516634  
0.000728141217432  0.00137771272022  0.00189577879823  0.0022665963843  0.00250597189558  0.00264608554915  0.00272085656847  0.00275742739583  0.00277390332089  0.00278077219722  0.00278343336382  0.00278439474315  0.00278471795984  0.00278481268763  0.00278481268763  0.00278471795984  0.00278439474315  0.00278343336382  0.00278077219722  0.00277390332089  0.00275742739583  0.00272085656847  0.00264608554915  0.00250597189558  0.0022665963843  0.00189577879823  0.00137771272022  0.000728141217432  
0.000193815261418  0.000366873791454  0.000505127337662  0.000604304268134  0.000668487505603  0.000706154312232  0.000726306709759  0.000736187151696  0.000740648274535  0.000742511742036  0.000743234898349  0.000743496511687  0.000743584564574  0.000743610391478  0.000743610391478  0.000743584564574  0.000743496511687  0.000743234898349  0.000742511742036  0.000740648274535  0.000736187151696  0.000726306709759  0.000706154312232  0.000668487505603  0.000604304268134  0.000505127337662  0.000366873791454  0.000193815261418  
4.91316952453e-05  9.30336165398e-05  0.000128153405447  0.000153391876861  0.000169758557577  0.000179384039836  0.000184544610574  0.000187079729354  0.000188226391894  0.000188706111002  0.000188892520794  0.000188960030101  0.000188982771123  0.000188989445128  0.000188989445128  0.000188982771123  0.000188960030101  0.000188892520794  0.000188706111002  0.000188226391894  0.000187079729354  0.000184544610574  0.000179384039836  0.000169758557577  0.000153391876861  0.000128153405447  9.30336165398e-05  4.91316952453e-05  
1.18807968114e-05  2.25031911657e-05  3.10099253202e-05  3.71320467001e-05  4.11086933485e-05  4.34514484578e-05  4.47096034408e-05  4.5328641649e-05  4.56090341622e-05  4.57264821343e-05  4.57721661986e-05  4.57887240943e-05  4.57943050086e-05  4.57959434942e-05  4.57959434942e-05  4.57943050086e-05  4.57887240943e-05  4.57721661986e-05  4.57264821343e-05  4.56090341622e-05  4.5328641649e-05  4.47096034408e-05  4.34514484578e-05  4.11086933485e-05  3.71320467001e-05  3.10099253202e-05  2.25031911657e-05  1.18807968114e-05  
2.74483279306e-06  5.2000942037e-06  7.16806138204e-06  8.58601524412e-06  9.50827623151e-06  1.00523566299e-05  1.03449425323e-05  1.04890794377e-05  1.05544375039e-05  1.05818392716e-05  1.05925056646e-05  1.0596373746e-05  1.05976779717e-05  1.05980609487e-05  1.05980609487e-05  1.05976779717e-05  1.0596373746e-05  1.05925056646e-05  1.05818392716e-05  1.05544375039e-05  1.04890794377e-05  1.03449425323e-05  1.00523566299e-05  9.50827623151e-06  8.58601524412e-06  7.16806138204e-06  5.2000942037e-06  2.74483279306e-06  
6.06759101503e-07  1.14971176025e-06  1.58520896226e-06  1.89928336582e-06  2.10377833364e-06  2.22455003974e-06  2.28956468628e-06  2.32162347139e-06  2.33617227626e-06  2.34227600625e-06  2.34465312139e-06  2.34551544447e-06  2.34580624653e-06  2.34589164103e-06  2.34589164103e-06  2.34580624653e-06  2.34551544447e-06  2.34465312139e-06  2.34227600625e-06  2.33617227626e-06  2.32162347139e-06  2.28956468628e-06  2.22455003974e-06  2.10377833364e-06  1.89928336582e-06  1.58520896226e-06  1.14971176025e-06  6.06759101503e-07  
1.28516149686e-07  2.43551936714e-07  3.35871953549e-07  4.0250044993e-07  4.45918288191e-07  4.71581824451e-07  4.85408206485e-07  4.9223081645e-07  4.95328829708e-07  4.96629123898e-07  4.97135671676e-07  4.9731945097e-07  4.97381425994e-07  4.97399622941e-07  4.97399622941e-07  4.97381425994e-07  4.9731945097e-07  4.97135671676e-07  4.96629123898e-07  4.95328829708e-07  4.9223081645e-07  4.85408206485e-07  4.71581824451e-07  4.45918288191e-07  4.0250044993e-07  3.35871953549e-07  2.43551936714e-07  1.28516149686e-07  
2.61167556056e-08  4.94994930013e-08  6.82729383201e-08  8.18295821684e-08  9.06691878717e-08  9.58974144234e-08  9.87157814933e-08  1.00107180126e-07  1.00739221706e-07  1.01004564652e-07  1.01107942726e-07  1.01145447334e-07  1.0115809259e-07  1.01161804538e-07  1.01161804538e-07  1.0115809259e-07  1.01145447334e-07  1.01107942726e-07  1.01004564652e-07  1.00739221706e-07  1.00107180126e-07  9.87157814933e-08  9.58974144234e-08  9.06691878717e-08  8.18295821684e-08  6.82729383201e-08  4.94994930013e-08  2.61167556056e-08  
5.09858168528e-09  9.66422548773e-09  1.3331054371e-08  1.59800461051e-08  1.77081117555e-08  1.87306389519e-08  1.9282063917e-08  1.95543779138e-08  1.96780993708e-08  1.97300431386e-08  1.97502790826e-08  1.97576190009e-08  1.97600929696e-08  1.97608189238e-08  1.97608189238e-08  1.97600929696e-08  1.97576190009e-08  1.97502790826e-08  1.97300431386e-08  1.96780993708e-08  1.95543779138e-08  1.9282063917e-08  1.87306389519e-08  1.77081117555e-08  1.59800461051e-08  1.3331054371e-08  9.66422548773e-09  5.09858168528e-09  
9.57342591118e-10  1.8147273027e-09  2.50348288388e-09  3.00120069284e-09  3.32598723037e-09  3.51822381364e-09  3.62191540672e-09  3.6731288437e-09  3.69639736366e-09  3.7061655762e-09  3.70997017544e-09  3.71134969105e-09  3.71181445532e-09  3.71195076974e-09  3.71195076974e-09  3.71181445532e-09  3.71134969105e-09  3.70997017544e-09  3.7061655762e-09  3.69639736366e-09  3.6731288437e-09  3.62191540672e-09  3.51822381364e-09  3.32598723037e-09  3.00120069284e-09  2.50348288388e-09  1.8147273027e-09  9.57342591118e-10  
1.73084540504e-10  3.28110497916e-10  4.526653731e-10  5.42689792938e-10  6.01446148011e-10  6.36228197938e-10  6.54990876638e-10  6.64257632324e-10  6.68467408205e-10  6.70234267216e-10  6.70922191782e-10  6.7117150935e-10  6.71255457403e-10  6.71280065108e-10  6.71280065108e-10  6.71255457403e-10  6.7117150935e-10  6.70922191782e-10  6.70234267216e-10  6.68467408205e-10  6.64257632324e-10  6.54990876638e-10  6.36228197938e-10  6.01446148011e-10  5.42689792938e-10  4.526653731e-10  3.28110497916e-10  1.73084540504e-10  
3.01457414179e-11  5.7147644178e-11  7.88440691989e-11  9.45270565919e-11  1.04763626372e-10  1.10823499159e-10  1.14092230172e-10  1.15706394471e-10  1.16439504779e-10  1.16747082147e-10  1.16866779959e-10  1.16910135351e-10  1.16924723713e-10  1.16928997181e-10  1.16928997181e-10  1.16924723713e-10  1.16910135351e-10  1.16866779959e-10  1.16747082147e-10  1.16439504779e-10  1.15706394471e-10  1.14092230172e-10  1.10823499159e-10  1.04763626372e-10  9.45270565919e-11  7.88440691989e-11  5.7147644178e-11  3.01457414179e-11  
4.94333708146e-12  9.37123606305e-12  1.29292220075e-11  1.55011101429e-11  1.71797947489e-11  1.81734688837e-11  1.87093790809e-11  1.89739570721e-11  1.90940798931e-11  1.91444549926e-11  1.91640482991e-11  1.91711404952e-11  1.91735251506e-11  1.91742232136e-11  1.91742232136e-11  1.91735251506e-11  1.91711404952e-11  1.91640482991e-11  1.91444549926e-11  1.90940798931e-11  1.89739570721e-11  1.87093790809e-11  1.81734688837e-11  1.71797947489e-11  1.55011101429e-11  1.29292220075e-11  9.37123606305e-12  4.94333708146e-12  
