1000.0  1000.0  1000.0  1000.0  1000.0  1000.0  1000.0  1000.0  1000.0  1000.0  1000.0  1000.0  1000.0  1000.0  1000.0  1000.0  1000.0  1000.0  1000.0  1000.0  1000.0  1000.0  1000.0  1000.0  1000.0  1000.0  1000.0  1000.0  
279.048630512  453.836761117  555.093975217  613.489475848  647.562900891  667.656598603  679.559849211  686.595944802  690.721589085  693.108912261  694.464626351  695.212374074  695.600184951  695.764121304  695.764121304  695.600184951  695.212374074  694.464626351  693.108912261  690.721589085  686.595944802  679.559849211  667.656598603  647.562900891  613.489475848  555.093975217  453.836761117  279.048630512  
176.047485281  310.641681984  402.37417048  461.801616429  499.368673255  522.766434334  537.156674663  545.888473878  551.104873696  554.164711847  555.919951383  556.895349953  557.403960063  557.619680821  557.619680821  557.403960063  556.895349953  555.919951383  554.164711847  551.104873696  545.888473878  537.156674663  522.766434334  499.368673255  461.801616429  402.37417048  310.641681984  176.047485281  
116.817799105  214.857509954  288.575165972  340.432452667  375.383605569  398.230812396  412.799442369  421.881640718  427.418999919  430.717848258  432.63282216  433.706679866  434.270351046  434.510421401  434.510421401  434.270351046  433.706679866  432.63282216  430.717848258  427.418999919  421.881640718  412.799442369  398.230812396  375.383605569  340.432452667  288.575165972  214.857509954  116.817799105  
79.0666468018  148.694758837  204.343202883  245.822422586  275.197754575  295.191637138  308.358444389  316.778608821  322.01665574  325.187236125  327.05105885  328.106561718  328.664662809  328.903466307  328.903466307  328.664662809  328.106561718  327.05105885  325.187236125  322.01665574  316.778608821  308.358444389  295.191637138  275.197754575  245.822422586  204.343202883  148.694758837  79.0666468018  
53.5925047144  102.081894604  142.3809868  173.672750968  196.686136422  212.872593165  223.830855527  231.000941391  235.545987136  238.339718164  240.002672397  240.953875721  241.460637936  241.678526403  241.678526403  241.460637936  240.953875721  240.002672397  238.339718164  235.545987136  231.000941391  223.830855527  212.872593165  196.686136422  173.672750968  142.3809868  102.081894604  53.5925047144  
35.978882358  69.0704336203  97.295181981  119.861954591  136.942807105  149.277490778  157.82432273  163.529582496  167.208081858  169.501759257  170.883443622  171.681483421  172.109827763  172.294890659  172.294890659  172.109827763  171.681483421  170.883443622  169.501759257  167.208081858  163.529582496  157.82432273  149.277490778  136.942807105  119.861954591  97.295181981  69.0704336203  35.978882358  
23.7604477211  45.8471478561  65.0241920269  80.6868966008  92.8059531749  101.744068493  108.058148714  112.346113644  115.152738487  116.925679982  118.00557963  118.635074317  118.975375034  119.123086698  119.123086698  118.975375034  118.635074317  118.00557963  116.925679982  115.152738487  112.346113644  108.058148714  101.744068493  92.8059531749  80.6868966008  65.0241920269  45.8471478561  23.7604477211  
15.3681313344  29.7572695755  42.4098250464  52.9081398837  61.1705700944  67.3681797674  71.816876891  74.8826672572  76.9159334725  78.2153786452  79.0149130689  79.4849658752  79.7407813478  79.8523115507  79.8523115507  79.7407813478  79.4849658752  79.0149130689  78.2153786452  76.9159334725  74.8826672572  71.816876891  67.3681797674  61.1705700944  52.9081398837  42.4098250464  29.7572695755  15.3681313344  
9.70716356304  18.842727421  26.9503726679  33.758344397  39.1880188383  43.3165837347  46.319592862  48.4150200441  49.8207102413  50.7283836768  51.2919758951  51.6259068582  51.8087689237  51.8888201912  51.8888201912  51.8087689237  51.6259068582  51.2919758951  50.7283836768  49.8207102413  48.4150200441  46.319592862  43.3165837347  39.1880188383  33.758344397  26.9503726679  18.842727421  9.70716356304  
5.97623804512  11.6218410595  16.6670997309  20.9426724224  24.3886091173  27.0378463536  28.9861137249  30.3599940592  31.2908021878  31.8973153528  32.2769898008  32.5035397207  32.6283024451  32.6831255432  32.6831255432  32.6283024451  32.5035397207  32.2769898008  31.8973153528  31.2908021878  30.3599940592  28.9861137249  27.0378463536  24.3886091173  20.9426724224  16.6670997309  11.6218410595  5.97623804512  
3.58148170535  6.97449343832  10.0228936757  12.6248747755  14.739628866  16.380152242  17.5976929696  18.4640060663  19.0559685957  19.4447717195  19.6899285532  19.8371421065  19.9186299042  19.9545601054  19.9545601054  19.9186299042  19.8371421065  19.6899285532  19.4447717195  19.0559685957  18.4640060663  17.5976929696  16.380152242  14.739628866  12.6248747755  10.0228936757  6.97449343832  3.58148170535  
2.08748019431  4.06948804742  5.85763535928  7.3926635569  8.64874332324  9.63039168366  10.3645378489  10.8908989516  11.2532297627  11.492873395  11.644950893  11.7367905847  11.7878621729  11.8104510003  11.8104510003  11.7878621729  11.7367905847  11.644950893  11.492873395  11.2532297627  10.8908989516  10.3645378489  9.63039168366  8.64874332324  7.3926635569  5.85763535928  4.06948804742  2.08748019431  
1.1826818229  2.30757015704  3.32580943186  4.20394665353  4.92650011046  5.49466656517  5.92232805308  6.23094909146  6.4447529129  6.58702614954  6.67782599294  6.73293805045  6.76371282669  6.77736253906  6.77736253906  6.76371282669  6.73293805045  6.67782599294  6.58702614954  6.4447529129  6.23094909146  5.92232805308  5.49466656517  4.92650011046  4.20394665353  3.32580943186  2.30757015704  1.1826818229  
0.651118039788  1.27128743262  1.83416863355  2.32142883891  2.72419685361  3.04253508996  3.28345922182  3.45829243136  3.58008251116  3.66155990062  3.7138206233  3.74568406076  3.76354286245  3.77148380544  3.77148380544  3.76354286245  3.74568406076  3.7138206233  3.66155990062  3.58008251116  3.45829243136  3.28345922182  3.04253508996  2.72419685361  2.32142883891  1.83416863355  1.27128743262  0.651118039788  
0.34828281187  0.680390430582  0.982482975576  1.24480249938  1.46246281686  1.63524076061  1.76660979273  1.86239869441  1.92944661008  1.97451183233  2.00354558448  2.02131857405  2.03131307428  2.03576716939  2.03576716939  2.03131307428  2.02131857405  2.00354558448  1.97451183233  1.92944661008  1.86239869441  1.76660979273  1.63524076061  1.46246281686  1.24480249938  0.982482975576  0.680390430582  0.34828281187  
0.180998564745  0.353753777284  0.511182160482  0.648237439471  0.762323927857  0.853217278923  0.922601095872  0.973402290366  1.00910955179  1.03320835719  1.0487951872  1.0583707222  1.06377143452  1.06618315037  1.06618315037  1.06377143452  1.0583707222  1.0487951872  1.03320835719  1.00910955179  0.973402290366  0.922601095872  0.853217278923  0.762323927857  0.648237439471  0.511182160482  0.353753777284  0.180998564745  
0.0913949440567  0.178695970427  0.258372906647  0.327889566267  0.385913027085  0.432285075244  0.467804148034  0.49390357133  0.512315349388  0.524786377464  0.532880497541  0.537868793076  0.540689708622  0.5419516816  0.5419516816  0.540689708622  0.537868793076  0.532880497541  0.524786377464  0.512315349388  0.49390357133  0.467804148034  0.432285075244  0.385913027085  0.327889566267  0.258372906647  0.178695970427  0.0913949440567  
0.0448476269931  0.0877146885988  0.126888435273  0.161129799074  0.189776080294  0.212731369211  0.230365958955  0.243364222491  0.252563106054  0.258813719199  0.262883055594  0.265398022256  0.266823621091  0.267462413644  0.267462413644  0.266823621091  0.265398022256  0.262883055594  0.258813719199  0.252563106054  0.243364222491  0.230365958955  0.212731369211  0.189776080294  0.161129799074  0.126888435273  0.0877146885988  0.0448476269931  
0.0213904049872  0.0418476339761  0.0605627631741  0.0769471924662  0.0906815445062  0.101712787414  0.110208792316  0.116488120752  0.120944463455  0.123981045744  0.125963344725  0.127191547638  0.127889222526  0.128202294721  0.128202294721  0.127889222526  0.127191547638  0.125963344725  0.123981045744  0.120944463455  0.116488120752  0.110208792316  0.101712787414  0.0906815445062  0.0769471924662  0.0605627631741  0.0418476339761  0.0213904049872  
0.00991910902849  0.0194100351465  0.0281008603343  0.0357196458962  0.0421170523659  0.0472656403147  0.0512397791361  0.0541840183889  0.0562786526049  0.0577094980134  0.0586458257021  0.0592272628742  0.0595581701684  0.0597068530128  0.0597068530128  0.0595581701684  0.0592272628742  0.0586458257021  0.0577094980134  0.0562786526049  0.0541840183889  0.0512397791361  0.0472656403147  0.0421170523659  0.0357196458962  0.0281008603343  0.0194100351465  0.00991910902849  
0.00447329449847  0.00875525256921  0.01267939643  0.0161234984928  0.0190197530355  0.0213546954835  0.0231605143072  0.0245011478573  0.0254569957845  0.0261113734868  0.0265405130779  0.0268075324041  0.0269597553953  0.027028231519  0.027028231519  0.0269597553953  0.0268075324041  0.0265405130779  0.0261113734868  0.0254569957845  0.0245011478573  0.0231605143072  0.0213546954835  0.0190197530355  0.0161234984928  0.01267939643  0.00875525256921  0.00447329449847  
0.00196255001893  0.00384182548634  0.00556526538509  0.00707940790006  0.00835433934412  0.00938374392363  0.0101812306665  0.0107743703667  0.0111980815818  0.0114887229172  0.011679690717  0.0117987273364  0.0118666907322  0.0118972952791  0.0118972952791  0.0118666907322  0.0117987273364  0.011679690717  0.0114887229172  0.0111980815818  0.0107743703667  0.0101812306665  0.00938374392363  0.00835433934412  0.00707940790006  0.00556526538509  0.00384182548634  0.00196255001893  
0.000837889726265  0.00164047479419  0.00237695408982  0.00302456517328  0.00357047785787  0.0040118458271  0.0043542889687  0.00460939807899  0.00479194640625  0.00491738139813  0.00499994027636  0.00505148426706  0.00508095294689  0.00509423534914  0.00509423534914  0.00508095294689  0.00505148426706  0.00499994027636  0.00491738139813  0.00479194640625  0.00460939807899  0.0043542889687  0.0040118458271  0.00357047785787  0.00302456517328  0.00237695408982  0.00164047479419  0.000837889726265  
0.000348162410174  0.000681744977657  0.000988013954662  0.00125753436122  0.00148495445625  0.00166903780208  0.00181205064236  0.00191874331737  0.00199520458206  0.00204782474048  0.00208251111723  0.00210419779452  0.00211661151301  0.00212221141699  0.00212221141699  0.00211661151301  0.00210419779452  0.00208251111723  0.00204782474048  0.00199520458206  0.00191874331737  0.00181205064236  0.00166903780208  0.00148495445625  0.00125753436122  0.000988013954662  0.000681744977657  0.000348162410174  
0.000140619572417  0.000275382132309  0.000399167513158  0.000508173423743  0.000600231391099  0.000674823325332  0.000732840321628  0.000776177663676  0.000807276711328  0.000828708099637  0.000842854429469  0.000851710242141  0.000856784883156  0.000859075787006  0.000859075787006  0.000856784883156  0.000851710242141  0.000842854429469  0.000828708099637  0.000807276711328  0.000776177663676  0.000732840321628  0.000674823325332  0.000600231391099  0.000508173423743  0.000399167513158  0.000275382132309  0.000140619572417  
5.45546492778e-05  0.000106847412244  0.000154899412161  0.000197238334074  0.000233020684277  0.000262039372081  0.000284632156692  0.000301526620894  0.000313663972923  0.000322038019684  0.000327571940604  0.000331040038199  0.000333029205473  0.000333927773662  0.000333927773662  0.000333029205473  0.000331040038199  0.000327571940604  0.000322038019684  0.000313663972923  0.000301526620894  0.000284632156692  0.000262039372081  0.000233020684277  0.000197238334074  0.000154899412161  0.000106847412244  5.45546492778e-05  
1.84424059343e-05  3.61227673982e-05  5.23740039615e-05  6.66991078972e-05  7.88123928515e-05  8.86423394847e-05  9.63011455089e-05  0.000102032840336  0.000106154105204  0.000109000010457  0.000110882332063  0.000112062939916  0.000112740560516  0.000113046809092  0.000113046809092  0.000112740560516  0.000112062939916  0.000110882332063  0.000109000010457  0.000106154105204  0.000102032840336  9.63011455089e-05  8.86423394847e-05  7.88123928515e-05  6.66991078972e-05  5.23740039615e-05  3.61227673982e-05  1.84424059343e-05  
