1000.0  1000.0  1000.0  1000.0  1000.0  1000.0  1000.0  1000.0  1000.0  1000.0  1000.0  1000.0  1000.0  1000.0  1000.0  1000.0  1000.0  1000.0  1000.0  1000.0  1000.0  1000.0  1000.0  1000.0  1000.0  1000.0  1000.0  1000.0  
274.763010322  445.441975472  542.921111923  597.985117024  629.240374074  647.046407951  657.166973975  662.869026656  666.03579779  667.761443648  668.679970323  669.153864596  669.384704202  669.477771551  669.477771551  669.384704202  669.153864596  668.679970323  667.761443648  666.03579779  662.869026656  657.166973975  647.046407951  629.240374074  597.985117024  542.921111923  445.441975472  274.763010322  
170.266076528  299.316867604  385.952528266  440.885515773  474.650529649  494.961854892  506.946861512  513.878658681  517.801198513  519.968147789  521.133396576  521.739203636  522.035954547  522.156021961  522.156021961  522.035954547  521.739203636  521.133396576  519.968147789  517.801198513  513.878658681  506.946861512  494.961854892  474.650529649  440.885515773  385.952528266  299.316867604  170.266076528  
110.171054191  201.837584469  269.695370652  316.385187045  346.964800791  366.263094396  378.065928594  385.078155837  389.127489117  391.399372805  392.635705822  393.284402645  393.604342598  393.734363669  393.734363669  393.604342598  393.284402645  392.635705822  391.399372805  389.127489117  385.078155837  378.065928594  366.263094396  346.964800791  316.385187045  269.695370652  201.837584469  110.171054191  
72.1960133465  135.236188982  184.827153809  220.964444925  245.820428253  262.145178278  272.45229074  278.732029231  282.431258385  284.539711155  285.701580766  286.317270752  286.623217001  286.74816003  286.74816003  286.623217001  286.317270752  285.701580766  284.539711155  282.431258385  278.732029231  272.45229074  262.145178278  245.820428253  220.964444925  184.827153809  135.236188982  72.1960133465  
47.0512042387  89.2683453212  123.800053037  150.00548628  168.715505326  181.407920482  189.642712732  194.774127374  197.853343201  199.635198907  200.629324026  201.161414125  201.427861306  201.537226619  201.537226619  201.427861306  201.161414125  200.629324026  199.635198907  197.853343201  194.774127374  189.642712732  181.407920482  168.715505326  150.00548628  123.800053037  89.2683453212  47.0512042387  
30.1671789049  57.6859705421  80.7863395374  98.8336172962  112.090416053  121.319958035  127.446202715  131.339301109  133.71466059  135.108638477  135.895548845  136.320824621  136.535401215  136.623920075  136.623920075  136.535401215  136.320824621  135.895548845  135.108638477  133.71466059  131.339301109  127.446202715  121.319958035  112.090416053  98.8336172962  80.7863395374  57.6859705421  30.1671789049  
18.9028629626  36.3316001533  51.2252850376  63.1100128076  72.0321767075  78.3741497066  82.6641908256  85.4366632461  87.1533199292  88.1736131768  88.7558650598  89.0734140664  89.2347968621  89.3016948927  89.3016948927  89.2347968621  89.0734140664  88.7558650598  88.1736131768  87.1533199292  85.4366632461  82.6641908256  78.3741497066  72.0321767075  63.1100128076  51.2252850376  36.3316001533  18.9028629626  
11.5276943384  22.2341344966  31.5000096885  39.011028455  44.7454075758  48.8898023681  51.7375341507  53.6044257155  54.7752772986  55.4790952592  55.8847271174  56.1078184126  56.221963697  56.2694965162  56.2694965162  56.221963697  56.1078184126  55.8847271174  55.4790952592  54.7752772986  53.6044257155  51.7375341507  48.8898023681  44.7454075758  39.011028455  31.5000096885  22.2341344966  11.5276943384  
6.82379782913  13.1943559336  18.759121946  23.3239242435  26.8550907629  29.4415506016  31.2419509401  32.4366426692  33.1942780364  33.6542811829  33.9217551965  34.0699924169  34.1463107265  34.1782260134  34.1782260134  34.1463107265  34.0699924169  33.9217551965  33.6542811829  33.1942780364  32.4366426692  31.2419509401  29.4415506016  26.8550907629  23.3239242435  18.759121946  13.1943559336  6.82379782913  
3.91420179315  7.58235989685  10.8089330649  13.4800451622  15.5679001895  17.1138592243  18.2016010365  18.9308444804  19.3977600029  19.6837499294  19.8513605155  19.9448961955  19.993325078  20.0136559073  20.0136559073  19.993325078  19.9448961955  19.8513605155  19.6837499294  19.3977600029  18.9308444804  18.2016010365  17.1138592243  15.5679001895  13.4800451622  10.8089330649  7.58235989685  3.91420179315  
2.17338231954  4.21601996304  6.02238869255  7.52854320499  8.71563763755  9.60244152438  10.2320031448  10.6577638449  10.9326279509  11.1022825165  11.202410887  11.2586349882  11.2878946575  11.3002213651  11.3002213651  11.2878946575  11.2586349882  11.202410887  11.1022825165  10.9326279509  10.6577638449  10.2320031448  9.60244152438  8.71563763755  7.52854320499  6.02238869255  4.21601996304  2.17338231954  
1.16745151898  2.26711996089  3.24366890329  4.06256913893  4.71234448761  5.20129832292  5.5510226921  5.78929039086  5.94421107742  6.04047645624  6.09764395901  6.12992258165  6.14679812057  6.15393017269  6.15393017269  6.14679812057  6.12992258165  6.09764395901  6.04047645624  5.94421107742  5.78929039086  5.5510226921  5.20129832292  4.71234448761  4.06256913893  3.24366890329  2.26711996089  1.16745151898  
0.606486111865  1.17876458098  1.68866580038  2.11821816618  2.46093139335  2.72038297262  2.90712591399  3.03515847101  3.11891774216  3.17127021023  3.20253008412  3.22026745186  3.22957894842  3.23352548957  3.23352548957  3.22957894842  3.22026745186  3.20253008412  3.17127021023  3.11891774216  3.03515847101  2.90712591399  2.72038297262  2.46093139335  2.11821816618  1.68866580038  1.17876458098  0.606486111865  
0.304683950876  0.592588625174  0.849803141006  1.06729892751  1.24161231062  1.37424304172  1.47021377624  1.53636762904  1.57987615988  1.60720998347  1.62360985582  1.63295616237  1.63788072304  1.63997327684  1.63997327684  1.63788072304  1.63295616237  1.62360985582  1.60720998347  1.57987615988  1.53636762904  1.47021377624  1.37424304172  1.24161231062  1.06729892751  0.849803141006  0.592588625174  0.304683950876  
0.148034964759  0.288078091315  0.413468384341  0.519823663673  0.605384326114  0.670761602882  0.718282081097  0.751190351119  0.772933527088  0.786654702536  0.794922189297  0.799652144255  0.802152541381  0.803217451538  0.803217451538  0.802152541381  0.799652144255  0.794922189297  0.786654702536  0.772933527088  0.751190351119  0.718282081097  0.670761602882  0.605384326114  0.519823663673  0.413468384341  0.288078091315  0.148034964759  
0.0695756943632  0.135457481675  0.19455339976  0.244807050048  0.28536297123  0.316463159298  0.339156028549  0.354933693382  0.365400070721  0.372030856875  0.376041105661  0.378343334117  0.379563923382  0.380084832829  0.380084832829  0.379563923382  0.378343334117  0.376041105661  0.372030856875  0.365400070721  0.354933693382  0.339156028549  0.316463159298  0.28536297123  0.244807050048  0.19455339976  0.135457481675  0.0695756943632  
0.0316418150745  0.0616272662007  0.0885650732062  0.111521706108  0.130097765641  0.144386263668  0.154846635825  0.162144479437  0.167002498667  0.170090790889  0.171964738338  0.173043831917  0.173617433294  0.173862675924  0.173862675924  0.173617433294  0.173043831917  0.171964738338  0.170090790889  0.167002498667  0.162144479437  0.154846635825  0.144386263668  0.130097765641  0.111521706108  0.0885650732062  0.0616272662007  0.0316418150745  
0.0139295558818  0.027138650125  0.0390203872442  0.0491645738034  0.0573916951357  0.0637364361084  0.0683945444484  0.0716540543616  0.0738304380011  0.0752181622571  0.0760626765596  0.0765502988094  0.076810099436  0.0769213579429  0.0769213579429  0.076810099436  0.0765502988094  0.0760626765596  0.0752181622571  0.0738304380011  0.0716540543616  0.0683945444484  0.0637364361084  0.0573916951357  0.0491645738034  0.0390203872442  0.027138650125  0.0139295558818  
0.00593838409554  0.0115727687636  0.0166464627266  0.0209849180271  0.0245103178326  0.0272352045136  0.029240655369  0.0306476132986  0.0315895403175  0.032191732985  0.0325591478372  0.0327718027116  0.0328853369159  0.0329340280745  0.0329340280745  0.0328853369159  0.0327718027116  0.0325591478372  0.032191732985  0.0315895403175  0.0306476132986  0.029240655369  0.0272352045136  0.0245103178326  0.0209849180271  0.0166464627266  0.0115727687636  0.00593838409554  
0.00245274960758  0.00478104412739  0.00687958556196  0.00867640754258  0.0101389298424  0.0112715482135  0.0121069082869  0.0126942961276  0.013088455098  0.0133410371327  0.013495495556  0.0135850845851  0.0136330029566  0.0136535801901  0.0136535801901  0.0136330029566  0.0135850845851  0.013495495556  0.0133410371327  0.013088455098  0.0126942961276  0.0121069082869  0.0112715482135  0.0101389298424  0.00867640754258  0.00687958556196  0.00478104412739  0.00245274960758  
0.000981978305493  0.0019145097655  0.00275568789309  0.00347674824781  0.00406450045502  0.00452043686893  0.00485733668265  0.0050946982937  0.00525430230674  0.00535678901191  0.00541958769988  0.00545608108997  0.00547563209749  0.00548403741401  0.00548403741401  0.00547563209749  0.00545608108997  0.00541958769988  0.00535678901191  0.00525430230674  0.0050946982937  0.00485733668265  0.00452043686893  0.00406450045502  0.00347674824781  0.00275568789309  0.0019145097655  0.000981978305493  
0.000381268804069  0.000743466073888  0.001070405257  0.00135093527815  0.00157988694132  0.00175775075279  0.00188939071896  0.00198229792313  0.00204488178559  0.00208514176928  0.00210985502725  0.00212424041462  0.00213195842909  0.00213527993805  0.00213527993805  0.00213195842909  0.00212424041462  0.00210985502725  0.00208514176928  0.00204488178559  0.00198229792313  0.00188939071896  0.00175775075279  0.00157988694132  0.00135093527815  0.001070405257  0.000743466073888  0.000381268804069  
0.000143634754149  0.000280126098051  0.000403403727456  0.000509272641511  0.000595770220562  0.000663052440008  0.000712919742071  0.000748167961419  0.000771949300983  0.000787272261881  0.000796692970934  0.000802184848128  0.000805135131296  0.000806405966115  0.000806405966115  0.000805135131296  0.000802184848128  0.000796692970934  0.000787272261881  0.000771949300983  0.000748167961419  0.000712919742071  0.000663052440008  0.000595770220562  0.000509272641511  0.000403403727456  0.000280126098051  0.000143634754149  
5.25260336016e-05  0.000102452908635  0.000147569573668  0.000186343920996  0.000218053497804  0.0002427462481  0.000261070404082  0.000274039944406  0.000282802441031  0.000288456337287  0.000291937258997  0.000293969165275  0.000295061969611  0.000295533076003  0.000295533076003  0.000295061969611  0.000293969165275  0.000291937258997  0.000288456337287  0.000282802441031  0.000274039944406  0.000261070404082  0.0002427462481  0.000218053497804  0.000186343920996  0.000147569573668  0.000102452908635  5.25260336016e-05  
1.86402299456e-05  3.63621223075e-05  5.2383751024e-05  6.61620375846e-05  7.74391669548e-05  8.62293657995e-05  9.27595355344e-05  9.73868896359e-05  0.000100517050178  0.000102539261652  0.000103785803356  0.000104514289601  0.000104906481133  0.000105075675233  0.000105075675233  0.000104906481133  0.000104514289601  0.000103785803356  0.000102539261652  0.000100517050178  9.73868896359e-05  9.27595355344e-05  8.62293657995e-05  7.74391669548e-05  6.61620375846e-05  5.2383751024e-05  3.63621223075e-05  1.86402299456e-05  
6.37268811103e-06  1.24325942227e-05  1.79131910132e-05  2.26290009623e-05  2.64914710627e-05  2.95046559949e-05  3.17452113949e-05  3.33344900637e-05  3.44106838959e-05  3.51066944161e-05  3.55361879839e-05  3.57874387916e-05  3.59228214086e-05  3.59812624824e-05  3.59812624824e-05  3.59228214086e-05  3.57874387916e-05  3.55361879839e-05  3.51066944161e-05  3.44106838959e-05  3.33344900637e-05  3.17452113949e-05  2.95046559949e-05  2.64914710627e-05  2.26290009623e-05  1.79131910132e-05  1.24325942227e-05  6.37268811103e-06  
1.93793906902e-06  3.78103288455e-06  5.44841463473e-06  6.88372513348e-06  8.0599413167e-06  8.97810988331e-06  9.66132975777e-06  1.01463253316e-05  1.04750082341e-05  1.06877527323e-05  1.08191395332e-05  1.08960590552e-05  1.09375336286e-05  1.0955445569e-05  1.0955445569e-05  1.09375336286e-05  1.08960590552e-05  1.08191395332e-05  1.06877527323e-05  1.04750082341e-05  1.01463253316e-05  9.66132975777e-06  8.97810988331e-06  8.0599413167e-06  6.88372513348e-06  5.44841463473e-06  3.78103288455e-06  1.93793906902e-06  
