1000.0  1000.0  1000.0  1000.0  1000.0  1000.0  1000.0  1000.0  1000.0  1000.0  1000.0  1000.0  1000.0  1000.0  1000.0  1000.0  1000.0  1000.0  1000.0  1000.0  1000.0  1000.0  1000.0  1000.0  1000.0  1000.0  1000.0  1000.0  
269.841270965  435.83917556  529.083270876  580.501573466  608.769421567  624.243985848  632.630497385  637.102564539  639.436728183  640.624289905  641.211146338  641.491293909  641.61789693  641.66602446  641.66602446  641.61789693  641.491293909  641.211146338  640.624289905  639.436728183  637.102564539  632.630497385  624.243985848  608.769421567  580.501573466  529.083270876  435.83917556  269.841270965  
163.761907789  286.626541832  367.665383282  417.780276757  447.59706016  464.826938806  474.519980885  479.825972952  482.647898882  484.103514065  484.830271909  485.17991405  485.338837955  485.39948069  485.39948069  485.338837955  485.17991405  484.830271909  484.103514065  482.647898882  479.825972952  474.519980885  464.826938806  447.59706016  417.780276757  367.665383282  286.626541832  163.761907789  
102.90444021  187.659569493  249.264244893  290.570810817  316.738876895  332.593933849  341.835539677  347.030823841  349.850046281  351.326828002  352.072984572  352.435293409  352.601130944  352.66470559  352.66470559  352.601130944  352.435293409  352.072984572  351.326828002  349.850046281  347.030823841  341.835539677  332.593933849  316.738876895  290.570810817  249.264244893  187.659569493  102.90444021  
64.9536075298  121.10530862  164.463727992  195.235245133  215.693755259  228.586014594  236.339680853  240.807824653  243.280433013  244.595946842  245.268912493  245.598921716  245.75112811  245.809775297  245.809775297  245.75112811  245.598921716  245.268912493  244.595946842  243.280433013  240.807824653  236.339680853  228.586014594  215.693755259  195.235245133  164.463727992  121.10530862  64.9536075298  
40.4531393626  76.3945499096  105.247914297  126.564450428  141.26754384  150.832050433  156.739744013  160.219961144  162.181016128  163.239943829  163.788264691  164.059818613  164.186037807  164.234927565  164.234927565  164.186037807  164.059818613  163.788264691  163.239943829  162.181016128  160.219961144  156.739744013  150.832050433  141.26754384  126.564450428  105.247914297  76.3945499096  40.4531393626  
24.5985703762  46.8206890522  65.1283829291  79.0490518153  88.9234254856  95.5123004082  99.6737149878  102.172477586  103.603476579  104.386793778  104.797065293  105.002187325  105.098251518  105.135653823  105.135653823  105.098251518  105.002187325  104.797065293  104.386793778  103.603476579  102.172477586  99.6737149878  95.5123004082  88.9234254856  79.0490518153  65.1283829291  46.8206890522  24.5985703762  
14.5123869275  27.7649552391  38.879676078  47.5104025467  53.765143917  58.0244213659  60.7645948372  62.4370411933  63.4085416768  63.9468978236  64.2318451616  64.3755781655  64.4433756262  64.4699030736  64.4699030736  64.4433756262  64.3755781655  64.2318451616  63.9468978236  63.4085416768  62.4370411933  60.7645948372  58.0244213659  53.765143917  47.5104025467  38.879676078  27.7649552391  14.5123869275  
8.27518715296  15.8878017385  22.3539692419  27.454024196  31.2118502919  33.8127812437  35.5117532252  36.5631692023  37.1815142475  37.5279192917  37.7130165006  37.8071458124  37.8518416724  37.8694110549  37.8694110549  37.8518416724  37.8071458124  37.7130165006  37.5279192917  37.1815142475  36.5631692023  35.5117532252  33.8127812437  31.2118502919  27.454024196  22.3539692419  15.8878017385  8.27518715296  
4.55012316942  8.75787271479  12.3653303778  15.2444591031  17.3935266825  18.9005768891  19.897471359  20.5216691525  20.8926997465  21.1025543166  21.2156420673  21.2735769864  21.3012542933  21.312180327  21.312180327  21.3012542933  21.2735769864  21.2156420673  21.1025543166  20.8926997465  20.5216691525  19.897471359  18.9005768891  17.3935266825  15.2444591031  12.3653303778  8.75787271479  4.55012316942  
2.40929865727  4.64589032601  6.57683952052  8.13203333803  9.30482786035  10.1360258218  10.6916113145  11.0429453005  11.2537071275  11.373915219  11.4391825054  11.4728408228  11.4890092742  11.4954168323  11.4954168323  11.4890092742  11.4728408228  11.4391825054  11.373915219  11.2537071275  11.0429453005  10.6916113145  10.1360258218  9.30482786035  8.13203333803  6.57683952052  4.64589032601  2.40929865727  
1.22764738955  2.37060824934  3.36268133661  4.1674170128  4.77927001485  5.21667759109  5.51159103459  5.69965168743  5.81336031053  5.87868862483  5.91439489271  5.93291753786  5.9418594559  5.94541559141  5.94541559141  5.9418594559  5.93291753786  5.91439489271  5.87868862483  5.81336031053  5.69965168743  5.51159103459  5.21667759109  4.77927001485  4.1674170128  3.36268133661  2.37060824934  1.22764738955  
0.601803395429  1.16335275672  1.6528178056  2.05211036777  2.35771441158  2.57774635898  2.72717566061  2.82314221501  2.88156170639  2.91533870207  2.93390814618  2.9435916501  2.94828718354  2.95016045834  2.95016045834  2.94828718354  2.9435916501  2.93390814618  2.91533870207  2.88156170639  2.82314221501  2.72717566061  2.57774635898  2.35771441158  2.05211036777  1.6528178056  1.16335275672  0.601803395429  
0.283823036396  0.549130749018  0.781154314696  0.971298067948  1.11761544064  1.22358434473  1.29598877338  1.34276964142  1.37141389736  1.38806707233  1.39726947142  1.40209060596  1.40443762589  1.40537660938  1.40537660938  1.40443762589  1.40209060596  1.39726947142  1.38806707233  1.37141389736  1.34276964142  1.29598877338  1.22358434473  1.11761544064  0.971298067948  0.781154314696  0.549130749018  0.283823036396  
0.128812934543  0.24939356923  0.355130818048  0.442105135257  0.509331158058  0.558258372344  0.591860034409  0.613682171079  0.627111295705  0.634956272288  0.639310876561  0.641601623649  0.642720723172  0.643169573714  0.643169573714  0.642720723172  0.641601623649  0.639310876561  0.634956272288  0.627111295705  0.613682171079  0.591860034409  0.558258372344  0.509331158058  0.442105135257  0.355130818048  0.24939356923  0.128812934543  
0.0562811177719  0.109026059387  0.155379818773  0.193624881405  0.223295530117  0.244978935225  0.259935153894  0.269691088061  0.275720876307  0.279258081789  0.281229278328  0.282269987528  0.282779990063  0.282985000681  0.282985000681  0.282779990063  0.282269987528  0.281229278328  0.279258081789  0.275720876307  0.269691088061  0.259935153894  0.244978935225  0.223295530117  0.193624881405  0.155379818773  0.109026059387  0.0562811177719  
0.0236851684707  0.0459031833784  0.0654644141631  0.0816447971026  0.094236480975  0.103470538111  0.109863325917  0.114049109329  0.116645907421  0.118174799333  0.119029763509  0.119482590539  0.119705111818  0.119794738479  0.119794738479  0.119705111818  0.119482590539  0.119029763509  0.118174799333  0.116645907421  0.114049109329  0.109863325917  0.103470538111  0.094236480975  0.0816447971026  0.0654644141631  0.0459031833784  0.0236851684707  
0.00960621757934  0.0186244584314  0.02657629955  0.0331677766998  0.0383106915799  0.0420933542049  0.0447203864628  0.046446075933  0.0475201511982  0.048154533514  0.0485103602256  0.0486993520016  0.0487924498297  0.0488300135379  0.0488300135379  0.0487924498297  0.0486993520016  0.0485103602256  0.048154533514  0.0475201511982  0.046446075933  0.0447203864628  0.0420933542049  0.0383106915799  0.0331677766998  0.02657629955  0.0186244584314  0.00960621757934  
0.00375720068488  0.00728674566325  0.0104028644762  0.0129905191823  0.0150139649743  0.0165059702234  0.0175449641826  0.0182293916267  0.0186565840816  0.0189095965474  0.0190518894835  0.0191276532283  0.0191650549451  0.019180169499  0.019180169499  0.0191650549451  0.0191276532283  0.0190518894835  0.0189095965474  0.0186565840816  0.0182293916267  0.0175449641826  0.0165059702234  0.0150139649743  0.0129905191823  0.0104028644762  0.00728674566325  0.00375720068488  
0.00141808003871  0.00275097240558  0.00392899688612  0.00490872458788  0.00567627488776  0.00624345209751  0.00663933983876  0.00690075986206  0.00706432797793  0.0071614384841  0.00721618027585  0.00724539093289  0.00725983848534  0.00726568495618  0.00726568495618  0.00725983848534  0.00724539093289  0.00721618027585  0.0071614384841  0.00706432797793  0.00690075986206  0.00663933983876  0.00624345209751  0.00567627488776  0.00490872458788  0.00392899688612  0.00275097240558  0.00141808003871  
0.000516842837799  0.00100286517223  0.00143280671063  0.00179083847046  0.00207178316931  0.00227976910707  0.0024252342059  0.00252149228021  0.00258184851238  0.00261775771717  0.00263804129637  0.00264888546719  0.0026542579308  0.00265643462676  0.00265643462676  0.0026542579308  0.00264888546719  0.00263804129637  0.00261775771717  0.00258184851238  0.00252149228021  0.0024252342059  0.00227976910707  0.00207178316931  0.00179083847046  0.00143280671063  0.00100286517223  0.000516842837799  
0.000182028334868  0.000353270190885  0.000504870171342  0.000631253885986  0.000730562993344  0.00080419930255  0.000855789832894  0.000889990845115  0.000911475533958  0.000924281504963  0.000931527981774  0.000935408647626  0.000937334041084  0.000938114958342  0.000938114958342  0.000937334041084  0.000935408647626  0.000931527981774  0.000924281504963  0.000911475533958  0.000889990845115  0.000855789832894  0.00080419930255  0.000730562993344  0.000631253885986  0.000504870171342  0.000353270190885  0.000182028334868  
6.19932594727e-05  0.000120332865306  0.000172014996485  0.000215141480752  0.000249069383078  0.000274260943671  0.000291936976997  0.000303673514724  0.000311058181541  0.000315466898134  0.000317965543775  0.000319305593986  0.000319971314195  0.000320241574054  0.000320241574054  0.000319971314195  0.000319305593986  0.000317965543775  0.000315466898134  0.000311058181541  0.000303673514724  0.000291936976997  0.000274260943671  0.000249069383078  0.000215141480752  0.000172014996485  0.000120332865306  6.19932594727e-05  
2.0430300923e-05  3.96621386791e-05  5.670901167e-05  7.09454851432e-05  8.21568695966e-05  9.0491214547e-05  9.63467374138e-05  0.000100240025936  0.000102693136796  0.000104159719794  0.000104992040951  0.000105438995941  0.000105661286738  0.000105751602685  0.000105751602685  0.000105661286738  0.000105438995941  0.000104992040951  0.000104159719794  0.000102693136796  0.000100240025936  9.63467374138e-05  9.0491214547e-05  8.21568695966e-05  7.09454851432e-05  5.670901167e-05  3.96621386791e-05  2.0430300923e-05  
6.51950889066e-06  1.26581190254e-05  1.81019729885e-05  2.26515302108e-05  2.62375190501e-05  2.89060093236e-05  3.07829420617e-05  3.20323851189e-05  3.28206039637e-05  3.32924120285e-05  3.35604922765e-05  3.3704611578e-05  3.37763585739e-05  3.38055297439e-05  3.38055297439e-05  3.37763585739e-05  3.3704611578e-05  3.35604922765e-05  3.32924120285e-05  3.28206039637e-05  3.20323851189e-05  3.07829420617e-05  2.89060093236e-05  2.62375190501e-05  2.26515302108e-05  1.81019729885e-05  1.26581190254e-05  6.51950889066e-06  
2.01510770918e-06  3.91289372392e-06  5.5966002539e-06  7.00456450331e-06  8.11517452357e-06  8.94235823515e-06  9.52473985798e-06  9.91282116875e-06  1.01579034718e-05  1.03047585595e-05  1.03882870981e-05  1.04332352468e-05  1.04556307137e-05  1.04647419162e-05  1.04647419162e-05  1.04556307137e-05  1.04332352468e-05  1.03882870981e-05  1.03047585595e-05  1.01579034718e-05  9.91282116875e-06  9.52473985798e-06  8.94235823515e-06  8.11517452357e-06  7.00456450331e-06  5.5966002539e-06  3.91289372392e-06  2.01510770918e-06  
6.00835912886e-07  1.16679437177e-06  1.66908958007e-06  2.08933946995e-06  2.42104953832e-06  2.66829367468e-06  2.84251129958e-06  2.95870667311e-06  3.03215293514e-06  3.07620212821e-06  3.10127848627e-06  3.11478361249e-06  3.12151738864e-06  3.12425832842e-06  3.12425832842e-06  3.12151738864e-06  3.11478361249e-06  3.10127848627e-06  3.07620212821e-06  3.03215293514e-06  2.95870667311e-06  2.84251129958e-06  2.66829367468e-06  2.42104953832e-06  2.08933946995e-06  1.66908958007e-06  1.16679437177e-06  6.00835912886e-07  
1.62219126363e-07  3.15043410217e-07  4.50714407737e-07  5.64269980547e-07  6.53946170676e-07  7.20826402444e-07  7.6798306934e-07  7.99455883334e-07  8.19363522507e-07  8.31311400072e-07  8.38117705153e-07  8.41785636252e-07  8.43615509927e-07  8.44360644874e-07  8.44360644874e-07  8.43615509927e-07  8.41785636252e-07  8.38117705153e-07  8.31311400072e-07  8.19363522507e-07  7.99455883334e-07  7.6798306934e-07  7.20826402444e-07  6.53946170676e-07  5.64269980547e-07  4.50714407737e-07  3.15043410217e-07  1.62219126363e-07  
