1000.0  1000.0  1000.0  1000.0  1000.0  1000.0  1000.0  1000.0  1000.0  1000.0  1000.0  1000.0  1000.0  1000.0  1000.0  1000.0  1000.0  1000.0  1000.0  1000.0  1000.0  1000.0  1000.0  1000.0  1000.0  1000.0  1000.0  1000.0  
203.280749412  310.263505344  356.777871105  374.7348815  381.004110451  382.995325634  383.572608669  383.725852084  383.76322559  383.771629594  383.77337832  383.773716237  383.773777051  383.773787053  383.773787053  383.773777051  383.773716237  383.77337832  383.771629594  383.76322559  383.725852084  383.572608669  382.995325634  381.004110451  374.7348815  356.777871105  310.263505344  203.280749412  
89.9785937728  147.160323815  175.784698491  187.955231148  192.492539654  194.000207285  194.451323368  194.573797871  194.604157263  194.611065908  194.612516195  194.612798277  194.612849288  194.612857707  194.612857707  194.612849288  194.612798277  194.612516195  194.611065908  194.604157263  194.573797871  194.451323368  194.000207285  192.492539654  187.955231148  175.784698491  147.160323815  89.9785937728  
36.8712699606  62.5346161695  76.5101809343  82.852521548  85.3340425982  86.1883925644  86.4507957492  86.5234298348  86.5416967369  86.5458988466  86.546788158  86.5469621807  86.5469937912  86.5469990246  86.5469990246  86.5469937912  86.5469621807  86.546788158  86.5458988466  86.5416967369  86.5234298348  86.4507957492  86.1883925644  85.3340425982  82.852521548  76.5101809343  62.5346161695  36.8712699606  
13.7399813291  23.783792363  29.5495896284  32.2857460177  33.394731323  33.7870506381  33.9100724353  33.9446677619  33.9534734851  33.95551772  33.9559533369  33.9560390171  33.9560546385  33.9560572314  33.9560572314  33.9560546385  33.9560390171  33.9559533369  33.95551772  33.9534734851  33.9446677619  33.9100724353  33.7870506381  33.394731323  32.2857460177  29.5495896284  23.783792363  13.7399813291  
4.63116575078  8.11512198745  10.185146077  11.1986186194  11.6201443804  11.7723726235  11.8208857652  11.8347005735  11.8382510652  11.8390814002  11.8392593229  11.8392944605  11.8393008853  11.8393019537  11.8393019537  11.8393008853  11.8392944605  11.8392593229  11.8390814002  11.8382510652  11.8347005735  11.8208857652  11.7723726235  11.6201443804  11.1986186194  10.185146077  8.11512198745  4.63116575078  
1.41282514626  2.49493148018  3.15299819344  3.48242332752  3.62207936248  3.67330892689  3.68984015792  3.69459400479  3.69582506284  3.69611462568  3.69617693798  3.69618928146  3.69619154303  3.69619191956  3.69619191956  3.69619154303  3.69618928146  3.69617693798  3.69611462568  3.69582506284  3.69459400479  3.68984015792  3.67330892689  3.62207936248  3.48242332752  3.15299819344  2.49493148018  1.41282514626  
0.391429293237  0.694795294165  0.882291386453  0.977672366884  1.01868616374  1.03391035715  1.03887023395  1.04030732193  1.0406816374  1.04077006576  1.04078915479  1.04079294417  1.04079363934  1.04079375514  1.04079375514  1.04079363934  1.04079294417  1.04078915479  1.04077006576  1.0406816374  1.04030732193  1.03887023395  1.03391035715  1.01868616374  0.977672366884  0.882291386453  0.694795294165  0.391429293237  
0.0989304793212  0.176225831862  0.224551681596  0.249426783943  0.260237093935  0.26428591563  0.265614580684  0.266001750533  0.266103033272  0.266127035862  0.266132228456  0.266133260581  0.266133450036  0.266133481595  0.266133481595  0.266133450036  0.266133260581  0.266132228456  0.266127035862  0.266103033272  0.266001750533  0.265614580684  0.26428591563  0.260237093935  0.249426783943  0.224551681596  0.176225831862  0.0989304793212  
0.0229187500312  0.0409274693543  0.0522809127235  0.0581759994189  0.0607582880123  0.0617319587763  0.0620532172264  0.0621472251587  0.0621718937757  0.062177752399  0.0621790214753  0.0621792738751  0.0621793202034  0.0621793279169  0.0621793279169  0.0621793202034  0.0621792738751  0.0621790214753  0.062177752399  0.0621718937757  0.0621472251587  0.0620532172264  0.0617319587763  0.0607582880123  0.0581759994189  0.0522809127235  0.0409274693543  0.0229187500312  
0.00488958073238  0.00874732274636  0.0111942579827  0.0124729915997  0.0130364386964  0.0132499500784  0.0133206768346  0.0133414349133  0.0133468933765  0.013348191382  0.0133484727139  0.0133485286644  0.0133485389284  0.0133485406356  0.0133485406356  0.0133485389284  0.0133485286644  0.0133484727139  0.013348191382  0.0133468933765  0.0133414349133  0.0133206768346  0.0132499500784  0.0130364386964  0.0124729915997  0.0111942579827  0.00874732274636  0.00488958073238  
0.000964935995307  0.00172849389627  0.00221497879614  0.0024704167924  0.00258345782835  0.00262644777823  0.00264072807674  0.00264492758233  0.00264603322251  0.00264629628531  0.00264635329926  0.0026463646315  0.00264636670821  0.00264636705317  0.00264636705317  0.00264636670821  0.0026463646315  0.00264635329926  0.00264629628531  0.00264603322251  0.00264492758233  0.00264072807674  0.00262644777823  0.00258345782835  0.0024704167924  0.00221497879614  0.00172849389627  0.000964935995307  
0.000176872376314  0.000317132295587  0.000406787091532  0.000454024359836  0.000474993438413  0.000482988003301  0.000485648452458  0.00048643172353  0.00048663804705  0.000486687133866  0.000486697766294  0.000486699877417  0.000486700263734  0.000486700327795  0.000486700327795  0.000486700263734  0.000486699877417  0.000486697766294  0.000486687133866  0.00048663804705  0.00048643172353  0.000485648452458  0.000482988003301  0.000474993438413  0.000454024359836  0.000406787091532  0.000317132295587  0.000176872376314  
3.02273837083e-05  5.42346729687e-05  6.96160638518e-05  7.77399331195e-05  8.13538393545e-05  8.27338725166e-05  8.31935945688e-05  8.33290033785e-05  8.33646682791e-05  8.33731483084e-05  8.33749831942e-05  8.33753469905e-05  8.33754134417e-05  8.33754244387e-05  8.33754244387e-05  8.33754134417e-05  8.33753469905e-05  8.33749831942e-05  8.33731483084e-05  8.33646682791e-05  8.33290033785e-05  8.31935945688e-05  8.27338725166e-05  8.13538393545e-05  7.77399331195e-05  6.96160638518e-05  5.42346729687e-05  3.02273837083e-05  
4.83309345773e-06  8.67580730306e-06  1.11418028714e-05  1.24463737715e-05  1.3027483846e-05  1.32495848e-05  1.33235991047e-05  1.33453966403e-05  1.33511342928e-05  1.33524970936e-05  1.33527915443e-05  1.33528498182e-05  1.33528604398e-05  1.33528621936e-05  1.33528621936e-05  1.33528604398e-05  1.33528498182e-05  1.33527915443e-05  1.33524970936e-05  1.33511342928e-05  1.33453966403e-05  1.33235991047e-05  1.32495848e-05  1.3027483846e-05  1.24463737715e-05  1.11418028714e-05  8.67580730306e-06  4.83309345773e-06  
7.25285461314e-07  1.30236745868e-06  1.67308878325e-06  1.86940260422e-06  1.95690867043e-06  1.99036250979e-06  2.00150879456e-06  2.00478933852e-06  2.00565194445e-06  2.00585653253e-06  2.00590065658e-06  2.00590937047e-06  2.00591095492e-06  2.00591121587e-06  2.00591121587e-06  2.00591095492e-06  2.00590937047e-06  2.00590065658e-06  2.00585653253e-06  2.00565194445e-06  2.00478933852e-06  2.00150879456e-06  1.99036250979e-06  1.95690867043e-06  1.86940260422e-06  1.67308878325e-06  1.30236745868e-06  7.25285461314e-07  
1.02449095335e-07  1.84000180786e-07  2.36420252335e-07  2.64191794349e-07  2.76572683175e-07  2.81304788358e-07  2.82880415642e-07  2.83343657659e-07  2.83465289484e-07  2.83494085646e-07  2.83500283044e-07  2.83501503996e-07  2.83501725411e-07  2.83501761775e-07  2.83501761775e-07  2.83501725411e-07  2.83501503996e-07  2.83500283044e-07  2.83494085646e-07  2.83465289484e-07  2.83343657659e-07  2.82880415642e-07  2.81304788358e-07  2.76572683175e-07  2.64191794349e-07  2.36420252335e-07  1.84000180786e-07  1.02449095335e-07  
1.36575070815e-08  2.45314510892e-08  3.15226388937e-08  3.52265709348e-08  3.68773349562e-08  3.75078494284e-08  3.77175668364e-08  3.77791366082e-08  3.77952740208e-08  3.77990865112e-08  3.77999050578e-08  3.78000658914e-08  3.78000949736e-08  3.78000997357e-08  3.78000997357e-08  3.78000949736e-08  3.78000658914e-08  3.77999050578e-08  3.77990865112e-08  3.77952740208e-08  3.77791366082e-08  3.77175668364e-08  3.75078494284e-08  3.68773349562e-08  3.52265709348e-08  3.15226388937e-08  2.45314510892e-08  1.36575070815e-08  
1.72246750361e-09  3.09391596898e-09  3.97558432721e-09  4.44253198271e-09  4.65049958465e-09  4.72985070042e-09  4.7562068514e-09  4.7639310635e-09  4.7659513816e-09  4.76642755513e-09  4.76652952062e-09  4.76654949774e-09  4.76655309885e-09  4.76655368666e-09  4.76655368666e-09  4.76655309885e-09  4.76654949774e-09  4.76652952062e-09  4.76642755513e-09  4.7659513816e-09  4.7639310635e-09  4.7562068514e-09  4.72985070042e-09  4.65049958465e-09  4.44253198271e-09  3.97558432721e-09  3.09391596898e-09  1.72246750361e-09  
2.05974008107e-10  3.69952180355e-10  4.7533287361e-10  5.31107966525e-10  5.55924000121e-10  5.65379808569e-10  5.68515157109e-10  5.69432168542e-10  5.69671459581e-10  5.69727711656e-10  5.69739722794e-10  5.69742068763e-10  5.69742490262e-10  5.69742558834e-10  5.69742558834e-10  5.69742490262e-10  5.69742068763e-10  5.69739722794e-10  5.69727711656e-10  5.69671459581e-10  5.69432168542e-10  5.68515157109e-10  5.65379808569e-10  5.55924000121e-10  5.31107966525e-10  4.7533287361e-10  3.69952180355e-10  2.05974008107e-10  
2.34014840887e-11  4.20268633578e-11  5.39896853874e-11  6.03154618596e-11  6.31263832803e-11  6.41956927746e-11  6.4549554439e-11  6.46528141505e-11  6.46796903608e-11  6.4685990549e-11  6.46873316781e-11  6.46875927664e-11  6.46876395139e-11  6.46876470928e-11  6.46876470928e-11  6.46876395139e-11  6.46875927664e-11  6.46873316781e-11  6.4685990549e-11  6.46796903608e-11  6.46528141505e-11  6.4549554439e-11  6.41956927746e-11  6.31263832803e-11  6.03154618596e-11  5.39896853874e-11  4.20268633578e-11  2.34014840887e-11  
2.53082524317e-12  4.54437904897e-12  5.83667790787e-12  6.519243244e-12  6.82208493978e-12  6.93707304716e-12  6.97504159358e-12  6.98609340391e-12  6.98896197586e-12  6.98963238599e-12  6.98977463553e-12  6.98980223328e-12  6.98980715679e-12  6.98980795212e-12  6.98980795212e-12  6.98980715679e-12  6.98980223328e-12  6.98977463553e-12  6.98963238599e-12  6.98896197586e-12  6.98609340391e-12  6.97504159358e-12  6.93707304716e-12  6.82208493978e-12  6.519243244e-12  5.83667790787e-12  4.54437904897e-12  2.53082524317e-12  
2.60990291397e-13  4.68540256481e-13  6.01623105821e-13  6.71819873558e-13  7.02910657608e-13  7.14690994335e-13  7.1857141508e-13  7.1969787018e-13  7.19989384587e-13  7.20057296806e-13  7.20071657658e-13  7.20074433805e-13  7.20074927217e-13  7.20075006623e-13  7.20075006623e-13  7.20074927217e-13  7.20074433805e-13  7.20071657658e-13  7.20057296806e-13  7.19989384587e-13  7.1969787018e-13  7.1857141508e-13  7.14690994335e-13  7.02910657608e-13  6.71819873558e-13  6.01623105821e-13  4.68540256481e-13  2.60990291397e-13  
2.57056993426e-14  4.61366306945e-14  5.92231622929e-14  6.61153376647e-14  6.91620474278e-14  7.03138080287e-14  7.06922086419e-14  7.08017389968e-14  7.08299956411e-14  7.08365563686e-14  7.08379387915e-14  7.08382050361e-14  7.08382521727e-14  7.08382597292e-14  7.08382597292e-14  7.08382521727e-14  7.08382050361e-14  7.08379387915e-14  7.08365563686e-14  7.08299956411e-14  7.08017389968e-14  7.06922086419e-14  7.03138080287e-14  6.91620474278e-14  6.61153376647e-14  5.92231622929e-14  4.61366306945e-14  2.57056993426e-14  
2.42173236791e-15  4.34532380988e-15  5.57596269023e-15  6.22300190861e-15  6.50842653158e-15  6.61606127195e-15  6.65132570279e-15  6.66150215207e-15  6.66411885782e-15  6.66472429072e-15  6.66485139239e-15  6.66487577681e-15  6.66488007657e-15  6.66488076313e-15  6.66488076313e-15  6.66488007657e-15  6.66487577681e-15  6.66485139239e-15  6.66472429072e-15  6.66411885782e-15  6.66150215207e-15  6.65132570279e-15  6.61606127195e-15  6.50842653158e-15  6.22300190861e-15  5.57596269023e-15  4.34532380988e-15  2.42173236791e-15  
2.18533207587e-16  3.91994724045e-16  5.02823538076e-16  5.60988226514e-16  5.86588199855e-16  5.96216782763e-16  5.99362173172e-16  6.00266959294e-16  6.00498813603e-16  6.00552263535e-16  6.00563441762e-16  6.00565577766e-16  6.0056595286e-16  6.00566012507e-16  6.00566012507e-16  6.0056595286e-16  6.00565577766e-16  6.00563441762e-16  6.00552263535e-16  6.00498813603e-16  6.00266959294e-16  5.99362173172e-16  5.96216782763e-16  5.86588199855e-16  5.60988226514e-16  5.02823538076e-16  3.91994724045e-16  2.18533207587e-16  
1.89124933946e-17  3.39130554302e-17  4.34837662348e-17  4.84968186029e-17  5.06979257788e-17  5.15235150722e-17  5.17923854029e-17  5.1869469881e-17  5.18891528172e-17  5.18936733373e-17  5.18946150166e-17  5.18947942219e-17  5.18948255582e-17  5.18948305205e-17  5.18948305205e-17  5.18948255582e-17  5.18947942219e-17  5.18946150166e-17  5.18936733373e-17  5.18891528172e-17  5.1869469881e-17  5.17923854029e-17  5.15235150722e-17  5.06979257788e-17  4.84968186029e-17  4.34837662348e-17  3.39130554302e-17  1.89124933946e-17  
1.56213084273e-18  2.80015807861e-18  3.58887625415e-18  4.00115620331e-18  4.18172744967e-18  4.2492626821e-18  4.27118753474e-18  4.27745189696e-18  4.27904564587e-18  4.27941027748e-18  4.27948593115e-18  4.2795002686e-18  4.27950276494e-18  4.27950315858e-18  4.27950315858e-18  4.27950276494e-18  4.2795002686e-18  4.27948593115e-18  4.27941027748e-18  4.27904564587e-18  4.27745189696e-18  4.27118753474e-18  4.2492626821e-18  4.18172744967e-18  4.00115620331e-18  3.58887625415e-18  2.80015807861e-18  1.56213084273e-18  
