1000.0  1000.0  1000.0  1000.0  1000.0  1000.0  1000.0  1000.0  1000.0  1000.0  1000.0  1000.0  1000.0  1000.0  1000.0  1000.0  1000.0  1000.0  1000.0  1000.0  1000.0  1000.0  1000.0  1000.0  1000.0  1000.0  1000.0  1000.0  
251.847175486  401.085350397  479.780655586  519.413064003  538.754861855  547.895253747  552.059322206  553.879984299  554.641423082  554.945353488  555.060988262  555.10287715  555.117230418  555.121549966  555.121549966  555.117230418  555.10287715  555.060988262  554.945353488  554.641423082  553.879984299  552.059322206  547.895253747  538.754861855  519.413064003  479.780655586  401.085350397  251.847175486  
141.216665928  243.078074398  305.876586096  341.205672077  359.815074893  369.083787585  373.463523218  375.42868389  376.266064417  376.604947609  376.735224519  376.782793025  376.799191603  376.804147792  376.804147792  376.799191603  376.782793025  376.735224519  376.604947609  376.266064417  375.42868389  373.463523218  369.083787585  359.815074893  341.205672077  305.876586096  243.078074398  141.216665928  
79.4834385646  142.412965008  185.051880888  210.971113604  225.46247405  233.011387722  236.700449595  238.398127026  239.135561828  239.438432016  239.556205911  239.599597211  239.614661078  239.619236725  239.619236725  239.614661078  239.599597211  239.556205911  239.438432016  239.135561828  238.398127026  236.700449595  233.011387722  225.46247405  210.971113604  185.051880888  142.412965008  79.4834385646  
43.6297558813  79.902682983  105.97420413  122.705035157  132.493419415  137.782283994  140.442882891  141.695582093  142.249641849  142.480481584  142.571277868  142.605037947  142.61684395  142.620448954  142.620448954  142.61684395  142.605037947  142.571277868  142.480481584  142.249641849  141.695582093  140.442882891  137.782283994  132.493419415  122.705035157  105.97420413  79.902682983  43.6297558813  
22.9842670011  42.6333661246  57.3061418394  67.0899405236  73.0138874323  76.309568676  78.008124764  78.8238906585  79.1905851686  79.3453914381  79.4069410241  79.4300289706  79.4381605077  79.4406564253  79.4406564253  79.4381605077  79.4300289706  79.4069410241  79.3453914381  79.1905851686  78.8238906585  78.008124764  76.309568676  73.0138874323  67.0899405236  57.3061418394  42.6333661246  22.9842670011  
11.5206335252  21.539424394  29.2148089978  34.4756187586  37.7450441894  39.606570014  40.5853057  41.0633573407  41.2813031438  41.3744029488  41.4117833855  41.4259199152  41.4309320666  41.432478082  41.432478082  41.4309320666  41.4259199152  41.4117833855  41.3744029488  41.2813031438  41.0633573407  40.5853057  39.606570014  37.7450441894  34.4756187586  29.2148089978  21.539424394  11.5206335252  
5.47029732373  10.2807298446  14.0319394896  16.655369495  18.3185573483  19.2831061381  19.7985838096  20.0539557921  20.1718028814  20.2226657193  20.2432667095  20.2511150909  20.2539147316  20.2547821964  20.2547821964  20.2539147316  20.2511150909  20.2432667095  20.2226657193  20.1718028814  20.0539557921  19.7985838096  19.2831061381  18.3185573483  16.655369495  14.0319394896  10.2807298446  5.47029732373  
2.45575545906  4.63177183775  6.35028161103  7.57029611464  8.35574794373  8.81798131053  9.06832753576  9.19382844657  9.25234545218  9.27782797877  9.28822854998  9.29221681202  9.29364725674  9.2940922838  9.2940922838  9.29364725674  9.29221681202  9.28822854998  9.27782797877  9.25234545218  9.19382844657  9.06832753576  8.81798131053  8.35574794373  7.57029611464  6.35028161103  4.63177183775  2.45575545906  
1.04178182015  1.96989864049  2.70972677093  3.24095669289  3.5870979005  3.79320173447  3.9060531675  3.96318792639  3.99006235267  4.00185552588  4.00670099558  4.00856973299  4.00924321387  4.00945349866  4.00945349866  4.00924321387  4.00856973299  4.00670099558  4.00185552588  3.99006235267  3.96318792639  3.9060531675  3.79320173447  3.5870979005  3.24095669289  2.70972677093  1.96989864049  1.04178182015  
0.417774193691  0.79144697534  1.09139991717  1.30867469294  1.45159518744  1.53750212699  1.58496335321  1.60919068323  1.62067109095  1.62574210558  1.62783763263  1.628649839  1.62894378667  1.62903585859  1.62903585859  1.62894378667  1.628649839  1.62783763263  1.62574210558  1.62067109095  1.60919068323  1.58496335321  1.53750212699  1.45159518744  1.30867469294  1.09139991717  0.79144697534  0.417774193691  
0.158512719879  0.300716920896  0.415478974305  0.499179372716  0.554653446627  0.588254090732  0.606954854715  0.616566674138  0.621149852753  0.623185614858  0.624031018401  0.624360098555  0.624479631626  0.624517175476  0.624517175476  0.624479631626  0.624360098555  0.624031018401  0.623185614858  0.621149852753  0.616566674138  0.606954854715  0.588254090732  0.554653446627  0.499179372716  0.415478974305  0.300716920896  0.158512719879  
0.0569725172221  0.108201099969  0.149716475887  0.180159696782  0.200459263821  0.212831656677  0.219759657981  0.223340960075  0.225057619962  0.225823746617  0.22614324112  0.226268065556  0.22631354828  0.226327867648  0.226327867648  0.22631354828  0.226268065556  0.22614324112  0.225823746617  0.225057619962  0.223340960075  0.219759657981  0.212831656677  0.200459263821  0.180159696782  0.149716475887  0.108201099969  0.0569725172221  
0.0194242708503  0.0369216415863  0.0511481993265  0.0616258188876  0.0686466956633  0.0729477794697  0.0753683601097  0.076625632449  0.0772309630652  0.0775021999904  0.0776157175798  0.0776602074724  0.0776764617739  0.0776815894497  0.0776815894497  0.0776764617739  0.0776602074724  0.0776157175798  0.0775021999904  0.0772309630652  0.076625632449  0.0753683601097  0.0729477794697  0.0686466956633  0.0616258188876  0.0511481993265  0.0369216415863  0.0194242708503  
0.00629131864211  0.0119666226285  0.0165931910962  0.0200125081047  0.0223129211369  0.0237281223586  0.02452790913  0.0249449885944  0.0251465441919  0.025237163033  0.025275203404  0.0252901518296  0.0252956255561  0.0252973552653  0.0252973552653  0.0252956255561  0.0252901518296  0.025275203404  0.025237163033  0.0251465441919  0.0249449885944  0.02452790913  0.0237281223586  0.0223129211369  0.0200125081047  0.0165931910962  0.0119666226285  0.00629131864211  
0.00193870457452  0.00368958106041  0.00511994559421  0.00618007759875  0.00689564308476  0.00733738448902  0.00758789779551  0.00771897391895  0.00778251450656  0.00781116338089  0.00782322030503  0.00782796878703  0.00782971084693  0.00783026212117  0.00783026212117  0.00782971084693  0.00782796878703  0.00782322030503  0.00781116338089  0.00778251450656  0.00771897391895  0.00758789779551  0.00733738448902  0.00689564308476  0.00618007759875  0.00511994559421  0.00368958106041  0.00193870457452  
0.000569258607249  0.0010838406925  0.00150494903084  0.00181778293865  0.00202950813102  0.0021605880439  0.00223513844288  0.00227425401142  0.00229326505947  0.00230185702215  0.00230548063198  0.00230691039501  0.00230743574718  0.00230760218782  0.00230760218782  0.00230743574718  0.00230691039501  0.00230548063198  0.00230185702215  0.00229326505947  0.00227425401142  0.00223513844288  0.0021605880439  0.00202950813102  0.00181778293865  0.00150494903084  0.0010838406925  0.000569258607249  
0.000159507043187  0.0003038019717  0.00042205176694  0.000510064469707  0.000569763417177  0.000606810954433  0.000627931768055  0.000639039181545  0.000644449306931  0.000646899205814  0.000647934246848  0.000648343263068  0.000648493742932  0.000648541462077  0.000648541462077  0.000648493742932  0.000648343263068  0.000647934246848  0.000646899205814  0.000644449306931  0.000639039181545  0.000627931768055  0.000606810954433  0.000569763417177  0.000510064469707  0.00042205176694  0.0003038019717  0.000159507043187  
4.27119420937e-05  8.13741513149e-05  0.000113094295377  0.000136740269122  0.000152808611585  0.000162799708646  0.000168506895389  0.000171514031951  0.000172981340482  0.000173646865509  0.000173928440568  0.000174039846976  0.000174080875561  0.000174093895764  0.000174093895764  0.000174080875561  0.000174039846976  0.000173928440568  0.000173646865509  0.000172981340482  0.000171514031951  0.000168506895389  0.000162799708646  0.000152808611585  0.000136740269122  0.000113094295377  8.13741513149e-05  4.27119420937e-05  
1.09451944954e-05  2.08575838015e-05  2.89977914856e-05  3.50737249545e-05  3.92087509065e-05  4.17839989875e-05  4.32574413569e-05  4.40350198149e-05  4.44149857673e-05  4.45875524502e-05  4.46606468547e-05  4.4689594978e-05  4.47002642465e-05  4.47036519357e-05  4.47036519357e-05  4.47002642465e-05  4.4689594978e-05  4.46606468547e-05  4.45875524502e-05  4.44149857673e-05  4.40350198149e-05  4.32574413569e-05  4.17839989875e-05  3.92087509065e-05  3.50737249545e-05  2.89977914856e-05  2.08575838015e-05  1.09451944954e-05  
2.68772109002e-06  5.12282053906e-06  7.12410059823e-06  8.61944024976e-06  9.63835569186e-06  1.02737602586e-05  1.06377922748e-05  1.08301468999e-05  1.09242518094e-05  1.09670354471e-05  1.09851736341e-05  1.09923623348e-05  1.09950133525e-05  1.09958554223e-05  1.09958554223e-05  1.09950133525e-05  1.09923623348e-05  1.09851736341e-05  1.09670354471e-05  1.09242518094e-05  1.08301468999e-05  1.06377922748e-05  1.02737602586e-05  9.63835569186e-06  8.61944024976e-06  7.12410059823e-06  5.12282053906e-06  2.68772109002e-06  
6.33269472977e-07  1.20720831959e-06  1.67919382803e-06  2.032157838e-06  2.27290538972e-06  2.42319777507e-06  2.50939431115e-06  2.55498688501e-06  2.57731261859e-06  2.58747094875e-06  2.59178049584e-06  2.59348940656e-06  2.59411985436e-06  2.59432015725e-06  2.59432015725e-06  2.59411985436e-06  2.59348940656e-06  2.59178049584e-06  2.58747094875e-06  2.57731261859e-06  2.55498688501e-06  2.50939431115e-06  2.42319777507e-06  2.27290538972e-06  2.032157838e-06  1.67919382803e-06  1.20720831959e-06  6.33269472977e-07  
1.43340397015e-07  2.73286283668e-07  3.80202899692e-07  4.60213061956e-07  5.14829671628e-07  5.48954446198e-07  5.68542436241e-07  5.78911489718e-07  5.83992602597e-07  5.86305927721e-07  5.87287797956e-07  5.87677285527e-07  5.87821006035e-07  5.87866672965e-07  5.87866672965e-07  5.87821006035e-07  5.87677285527e-07  5.87287797956e-07  5.86305927721e-07  5.83992602597e-07  5.78911489718e-07  5.68542436241e-07  5.48954446198e-07  5.14829671628e-07  4.60213061956e-07  3.80202899692e-07  2.73286283668e-07  1.43340397015e-07  
3.12055349713e-08  5.95011425076e-08  8.27915454713e-08  1.00230246183e-07  1.12141814723e-07  1.19589199079e-07  1.23866870671e-07  1.26132649166e-07  1.27243517805e-07  1.27749484827e-07  1.27964303516e-07  1.28049533465e-07  1.28080985434e-07  1.28090979078e-07  1.28090979078e-07  1.28080985434e-07  1.28049533465e-07  1.27964303516e-07  1.27749484827e-07  1.27243517805e-07  1.26132649166e-07  1.23866870671e-07  1.19589199079e-07  1.12141814723e-07  1.00230246183e-07  8.27915454713e-08  5.95011425076e-08  3.12055349713e-08  
6.54124445827e-09  1.24735194768e-08  1.73579809632e-08  2.1016780419e-08  2.35171590086e-08  2.50812453957e-08  2.59800699885e-08  2.64563603545e-08  2.66899586289e-08  2.67963827612e-08  2.6841574058e-08  2.68595045331e-08  2.68661208959e-08  2.68682229373e-08  2.68682229373e-08  2.68661208959e-08  2.68595045331e-08  2.6841574058e-08  2.67963827612e-08  2.66899586289e-08  2.64563603545e-08  2.59800699885e-08  2.50812453957e-08  2.35171590086e-08  2.1016780419e-08  1.73579809632e-08  1.24735194768e-08  6.54124445827e-09  
1.32160501852e-09  2.52032830897e-09  3.50756018016e-09  4.24730271559e-09  4.75301726684e-09  5.06947797087e-09  5.25139796038e-09  5.34782500891e-09  5.39512756145e-09  5.41668032808e-09  5.42583245414e-09  5.42946338824e-09  5.43080295664e-09  5.43122844727e-09  5.43122844727e-09  5.43080295664e-09  5.42946338824e-09  5.42583245414e-09  5.41668032808e-09  5.39512756145e-09  5.34782500891e-09  5.25139796038e-09  5.06947797087e-09  4.75301726684e-09  4.24730271559e-09  3.50756018016e-09  2.52032830897e-09  1.32160501852e-09  
2.57387738132e-10  4.90866087058e-10  6.83185570869e-10  8.2732564127e-10  9.25889903933e-10  9.87583464636e-10  1.02305585127e-09  1.04186082853e-09  1.05108631012e-09  1.05528969819e-09  1.05707441312e-09  1.05778231562e-09  1.05804340656e-09  1.0581263118e-09  1.0581263118e-09  1.05804340656e-09  1.05778231562e-09  1.05707441312e-09  1.05528969819e-09  1.05108631012e-09  1.04186082853e-09  1.02305585127e-09  9.87583464636e-10  9.25889903933e-10  8.2732564127e-10  6.83185570869e-10  4.90866087058e-10  2.57387738132e-10  
4.69556009132e-11  8.95521126232e-11  1.24643559979e-10  1.50947875113e-10  1.68937779373e-10  1.80199590625e-10  1.8667548981e-10  1.90108681961e-10  1.91792900585e-10  1.92560187007e-10  1.9288590195e-10  1.93015058124e-10  1.93062676557e-10  1.93077791535e-10  1.93077791535e-10  1.93062676557e-10  1.93015058124e-10  1.9288590195e-10  1.92560187007e-10  1.91792900585e-10  1.90108681961e-10  1.8667548981e-10  1.80199590625e-10  1.68937779373e-10  1.50947875113e-10  1.24643559979e-10  8.95521126232e-11  4.69556009132e-11  
