1000.0  1000.0  1000.0  1000.0  1000.0  1000.0  1000.0  1000.0  1000.0  1000.0  1000.0  1000.0  1000.0  1000.0  1000.0  1000.0  1000.0  1000.0  1000.0  1000.0  1000.0  1000.0  1000.0  1000.0  1000.0  1000.0  1000.0  1000.0  
282.650112879  460.915018326  565.412559048  626.723876382  663.330975437  685.551003025  699.177958228  707.563816389  712.71005387  715.841421889  717.717724965  718.810375447  719.405832121  719.666801243  719.666801243  719.405832121  718.810375447  717.717724965  715.841421889  712.71005387  707.563816389  699.177958228  685.551003025  663.330975437  626.723876382  565.412559048  460.915018326  282.650112879  
180.990706543  320.356981847  416.537056118  479.966736517  521.01157266  547.328058039  564.084427939  574.669111439  581.286583668  585.367891244  587.837857793  589.286800211  590.080513746  590.429466517  590.429466517  590.080513746  589.286800211  587.837857793  585.367891244  581.286583668  574.669111439  564.084427939  547.328058039  521.01157266  479.966736517  416.537056118  320.356981847  180.990706543  
122.639404317  226.299207488  305.254875702  361.825777726  400.872989227  427.157934041  444.513562374  455.778328511  462.96614289  467.468347205  470.225366275  471.857155533  472.756753884  473.153812236  473.153812236  472.756753884  471.857155533  470.225366275  467.468347205  462.96614289  455.778328511  444.513562374  427.157934041  400.872989227  361.825777726  305.254875702  226.299207488  122.639404317  
85.2722410114  160.891198555  222.123306353  268.627328312  302.369296793  326.028175905  342.166383564  352.913671367  359.911609161  364.365432446  367.127270944  368.777835724  369.694243132  370.100500488  370.100500488  369.694243132  368.777835724  367.127270944  364.365432446  359.911609161  352.913671367  342.166383564  326.028175905  302.369296793  268.627328312  222.123306353  160.891198555  85.2722410114  
59.7249428634  114.134620914  159.951739965  196.209407026  223.538438234  243.347296028  257.242618983  266.713109243  272.997987251  277.060451423  279.611351457  281.150997633  282.01210844  282.395610099  282.395610099  282.01210844  281.150997633  279.611351457  277.060451423  272.997987251  266.713109243  257.242618983  243.347296028  223.538438234  196.209407026  159.951739965  114.134620914  59.7249428634  
41.6701320836  80.2561190126  113.602112903  140.777891449  161.864437615  177.561579532  188.834921142  196.675865492  201.969777762  205.441584869  207.647896042  208.992475599  209.74996562  210.088872295  210.088872295  209.74996562  208.992475599  207.647896042  205.441584869  201.969777762  196.675865492  188.834921142  177.561579532  161.864437615  140.777891449  113.602112903  80.2561190126  41.6701320836  
28.7599408798  55.6733159409  79.3493371185  99.0612041848  114.699606139  126.592150736  135.302096196  141.466942588  145.693385671  148.501935802  150.306797169  151.416835132  152.04656654  152.329568875  152.329568875  152.04656654  151.416835132  150.306797169  148.501935802  145.693385671  141.466942588  135.302096196  126.592150736  114.699606139  99.0612041848  79.3493371185  55.6733159409  28.7599408798  
19.5470125666  37.9706491411  54.3839169513  68.267115462  79.4717300387  88.1394601967  94.5914772706  99.2268156103  102.447561022  104.613267206  106.019300406  106.891428055  107.389441312  107.614192964  107.614192964  107.389441312  106.891428055  106.019300406  104.613267206  102.447561022  99.2268156103  94.5914772706  88.1394601967  79.4717300387  68.267115462  54.3839169513  37.9706491411  19.5470125666  
13.0431612786  25.3995231572  36.5095127399  46.0199408758  53.7988013628  59.8998166303  64.5027014503  67.8517476932  70.2060274428  71.8057982465  72.8540274292  73.5092942739  73.8857445754  74.0563016448  74.0563016448  73.8857445754  73.5092942739  72.8540274292  71.8057982465  70.2060274428  67.8517476932  64.5027014503  59.8998166303  53.7988013628  46.0199408758  36.5095127399  25.3995231572  13.0431612786  
8.52681417731  16.6349670743  23.9758457756  30.317869146  35.5602732893  39.7180343358  42.8900291775  45.222921779  46.8795079645  48.0156416293  48.7662430788  49.2387746694  49.5117496107  49.6358712093  49.6358712093  49.5117496107  49.2387746694  48.7662430788  48.0156416293  46.8795079645  45.222921779  42.8900291775  39.7180343358  35.5602732893  30.317869146  23.9758457756  16.6349670743  8.52681417731  
5.45326206346  10.6534952073  15.3866853576  19.5053669004  22.9387802753  25.6867255853  27.8027335688  29.37326385  30.4982648207  31.2761106449  31.7937891801  32.1217586773  32.3121746267  32.3990409194  32.3990409194  32.3121746267  32.1217586773  31.7937891801  31.2761106449  30.4982648207  29.37326385  27.8027335688  25.6867255853  22.9387802753  19.5053669004  15.3866853576  10.6534952073  5.45326206346  
3.40834864235  6.66569794238  9.64284476639  12.2483240571  14.4351705015  16.1985770498  17.5670632969  18.5906986568  19.3294949442  19.8439577671  20.1885821641  20.4081570205  20.5362176282  20.5948114699  20.5948114699  20.5362176282  20.4081570205  20.1885821641  19.8439577671  19.3294949442  18.5906986568  17.5670632969  16.1985770498  14.4351705015  12.2483240571  9.64284476639  6.66569794238  3.40834864235  
2.08035003339  4.07198835143  5.89833890637  7.50407056665  8.8593376118  9.95899155126  10.8179804802  11.4647867499  11.9346647507  12.2639096849  12.4857351168  12.6277867261  12.7109710779  12.7491337868  12.7491337868  12.7109710779  12.6277867261  12.4857351168  12.2639096849  11.9346647507  11.4647867499  10.8179804802  9.95899155126  8.8593376118  7.50407056665  5.89833890637  4.07198835143  2.08035003339  
1.23942044813  2.42764476419  3.52017844012  4.48435705027  5.30189577046  5.96869260977  6.49245168081  6.88908323234  7.17885261855  7.38300574872  7.52125379625  7.61018456287  7.66245137351  7.68648763123  7.68648763123  7.66245137351  7.61018456287  7.52125379625  7.38300574872  7.17885261855  6.88908323234  6.49245168081  5.96869260977  5.30189577046  4.48435705027  3.52017844012  2.42764476419  1.23942044813  
0.720525950611  1.4120754509  2.049329278  2.61346565204  3.09364204344  3.48699635685  3.79743087305  4.03366870811  4.20710796043  4.32988843004  4.41340778838  4.46734930404  4.49915527823  4.51381363238  4.51381363238  4.49915527823  4.46734930404  4.41340778838  4.32988843004  4.20710796043  4.03366870811  3.79743087305  3.48699635685  3.09364204344  2.61346565204  2.049329278  1.4120754509  0.720525950611  
0.408643530062  0.801221587498  1.16363564508  1.48529923695  1.75997410727  1.98581956257  2.16477712306  2.30153857009  2.40237558566  2.47406050978  2.52301759273  2.55474998116  2.57351503541  2.58217995619  2.58217995619  2.57351503541  2.55474998116  2.52301759273  2.47406050978  2.40237558566  2.30153857009  2.16477712306  1.98581956257  1.75997410727  1.48529923695  1.16363564508  0.801221587498  0.408643530062  
0.226080319904  0.443442763757  0.64440987559  0.823169342837  0.976233145391  1.10248522109  1.2028739485  1.27987366879  1.33685984895  1.37752147515  1.40538941435  1.42351004321  1.43425358864  1.43922309351  1.43922309351  1.43425358864  1.42351004321  1.40538941435  1.37752147515  1.33685984895  1.27987366879  1.2028739485  1.10248522109  0.976233145391  0.823169342837  0.64440987559  0.443442763757  0.226080319904  
0.122010595443  0.23939384801  0.34806283583  0.444902565949  0.528015664434  0.596756546271  0.651579839116  0.693764457564  0.725087086116  0.747509965175  0.762925936918  0.772978344377  0.778952165046  0.781719680584  0.781719680584  0.778952165046  0.772978344377  0.762925936918  0.747509965175  0.725087086116  0.693764457564  0.651579839116  0.596756546271  0.528015664434  0.444902565949  0.34806283583  0.23939384801  0.122010595443  
0.0642347151505  0.126067983078  0.183373693166  0.23452222318  0.278508654422  0.314974230981  0.344132756234  0.366631842622  0.38338592727  0.395414320517  0.403707003044  0.409128161767  0.412356475237  0.413854145084  0.413854145084  0.412356475237  0.409128161767  0.403707003044  0.395414320517  0.38338592727  0.366631842622  0.344132756234  0.314974230981  0.278508654422  0.23452222318  0.183373693166  0.126067983078  0.0642347151505  
0.0329930133967  0.0647678384215  0.0942437654453  0.120588526849  0.143283585602  0.162136567742  0.177246087743  0.188933320556  0.197658439157  0.203938578831  0.208278999297  0.211122867627  0.212819548672  0.213607647801  0.213607647801  0.212819548672  0.211122867627  0.208278999297  0.203938578831  0.197658439157  0.188933320556  0.177246087743  0.162136567742  0.143283585602  0.120588526849  0.0942437654453  0.0647678384215  0.0329930133967  
0.0165353350694  0.0324667437797  0.0472575321753  0.0604927247356  0.0719115163262  0.0814140695573  0.0890449857547  0.0949602241445  0.0993861895498  0.102579144442  0.104790781243  0.106242787444  0.10711051347  0.107514017708  0.107514017708  0.10711051347  0.106242787444  0.104790781243  0.102579144442  0.0993861895498  0.0949602241445  0.0890449857547  0.0814140695573  0.0719115163262  0.0604927247356  0.0472575321753  0.0324667437797  0.0165353350694  
0.00808741658855  0.0158822543524  0.0231241227582  0.0296109945313  0.0352149551997  0.0398857523181  0.043643163571  0.0465613262385  0.0487491417184  0.0503306582525  0.051428275104  0.0521501978749  0.0525822677041  0.0527833875376  0.0527833875376  0.0525822677041  0.0521501978749  0.051428275104  0.0503306582525  0.0487491417184  0.0465613262385  0.043643163571  0.0398857523181  0.0352149551997  0.0296109945313  0.0231241227582  0.0158822543524  0.00808741658855  
0.00386061573706  0.00758273130506  0.0110429274665  0.0141451649724  0.0168282488011  0.0190676102568  0.0208718468149  0.0222754512062  0.0233296311588  0.0240930461887  0.0246238121611  0.0249734728889  0.0251830253292  0.0252806557157  0.0252806557157  0.0251830253292  0.0249734728889  0.0246238121611  0.0240930461887  0.0233296311588  0.0222754512062  0.0208718468149  0.0190676102568  0.0168282488011  0.0141451649724  0.0110429274665  0.00758273130506  0.00386061573706  
0.00179809729448  0.00353216188503  0.00514507095124  0.00659226071763  0.00784517999006  0.00889215394549  0.00973684513798  0.0103949514309  0.0108900013876  0.0112490824405  0.0114991276248  0.0116640927984  0.0117630757593  0.0118092291712  0.0118092291712  0.0117630757593  0.0116640927984  0.0114991276248  0.0112490824405  0.0108900013876  0.0103949514309  0.00973684513798  0.00889215394549  0.00784517999006  0.00659226071763  0.00514507095124  0.00353216188503  0.00179809729448  
0.000814791683332  0.00160075412784  0.00233214490535  0.00298883729995  0.003557875888  0.00403388058172  0.00441837715779  0.00471833383018  0.00494428405954  0.00510840798341  0.00522285451218  0.00529845674827  0.00534386828447  0.00536505781117  0.00536505781117  0.00534386828447  0.00529845674827  0.00522285451218  0.00510840798341  0.00494428405954  0.00471833383018  0.00441837715779  0.00403388058172  0.003557875888  0.00298883729995  0.00233214490535  0.00160075412784  0.000814791683332  
0.000352965492372  0.000693509703496  0.00101053268322  0.00129534018651  0.00154231406971  0.00174909169179  0.00191628579825  0.0020468623522  0.00214533752135  0.0022169528916  0.0022669504747  0.00230001439308  0.00231989268584  0.00232917377111  0.00232917377111  0.00231989268584  0.00230001439308  0.0022669504747  0.0022169528916  0.00214533752135  0.0020468623522  0.00191628579825  0.00174909169179  0.00154231406971  0.00129534018651  0.00101053268322  0.000693509703496  0.000352965492372  
0.000130368592157  0.000256167164904  0.000373309578067  0.000478591157047  0.000569935370272  0.000646461208798  0.000708382300504  0.000756780201174  0.000793310491105  0.000819899833094  0.000838478719297  0.000850774797445  0.000858172133282  0.000861627436413  0.000861627436413  0.000858172133282  0.000850774797445  0.000838478719297  0.000819899833094  0.000793310491105  0.000756780201174  0.000708382300504  0.000646461208798  0.000569935370272  0.000478591157047  0.000373309578067  0.000256167164904  0.000130368592157  
