1000.0  1000.0  1000.0  1000.0  1000.0  1000.0  1000.0  1000.0  1000.0  1000.0  1000.0  1000.0  1000.0  1000.0  1000.0  1000.0  1000.0  1000.0  1000.0  1000.0  1000.0  1000.0  1000.0  1000.0  1000.0  1000.0  1000.0  1000.0  
245.071415905  388.146860483  461.739437474  497.518786439  514.200848662  521.657891959  524.841957795  526.136011625  526.635350591  526.818038513  526.881378116  526.902185823  526.908637646  526.910413261  526.910413261  526.908637646  526.902185823  526.881378116  526.818038513  526.635350591  526.136011625  524.841957795  521.657891959  514.200848662  497.518786439  461.739437474  388.146860483  245.071415905  
133.229691165  227.82686372  284.610808249  315.398533271  330.873272236  338.158206033  341.383137551  342.727820165  343.256413361  343.452473493  343.521154335  343.543895404  343.550989578  343.552950468  343.552950468  343.550989578  343.543895404  343.521154335  343.452473493  343.256413361  342.727820165  341.383137551  338.158206033  330.873272236  315.398533271  284.610808249  227.82686372  133.229691165  
71.8580929069  127.852451571  164.749523492  186.333609356  197.83290361  203.488477889  206.075513446  207.181148526  207.623989602  207.79062263  207.849650364  207.869366968  207.875559961  207.877280298  207.877280298  207.875559961  207.869366968  207.849650364  207.79062263  207.623989602  207.181148526  206.075513446  203.488477889  197.83290361  186.333609356  164.749523492  127.852451571  71.8580929069  
37.3921600189  67.9922262063  89.367273469  102.552515565  109.894037686  113.634758442  115.394385525  116.163133847  116.476427702  116.595944556  116.638747528  116.653170394  116.65773232  116.659006072  116.659006072  116.65773232  116.653170394  116.638747528  116.595944556  116.476427702  116.163133847  115.394385525  113.634758442  109.894037686  102.552515565  89.367273469  67.9922262063  37.3921600189  
18.4922543963  34.0561726289  45.3471134034  52.5780519028  56.7404516846  58.9217577957  59.9718928244  60.4394300166  60.6329164405  60.7076543688  60.7346932123  60.7438797249  60.7468048368  60.7476256142  60.7476256142  60.7468048368  60.7438797249  60.7346932123  60.7076543688  60.6329164405  60.4394300166  59.9718928244  58.9217577957  56.7404516846  52.5780519028  45.3471134034  34.0561726289  18.4922543963  
8.62589160318  16.0122100161  21.5085164388  25.1245739755  27.2592310502  28.4030093764  28.9641898733  29.2180453239  29.3245026088  29.3660779601  29.3812564814  29.3864522723  29.3881168557  29.3885860763  29.3885860763  29.3881168557  29.3864522723  29.3812564814  29.3660779601  29.3245026088  29.2180453239  28.9641898733  28.4030093764  27.2592310502  25.1245739755  21.5085164388  16.0122100161  8.62589160318  
3.78210557453  7.05736306828  9.5379057775  11.2023591569  12.2040186115  12.7502236582  13.0223779751  13.1471341465  13.2000452163  13.2209061942  13.2285831972  13.2312286966  13.2320809051  13.2323221225  13.2323221225  13.2320809051  13.2312286966  13.2285831972  13.2209061942  13.2000452163  13.1471341465  13.0223779751  12.7502236582  12.2040186115  11.2023591569  9.5379057775  7.05736306828  3.78210557453  
1.55709474122  2.9159405861  3.95813575269  4.66779826538  5.10125309658  5.34093120247  5.46186099343  5.51790895477  5.54190687344  5.55144563813  5.55498028218  5.55620542866  5.55660200034  5.55671465908  5.55671465908  5.55660200034  5.55620542866  5.55498028218  5.55144563813  5.54190687344  5.51790895477  5.46186099343  5.34093120247  5.10125309658  4.66779826538  3.95813575269  2.9159405861  1.55709474122  
0.60210616955  1.13043568189  1.53941849728  1.82102383823  1.99502550225  2.09231450232  2.1419052149  2.16509955981  2.17511016858  2.1791167595  2.18061022251  2.18113047594  2.18129958371  2.1813477761  2.1813477761  2.18129958371  2.18113047594  2.18061022251  2.1791167595  2.17511016858  2.16509955981  2.1419052149  2.09231450232  1.99502550225  1.82102383823  1.53941849728  1.13043568189  0.60210616955  
0.218912889261  0.411774414906  0.562110934528  0.666515376704  0.73161553153  0.768340717924  0.787216930316  0.796112356329  0.799977289131  0.8015331972  0.802116082119  0.802320003126  0.802386524781  0.80240553344  0.80240553344  0.802386524781  0.802320003126  0.802116082119  0.8015331972  0.799977289131  0.796112356329  0.787216930316  0.768340717924  0.73161553153  0.666515376704  0.562110934528  0.411774414906  0.218912889261  
0.0749487658661  0.141177781157  0.193078813687  0.229364051005  0.252153261574  0.265102189536  0.271803177689  0.274980734721  0.276369036453  0.276930662692  0.277141955193  0.277216143309  0.277240417673  0.27724736994  0.27724736994  0.277240417673  0.277216143309  0.277141955193  0.276930662692  0.276369036453  0.274980734721  0.271803177689  0.265102189536  0.252153261574  0.229364051005  0.193078813687  0.141177781157  0.0749487658661  
0.0242052203859  0.0456438325468  0.0625139309578  0.0743704661334  0.0818601910467  0.0861407464082  0.088368279781  0.0894300021665  0.0898960275947  0.0900853251398  0.0901567945425  0.0901819646829  0.0901902211647  0.0901925903372  0.0901925903372  0.0901902211647  0.0901819646829  0.0901567945425  0.0900853251398  0.0898960275947  0.0894300021665  0.088368279781  0.0861407464082  0.0818601910467  0.0743704661334  0.0625139309578  0.0456438325468  0.0242052203859  
0.00738768494308  0.0139427580494  0.0191177379875  0.0227700505089  0.0250879521802  0.026418975436  0.0271147884147  0.0274478470006  0.0275945986553  0.0276544108363  0.0276770594781  0.0276850559166  0.0276876844175  0.0276884398262  0.0276884398262  0.0276876844175  0.0276850559166  0.0276770594781  0.0276544108363  0.0275945986553  0.0274478470006  0.0271147884147  0.026418975436  0.0250879521802  0.0227700505089  0.0191177379875  0.0139427580494  0.00738768494308  
0.00213490524647  0.00403188911912  0.00553335144029  0.00659659117975  0.00727390553124  0.0076643469383  0.00786922124713  0.00796762932567  0.00801112689399  0.00802890495877  0.00803565314318  0.00803804057462  0.00803882666412  0.0080390528589  0.0080390528589  0.00803882666412  0.00803804057462  0.00803565314318  0.00802890495877  0.00801112689399  0.00796762932567  0.00786922124713  0.0076643469383  0.00727390553124  0.00659659117975  0.00553335144029  0.00403188911912  0.00213490524647  
0.000585231376189  0.00110582910471  0.00151873237679  0.00181191517558  0.0019992506835  0.00210758110317  0.00216459896623  0.00219206498632  0.00220423675364  0.00220922288288  0.00221111922988  0.00221179123986  0.00221201280071  0.00221207661516  0.00221207661516  0.00221201280071  0.00221179123986  0.00221111922988  0.00220922288288  0.00220423675364  0.00219206498632  0.00216459896623  0.00210758110317  0.0019992506835  0.00181191517558  0.00151873237679  0.00110582910471  0.000585231376189  
0.000152455149003  0.000288195314532  0.000396033716824  0.000472771753433  0.000521926398977  0.000550423783791  0.000565460331306  0.000572720450377  0.000575944587297  0.000577267775636  0.000577771803943  0.000577950647021  0.000578009671126  0.000578026683409  0.000578026683409  0.000578009671126  0.000577950647021  0.000577771803943  0.000577267775636  0.000575944587297  0.000572720450377  0.000565460331306  0.000550423783791  0.000521926398977  0.000472771753433  0.000396033716824  0.000288195314532  0.000152455149003  
3.78076969968e-05  7.1494569911e-05  9.82926877679e-05  0.000117395882528  0.000129656930556  0.000136780002327  0.000140546056855  0.00014236784273  0.000143178238612  0.000143511309995  0.000143638337696  0.000143683454523  0.000143698355499  0.000143702652427  0.000143702652427  0.000143698355499  0.000143683454523  0.000143638337696  0.000143511309995  0.000143178238612  0.00014236784273  0.000140546056855  0.000136780002327  0.000129656930556  0.000117395882528  9.82926877679e-05  7.1494569911e-05  3.78076969968e-05  
8.94061640389e-06  1.69113825595e-05  2.32589697202e-05  2.77903007116e-05  3.07033389838e-05  3.23984929749e-05  3.32961910516e-05  3.37310908178e-05  3.39248055799e-05  3.40045114019e-05  3.40349375162e-05  3.40457515801e-05  3.40493249355e-05  3.4050355661e-05  3.4050355661e-05  3.40493249355e-05  3.40457515801e-05  3.40349375162e-05  3.40045114019e-05  3.39248055799e-05  3.37310908178e-05  3.32961910516e-05  3.23984929749e-05  3.07033389838e-05  2.77903007116e-05  2.32589697202e-05  1.69113825595e-05  8.94061640389e-06  
2.01927195104e-06  3.82033582967e-06  5.25585792623e-06  6.28179182538e-06  6.94217780405e-06  7.32697849964e-06  7.53101631416e-06  7.629979672e-06  7.67410481365e-06  7.69227562729e-06  7.69921642766e-06  7.70168444099e-06  7.70250017723e-06  7.70273549907e-06  7.70273549907e-06  7.70250017723e-06  7.70168444099e-06  7.69921642766e-06  7.69227562729e-06  7.67410481365e-06  7.629979672e-06  7.53101631416e-06  7.32697849964e-06  6.94217780405e-06  6.28179182538e-06  5.25585792623e-06  3.82033582967e-06  2.01927195104e-06  
4.36232900695e-07  8.25468840261e-07  1.13591697691e-06  1.35798621369e-06  1.50107532271e-06  1.58453830593e-06  1.62883747558e-06  1.6503425314e-06  1.65993813998e-06  1.66389190638e-06  1.66540275858e-06  1.66594011258e-06  1.66611773255e-06  1.66616896912e-06  1.66616896912e-06  1.66611773255e-06  1.66594011258e-06  1.66540275858e-06  1.66389190638e-06  1.65993813998e-06  1.6503425314e-06  1.62883747558e-06  1.58453830593e-06  1.50107532271e-06  1.35798621369e-06  1.13591697691e-06  8.25468840261e-07  4.36232900695e-07  
9.02734597862e-08  1.70844749405e-07  2.35141291125e-07  2.81165945133e-07  3.10844865682e-07  3.28170028148e-07  3.37372333649e-07  3.41842416251e-07  3.43837975819e-07  3.44660513753e-07  3.44974891284e-07  3.45086707794e-07  3.45123664156e-07  3.45134322515e-07  3.45134322515e-07  3.45123664156e-07  3.45086707794e-07  3.44974891284e-07  3.44660513753e-07  3.43837975819e-07  3.41842416251e-07  3.37372333649e-07  3.28170028148e-07  3.10844865682e-07  2.81165945133e-07  2.35141291125e-07  1.70844749405e-07  9.02734597862e-08  
1.79187787135e-08  3.39152930713e-08  4.66858456302e-08  5.58320936768e-08  6.17334823491e-08  6.51804157031e-08  6.70122037405e-08  6.79023766777e-08  6.82998886351e-08  6.84637618732e-08  6.85263954295e-08  6.85486696101e-08  6.85560294396e-08  6.85581513393e-08  6.85581513393e-08  6.85560294396e-08  6.85486696101e-08  6.85263954295e-08  6.84637618732e-08  6.82998886351e-08  6.79023766777e-08  6.70122037405e-08  6.51804157031e-08  6.17334823491e-08  5.58320936768e-08  4.66858456302e-08  3.39152930713e-08  1.79187787135e-08  
3.41601802516e-09  6.46608416955e-09  8.90178832445e-09  1.06469094197e-08  1.17733718709e-08  1.24315823294e-08  1.27814852808e-08  1.29515620087e-08  1.30275189485e-08  1.30588312803e-08  1.30707971843e-08  1.30750513312e-08  1.30764564038e-08  1.30768613156e-08  1.30768613156e-08  1.30764564038e-08  1.30750513312e-08  1.30707971843e-08  1.30588312803e-08  1.30275189485e-08  1.29515620087e-08  1.27814852808e-08  1.24315823294e-08  1.17733718709e-08  1.06469094197e-08  8.90178832445e-09  6.46608416955e-09  3.41601802516e-09  
6.26212571941e-10  1.18540594989e-09  1.63205736927e-09  1.95215578268e-09  2.1588320741e-09  2.27962411899e-09  2.3438469326e-09  2.37506545195e-09  2.38900699297e-09  2.39475319198e-09  2.39694840647e-09  2.39772851513e-09  2.39798603169e-09  2.39806020106e-09  2.39806020106e-09  2.39798603169e-09  2.39772851513e-09  2.39694840647e-09  2.39475319198e-09  2.38900699297e-09  2.37506545195e-09  2.3438469326e-09  2.27962411899e-09  2.1588320741e-09  1.95215578268e-09  1.63205736927e-09  1.18540594989e-09  6.26212571941e-10  
1.10511018706e-10  2.0920231175e-10  2.88041617055e-10  3.44551514875e-10  3.81043030763e-10  4.02372400787e-10  4.13712933488e-10  4.19225044499e-10  4.2168614456e-10  4.22700196238e-10  4.23087422026e-10  4.23224952316e-10  4.23270321504e-10  4.23283380075e-10  4.23283380075e-10  4.23270321504e-10  4.23224952316e-10  4.23087422026e-10  4.22700196238e-10  4.2168614456e-10  4.19225044499e-10  4.13712933488e-10  4.02372400787e-10  3.81043030763e-10  3.44551514875e-10  2.88041617055e-10  2.0920231175e-10  1.10511018706e-10  
1.87847262087e-11  3.55609976942e-11  4.89635332623e-11  5.85706888134e-11  6.47747163402e-11  6.84008568165e-11  7.03285964111e-11  7.12653766558e-11  7.16835015283e-11  7.18557056685e-11  7.19214266098e-11  7.19447528428e-11  7.19524419183e-11  7.19546534134e-11  7.19546534134e-11  7.19524419183e-11  7.19447528428e-11  7.19214266098e-11  7.18557056685e-11  7.16835015283e-11  7.12653766558e-11  7.03285964111e-11  6.84008568165e-11  6.47747163402e-11  5.85706888134e-11  4.89635332623e-11  3.55609976942e-11  1.87847262087e-11  
3.00917530783e-12  5.69663688427e-12  7.84366005833e-12  9.3826552228e-12  1.03764310403e-11  1.09571980646e-11  1.12658800446e-11  1.1415836098e-11  1.14827398201e-11  1.15102795092e-11  1.15207832376e-11  1.15245085566e-11  1.15257355342e-11  1.15260881552e-11  1.15260881552e-11  1.15257355342e-11  1.15245085566e-11  1.15207832376e-11  1.15102795092e-11  1.14827398201e-11  1.1415836098e-11  1.12658800446e-11  1.09571980646e-11  1.03764310403e-11  9.3826552228e-12  7.84366005833e-12  5.69663688427e-12  3.00917530783e-12  
