1000.0  1000.0  1000.0  1000.0  1000.0  1000.0  1000.0  1000.0  1000.0  1000.0  1000.0  1000.0  1000.0  1000.0  1000.0  1000.0  1000.0  1000.0  1000.0  1000.0  1000.0  1000.0  1000.0  1000.0  1000.0  1000.0  1000.0  1000.0  
287.981125071  471.431444934  580.835160559  646.66200859  687.312080151  713.053536178  729.663816224  740.506814347  747.61794383  752.270075759  755.277209938  757.163542406  758.260634191  758.763865537  758.763865537  758.260634191  757.163542406  755.277209938  752.270075759  747.61794383  740.506814347  729.663816224  713.053536178  687.312080151  646.66200859  580.835160559  471.431444934  287.981125071  
188.449580459  335.071128874  438.11598431  507.864142224  554.566560548  585.811169827  606.742975386  620.766996532  630.13509349  636.345542609  640.398907912  642.959287845  644.455530291  645.143785502  645.143785502  644.455530291  642.959287845  640.398907912  636.345542609  630.13509349  620.766996532  606.742975386  585.811169827  554.566560548  507.864142224  438.11598431  335.071128874  188.449580459  
131.662525928  244.099340792  331.359983375  395.575435782  441.468180832  473.716659322  496.125617168  511.553433091  522.071174953  529.151349259  533.825858448  536.803793264  538.554380365  539.362476248  539.362476248  538.554380365  536.803793264  533.825858448  529.151349259  522.071174953  511.553433091  496.125617168  473.716659322  441.468180832  395.575435782  331.359983375  244.099340792  131.662525928  
95.2273707973  180.530195013  250.925865983  305.865445594  347.162101268  377.403184245  399.119849768  414.463626748  425.138912756  432.440259531  437.320515547  440.458565028  442.315456948  443.176025995  443.176025995  442.315456948  440.458565028  437.320515547  432.440259531  425.138912756  414.463626748  399.119849768  377.403184245  347.162101268  305.865445594  250.925865983  180.530195013  95.2273707973  
69.9843746043  134.374265521  189.636005926  234.588831798  269.70607607  296.301714715  315.949985937  330.161777451  340.240764777  347.241901281  351.979573347  355.055053021  356.887400448  357.740127453  357.740127453  356.887400448  355.055053021  351.979573347  347.241901281  340.240764777  330.161777451  315.949985937  296.301714715  269.70607607  234.588831798  189.636005926  134.374265521  69.9843746043  
51.6741892332  99.9923501076  142.548965135  178.205470983  206.889349934  229.208211668  246.095857484  258.565028524  267.563604378  273.905648565  278.248430503  281.093919464  282.800770205  283.598400535  283.598400535  282.800770205  281.093919464  278.248430503  273.905648565  267.563604378  258.565028524  246.095857484  229.208211668  206.889349934  178.205470983  142.548965135  99.9923501076  51.6741892332  
38.0623680884  74.0257667269  106.26759168  133.867533833  156.573613978  174.627599724  188.562954495  199.036705006  206.713318238  212.195832713  215.991733565  218.500943319  220.015907269  220.726718435  220.726718435  220.015907269  218.500943319  215.991733565  212.195832713  206.713318238  199.036705006  188.562954495  174.627599724  156.573613978  133.867533833  106.26759168  74.0257667269  38.0623680884  
27.8383476273  54.3287621308  78.3779750125  99.2940305624  116.801319824  130.964942702  142.07929097  150.560487398  156.861749856  161.415831968  164.600921378  166.723684244  168.013177104  168.620500862  168.620500862  168.013177104  166.723684244  164.600921378  161.415831968  156.861749856  150.560487398  142.07929097  130.964942702  116.801319824  99.2940305624  78.3779750125  54.3287621308  27.8383476273  
20.1527350644  39.4265116043  57.0852084133  72.628142741  85.814392674  96.6319138038  105.237246229  111.889034515  116.889852852  120.542385014  123.120310159  124.851327165  125.908791188  126.408593075  126.408593075  125.908791188  124.851327165  123.120310159  120.542385014  116.889852852  111.889034515  105.237246229  96.6319138038  85.814392674  72.628142741  57.0852084133  39.4265116043  20.1527350644  
14.4075821484  28.2379111034  40.9966359499  52.330364737  62.0483006175  70.1109431609  76.5978082819  81.6671603328  85.517468683  88.3559154042  90.3756345375  91.7410361364  92.5794425976  92.9769906187  92.9769906187  92.5794425976  91.7410361364  90.3756345375  88.3559154042  85.517468683  81.6671603328  76.5978082819  70.1109431609  62.0483006175  52.330364737  40.9966359499  28.2379111034  14.4075821484  
10.15563675  19.9317385318  28.9980126325  37.1097559367  44.1242671084  49.9977194596  54.7679964385  58.5305985021  61.4137311342  63.556544373  65.0923354037  66.1369035563  66.7812886428  67.0877343087  67.0877343087  66.7812886428  66.1369035563  65.0923354037  63.556544373  61.4137311342  58.5305985021  54.7679964385  49.9977194596  44.1242671084  37.1097559367  28.9980126325  19.9317385318  10.15563675  
7.0495139841  13.8503268054  20.1834106769  25.8821439935  30.8438970087  35.0300264543  38.4567982177  41.1810871341  43.2845624967  44.8590817616  45.9947993666  46.7714504292  47.2525591545  47.4819619629  47.4819619629  47.2525591545  46.7714504292  45.9947993666  44.8590817616  43.2845624967  41.1810871341  38.4567982177  35.0300264543  30.8438970087  25.8821439935  20.1834106769  13.8503268054  7.0495139841  
4.81454594885  9.46721820244  13.8141601564  17.7437140161  21.1842684691  24.1052232626  26.5122152559  28.4386813454  29.9359609741  31.0637145477  31.881773609  32.4438954497  32.7934095146  32.9604607111  32.9604607111  32.7934095146  32.4438954497  31.881773609  31.0637145477  29.9359609741  28.4386813454  26.5122152559  24.1052232626  21.1842684691  17.7437140161  13.8141601564  9.46721820244  4.81454594885  
3.23295519406  6.36152750617  9.29229804393  11.9516180623  14.2907768023  16.2870815482  17.9413631256  19.2730244609  20.3139219218  21.1022008152  21.6768572762  22.0734172668  22.3208087566  22.4393011054  22.4393011054  22.3208087566  22.0734172668  21.6768572762  21.1022008152  20.3139219218  19.2730244609  17.9413631256  16.2870815482  14.2907768023  11.9516180623  9.29229804393  6.36152750617  3.23295519406  
2.13337941277  4.2002041379  6.14057836122  7.90669645585  9.46617174164  10.8029417234  11.9159749156  12.8163809148  13.523671031  14.0618606198  14.4559238919  14.7288914681  14.8996846082  14.981643809  14.981643809  14.8996846082  14.7288914681  14.4559238919  14.0618606198  13.523671031  12.8163809148  11.9159749156  10.8029417234  9.46617174164  7.90669645585  6.14057836122  4.2002041379  2.13337941277  
1.38290202591  2.72390912871  3.98514943577  5.13609497636  6.15566518976  7.03289906114  7.76629113276  8.36211513048  8.83216450319  9.19132785046  9.4553259733  9.63881241398  9.75392037785  9.80925098854  9.80925098854  9.75392037785  9.63881241398  9.4553259733  9.19132785046  8.83216450319  8.36211513048  7.76629113276  7.03289906114  6.15566518976  5.13609497636  3.98514943577  2.72390912871  1.38290202591  
0.880325463537  1.7346455569  2.53936654934  3.27531590597  3.92904817793  4.49331044609  4.96670527644  5.35272515446  5.65840303054  5.89282769744  6.06572750423  6.18625639489  6.26204586294  6.29853153287  6.29853153287  6.26204586294  6.18625639489  6.06572750423  5.89282769744  5.65840303054  5.35272515446  4.96670527644  4.49331044609  3.92904817793  3.27531590597  2.53936654934  1.7346455569  0.880325463537  
0.550213234819  1.08452331579  1.58845858106  2.0501807177  2.46128173196  2.8170912528  3.11650772882  3.36144676976  3.55604489563  3.70576453644  3.81652419299  3.8939395407  3.94272043882  3.96623549667  3.96623549667  3.94272043882  3.8939395407  3.81652419299  3.70576453644  3.55604489563  3.36144676976  3.11650772882  2.8170912528  2.46128173196  2.0501807177  1.58845858106  1.08452331579  0.550213234819  
0.337589210282  0.665604054832  0.975310185084  1.2595228597  1.51308518718  1.73306374694  1.91866534983  2.07092473297  2.19224065356  2.28584470639  2.3552768009  2.40392060171  2.43462898917  2.44944985386  2.44944985386  2.43462898917  2.40392060171  2.3552768009  2.28584470639  2.19224065356  2.07092473297  1.91866534983  1.73306374694  1.51308518718  1.2595228597  0.975310185084  0.665604054832  0.337589210282  
0.203314696286  0.400957886341  0.587744759018  0.759390392099  0.912791936873  1.0461494382  1.1589255123  1.2516703348  1.32575493074  1.38306085098  1.42566953081  1.45558360461  1.47449942705  1.48363859653  1.48363859653  1.47449942705  1.45558360461  1.42566953081  1.38306085098  1.32575493074  1.2516703348  1.1589255123  1.0461494382  0.912791936873  0.759390392099  0.587744759018  0.400957886341  0.203314696286  
0.120179726842  0.237055390674  0.347601058524  0.449306036947  0.540338574124  0.619618532579  0.686798250522  0.742165553426  0.786492530559  0.82085711583  0.846462375337  0.864472589532  0.875878034711  0.881393850865  0.881393850865  0.875878034711  0.864472589532  0.846462375337  0.82085711583  0.786492530559  0.742165553426  0.686798250522  0.619618532579  0.540338574124  0.449306036947  0.347601058524  0.237055390674  0.120179726842  
0.0697118690611  0.137531556761  0.20172350886  0.260842789444  0.31382843062  0.360046100564  0.399279229619  0.431675906277  0.457664369581  0.477852087266  0.492922493792  0.503540432728  0.510273445682  0.513532409352  0.513532409352  0.510273445682  0.503540432728  0.492922493792  0.477852087266  0.457664369581  0.431675906277  0.399279229619  0.360046100564  0.31382843062  0.260842789444  0.20172350886  0.137531556761  0.0697118690611  
0.0396618899137  0.0782593365274  0.114814721396  0.148511745191  0.178747722017  0.205158059089  0.227612252503  0.246185193242  0.261110664562  0.272725216439  0.281410231736  0.287538440106  0.291429047788  0.293313654411  0.293313654411  0.291429047788  0.287538440106  0.281410231736  0.272725216439  0.261110664562  0.246185193242  0.227612252503  0.205158059089  0.178747722017  0.148511745191  0.114814721396  0.0782593365274  0.0396618899137  
0.0220898525152  0.0435927155402  0.0639688695057  0.0827665215702  0.0996505287554  0.114416110206  0.126987097435  0.137400668634  0.145782204809  0.152314662599  0.157206719704  0.160663158247  0.162859852749  0.163924654877  0.163924654877  0.162859852749  0.160663158247  0.157206719704  0.152314662599  0.145782204809  0.137400668634  0.126987097435  0.114416110206  0.0996505287554  0.0827665215702  0.0639688695057  0.0435927155402  0.0220898525152  
0.0119543239361  0.0235936912624  0.0346282319066  0.0448147834369  0.0539722467227  0.0619890348293  0.0688223380407  0.0744901848741  0.0790581806075  0.0826232266779  0.0852964785004  0.0871874061726  0.0883902575438  0.0889736596521  0.0889736596521  0.0883902575438  0.0871874061726  0.0852964785004  0.0826232266779  0.0790581806075  0.0744901848741  0.0688223380407  0.0619890348293  0.0539722467227  0.0448147834369  0.0346282319066  0.0235936912624  0.0119543239361  
0.00610096598136  0.0120422975687  0.0176769636301  0.0228814160358  0.0275633486588  0.0316655080403  0.0351654018121  0.0380713761973  0.0404159881111  0.0422478170097  0.0436228496856  0.0445963844488  0.0452161248423  0.0455168530035  0.0455168530035  0.0452161248423  0.0445963844488  0.0436228496856  0.0422478170097  0.0404159881111  0.0380713761973  0.0351654018121  0.0316655080403  0.0275633486588  0.0228814160358  0.0176769636301  0.0120422975687  0.00610096598136  
0.00255099457576  0.00503555184185  0.00739244863207  0.00957018182893  0.0115301906133  0.0132484518902  0.0147153812179  0.0159342284715  0.0169183456523  0.0176877971949  0.0182657812151  0.0186752558806  0.0189360529236  0.0190626453786  0.0190626453786  0.0189360529236  0.0186752558806  0.0182657812151  0.0176877971949  0.0169183456523  0.0159342284715  0.0147153812179  0.0132484518902  0.0115301906133  0.00957018182893  0.00739244863207  0.00503555184185  0.00255099457576  
