1000.0  1000.0  1000.0  1000.0  1000.0  1000.0  1000.0  1000.0  1000.0  1000.0  1000.0  1000.0  1000.0  1000.0  1000.0  1000.0  1000.0  1000.0  1000.0  1000.0  1000.0  1000.0  1000.0  1000.0  1000.0  1000.0  1000.0  1000.0  
279.466925962  454.6577671  556.288261669  615.016923475  649.376710001  669.707487845  681.799832536  688.981244353  693.21446853  695.678433709  697.086494988  697.868115312  698.275903375  698.449041897  698.449041897  698.275903375  697.868115312  697.086494988  695.678433709  693.21446853  688.981244353  681.799832536  669.707487845  649.376710001  615.016923475  556.288261669  454.6577671  279.466925962  
176.617648075  311.760762494  404.002050383  463.883606586  501.840978816  525.561878627  540.2098479  549.139703786  554.502724342  557.667015058  559.49359459  560.515154239  561.050988288  561.279249099  561.279249099  561.050988288  560.515154239  559.49359459  557.667015058  554.502724342  549.139703786  540.2098479  525.561878627  501.840978816  463.883606586  404.002050383  311.760762494  176.617648075  
117.482789322  216.162708877  290.473777559  342.860685509  378.267048273  401.491110636  416.360304696  425.673469855  431.381806994  434.802455255  436.800613863  437.928294734  438.523707544  438.778398564  438.778398564  438.523707544  437.928294734  436.800613863  434.802455255  431.381806994  425.673469855  416.360304696  401.491110636  378.267048273  342.860685509  290.473777559  216.162708877  117.482789322  
79.7667113654  150.068795296  206.341939736  248.378694956  278.233217672  298.623797077  312.106981841  320.770254951  326.188259898  329.487031046  331.438398667  332.550543025  333.142046349  333.396234934  333.396234934  333.142046349  332.550543025  331.438398667  329.487031046  326.188259898  320.770254951  312.106981841  298.623797077  278.233217672  248.378694956  206.341939736  150.068795296  79.7667113654  
54.2738556948  103.41919657  144.326276779  176.16064904  199.64038185  216.212889169  227.479025144  234.885673516  239.605821915  242.524277573  244.272404261  245.278710733  245.817966257  246.050820598  246.050820598  245.817966257  245.278710733  244.272404261  242.524277573  239.605821915  234.885673516  227.479025144  216.212889169  199.64038185  176.16064904  144.326276779  103.41919657  54.2738556948  
36.5999396718  70.2893907865  99.0683111938  122.129650328  139.635546151  152.322073315  161.149484794  167.07032251  170.908381523  173.315704377  174.77498972  175.623230622  176.081175767  176.279871697  176.279871697  176.081175767  175.623230622  174.77498972  173.315704377  170.908381523  167.07032251  161.149484794  152.322073315  139.635546151  122.129650328  99.0683111938  70.2893907865  36.5999396718  
24.2948182807  46.8959587551  66.5498099651  82.6380247799  95.1227616689  104.3635662  110.919013746  115.39241643  118.336282567  120.206965548  121.353600812  122.026264112  122.392017136  122.551450599  122.551450599  122.392017136  122.026264112  121.353600812  120.206965548  118.336282567  115.39241643  110.919013746  104.3635662  95.1227616689  82.6380247799  66.5498099651  46.8959587551  24.2948182807  
15.8044243729  30.6135787585  43.6554159963  54.5011206865  63.0620821055  69.5067854238  74.1525047436  77.3696521653  79.5149274845  80.8941369211  81.7481274132  82.2534024401  82.5299833355  82.6510763014  82.6510763014  82.5299833355  82.2534024401  81.7481274132  80.8941369211  79.5149274845  77.3696521653  74.1525047436  69.5067854238  63.0620821055  54.5011206865  43.6554159963  30.6135787585  15.8044243729  
10.0464434177  19.5086255493  27.9189816485  34.9970786795  40.6588754558  44.9795560164  48.1357392903  50.3488288023  51.8415849463  52.8112538819  53.4171668149  53.7784680599  53.9774649647  54.0649460837  54.0649460837  53.9774649647  53.7784680599  53.4171668149  52.8112538819  51.8415849463  50.3488288023  48.1357392903  44.9795560164  40.6588754558  34.9970786795  27.9189816485  19.5086255493  10.0464434177  
6.22823790801  12.1164331765  17.3865211467  21.8627132447  25.4810358406  28.2729386598  30.334944713  31.7961868061  32.7916330727  33.4441669694  33.8552535281  34.1021164993  34.2388526462  34.2991889501  34.2991889501  34.2388526462  34.1021164993  33.8552535281  33.4441669694  32.7916330727  31.7961868061  30.334944713  28.2729386598  25.4810358406  21.8627132447  17.3865211467  12.1164331765  6.22823790801  
3.7606517909  7.32614238611  10.5343877453  13.2789955306  15.5162972406  17.2582331622  18.5566172243  19.4850194351  20.1229161491  20.5444194209  20.8118934754  20.9735370185  21.0635296047  21.103375578  21.103375578  21.0635296047  20.9735370185  20.8118934754  20.5444194209  20.1229161491  19.4850194351  18.5566172243  17.2582331622  15.5162972406  13.2789955306  10.5343877453  7.32614238611  3.7606517909  
2.20964358031  4.30925073502  6.20638007539  7.83864634029  9.17826984817  10.2290484153  11.0182983527  11.58697575  11.980608979  12.2425337282  12.409815662  12.5114850556  12.5683494487  12.5936051869  12.5936051869  12.5683494487  12.5114850556  12.409815662  12.2425337282  11.980608979  11.58697575  11.0182983527  10.2290484153  9.17826984817  7.83864634029  6.20638007539  4.30925073502  2.20964358031  
1.26268254798  2.46458147684  3.55418593724  4.49599487796  5.27324942606  5.88667592164  6.35041079034  6.686730907  6.92102190192  7.07787599294  7.17862429086  7.2401671657  7.27473127373  7.29012538452  7.29012538452  7.27473127373  7.2401671657  7.17862429086  7.07787599294  6.92102190192  6.686730907  6.35041079034  5.88667592164  5.27324942606  4.49599487796  3.55418593724  2.46458147684  1.26268254798  
0.701503416644  1.3701741259  1.97799960441  2.50535682975  2.94257028101  3.28940646881  3.55304187881  3.7453119954  3.87999731914  3.97065103773  4.02917180477  4.06508123441  4.08532381725  4.09436202336  4.09436202336  4.08532381725  4.06508123441  4.02917180477  3.97065103773  3.87999731914  3.7453119954  3.55304187881  3.28940646881  2.94257028101  2.50535682975  1.97799960441  1.3701741259  0.701503416644  
0.378838304557  0.740358317174  1.06970518659  1.35633832102  1.59488379237  1.78493922784  1.93007599065  2.03643396791  2.11129703756  2.16192273925  2.19474923159  2.21497317144  2.22641150757  2.23153014334  2.23153014334  2.22641150757  2.21497317144  2.19474923159  2.16192273925  2.11129703756  2.03643396791  1.93007599065  1.78493922784  1.59488379237  1.35633832102  1.06970518659  0.740358317174  0.378838304557  
0.198859990768  0.38880809407  0.562167269432  0.713433613581  0.839726344447  0.940716506579  1.01814516411  1.0751213496  1.11539396515  1.14274051152  1.16054222794  1.17154884158  1.17779247333  1.18059211364  1.18059211364  1.17779247333  1.17154884158  1.16054222794  1.14274051152  1.11539396515  1.0751213496  1.01814516411  0.940716506579  0.839726344447  0.713433613581  0.562167269432  0.38880809407  0.198859990768  
0.101469246494  0.198467310758  0.287129085294  0.364660194109  0.429566924312  0.481632146611  0.521686844368  0.551267218311  0.572252180856  0.586553445074  0.595895532913  0.601690028903  0.604985735144  0.606466191714  0.606466191714  0.604985735144  0.601690028903  0.595895532913  0.586553445074  0.572252180856  0.551267218311  0.521686844368  0.481632146611  0.429566924312  0.364660194109  0.287129085294  0.198467310758  0.101469246494  
0.0503352653459  0.0984843535442  0.142551985463  0.181158410422  0.213553349414  0.239608849572  0.259713009785  0.274606327827  0.285205853305  0.292452536372  0.297200934591  0.300154506434  0.301838371128  0.30259599677  0.30259599677  0.301838371128  0.300154506434  0.297200934591  0.292452536372  0.285205853305  0.274606327827  0.259713009785  0.239608849572  0.213553349414  0.181158410422  0.142551985463  0.0984843535442  0.0503352653459  
0.0242797697412  0.0475180445157  0.0688097482678  0.0874921850165  0.103199868269  0.115862921496  0.125658633184  0.132935163396  0.138128422754  0.141688973243  0.14402841749  0.145487258679  0.146320719978  0.146696263217  0.146696263217  0.146320719978  0.145487258679  0.14402841749  0.141688973243  0.138128422754  0.132935163396  0.125658633184  0.115862921496  0.103199868269  0.0874921850165  0.0688097482678  0.0475180445157  0.0242797697412  
0.0113908095706  0.0222982324191  0.0323013509039  0.0410904733106  0.0484927761977  0.0544722544087  0.0591080963051  0.0625599525042  0.0650296452399  0.0667271193646  0.0678451511521  0.0685439079466  0.0689438749877  0.0691243264197  0.0691243264197  0.0689438749877  0.0685439079466  0.0678451511521  0.0667271193646  0.0650296452399  0.0625599525042  0.0591080963051  0.0544722544087  0.0484927761977  0.0410904733106  0.0323013509039  0.0222982324191  0.0113908095706  
0.00519901955269  0.0101794645913  0.0147506822509  0.0187718219672  0.0221634985006  0.0249080305206  0.0270399941267  0.0286307870188  0.0297714362524  0.0305571644911  0.031075800361  0.0314005930818  0.0315868184626  0.0316709343899  0.0316709343899  0.0315868184626  0.0314005930818  0.031075800361  0.0305571644911  0.0297714362524  0.0286307870188  0.0270399941267  0.0249080305206  0.0221634985006  0.0187718219672  0.0147506822509  0.0101794645913  0.00519901955269  
0.00230926839458  0.00452224127249  0.00655480178105  0.00834458785002  0.00985615407266  0.0110811736097  0.0120344017409  0.0127469792417  0.0132589076847  0.0136122388186  0.013845912033  0.0139925112716  0.0140766937843  0.0141147576049  0.0141147576049  0.0140766937843  0.0139925112716  0.013845912033  0.0136122388186  0.0132589076847  0.0127469792417  0.0120344017409  0.0110811736097  0.00985615407266  0.00834458785002  0.00655480178105  0.00452224127249  0.00230926839458  
0.000998478636002  0.00195561799026  0.00283526176586  0.00361052376332  0.00426601189336  0.00479795006448  0.0052124917091  0.00552288409046  0.00574625746488  0.00590069824684  0.00600301232803  0.00606730400868  0.00610427269178  0.00612100396476  0.00612100396476  0.00610427269178  0.00606730400868  0.00600301232803  0.00590069824684  0.00574625746488  0.00552288409046  0.0052124917091  0.00479795006448  0.00426601189336  0.00361052376332  0.00283526176586  0.00195561799026  0.000998478636002  
0.000420294049892  0.000823295979634  0.00119386533285  0.00152071420068  0.00179734021237  0.00202209007345  0.00219747088922  0.00232897839366  0.00242376128299  0.002489396159  0.00253294471257  0.00256034882209  0.00257612573993  0.00258327201263  0.00258327201263  0.00257612573993  0.00256034882209  0.00253294471257  0.002489396159  0.00242376128299  0.00232897839366  0.00219747088922  0.00202209007345  0.00179734021237  0.00152071420068  0.00119386533285  0.000823295979634  0.000420294049892  
0.000171987894219  0.000336938523342  0.000488684521496  0.000622617513553  0.000736068688907  0.000828339013984  0.000900424858717  0.000954546255773  0.000993606052893  0.0010206911949  0.00103868655014  0.00105002504642  0.00105655982583  0.00105952200247  0.00105952200247  0.00105655982583  0.00105002504642  0.00103868655014  0.0010206911949  0.000993606052893  0.000954546255773  0.000900424858717  0.000828339013984  0.000736068688907  0.000622617513553  0.000488684521496  0.000336938523342  0.000171987894219  
6.75742277623e-05  0.000132396402306  0.000192052771419  0.000244736336069  0.000289395952375  0.000325749562215  0.000354178830146  0.000375546364035  0.000390985131303  0.0004017034014  0.000408832925933  0.000413330009396  0.000415924247819  0.000417100952759  0.000417100952759  0.000415924247819  0.000413330009396  0.000408832925933  0.0004017034014  0.000390985131303  0.000375546364035  0.000354178830146  0.000325749562215  0.000289395952375  0.000244736336069  0.000192052771419  0.000132396402306  6.75742277623e-05  
2.30814012257e-05  4.52260221605e-05  6.56117665438e-05  8.36223428469e-05  9.88980820655e-05  0.000111340791604  0.000121078373185  0.00012840303439  0.000133699843761  0.000137380333856  0.000139830626341  0.000141377453594  0.000142270390907  0.000142675605728  0.000142675605728  0.000142270390907  0.000141377453594  0.000139830626341  0.000137380333856  0.000133699843761  0.00012840303439  0.000121078373185  0.000111340791604  9.88980820655e-05  8.36223428469e-05  6.56117665438e-05  4.52260221605e-05  2.30814012257e-05  
