1000.0  1000.0  1000.0  1000.0  1000.0  1000.0  1000.0  1000.0  1000.0  1000.0  1000.0  1000.0  1000.0  1000.0  1000.0  1000.0  1000.0  1000.0  1000.0  1000.0  1000.0  1000.0  1000.0  1000.0  1000.0  1000.0  1000.0  1000.0  
285.287700975  466.112389244  573.020977881  636.536407947  675.09923308  699.003633175  714.038550104  723.566279362  729.610115461  733.423606495  735.797824972  737.233915825  738.043313758  738.406605028  738.406605028  738.043313758  737.233915825  735.797824972  733.423606495  729.610115461  723.566279362  714.038550104  699.003633175  675.09923308  636.536407947  573.020977881  466.112389244  285.287700975  
184.659949734  327.587239309  427.121433402  493.617379126  537.382962494  566.042724536  584.757860159  596.931148326  604.797408722  609.827741266  612.990461616  614.917244152  616.008625869  616.4999465  616.4999465  616.008625869  614.917244152  612.990461616  609.827741266  604.797408722  596.931148326  584.757860159  566.042724536  537.382962494  493.617379126  427.121433402  327.587239309  184.659949734  
127.042446939  234.975434205  317.956042776  378.206497894  420.518681382  449.615670594  469.321958804  482.493208485  491.179730638  496.820918536  500.409376821  502.614681684  503.871556383  504.43949425  504.43949425  503.871556383  502.614681684  500.409376821  496.820918536  491.179730638  482.493208485  469.321958804  449.615670594  420.518681382  378.206497894  317.956042776  234.975434205  127.042446939  
90.0796105187  170.364174876  235.990887341  286.512458119  323.819374125  350.54872612  369.253686498  382.082779182  390.717299715  396.414931125  400.084760529  402.361665648  403.66826763  404.26115217  404.26115217  403.66826763  402.361665648  400.084760529  396.414931125  390.717299715  382.082779182  369.253686498  350.54872612  323.819374125  286.512458119  235.990887341  170.364174876  90.0796105187  
64.6159769767  123.772484833  174.060761719  214.406028158  245.362243056  268.295259892  284.802295946  296.39113247  304.341385292  309.669592579  313.144535282  315.321619718  316.579851977  317.153298118  317.153298118  316.579851977  315.321619718  313.144535282  309.669592579  304.341385292  296.39113247  284.802295946  268.295259892  245.362243056  214.406028158  174.060761719  123.772484833  64.6159769767  
46.3669039026  89.5112147155  127.15086226  158.252037369  182.821921739  201.519419119  215.301069542  225.176574872  232.070066754  236.757670098  239.851604811  241.80852793  242.947520352  243.468905636  243.468905636  242.947520352  241.80852793  239.851604811  236.757670098  232.070066754  225.176574872  215.301069542  201.519419119  182.821921739  158.252037369  127.15086226  89.5112147155  46.3669039026  
33.0500447266  64.1270934178  91.7250894999  115.022630199  133.842996805  148.47640796  159.47782514  167.501439237  173.189330212  177.108749127  179.724675217  181.394271128  182.372633988  182.822397237  182.822397237  182.372633988  181.394271128  179.724675217  177.108749127  173.189330212  167.501439237  159.47782514  148.47640796  133.842996805  115.022630199  91.7250894999  64.1270934178  33.0500447266  
23.2934328059  45.3531116431  65.1914076557  82.206021759  96.1895776136  107.25111591  115.704545339  121.963452623  126.460798279  129.596929337  131.711532115  133.072535155  133.875156528  134.245616321  134.245616321  133.875156528  133.072535155  131.711532115  129.596929337  126.460798279  121.963452623  115.704545339  107.25111591  96.1895776136  82.206021759  65.1914076557  45.3531116431  23.2934328059  
16.1821912907  31.5851279836  45.5649395435  57.6992435896  67.8067183992  75.9137149392  82.1938466593  86.9035768909  90.3278233523  92.7410010224  94.3831930467  95.4482900364  96.080111208  96.3728285305  96.3728285305  96.080111208  95.4482900364  94.3831930467  92.7410010224  90.3278233523  86.9035768909  82.1938466593  75.9137149392  67.8067183992  57.6992435896  45.5649395435  31.5851279836  16.1821912907  
11.0569853627  21.6208117114  31.2749393273  39.7320272062  46.8515641938  52.6264574318  57.1506516574  60.5806023734  63.0999171439  64.8919623103  66.1215582162  66.9246167078  67.4035601083  67.62621365  67.62621365  67.4035601083  66.9246167078  66.1215582162  64.8919623103  63.0999171439  60.5806023734  57.1506516574  52.6264574318  46.8515641938  39.7320272062  31.2749393273  21.6208117114  11.0569853627  
7.41917357081  14.527455066  21.0580691117  26.820235799  31.7123148247  35.7169533868  38.88383796  41.3070199596  43.1026007179  44.3903146346  45.2803674846  45.8653117023  46.2158725011  46.379352866  46.379352866  46.2158725011  45.8653117023  45.2803674846  44.3903146346  43.1026007179  41.3070199596  38.88383796  35.7169533868  31.7123148247  26.820235799  21.0580691117  14.527455066  7.41917357081  
4.88319392426  9.57199570395  13.8976338945  17.7361570685  21.0174348097  23.7237872924  25.8808403824  27.5443459139  28.7864196406  29.6835784244  30.3077242709  30.720212682  30.9685041926  31.0846198185  31.0846198185  30.9685041926  30.720212682  30.3077242709  29.6835784244  28.7864196406  27.5443459139  25.8808403824  23.7237872924  21.0174348097  17.7361570685  13.8976338945  9.57199570395  4.88319392426  
3.1501051499  6.18003724593  8.98453063326  11.4846972426  13.6338904073  15.4176210832  16.8487309063  17.9598137946  18.7948925707  19.4018655623  19.8265634176  20.108641447  20.2791020685  20.3590222731  20.3590222731  20.2791020685  20.108641447  19.8265634176  19.4018655623  18.7948925707  17.9598137946  16.8487309063  15.4176210832  13.6338904073  11.4846972426  8.98453063326  6.18003724593  3.1501051499  
1.99048543749  3.90769566641  5.68700139334  7.27920394901  8.6542238285  9.80139852038  10.7269475924  11.4496604702  11.995950573  12.3952025244  12.6759792965  12.8632955543  12.976889405  13.0302692763  13.0302692763  12.976889405  12.8632955543  12.6759792965  12.3952025244  11.995950573  11.4496604702  10.7269475924  9.80139852038  8.6542238285  7.27920394901  5.68700139334  3.90769566641  1.99048543749  
1.23145640891  2.41892344557  3.52339038564  4.51479111021  5.37426025957  6.0944709109  6.67831141215  7.13645811623  7.4844856321  7.74006477423  7.92061017925  8.04153412212  8.11509604962  8.14973482006  8.14973482006  8.11509604962  8.04153412212  7.92061017925  7.74006477423  7.4844856321  7.13645811623  6.67831141215  6.0944709109  5.37426025957  4.51479111021  3.52339038564  2.41892344557  1.23145640891  
0.745717399822  1.46546970522  2.13612968916  2.7396951218  3.26463542862  3.70616305854  4.06554782054  4.34876636163  4.56484165699  4.72419115978  4.83720542198  4.91316468961  4.9595026217  4.98136207177  4.98136207177  4.9595026217  4.91316468961  4.83720542198  4.72419115978  4.56484165699  4.34876636163  4.06554782054  3.70616305854  3.26463542862  2.7396951218  2.13612968916  1.46546970522  0.745717399822  
0.441913614592  0.868773681286  1.26712416594  1.62640594772  1.93974262314  2.20413034647  2.42008552133  2.59090271018  2.72171636075  2.818546913  2.88746274721  2.93392712039  2.96234295784  2.97576975639  2.97576975639  2.96234295784  2.93392712039  2.88746274721  2.818546913  2.72171636075  2.59090271018  2.42008552133  2.20413034647  1.93974262314  1.62640594772  1.26712416594  0.868773681286  0.441913614592  
0.256245040012  0.503924424413  0.735359026318  0.944482685288  1.12729090609  1.28196346214  1.40868511238  1.50924328237  1.58650687685  1.64388649347  1.68485174486  1.71254805221  1.72952387041  1.7375568635  1.7375568635  1.72952387041  1.71254805221  1.68485174486  1.64388649347  1.58650687685  1.50924328237  1.40868511238  1.28196346214  1.12729090609  0.944482685288  0.735359026318  0.503924424413  0.256245040012  
0.145379469521  0.285978074405  0.417499278087  0.536530128616  0.64079209894  0.729216010518  0.801851775122  0.859653390624  0.904194445403  0.937368745961  0.961118556179  0.977215403479  0.987101282629  0.991785425465  0.991785425465  0.987101282629  0.977215403479  0.961118556179  0.937368745961  0.904194445403  0.859653390624  0.801851775122  0.729216010518  0.64079209894  0.536530128616  0.417499278087  0.285978074405  0.145379469521  
0.0807005194445  0.158784701211  0.231896419074  0.298155325507  0.356294178656  0.405702711995  0.446382724985  0.478834914386  0.503906324624  0.522627606864  0.536063367905  0.545189825249  0.55080484502  0.55346848309  0.55346848309  0.55080484502  0.545189825249  0.536063367905  0.522627606864  0.503906324624  0.478834914386  0.446382724985  0.405702711995  0.356294178656  0.298155325507  0.231896419074  0.158784701211  0.0807005194445  
0.0438314706627  0.0862595155418  0.126018081386  0.162092759117  0.193794419684  0.220784000675  0.243050441081  0.260852055479  0.274636209788  0.284952609483  0.29237267008  0.297422830718  0.300534892801  0.302012737635  0.302012737635  0.300534892801  0.297422830718  0.29237267008  0.284952609483  0.274636209788  0.260852055479  0.243050441081  0.220784000675  0.193794419684  0.162092759117  0.126018081386  0.0862595155418  0.0438314706627  
0.023293878066  0.0458500443325  0.0670020030457  0.0862139190134  0.103119291439  0.117534526124  0.12944823853  0.138991382893  0.146395734537  0.151948607043  0.155950338215  0.158678774046  0.160362530621  0.16116286215  0.16116286215  0.160362530621  0.158678774046  0.155950338215  0.151948607043  0.146395734537  0.138991382893  0.12944823853  0.117534526124  0.103119291439  0.0862139190134  0.0670020030457  0.0458500443325  0.023293878066  
0.0121112868495  0.0238426990351  0.0348505926001  0.044857884493  0.053673944557  0.0612018165984  0.067433105765  0.0724330197085  0.0763193125209  0.0792391123416  0.081346983075  0.0827864375249  0.0836758884755  0.0840990253173  0.0840990253173  0.0836758884755  0.0827864375249  0.081346983075  0.0792391123416  0.0763193125209  0.0724330197085  0.067433105765  0.0612018165984  0.053673944557  0.044857884493  0.0348505926001  0.0238426990351  0.0121112868495  
0.00615513771073  0.0121188534124  0.0177177901474  0.0228118164313  0.0273040371433  0.0311445299392  0.0343279392222  0.0368861231586  0.0388776875614  0.0403763775235  0.0414600071369  0.0422010603858  0.042659490319  0.0428777438806  0.0428777438806  0.042659490319  0.0422010603858  0.0414600071369  0.0403763775235  0.0388776875614  0.0368861231586  0.0343279392222  0.0311445299392  0.0273040371433  0.0228118164313  0.0177177901474  0.0121188534124  0.00615513771073  
0.003043345234  0.00599274193365  0.00876302722581  0.0112852123144  0.0135113892755  0.0154166045991  0.0169977490475  0.0182700267231  0.0192618801721  0.0200093236286  0.0205505050992  0.0209210594843  0.021150523822  0.0212598423644  0.0212598423644  0.021150523822  0.0209210594843  0.0205505050992  0.0200093236286  0.0192618801721  0.0182700267231  0.0169977490475  0.0154166045991  0.0135113892755  0.0112852123144  0.00876302722581  0.00599274193365  0.003043345234  
0.00143056825152  0.00281724395447  0.00412020853811  0.00530714923047  0.0063555487024  0.00725357512399  0.00799959019505  0.0086005292096  0.00906955398311  0.0094234175533  0.00967992236322  0.00985573673407  0.00996470092464  0.0100166412011  0.0100166412011  0.00996470092464  0.00985573673407  0.00967992236322  0.0094234175533  0.00906955398311  0.0086005292096  0.00799959019505  0.00725357512399  0.0063555487024  0.00530714923047  0.00412020853811  0.00281724395447  0.00143056825152  
0.000562749624197  0.00110830658148  0.00162106567254  0.00208834795214  0.00250129675836  0.00285523026456  0.00314945595572  0.00338664415713  0.00357191523434  0.0037118107605  0.00381329766302  0.00388290962426  0.00392607840952  0.00394666382929  0.00394666382929  0.00392607840952  0.00388290962426  0.00381329766302  0.0037118107605  0.00357191523434  0.00338664415713  0.00314945595572  0.00285523026456  0.00250129675836  0.00208834795214  0.00162106567254  0.00110830658148  0.000562749624197  
