1000.0  1000.0  1000.0  1000.0  1000.0  1000.0  1000.0  1000.0  1000.0  1000.0  1000.0  1000.0  1000.0  1000.0  1000.0  1000.0  1000.0  1000.0  1000.0  1000.0  1000.0  1000.0  1000.0  1000.0  1000.0  1000.0  1000.0  1000.0  
282.496670419  460.613010474  564.971275834  626.156166421  662.652132709  684.777555849  698.326519323  706.650123082  711.748280496  714.843794857  716.694426353  717.769690576  718.354482504  718.610403988  718.610403988  718.354482504  717.769690576  716.694426353  714.843794857  711.748280496  706.650123082  698.326519323  684.777555849  662.652132709  626.156166421  564.971275834  460.613010474  282.496670419  
180.778522243  319.939357825  415.926839665  479.181696037  520.072858102  546.258526087  562.907051711  573.405653193  579.956643959  583.988376661  586.422847714  587.847750952  588.62671904  588.968692837  588.968692837  588.62671904  587.847750952  586.422847714  583.988376661  579.956643959  573.405653193  562.907051711  546.258526087  520.072858102  479.181696037  415.926839665  319.939357825  180.778522243  
122.386911126  225.802247688  304.528738515  360.8916087  399.755957893  425.885240667  443.112545324  454.274884683  461.383596223  465.826815365  468.541602205  470.144790515  471.026845607  471.4156009  471.4156009  471.026845607  470.144790515  468.541602205  465.826815365  461.383596223  454.274884683  443.112545324  425.885240667  399.755957893  360.8916087  304.528738515  225.802247688  122.386911126  
84.9995136546  160.354414659  221.3389822  267.618306297  301.16276583  324.653518055  340.653129424  351.289793758  358.202300929  362.592422484  365.308653199  366.928331913  367.825794888  368.223086175  368.223086175  367.825794888  366.928331913  365.308653199  362.592422484  358.202300929  351.289793758  340.653129424  324.653518055  301.16276583  267.618306297  221.3389822  160.354414659  84.9995136546  
59.4510921572  113.595627264  159.164189905  195.19623984  222.32695771  241.967007732  255.723176862  265.082602081  271.2817114  275.280224114  277.785339291  279.293980595  280.136074674  280.510576234  280.510576234  280.136074674  279.293980595  277.785339291  275.280224114  271.2817114  265.082602081  255.723176862  241.967007732  222.32695771  195.19623984  159.164189905  113.595627264  59.4510921572  
41.4112059341  79.7465012781  112.857488639  139.819952888  160.71900372  176.256550607  187.398336933  195.134284802  200.347118027  203.758473015  205.921506529  207.236780286  207.97629634  208.306696631  208.306696631  207.97629634  207.236780286  205.921506529  203.758473015  200.347118027  195.134284802  187.398336933  176.256550607  160.71900372  139.819952888  112.857488639  79.7465012781  41.4112059341  
28.5276227497  55.216069441  78.6812380013  98.2017187253  113.671903358  125.421266655  134.013191072  140.083846812  144.237558552  146.991883252  148.757926611  149.841679927  150.455290974  150.730664379  150.730664379  150.455290974  149.841679927  148.757926611  146.991883252  144.237558552  140.083846812  134.013191072  125.421266655  113.671903358  98.2017187253  78.6812380013  55.216069441  28.5276227497  
19.3481967552  37.5793429617  53.8121687531  67.5315873928  78.5922531106  87.1374627448  93.4884931062  98.0432393875  101.20175714  103.321071584  104.693896518  105.543539237  106.02776313  106.245989197  106.245989197  106.02776313  105.543539237  104.693896518  103.321071584  101.20175714  98.0432393875  93.4884931062  87.1374627448  78.5922531106  67.5315873928  53.8121687531  37.5793429617  19.3481967552  
12.8802937879  25.0789711287  36.0411482538  45.4174161575  53.0783646113  59.0790241533  63.599195194  66.8822354498  69.1855528414  70.7473327161  71.7683688419  72.4052246909  72.7703846319  72.9355989118  72.9355989118  72.7703846319  72.4052246909  71.7683688419  70.7473327161  69.1855528414  66.8822354498  63.599195194  59.0790241533  53.0783646113  45.4174161575  36.0411482538  25.0789711287  12.8802937879  
8.39876283408  16.3829404386  23.6076074857  29.8441554023  34.9938613927  39.0727297178  42.1797039412  44.4607127322  46.0772426356  47.183517547  47.9127482461  48.3708117723  48.6349148119  48.7548382359  48.7548382359  48.6349148119  48.3708117723  47.9127482461  47.183517547  46.0772426356  44.4607127322  42.1797039412  39.0727297178  34.9938613927  29.8441554023  23.6076074857  16.3829404386  8.39876283408  
5.35643652012  10.4629270774  15.108246654  19.1471777352  22.5105041867  25.1988032461  27.2656555242  28.7969639694  29.8916862582  30.6469634028  31.1484901096  31.4655255493  31.6492370765  31.7329309744  31.7329309744  31.6492370765  31.4655255493  31.1484901096  30.6469634028  29.8916862582  28.7969639694  27.2656555242  25.1988032461  22.5105041867  19.1471777352  15.108246654  10.4629270774  5.35643652012  
3.3378198423  6.52688668094  9.44002951028  11.987421133  14.1232205278  15.8431864973  17.1758745397  18.1709480434  18.8876966204  19.3857271406  19.7185923059  19.9302073056  20.0533874957  20.1096721266  20.1096721266  20.0533874957  19.9302073056  19.7185923059  19.3857271406  18.8876966204  18.1709480434  17.1758745397  15.8431864973  14.1232205278  11.987421133  9.44002951028  6.52688668094  3.3378198423  
2.03079283145  3.97445285125  5.75583230224  7.32075113808  8.64015365636  9.70928879771  10.5431295665  11.1698726164  11.6242644641  11.9419684397  12.1555356791  12.2919977535  12.3717552388  12.4082965735  12.4082965735  12.3717552388  12.2919977535  12.1555356791  11.9419684397  11.6242644641  11.1698726164  10.5431295665  9.70928879771  8.64015365636  7.32075113808  5.75583230224  3.97445285125  2.03079283145  
1.20579123224  2.3614581338  3.42347572254  4.35996086483  5.1531648611  5.79925529503  6.305952953  6.68897392097  6.96823861322  7.16456388627  7.29721118241  7.38235142604  7.43229449115  7.45523135632  7.45523135632  7.43229449115  7.38235142604  7.29721118241  7.16456388627  6.96823861322  6.68897392097  6.305952953  5.79925529503  5.1531648611  4.35996086483  3.42347572254  2.3614581338  1.20579123224  
0.698464275138  1.36865548487  1.98589064706  2.53186065001  2.99607469241  3.37584744409  3.67509196525  3.90240379487  4.06895453369  4.18660232589  4.26644966091  4.31790622282  4.34818893766  4.36212665738  4.36212665738  4.34818893766  4.31790622282  4.26644966091  4.18660232589  4.06895453369  3.90240379487  3.67509196525  3.37584744409  2.99607469241  2.53186065001  1.98589064706  1.36865548487  0.698464275138  
0.394639075343  0.77365934697  1.12336630178  1.43349898851  1.69804243432  1.91526809841  2.08712423751  2.21822151459  2.31468769538  2.38311620473  2.42974381793  2.45989994603  2.47769884293  2.48590671262  2.48590671262  2.47769884293  2.45989994603  2.42974381793  2.38311620473  2.31468769538  2.21822151459  2.08712423751  1.91526809841  1.69804243432  1.43349898851  1.12336630178  0.77365934697  0.394639075343  
0.217471229322  0.426499276748  0.619655137941  0.791326658282  0.938163085323  1.05911726587  1.15514165134  1.22866062989  1.28296110836  1.32162200707  1.34805888203  1.36521126423  1.37536138087  1.3800501743  1.3800501743  1.37536138087  1.36521126423  1.34805888203  1.32162200707  1.28296110836  1.22866062989  1.15514165134  1.05911726587  0.938163085323  0.791326658282  0.619655137941  0.426499276748  0.217471229322  
0.116881505724  0.2292993926  0.333314815097  0.425932061422  0.505335542635  0.570920705802  0.623144562625  0.663256213228  0.692979524689  0.71421111336  0.728775083011  0.738251093558  0.743871677932  0.746472111224  0.746472111224  0.743871677932  0.738251093558  0.728775083011  0.71421111336  0.692979524689  0.663256213228  0.623144562625  0.570920705802  0.505335542635  0.425932061422  0.333314815097  0.2292993926  0.116881505724  
0.0612711072969  0.1202354085  0.174852384999  0.223561354806  0.265404657424  0.300047232076  0.327704234123  0.349006016851  0.364836466  0.376176944385  0.383977692016  0.389066083254  0.392090484118  0.393491708573  0.393491708573  0.392090484118  0.389066083254  0.383977692016  0.376176944385  0.364836466  0.349006016851  0.327704234123  0.300047232076  0.265404657424  0.223561354806  0.174852384999  0.1202354085  0.0612711072969  
0.031331189973  0.0614972846479  0.0894655886833  0.114442503361  0.135935992827  0.153766962232  0.168034769327  0.179050892362  0.187258353491  0.193152991923  0.197217769504  0.199875201499  0.201457649499  0.202191722905  0.202191722905  0.201457649499  0.199875201499  0.197217769504  0.193152991923  0.187258353491  0.179050892362  0.168034769327  0.153766962232  0.135935992827  0.114442503361  0.0894655886833  0.0614972846479  0.031331189973  
0.0156304337744  0.0306858649322  0.044655755181  0.0571461913649  0.0679107996699  0.0768569691084  0.084029697377  0.0895796530741  0.0937238911203  0.0967070680749  0.0987687270271  0.100119304797  0.100924889929  0.101299007067  0.101299007067  0.100924889929  0.100119304797  0.0987687270271  0.0967070680749  0.0937238911203  0.0895796530741  0.084029697377  0.0768569691084  0.0679107996699  0.0571461913649  0.044655755181  0.0306858649322  0.0156304337744  
0.00760866071248  0.014940052551  0.0217476290274  0.027840509736  0.0330984158221  0.0374749157186  0.0409899922557  0.0437149778474  0.0457538212059  0.0472244249454  0.048242756331  0.0489110656963  0.049310292255  0.0494958812415  0.0494958812415  0.049310292255  0.0489110656963  0.048242756331  0.0472244249454  0.0457538212059  0.0437149778474  0.0409899922557  0.0374749157186  0.0330984158221  0.027840509736  0.0217476290274  0.014940052551  0.00760866071248  
0.00361440790744  0.00709819287463  0.0103350582882  0.0132346991546  0.0157398474224  0.0178278980777  0.0195075516848  0.0208118554864  0.0217894670788  0.0224958826977  0.0229859082588  0.0233080234657  0.023500703463  0.023590355825  0.023590355825  0.023500703463  0.0233080234657  0.0229859082588  0.0224958826977  0.0217894670788  0.0208118554864  0.0195075516848  0.0178278980777  0.0157398474224  0.0132346991546  0.0103350582882  0.00709819287463  0.00361440790744  
0.00167505430232  0.00329001452386  0.00479131897489  0.00613727050574  0.00730128055332  0.00827265500436  0.00905510670303  0.00966360957697  0.0101204161581  0.0104510315991  0.010680733664  0.0108319461422  0.0109225060823  0.0109646770172  0.0109646770172  0.0109225060823  0.0108319461422  0.010680733664  0.0104510315991  0.0101204161581  0.00966360957697  0.00905510670303  0.00827265500436  0.00730128055332  0.00613727050574  0.00479131897489  0.00329001452386  0.00167505430232  
0.000755244437588  0.0014835666971  0.00216094853977  0.00276865100944  0.00329466856373  0.00373409542217  0.00408848110613  0.00436444272943  0.00457189544066  0.00472225293931  0.0048268625214  0.00489581546552  0.00493715499389  0.0049564193815  0.0049564193815  0.00493715499389  0.00489581546552  0.0048268625214  0.00472225293931  0.00457189544066  0.00436444272943  0.00408848110613  0.00373409542217  0.00329466856373  0.00276865100944  0.00216094853977  0.0014835666971  0.000755244437588  
0.000325620899812  0.000639696661758  0.000931919424986  0.0011942324049  0.00142145367539  0.00161143826747  0.00176480957595  0.00188437201516  0.00197435748851  0.00203965533318  0.00208513922253  0.00211515246809  0.00213316272556  0.00214156071308  0.00214156071308  0.00213316272556  0.00211515246809  0.00208513922253  0.00203965533318  0.00197435748851  0.00188437201516  0.00176480957595  0.00161143826747  0.00142145367539  0.0011942324049  0.000931919424986  0.000639696661758  0.000325620899812  
0.00011982097469  0.000235410004444  0.000342986578281  0.000439591965102  0.000523317902452  0.000593367304252  0.000649957830692  0.000694108628378  0.000727365530617  0.00075151924037  0.000768358102565  0.000779478256978  0.000786155588723  0.000789270534031  0.000789270534031  0.000786155588723  0.000779478256978  0.000768358102565  0.00075151924037  0.000727365530617  0.000694108628378  0.000649957830692  0.000593367304252  0.000523317902452  0.000439591965102  0.000342986578281  0.000235410004444  0.00011982097469  
