1000.0  1000.0  1000.0  1000.0  1000.0  1000.0  1000.0  1000.0  1000.0  1000.0  1000.0  1000.0  1000.0  1000.0  1000.0  1000.0  1000.0  1000.0  1000.0  1000.0  1000.0  1000.0  1000.0  1000.0  1000.0  1000.0  1000.0  1000.0  
37.7652600207  45.222990349  46.1214892264  46.1994161236  46.2046354041  46.2049163987  46.2049288817  46.2049293478  46.2049293626  46.204929363  46.2049293631  46.2049293631  46.2049293631  46.2049293631  46.2049293631  46.2049293631  46.2049293631  46.2049293631  46.204929363  46.2049293626  46.2049293478  46.2049288817  46.2049163987  46.2046354041  46.1994161236  46.1214892264  45.222990349  37.7652600207  
4.23761734446  5.17753092874  5.29687253284  5.30741932012  5.3081253241  5.30816284919  5.30816448091  5.30816454016  5.30816454198  5.30816454203  5.30816454203  5.30816454203  5.30816454203  5.30816454203  5.30816454203  5.30816454203  5.30816454203  5.30816454203  5.30816454203  5.30816454198  5.30816454016  5.30816448091  5.30816284919  5.3081253241  5.30741932012  5.29687253284  5.17753092874  4.23761734446  
0.359318252814  0.442819908315  0.453613947055  0.454567202491  0.454630197063  0.454633474229  0.454633612799  0.454633617665  0.454633617809  0.454633617813  0.454633617813  0.454633617813  0.454633617813  0.454633617813  0.454633617813  0.454633617813  0.454633617813  0.454633617813  0.454633617813  0.454633617809  0.454633617665  0.454633612799  0.454633474229  0.454630197063  0.454567202491  0.453613947055  0.442819908315  0.359318252814  
0.0240255905516  0.029696202547  0.0304285286424  0.0304923758552  0.0304965056608  0.030496714578  0.0304967231221  0.030496723411  0.0304967234192  0.0304967234194  0.0304967234194  0.0304967234194  0.0304967234194  0.0304967234194  0.0304967234194  0.0304967234194  0.0304967234194  0.0304967234194  0.0304967234194  0.0304967234192  0.030496723411  0.0304967231221  0.030496714578  0.0304965056608  0.0304923758552  0.0304285286424  0.029696202547  0.0240255905516  
0.0013056591432  0.00161341335822  0.00165265600242  0.00165600528002  0.0016562159621  0.00165622627106  0.00165622667695  0.0016562266901  0.00165622669046  0.00165622669047  0.00165622669047  0.00165622669047  0.00165622669047  0.00165622669047  0.00165622669047  0.00165622669047  0.00165622669047  0.00165622669047  0.00165622669047  0.00165622669046  0.0016562266901  0.00165622667695  0.00165622627106  0.0016562159621  0.00165600528002  0.00165265600242  0.00161341335822  0.0013056591432  
5.89514811706e-05  7.26832797023e-05  7.43981266898e-05  7.4540493621e-05  7.45491569858e-05  7.4549565125e-05  7.45495805293e-05  7.45495810059e-05  7.45495810181e-05  7.45495810184e-05  7.45495810184e-05  7.45495810184e-05  7.45495810184e-05  7.45495810184e-05  7.45495810184e-05  7.45495810184e-05  7.45495810184e-05  7.45495810184e-05  7.45495810184e-05  7.45495810181e-05  7.45495810059e-05  7.45495805293e-05  7.4549565125e-05  7.45491569858e-05  7.4540493621e-05  7.43981266898e-05  7.26832797023e-05  5.89514811706e-05  
2.24793261998e-06  2.76161869207e-06  2.82405797503e-06  2.82907416046e-06  2.82936809937e-06  2.82938137519e-06  2.82938185353e-06  2.8293818676e-06  2.82938186794e-06  2.82938186795e-06  2.82938186795e-06  2.82938186795e-06  2.82938186795e-06  2.82938186795e-06  2.82938186795e-06  2.82938186795e-06  2.82938186795e-06  2.82938186795e-06  2.82938186795e-06  2.82938186794e-06  2.8293818676e-06  2.82938185353e-06  2.82938137519e-06  2.82936809937e-06  2.82907416046e-06  2.82405797503e-06  2.76161869207e-06  2.24793261998e-06  
7.32978391161e-08  8.96378978542e-08  9.15613238202e-08  9.17101737707e-08  9.17185374251e-08  9.17188980803e-08  9.17189104343e-08  9.17189107782e-08  9.17189107861e-08  9.17189107863e-08  9.17189107863e-08  9.17189107863e-08  9.17189107863e-08  9.17189107863e-08  9.17189107863e-08  9.17189107863e-08  9.17189107863e-08  9.17189107863e-08  9.17189107863e-08  9.17189107861e-08  9.17189107782e-08  9.17189104343e-08  9.17188980803e-08  9.17185374251e-08  9.17101737707e-08  9.15613238202e-08  8.96378978542e-08  7.32978391161e-08  
2.063255459e-09  2.50987793136e-09  2.56056438727e-09  2.56432705199e-09  2.56452894573e-09  2.56453722342e-09  2.56453749182e-09  2.56453749886e-09  2.56453749901e-09  2.56453749902e-09  2.56453749902e-09  2.56453749902e-09  2.56453749902e-09  2.56453749902e-09  2.56453749902e-09  2.56453749902e-09  2.56453749902e-09  2.56453749902e-09  2.56453749902e-09  2.56453749901e-09  2.56453749886e-09  2.56453749182e-09  2.56453722342e-09  2.56452894573e-09  2.56432705199e-09  2.56056438727e-09  2.50987793136e-09  2.063255459e-09  
5.05060448349e-11  6.10780033848e-11  6.22299702703e-11  6.23116662939e-11  6.23158351e-11  6.23159969143e-11  6.23160018582e-11  6.23160019797e-11  6.23160019822e-11  6.23160019822e-11  6.23160019822e-11  6.23160019822e-11  6.23160019822e-11  6.23160019822e-11  6.23160019822e-11  6.23160019822e-11  6.23160019822e-11  6.23160019822e-11  6.23160019822e-11  6.23160019822e-11  6.23160019797e-11  6.23160018582e-11  6.23159969143e-11  6.23158351e-11  6.23116662939e-11  6.22299702703e-11  6.10780033848e-11  5.05060448349e-11  
1.08113226366e-12  1.29911368958e-12  1.3218273475e-12  1.32335990514e-12  1.32343395824e-12  1.323436667e-12  1.32343674459e-12  1.32343674637e-12  1.3234367464e-12  1.3234367464e-12  1.3234367464e-12  1.3234367464e-12  1.3234367464e-12  1.3234367464e-12  1.3234367464e-12  1.3234367464e-12  1.3234367464e-12  1.3234367464e-12  1.3234367464e-12  1.3234367464e-12  1.32343674637e-12  1.32343674459e-12  1.323436667e-12  1.32343395824e-12  1.32335990514e-12  1.3218273475e-12  1.29911368958e-12  1.08113226366e-12  
2.03214757091e-14  2.42529248138e-14  2.46430750922e-14  2.46680134852e-14  2.46691493238e-14  2.4669188281e-14  2.46691893214e-14  2.46691893435e-14  2.46691893439e-14  2.46691893439e-14  2.46691893439e-14  2.46691893439e-14  2.46691893439e-14  2.46691893439e-14  2.46691893439e-14  2.46691893439e-14  2.46691893439e-14  2.46691893439e-14  2.46691893439e-14  2.46691893439e-14  2.46691893435e-14  2.46691893214e-14  2.4669188281e-14  2.46691493238e-14  2.46680134852e-14  2.46430750922e-14  2.42529248138e-14  2.03214757091e-14  
3.36388012732e-16  3.98587338628e-16  4.04440998221e-16  4.0479384091e-16  4.04808913036e-16  4.04809395057e-16  4.04809406983e-16  4.04809407215e-16  4.04809407219e-16  4.04809407219e-16  4.04809407219e-16  4.04809407219e-16  4.04809407219e-16  4.04809407219e-16  4.04809407219e-16  4.04809407219e-16  4.04809407219e-16  4.04809407219e-16  4.04809407219e-16  4.04809407219e-16  4.04809407215e-16  4.04809406983e-16  4.04809395057e-16  4.04808913036e-16  4.0479384091e-16  4.04440998221e-16  3.98587338628e-16  3.36388012732e-16  
4.91287117577e-18  5.77749991194e-18  5.85431630353e-18  5.85866091654e-18  5.85883400438e-18  5.85883913335e-18  5.85883925005e-18  5.85883925213e-18  5.85883925216e-18  5.85883925216e-18  5.85883925216e-18  5.85883925216e-18  5.85883925216e-18  5.85883925216e-18  5.85883925216e-18  5.85883925216e-18  5.85883925216e-18  5.85883925216e-18  5.85883925216e-18  5.85883925216e-18  5.85883925213e-18  5.85883925005e-18  5.85883913335e-18  5.85883400438e-18  5.85866091654e-18  5.85431630353e-18  5.77749991194e-18  4.91287117577e-18  
6.33591719293e-20  7.39252627729e-20  7.48070312279e-20  7.48535656252e-20  7.48552837876e-20  7.4855330618e-20  7.48553315896e-20  7.48553316052e-20  7.48553316054e-20  7.48553316054e-20  7.48553316054e-20  7.48553316054e-20  7.48553316054e-20  7.48553316054e-20  7.48553316054e-20  7.48553316054e-20  7.48553316054e-20  7.48553316054e-20  7.48553316054e-20  7.48553316054e-20  7.48553316052e-20  7.48553315896e-20  7.4855330618e-20  7.48552837876e-20  7.48535656252e-20  7.48070312279e-20  7.39252627729e-20  6.33591719293e-20  
7.2146768821e-22  8.34916597763e-22  8.43760429435e-22  8.44193178465e-22  8.44207878882e-22  8.44208244278e-22  8.4420825112e-22  8.44208251218e-22  8.44208251219e-22  8.44208251219e-22  8.44208251219e-22  8.44208251219e-22  8.44208251219e-22  8.44208251219e-22  8.44208251219e-22  8.44208251219e-22  8.44208251219e-22  8.44208251219e-22  8.44208251219e-22  8.44208251219e-22  8.44208251218e-22  8.4420825112e-22  8.44208244278e-22  8.44207878882e-22  8.44193178465e-22  8.43760429435e-22  8.34916597763e-22  7.2146768821e-22  
7.24590072397e-24  8.31438298421e-24  8.39169815258e-24  8.39518044943e-24  8.39528835261e-24  8.39529077346e-24  8.39529081385e-24  8.39529081436e-24  8.39529081436e-24  8.39529081436e-24  8.39529081436e-24  8.39529081436e-24  8.39529081436e-24  8.39529081436e-24  8.39529081436e-24  8.39529081436e-24  8.39529081436e-24  8.39529081436e-24  8.39529081436e-24  8.39529081436e-24  8.39529081436e-24  8.39529081385e-24  8.39529077346e-24  8.39528835261e-24  8.39518044943e-24  8.39169815258e-24  8.31438298421e-24  7.24590072397e-24  
6.40513694053e-26  7.28532741051e-26  7.3440172515e-26  7.34642960521e-26  7.34649709089e-26  7.34649844034e-26  7.34649846009e-26  7.3464984603e-26  7.3464984603e-26  7.3464984603e-26  7.3464984603e-26  7.3464984603e-26  7.3464984603e-26  7.3464984603e-26  7.3464984603e-26  7.3464984603e-26  7.3464984603e-26  7.3464984603e-26  7.3464984603e-26  7.3464984603e-26  7.3464984603e-26  7.34649846009e-26  7.34649844034e-26  7.34649709089e-26  7.34642960521e-26  7.3440172515e-26  7.28532741051e-26  6.40513694053e-26  
4.96740267034e-28  5.59894630639e-28  5.63741888214e-28  5.63884722769e-28  5.63888284958e-28  5.63888347439e-28  5.63888348224e-28  5.63888348231e-28  5.63888348231e-28  5.63888348231e-28  5.63888348231e-28  5.63888348231e-28  5.63888348231e-28  5.63888348231e-28  5.63888348231e-28  5.63888348231e-28  5.63888348231e-28  5.63888348231e-28  5.63888348231e-28  5.63888348231e-28  5.63888348231e-28  5.63888348224e-28  5.63888347439e-28  5.63888284958e-28  5.63884722769e-28  5.63741888214e-28  5.59894630639e-28  4.96740267034e-28  
3.36463003993e-30  3.75702874863e-30  3.77864420676e-30  3.77935995534e-30  3.7793756169e-30  3.7793758529e-30  3.77937585538e-30  3.7793758554e-30  3.7793758554e-30  3.7793758554e-30  3.7793758554e-30  3.7793758554e-30  3.7793758554e-30  3.7793758554e-30  3.7793758554e-30  3.7793758554e-30  3.7793758554e-30  3.7793758554e-30  3.7793758554e-30  3.7793758554e-30  3.7793758554e-30  3.77937585538e-30  3.7793758529e-30  3.7793756169e-30  3.77935995534e-30  3.77864420676e-30  3.75702874863e-30  3.36463003993e-30  
1.97842202043e-32  2.18791426318e-32  2.19821820645e-32  2.19851770191e-32  2.19852333344e-32  2.19852340432e-32  2.19852340491e-32  2.19852340492e-32  2.19852340492e-32  2.19852340492e-32  2.19852340492e-32  2.19852340492e-32  2.19852340492e-32  2.19852340492e-32  2.19852340492e-32  2.19852340492e-32  2.19852340492e-32  2.19852340492e-32  2.19852340492e-32  2.19852340492e-32  2.19852340492e-32  2.19852340491e-32  2.19852340432e-32  2.19852333344e-32  2.19851770191e-32  2.19821820645e-32  2.18791426318e-32  1.97842202043e-32  
1.00183275479e-34  1.0969426234e-34  1.10105350899e-34  1.1011562357e-34  1.10115784925e-34  1.10115786553e-34  1.10115786563e-34  1.10115786563e-34  1.10115786563e-34  1.10115786563e-34  1.10115786563e-34  1.10115786563e-34  1.10115786563e-34  1.10115786563e-34  1.10115786563e-34  1.10115786563e-34  1.10115786563e-34  1.10115786563e-34  1.10115786563e-34  1.10115786563e-34  1.10115786563e-34  1.10115786563e-34  1.10115786553e-34  1.10115784925e-34  1.1011562357e-34  1.10105350899e-34  1.0969426234e-34  1.00183275479e-34  
4.32297418376e-37  4.68511792138e-37  4.69858998085e-37  4.69887132757e-37  4.69887487094e-37  4.6988748978e-37  4.69887489791e-37  4.69887489791e-37  4.69887489791e-37  4.69887489791e-37  4.69887489791e-37  4.69887489791e-37  4.69887489791e-37  4.69887489791e-37  4.69887489791e-37  4.69887489791e-37  4.69887489791e-37  4.69887489791e-37  4.69887489791e-37  4.69887489791e-37  4.69887489791e-37  4.69887489791e-37  4.6988748978e-37  4.69887487094e-37  4.69887132757e-37  4.69858998085e-37  4.68511792138e-37  4.32297418376e-37  
1.56742900015e-39  1.68091240678e-39  1.68444444308e-39  1.68450361339e-39  1.68450417349e-39  1.68450417633e-39  1.68450417634e-39  1.68450417634e-39  1.68450417634e-39  1.68450417634e-39  1.68450417634e-39  1.68450417634e-39  1.68450417634e-39  1.68450417634e-39  1.68450417634e-39  1.68450417634e-39  1.68450417634e-39  1.68450417634e-39  1.68450417634e-39  1.68450417634e-39  1.68450417634e-39  1.68450417634e-39  1.68450417633e-39  1.68450417349e-39  1.68450361339e-39  1.68444444308e-39  1.68091240678e-39  1.56742900015e-39  
4.68537567628e-42  4.97037206159e-42  4.97749534721e-42  4.97758507902e-42  4.97758564644e-42  4.97758564788e-42  4.97758564788e-42  4.97758564788e-42  4.97758564788e-42  4.97758564788e-42  4.97758564788e-42  4.97758564788e-42  4.97758564788e-42  4.97758564788e-42  4.97758564788e-42  4.97758564788e-42  4.97758564788e-42  4.97758564788e-42  4.97758564788e-42  4.97758564788e-42  4.97758564788e-42  4.97758564788e-42  4.97758564788e-42  4.97758564644e-42  4.97758507902e-42  4.97749534721e-42  4.97037206159e-42  4.68537567628e-42  
1.1242290304e-44  1.17937514627e-44  1.18041271737e-44  1.18042145249e-44  1.18042148017e-44  1.18042148017e-44  1.18042148017e-44  1.18042148017e-44  1.18042148017e-44  1.18042148017e-44  1.18042148017e-44  1.18042148017e-44  1.18042148017e-44  1.18042148017e-44  1.18042148017e-44  1.18042148017e-44  1.18042148017e-44  1.18042148017e-44  1.18042148017e-44  1.18042148017e-44  1.18042148017e-44  1.18042148017e-44  1.18042148017e-44  1.18042148017e-44  1.18042145249e-44  1.18041271737e-44  1.17937514627e-44  1.1242290304e-44  
2.08152156464e-47  2.15870522012e-47  2.15967681403e-47  2.15968091358e-47  2.15968091358e-47  2.15968091358e-47  2.15968091358e-47  2.15968091358e-47  2.15968091358e-47  2.15968091358e-47  2.15968091358e-47  2.15968091358e-47  2.15968091358e-47  2.15968091358e-47  2.15968091358e-47  2.15968091358e-47  2.15968091358e-47  2.15968091358e-47  2.15968091358e-47  2.15968091358e-47  2.15968091358e-47  2.15968091358e-47  2.15968091358e-47  2.15968091358e-47  2.15968091358e-47  2.15967681403e-47  2.15870522012e-47  2.08152156464e-47  
