1000.0  1000.0  1000.0  1000.0  1000.0  1000.0  1000.0  1000.0  1000.0  1000.0  1000.0  1000.0  1000.0  1000.0  1000.0  1000.0  1000.0  1000.0  1000.0  1000.0  1000.0  1000.0  1000.0  1000.0  1000.0  1000.0  1000.0  1000.0  
285.840338349  467.202799354  574.620623941  638.605304009  677.588903467  701.860434871  717.206968113  726.991847913  733.241704962  737.214925494  739.708095748  741.227774145  742.090048302  742.478889218  742.478889218  742.090048302  741.227774145  739.708095748  737.214925494  733.241704962  726.991847913  717.206968113  701.860434871  677.588903467  638.605304009  574.620623941  467.202799354  285.840338349  
185.433989505  329.114498186  429.361940422  496.515126855  540.8700524  570.044020736  589.195605264  601.729055155  609.88386357  615.137907589  618.467226219  620.511076661  621.676513317  622.203616942  622.203616942  621.676513317  620.511076661  618.467226219  615.137907589  609.88386357  601.729055155  589.195605264  570.044020736  540.8700524  496.515126855  429.361940422  329.114498186  185.433989505  
127.980131885  236.825580185  320.670225716  381.716866105  424.74297786  454.462871179  474.69786435  488.305401951  497.341457738  503.253636187  507.043899242  509.391009962  510.73758758  511.348869221  511.348869221  510.73758758  509.391009962  507.043899242  503.253636187  497.341457738  488.305401951  474.69786435  454.462871179  424.74297786  381.716866105  320.670225716  236.825580185  127.980131885  
91.1158860883  172.408848013  238.990438892  290.391897578  328.487790718  355.905520533  375.194751669  388.505979045  397.526758098  403.523848147  407.416679035  409.85028257  411.256007034  411.896786456  411.896786456  411.256007034  409.85028257  407.416679035  403.523848147  397.526758098  388.505979045  375.194751669  355.905520533  328.487790718  290.391897578  238.990438892  172.408848013  91.1158860883  
65.6859101758  125.883565271  177.157727391  218.411446978  250.182245165  273.825972739  290.936226635  303.022825031  311.371849152  317.009210442  320.714370478  323.053221083  324.413780136  325.036669002  325.036669002  324.413780136  323.053221083  320.714370478  317.009210442  311.371849152  303.022825031  290.936226635  273.825972739  250.182245165  218.411446978  177.157727391  125.883565271  65.6859101758  
47.4122063438  91.5736934459  130.176522183  162.165222131  187.53091514  206.922733135  221.293680689  231.655451891  238.938497462  243.928102326  247.246923413  249.361863737  250.600809913  251.170490794  251.170490794  250.600809913  249.361863737  247.246923413  243.928102326  238.938497462  231.655451891  221.293680689  206.922733135  187.53091514  162.165222131  130.176522183  91.5736934459  47.4122063438  
34.0238340074  66.0484669765  94.5437406176  118.668071171  138.229778274  153.50997792  165.060339641  173.536912605  179.587666231  183.788387616  186.613781407  188.430557254  189.502017048  189.996762272  189.996762272  189.502017048  188.430557254  186.613781407  183.788387616  179.587666231  173.536912605  165.060339641  153.50997792  138.229778274  118.668071171  94.5437406176  66.0484669765  34.0238340074  
24.1627989763  47.0684459546  67.7077922998  85.4605203554  100.105896003  111.744834041  120.688305881  127.351559611  132.172816365  135.560046568  137.861621502  139.353994951  140.23971141  140.650319999  140.650319999  140.23971141  139.353994951  137.861621502  135.560046568  132.172816365  127.351559611  120.688305881  111.744834041  100.105896003  85.4605203554  67.7077922998  47.0684459546  24.1627989763  
16.9285853319  33.0578247508  47.72536946  60.493365649  71.1690227793  79.7717159545  86.4725384012  91.5293820695  95.2316837593  97.8604060994  99.6630910338  100.840950431  101.54409502  101.871272933  101.871272933  101.54409502  100.840950431  99.6630910338  97.8604060994  95.2316837593  91.5293820695  86.4725384012  79.7717159545  71.1690227793  60.493365649  47.72536946  33.0578247508  16.9285853319  
11.6748120126  22.8398317763  33.0632219799  42.0448337182  49.6346620876  55.8198405304  60.6922291068  64.4094679034  67.1589074942  69.1293363775  70.4917510227  71.388125171  71.9260902241  72.1772601644  72.1772601644  71.9260902241  71.388125171  70.4917510227  69.1293363775  67.1589074942  64.4094679034  60.6922291068  55.8198405304  49.6346620876  42.0448337182  33.0632219799  22.8398317763  11.6748120126  
7.91318855339  15.5021827489  22.4879732931  28.6695378069  33.9376443787  38.2703240384  41.7155975973  44.3684654444  46.3480238674  47.7783448711  48.7745745072  49.4341138161  49.8318543163  50.0181292089  50.0181292089  49.8318543163  49.4341138161  48.7745745072  47.7783448711  46.3480238674  44.3684654444  41.7155975973  38.2703240384  33.9376443787  28.6695378069  22.4879732931  15.5021827489  7.91318855339  
5.26536098518  10.3260373183  15.0037918448  19.1667485747  22.7389039406  25.6990074844  28.0713975652  29.9125616222  31.2969339902  32.3043887794  33.0106512981  33.4808291578  33.7656068552  33.8993501696  33.8993501696  33.7656068552  33.4808291578  33.0106512981  32.3043887794  31.2969339902  29.9125616222  28.0713975652  25.6990074844  22.7389039406  19.1667485747  15.0037918448  10.3260373183  5.26536098518  
3.43648816939  6.74508887159  9.81344186812  12.5567198504  14.9238747485  16.8977421351  18.4901996682  19.7343936939  20.6760858668  21.3656916888  21.8519080917  22.1772030976  22.3749958008  22.468120764  22.468120764  22.3749958008  22.1772030976  21.8519080917  21.3656916888  20.6760858668  19.7343936939  18.4901996682  16.8977421351  14.9238747485  12.5567198504  9.81344186812  6.74508887159  3.43648816939  
2.19858687385  4.31829162294  6.28932863732  8.05818282363  9.59157617508  10.8769023555  11.9196811001  12.7391041806  13.3628496021  13.8221321604  14.1475985764  14.3663081636  14.4997556958  14.5627271236  14.5627271236  14.4997556958  14.3663081636  14.1475985764  13.8221321604  13.3628496021  12.7391041806  11.9196811001  10.8769023555  9.59157617508  8.05818282363  6.28932863732  4.31829162294  2.19858687385  
1.37822222342  2.70849983556  3.94818481112  5.06416633997  6.03532313211  6.85295755065  7.51946486187  8.04580586611  8.44844782435  8.74635308925  8.95840659456  9.10146320811  9.18902171694  9.23042224681  9.23042224681  9.18902171694  9.10146320811  8.95840659456  8.74635308925  8.44844782435  8.04580586611  7.51946486187  6.85295755065  6.03532313211  5.06416633997  3.94818481112  2.70849983556  1.37822222342  
0.846256861225  1.66383850779  2.42712549735  3.11602953448  3.71747454781  4.22573413863  4.64174068736  4.97166619421  5.22514570041  5.41348197557  5.54807328704  5.63918852506  5.69511064967  5.7216001149  5.7216001149  5.69511064967  5.63918852506  5.54807328704  5.41348197557  5.22514570041  4.97166619421  4.64174068736  4.22573413863  3.71747454781  3.11602953448  2.42712549735  1.66383850779  0.846256861225  
0.508857802302  1.00085706905  1.46088194502  1.87698405766  2.241257858  2.55007446462  2.80372584832  3.00563699508  3.16135029502  3.27747607429  3.3607540588  3.41730608778  3.45210081129  3.46860909673  3.46860909673  3.45210081129  3.41730608778  3.3607540588  3.27747607429  3.16135029502  3.00563699508  2.80372584832  2.55007446462  2.241257858  1.87698405766  1.46088194502  1.00085706905  0.508857802302  
0.299598921873  0.589462947969  0.86083777349  1.10675737529  1.32255071902  1.50599286227  1.65712338381  1.77781440863  1.87119929985  1.94107094246  1.9913339636  2.02556048924  2.04666549204  2.05669314039  2.05669314039  2.04666549204  2.02556048924  1.9913339636  1.94107094246  1.87119929985  1.77781440863  1.65712338381  1.50599286227  1.32255071902  1.10675737529  0.86083777349  0.589462947969  0.299598921873  
0.172702755926  0.339887544682  0.496580042076  0.638800058849  0.763848955306  0.870402528145  0.958419299669  1.0289068034  1.08360547687  1.12465023607  1.15425766728  1.17446835426  1.18695538222  1.19289600713  1.19289600713  1.18695538222  1.17446835426  1.15425766728  1.12465023607  1.08360547687  1.0289068034  0.958419299669  0.870402528145  0.763848955306  0.638800058849  0.496580042076  0.339887544682  0.172702755926  
0.0974676455186  0.191866496147  0.280424388666  0.36091281678  0.43180671188  0.492339337008  0.542456479177  0.582691786437  0.613994804467  0.63754425602  0.654573189455  0.666223013829  0.67343346726  0.676867754834  0.676867754834  0.67343346726  0.666223013829  0.654573189455  0.63754425602  0.613994804467  0.582691786437  0.542456479177  0.492339337008  0.43180671188  0.36091281678  0.280424388666  0.191866496147  0.0974676455186  
0.0538548257578  0.106035667719  0.155027699704  0.199608340872  0.238934320421  0.272573055151  0.300480042893  0.322933357639  0.340441710428  0.353643393674  0.363210579916  0.369768511022  0.373833837409  0.375772127563  0.375772127563  0.373833837409  0.369768511022  0.363210579916  0.353643393674  0.340441710428  0.322933357639  0.300480042893  0.272573055151  0.238934320421  0.199608340872  0.155027699704  0.106035667719  0.0538548257578  
0.0291331617757  0.0573709452511  0.0839018873739  0.108068852845  0.129415534782  0.147703866983  0.162903009031  0.175155463182  0.184728784607  0.191961936909  0.197213993565  0.200820390851  0.203059198119  0.204127621438  0.204127621438  0.203059198119  0.200820390851  0.197213993565  0.191961936909  0.184728784607  0.175155463182  0.162903009031  0.147703866983  0.129415534782  0.108068852845  0.0839018873739  0.0573709452511  0.0291331617757  
0.0154265634485  0.0303837083972  0.0444454616898  0.0572658565342  0.0686032703118  0.0783298260796  0.0864260979139  0.0929638713698  0.0980812392623  0.101954678786  0.104772123331  0.10670980087  0.107914214855  0.108489475162  0.108489475162  0.107914214855  0.10670980087  0.104772123331  0.101954678786  0.0980812392623  0.0929638713698  0.0864260979139  0.0783298260796  0.0686032703118  0.0572658565342  0.0444454616898  0.0303837083972  0.0154265634485  
0.00798735797637  0.0157337909461  0.0230204287798  0.0296690622456  0.035554612107  0.0406100706985  0.0448239944434  0.0482318888786  0.0509036139767  0.0529291486242  0.0544047612484  0.0554210263009  0.0560534289042  0.0563557064385  0.0563557064385  0.0560534289042  0.0554210263009  0.0544047612484  0.0529291486242  0.0509036139767  0.0482318888786  0.0448239944434  0.0406100706985  0.035554612107  0.0296690622456  0.0230204287798  0.0157337909461  0.00798735797637  
0.00402294855435  0.00792547336977  0.0115980709003  0.0149513894994  0.0179224511234  0.0204771692835  0.0226091842158  0.0243356564133  0.0256910527206  0.026720074041  0.027470741541  0.0279883675562  0.0283107973306  0.0284650141338  0.0284650141338  0.0283107973306  0.0279883675562  0.027470741541  0.026720074041  0.0256910527206  0.0243356564133  0.0226091842158  0.0204771692835  0.0179224511234  0.0149513894994  0.0115980709003  0.00792547336977  0.00402294855435  
0.00192355390023  0.00378988784753  0.00554693068786  0.00715212001847  0.00857535384181  0.00980020495088  0.0108234012351  0.0116528654129  0.0123047943139  0.0128003158242  0.0131622040046  0.0134119997579  0.0135677262341  0.0136422499932  0.0136422499932  0.0135677262341  0.0134119997579  0.0131622040046  0.0128003158242  0.0123047943139  0.0116528654129  0.0108234012351  0.00980020495088  0.00857535384181  0.00715212001847  0.00554693068786  0.00378988784753  0.00192355390023  
0.000766467335908  0.00151023354825  0.00221062931969  0.00285073961017  0.00341857333577  0.00390754995284  0.0043163024159  0.00464790995843  0.0049087481104  0.00510716727111  0.00525218969748  0.005352363313  0.00541484893174  0.00544476306359  0.00544476306359  0.00541484893174  0.005352363313  0.00525218969748  0.00510716727111  0.0049087481104  0.00464790995843  0.0043163024159  0.00390754995284  0.00341857333577  0.00285073961017  0.00221062931969  0.00151023354825  0.000766467335908  
