1000.0  1000.0  1000.0  1000.0  1000.0  1000.0  1000.0  1000.0  1000.0  1000.0  1000.0  1000.0  1000.0  1000.0  1000.0  1000.0  1000.0  1000.0  1000.0  1000.0  1000.0  1000.0  1000.0  1000.0  1000.0  1000.0  1000.0  1000.0  
270.250222758  436.635520326  530.227294814  581.941321272  610.447659479  626.104690133  634.623735058  639.187263415  641.581443134  642.806475238  643.415581848  643.708234654  643.841325448  643.892174306  643.892174306  643.841325448  643.708234654  643.415581848  642.806475238  641.581443134  639.187263415  634.623735058  626.104690133  610.447659479  581.941321272  530.227294814  436.635520326  270.250222758  
164.29682677  287.668175194  369.161775744  419.663459938  449.792163034  467.26067659  477.127039698  482.552632538  485.453033645  486.957639942  487.713486507  488.079475869  488.246880069  488.311079676  488.311079676  488.246880069  488.079475869  487.713486507  486.957639942  485.453033645  482.552632538  477.127039698  467.26067659  449.792163034  419.663459938  369.161775744  287.668175194  164.29682677  
103.49356796  188.806754286  250.91225307  292.644771451  319.156319508  335.274140302  344.706576697  350.033532003  352.939140572  354.469846002  355.248016156  355.628313673  355.803481931  355.870969794  355.870969794  355.803481931  355.628313673  355.248016156  354.469846002  352.939140572  350.033532003  344.706576697  335.274140302  319.156319508  292.644771451  250.91225307  188.806754286  103.49356796  
65.5301084186  122.227895874  166.076378207  197.264673923  218.059244815  231.208568537  239.148907089  243.745837761  246.302928854  247.671170657  248.375435169  248.723028673  248.884354667  248.946826094  248.946826094  248.884354667  248.723028673  248.375435169  247.671170657  246.302928854  243.745837761  239.148907089  231.208568537  218.059244815  197.264673923  166.076378207  122.227895874  65.5301084186  
40.9667761343  77.3947149788  106.684675637  128.372495382  143.374940387  153.168407412  159.242344573  162.837238421  164.873508127  165.979371229  166.555547349  166.842747877  166.97708029  167.029371804  167.029371804  166.97708029  166.842747877  166.555547349  165.979371229  164.873508127  162.837238421  159.242344573  153.168407412  143.374940387  128.372495382  106.684675637  77.3947149788  40.9667761343  
25.0208677946  47.6429860611  66.3096099755  80.5354920557  90.6559231647  97.4329734516  101.730998824  104.323981626  105.81676685  106.638632034  107.071776088  107.289743021  107.392466273  107.432660184  107.432660184  107.392466273  107.289743021  107.071776088  106.638632034  105.81676685  104.323981626  101.730998824  97.4329734516  90.6559231647  80.5354920557  66.3096099755  47.6429860611  25.0208677946  
14.8355000303  28.3941119876  39.7834382335  48.6476534924  55.0906084498  59.4938047392  62.3384428801  64.0829249122  65.1016539621  65.669468931  65.9718914486  66.1254357984  66.1983184568  66.2269773337  66.2269773337  66.1983184568  66.1254357984  65.9718914486  65.669468931  65.1016539621  64.0829249122  62.3384428801  59.4938047392  55.0906084498  48.6476534924  39.7834382335  28.3941119876  14.8355000303  
8.50660764388  16.3384103018  23.0012375052  28.2684907065  32.161077437  34.8650383496  36.6387819946  37.7417475918  38.393882157  38.7613580618  38.9589512512  39.060094401  39.10842456  39.1275169323  39.1275169323  39.10842456  39.060094401  38.9589512512  38.7613580618  38.393882157  37.7417475918  36.6387819946  34.8650383496  32.161077437  28.2684907065  23.0012375052  16.3384103018  8.50660764388  
4.70595371341  9.06129182591  12.8011596601  15.7928507679  18.0326306013  19.6090224364  20.6562301043  21.3151073435  21.708863712  21.9328859458  22.0543732655  22.1170213149  22.1471400802  22.159089008  22.159089008  22.1471400802  22.1170213149  22.0543732655  21.9328859458  21.708863712  21.3151073435  20.6562301043  19.6090224364  18.0326306013  15.7928507679  12.8011596601  9.06129182591  4.70595371341  
2.50829160303  4.83863692372  6.853691657  8.48037600682  9.7107752192  10.5859990241  11.1735221743  11.5468644954  11.7720446496  11.9012386916  11.9718317564  12.0084774636  12.0261929376  12.0332484963  12.0332484963  12.0261929376  12.0084774636  11.9718317564  11.9012386916  11.7720446496  11.5468644954  11.1735221743  10.5859990241  9.7107752192  8.48037600682  6.853691657  4.83863692372  2.50829160303  
1.28714469023  2.48645165444  3.52906830136  4.37676141997  5.02322269646  5.48707542664  5.8011686016  6.00244261145  6.12480517185  6.19552515744  6.23442585323  6.25473971563  6.26460890845  6.268553353  6.268553353  6.26460890845  6.25473971563  6.23442585323  6.19552515744  6.12480517185  6.00244261145  5.8011686016  5.48707542664  5.02322269646  4.37676141997  3.52906830136  2.48645165444  1.28714469023  
0.635718731602  1.22938578964  1.74765861577  2.171432106  2.4967557226  2.73185286937  2.89220578499  2.99569578222  3.0590411371  3.09588605332  3.11627249915  3.12697447147  3.13219705804  3.13429098441  3.13429098441  3.13219705804  3.12697447147  3.11627249915  3.09588605332  3.0590411371  2.99569578222  2.89220578499  2.73185286937  2.4967557226  2.171432106  1.74765861577  1.22938578964  0.635718731602  
0.302198525829  0.584906983121  0.832536658852  1.03594077527  1.19293760807  1.30706356301  1.38538107599  1.43623328589  1.46754232154  1.48585457619  1.49603920165  1.50141067757  1.50404239096  1.50510052811  1.50510052811  1.50404239096  1.50141067757  1.49603920165  1.48585457619  1.46754232154  1.43623328589  1.38538107599  1.30706356301  1.19293760807  1.03594077527  0.832536658852  0.584906983121  0.302198525829  
0.138294255054  0.267852845994  0.381641356996  0.475455808668  0.548189644635  0.601322819059  0.637972588674  0.661892800469  0.67669468975  0.685394022368  0.690254228318  0.692828146795  0.694093674785  0.694603792371  0.694603792371  0.694093674785  0.692828146795  0.690254228318  0.685394022368  0.67669468975  0.661892800469  0.637972588674  0.601322819059  0.548189644635  0.475455808668  0.381641356996  0.267852845994  0.138294255054  
0.0609483020723  0.118112431865  0.168428852422  0.210039999484  0.242420571007  0.266172882554  0.282628045095  0.293415404649  0.300119810967  0.304076708586  0.306296171794  0.307475867312  0.308057710775  0.308292771043  0.308292771043  0.308057710775  0.307475867312  0.306296171794  0.304076708586  0.300119810967  0.293415404649  0.282628045095  0.266172882554  0.242420571007  0.210039999484  0.168428852422  0.118112431865  0.0609483020723  
0.0258805316854  0.0501771518548  0.0716020691018  0.0893653246571  0.103231075162  0.113437588908  0.120534728516  0.125205017315  0.12811859565  0.129844482323  0.130815927057  0.13133393386  0.131590131865  0.131693840332  0.131693840332  0.131590131865  0.13133393386  0.130815927057  0.129844482323  0.12811859565  0.125205017315  0.120534728516  0.113437588908  0.103231075162  0.0893653246571  0.0716020691018  0.0501771518548  0.0258805316854  
0.0105945024377  0.0205484185333  0.0293391030355  0.0366429194184  0.0423590847688  0.0465791819814  0.0495229544485  0.0514664469448  0.0526828721651  0.053405739909  0.0538138634542  0.0540321057819  0.0541403100471  0.0541841883699  0.0541841883699  0.0541403100471  0.0540321057819  0.0538138634542  0.053405739909  0.0526828721651  0.0514664469448  0.0495229544485  0.0465791819814  0.0423590847688  0.0366429194184  0.0293391030355  0.0205484185333  0.0105945024377  
0.00418358216633  0.00811678927017  0.0115947570161  0.0144896420671  0.0167602775533  0.0184408587765  0.0196163560563  0.0203946155458  0.0208831098469  0.021174211379  0.0213390053742  0.0214273483714  0.0214712437257  0.021489071748  0.021489071748  0.0214712437257  0.0214273483714  0.0213390053742  0.021174211379  0.0208831098469  0.0203946155458  0.0196163560563  0.0184408587765  0.0167602775533  0.0144896420671  0.0115947570161  0.00811678927017  0.00418358216633  
0.00159461613307  0.00309462880245  0.00442244602855  0.00552933548951  0.00639917479909  0.00704436540594  0.00749670642745  0.00779691827817  0.00798581940982  0.00809866325526  0.0081626950758  0.00819709679809  0.00821422283777  0.00822118816435  0.00822118816435  0.00821422283777  0.00819709679809  0.0081626950758  0.00809866325526  0.00798581940982  0.00779691827817  0.00749670642745  0.00704436540594  0.00639917479909  0.00552933548951  0.00442244602855  0.00309462880245  0.00159461613307  
0.000587074477088  0.00113957879023  0.00162910253603  0.00203770622245  0.0023593220107  0.00259831834782  0.00276621643292  0.00287788360991  0.00294829859038  0.0029904520473  0.00301442085989  0.00302732322661  0.00303375717722  0.00303637711747  0.00303637711747  0.00303375717722  0.00302732322661  0.00301442085989  0.0029904520473  0.00294829859038  0.00287788360991  0.00276621643292  0.00259831834782  0.0023593220107  0.00203770622245  0.00162910253603  0.00113957879023  0.000587074477088  
0.000208907214822  0.000405591417895  0.000579990608199  0.000725722417974  0.000840588179544  0.000926082624042  0.000986248521038  0.00102633767867  0.00105166439967  0.00106685431172  0.00107550704238  0.00108017269582  0.0010825027406  0.00108345256569  0.00108345256569  0.0010825027406  0.00108017269582  0.00107550704238  0.00106685431172  0.00105166439967  0.00102633767867  0.000986248521038  0.000926082624042  0.000840588179544  0.000725722417974  0.000579990608199  0.000405591417895  0.000208907214822  
7.19005738177e-05  0.000139617446989  0.000199701678262  0.000249957189014  0.000289615793643  0.000319174364205  0.000340007393863  0.00035391079771  0.000362708739367  0.000367993962198  0.000371009383923  0.000372637753773  0.00037345202588  0.000373784270372  0.000373784270372  0.00037345202588  0.000372637753773  0.000371009383923  0.000367993962198  0.000362708739367  0.00035391079771  0.000340007393863  0.000319174364205  0.000289615793643  0.000249957189014  0.000199701678262  0.000139617446989  7.19005738177e-05  
2.39509899388e-05  4.65149572622e-05  6.6547084942e-05  8.33160398832e-05  9.65626924173e-05  0.000106447537242  0.00011342356163  0.000118085625502  0.000121039926514  0.000122817194945  0.000123832597112  0.000124381642185  0.000124656506767  0.000124768751213  0.000124768751213  0.000124656506767  0.000124381642185  0.000123832597112  0.000122817194945  0.000121039926514  0.000118085625502  0.00011342356163  0.000106447537242  9.65626924173e-05  8.33160398832e-05  6.6547084942e-05  4.65149572622e-05  2.39509899388e-05  
7.72689397435e-06  1.5008154653e-05  2.14755843901e-05  2.6893314185e-05  3.11768562886e-05  3.43765967588e-05  3.66373145768e-05  3.81499668943e-05  3.91097036636e-05  3.96877826088e-05  4.00184532775e-05  4.01974554805e-05  4.02871570964e-05  4.03238142137e-05  4.03238142137e-05  4.02871570964e-05  4.01974554805e-05  4.00184532775e-05  3.96877826088e-05  3.91097036636e-05  3.81499668943e-05  3.66373145768e-05  3.43765967588e-05  3.11768562886e-05  2.6893314185e-05  2.14755843901e-05  1.5008154653e-05  7.72689397435e-06  
2.41487427067e-06  4.69096970375e-06  6.71352046282e-06  8.40883147694e-06  9.75026086584e-06  1.07531818717e-05  1.14624744851e-05  1.19375591824e-05  1.22393107113e-05  1.24212600287e-05  1.25254470089e-05  1.25819021999e-05  1.26102174028e-05  1.26217957893e-05  1.26217957893e-05  1.26102174028e-05  1.25819021999e-05  1.25254470089e-05  1.24212600287e-05  1.22393107113e-05  1.19375591824e-05  1.14624744851e-05  1.07531818717e-05  9.75026086584e-06  8.40883147694e-06  6.71352046282e-06  4.69096970375e-06  2.41487427067e-06  
7.28002392576e-07  1.4142943801e-06  2.02435675432e-06  2.53597873793e-06  2.94106836845e-06  3.24416440717e-06  3.45870207765e-06  3.60252761266e-06  3.69396254881e-06  3.74914630721e-06  3.7807736335e-06  3.79792575536e-06  3.80653474569e-06  3.8100569177e-06  3.8100569177e-06  3.80653474569e-06  3.79792575536e-06  3.7807736335e-06  3.74914630721e-06  3.69396254881e-06  3.60252761266e-06  3.45870207765e-06  3.24416440717e-06  2.94106836845e-06  2.53597873793e-06  2.02435675432e-06  1.4142943801e-06  7.28002392576e-07  
1.98473723332e-07  3.85602721821e-07  5.51992734146e-07  6.91589771576e-07  8.02175088183e-07  8.84965913096e-07  9.43605083958e-07  9.82943768122e-07  1.00797048875e-06  1.02308559303e-06  1.03175446123e-06  1.03645880903e-06  1.03882134916e-06  1.03978832224e-06  1.03978832224e-06  1.03882134916e-06  1.03645880903e-06  1.03175446123e-06  1.02308559303e-06  1.00797048875e-06  9.82943768122e-07  9.43605083958e-07  8.84965913096e-07  8.02175088183e-07  6.91589771576e-07  5.51992734146e-07  3.85602721821e-07  1.98473723332e-07  
