1000.0  1000.0  1000.0  1000.0  1000.0  1000.0  1000.0  1000.0  1000.0  1000.0  1000.0  1000.0  1000.0  1000.0  1000.0  1000.0  1000.0  1000.0  1000.0  1000.0  1000.0  1000.0  1000.0  1000.0  1000.0  1000.0  1000.0  1000.0  
113.496538343  156.186024257  167.59676612  170.0082035  170.429217915  170.491559878  170.499536536  170.500431168  170.500520138  170.500528058  170.500528694  170.500528741  170.500528744  170.500528744  170.500528744  170.500528744  170.500528741  170.500528694  170.500528058  170.500520138  170.500431168  170.499536536  170.491559878  170.429217915  170.0082035  167.59676612  156.186024257  113.496538343  
28.9058238241  41.6917330332  45.4783377585  46.3304974916  46.4851852747  46.508649321  46.5116953093  46.5120396679  46.51207403  46.512077089  46.512077334  46.5120773518  46.512077353  46.5120773531  46.5120773531  46.512077353  46.5120773518  46.512077334  46.512077089  46.51207403  46.5120396679  46.5116953093  46.508649321  46.4851852747  46.3304974916  45.4783377585  41.6917330332  28.9058238241  
6.0612287217  8.96193312245  9.87221455849  10.0850240446  10.1246019348  10.1306948333  10.1314923217  10.1315828002  10.1315918294  10.1315926312  10.1315926951  10.1315926997  10.1315927  10.1315927  10.1315927  10.1315927  10.1315926997  10.1315926951  10.1315926312  10.1315918294  10.1315828002  10.1314923217  10.1306948333  10.1246019348  10.0850240446  9.87221455849  8.96193312245  6.0612287217  
1.0634557679  1.59462543327  1.76712264715  1.80839612415  1.81618460949  1.81739351976  1.81755231815  1.81757033632  1.81757212985  1.81757228837  1.81757230093  1.81757230183  1.81757230189  1.81757230189  1.81757230189  1.81757230189  1.81757230183  1.81757230093  1.81757228837  1.81757212985  1.81757033632  1.81755231815  1.81739351976  1.81618460949  1.80839612415  1.76712264715  1.59462543327  1.0634557679  
0.158851423214  0.240174054699  0.26713138054  0.273670648473  0.274914506187  0.275108252026  0.275133703862  0.275136584355  0.275136869744  0.275136894809  0.27513689678  0.27513689692  0.275136896929  0.275136896929  0.275136896929  0.275136896929  0.27513689692  0.27513689678  0.275136894809  0.275136869744  0.275136584355  0.275133703862  0.275108252026  0.274914506187  0.273670648473  0.26713138054  0.240174054699  0.158851423214  
0.0205181393655  0.0311755590224  0.0347509535906  0.0356247183826  0.0357914733521  0.0358174480999  0.0358208515046  0.0358212348854  0.0358212726282  0.0358212759174  0.0358212761737  0.0358212761917  0.0358212761929  0.035821276193  0.035821276193  0.0358212761929  0.0358212761917  0.0358212761737  0.0358212759174  0.0358212726282  0.0358212348854  0.0358208515046  0.0358174480999  0.0357914733521  0.0356247183826  0.0347509535906  0.0311755590224  0.0205181393655  
0.00232236176166  0.00353867905212  0.00394933374873  0.00404999194401  0.00406920089692  0.00407218520264  0.00407257440429  0.00407261796808  0.00407262222363  0.00407262259118  0.00407262261954  0.00407262262151  0.00407262262164  0.00407262262164  0.00407262262164  0.00407262262164  0.00407262262151  0.00407262261954  0.00407262259118  0.00407262222363  0.00407261796808  0.00407257440429  0.00407218520264  0.00406920089692  0.00404999194401  0.00394933374873  0.00353867905212  0.00232236176166  
0.000232928602663  0.000355443391397  0.000396908088404  0.00040706966453  0.000409003750787  0.000409302833978  0.000409341592461  0.000409345897226  0.000409346313993  0.000409346349631  0.000409346352352  0.000409346352539  0.00040934635255  0.000409346352551  0.000409346352551  0.00040934635255  0.000409346352539  0.000409346352352  0.000409346349631  0.000409346313993  0.000409345897226  0.000409341592461  0.000409302833978  0.000409003750787  0.00040706966453  0.000396908088404  0.000355443391397  0.000232928602663  
2.08979386994e-05  3.19059538577e-05  3.56301297062e-05  3.65404128675e-05  3.67128732026e-05  3.67393747012e-05  3.67427826577e-05  3.67431578062e-05  3.67431937666e-05  3.67431968085e-05  3.6743197038e-05  3.67431970535e-05  3.67431970545e-05  3.67431970545e-05  3.67431970545e-05  3.67431970545e-05  3.67431970535e-05  3.6743197038e-05  3.67431968085e-05  3.67431937666e-05  3.67431578062e-05  3.67427826577e-05  3.67393747012e-05  3.67128732026e-05  3.65404128675e-05  3.56301297062e-05  3.19059538577e-05  2.08979386994e-05  
1.69055275731e-06  2.58057494364e-06  2.88092633866e-06  2.95401120184e-06  2.96777219231e-06  2.96987071382e-06  2.97013819176e-06  2.97016734533e-06  2.97017010979e-06  2.97017034093e-06  2.97017035815e-06  2.9701703593e-06  2.97017035937e-06  2.97017035938e-06  2.97017035938e-06  2.97017035937e-06  2.9701703593e-06  2.97017035815e-06  2.97017034093e-06  2.97017010979e-06  2.97016734533e-06  2.97013819176e-06  2.96987071382e-06  2.96777219231e-06  2.95401120184e-06  2.88092633866e-06  2.58057494364e-06  1.69055275731e-06  
1.24149116507e-07  1.89375706845e-07  2.11295849828e-07  2.16597897886e-07  2.17588756464e-07  2.17738542037e-07  2.17757446731e-07  2.17759485142e-07  2.17759676202e-07  2.17759691981e-07  2.17759693142e-07  2.17759693218e-07  2.17759693223e-07  2.17759693223e-07  2.17759693223e-07  2.17759693223e-07  2.17759693218e-07  2.17759693142e-07  2.17759691981e-07  2.17759676202e-07  2.17759485142e-07  2.17757446731e-07  2.17738542037e-07  2.17588756464e-07  2.16597897886e-07  2.11295849828e-07  1.89375706845e-07  1.24149116507e-07  
8.32483708824e-09  1.26844910954e-08  1.41415781829e-08  1.44914878211e-08  1.45563209423e-08  1.45660267629e-08  1.45672387157e-08  1.45673678948e-08  1.45673798547e-08  1.45673808297e-08  1.45673809004e-08  1.4567380905e-08  1.45673809053e-08  1.45673809053e-08  1.45673809053e-08  1.45673809053e-08  1.4567380905e-08  1.45673809004e-08  1.45673808297e-08  1.45673798547e-08  1.45673678948e-08  1.45672387157e-08  1.45660267629e-08  1.45563209423e-08  1.44914878211e-08  1.41415781829e-08  1.26844910954e-08  8.32483708824e-09  
5.12283192129e-10  7.7944034688e-10  8.68143959394e-10  8.89270787963e-10  8.93148210625e-10  8.9372257956e-10  8.93793483177e-10  8.93800948663e-10  8.93801630954e-10  8.93801685823e-10  8.93801689748e-10  8.9380169e-10  8.93801690015e-10  8.93801690015e-10  8.93801690015e-10  8.93801690015e-10  8.9380169e-10  8.93801689748e-10  8.93801685823e-10  8.93801630954e-10  8.93800948663e-10  8.93793483177e-10  8.9372257956e-10  8.93148210625e-10  8.89270787963e-10  8.68143959394e-10  7.7944034688e-10  5.12283192129e-10  
2.90568393e-11  4.41347200941e-11  4.9103565342e-11  5.02762637453e-11  5.04892779383e-11  5.05204772193e-11  5.05242821616e-11  5.052467766e-11  5.05247133194e-11  5.05247161468e-11  5.05247163461e-11  5.05247163587e-11  5.05247163594e-11  5.05247163594e-11  5.05247163594e-11  5.05247163594e-11  5.05247163587e-11  5.05247163461e-11  5.05247161468e-11  5.05247133194e-11  5.052467766e-11  5.05242821616e-11  5.05204772193e-11  5.04892779383e-11  5.02762637453e-11  4.9103565342e-11  4.41347200941e-11  2.90568393e-11  
1.52495014624e-12  2.311792257e-12  2.56894854173e-12  2.62904213189e-12  2.63983775733e-12  2.64140010884e-12  2.64158822879e-12  2.64160752097e-12  2.64160923606e-12  2.64160937006e-12  2.64160937937e-12  2.64160937995e-12  2.64160937998e-12  2.64160937998e-12  2.64160937998e-12  2.64160937998e-12  2.64160937995e-12  2.64160937937e-12  2.64160937006e-12  2.64160923606e-12  2.64160752097e-12  2.64158822879e-12  2.64140010884e-12  2.63983775733e-12  2.62904213189e-12  2.56894854173e-12  2.311792257e-12  1.52495014624e-12  
7.43015506953e-14  1.12400326341e-13  1.24740150147e-13  1.27593387943e-13  1.28099991898e-13  1.28172389601e-13  1.28180991195e-13  1.28181861024e-13  1.28181937228e-13  1.28181943092e-13  1.28181943493e-13  1.28181943518e-13  1.28181943519e-13  1.28181943519e-13  1.28181943519e-13  1.28181943519e-13  1.28181943518e-13  1.28181943493e-13  1.28181943092e-13  1.28181937228e-13  1.28181861024e-13  1.28180991195e-13  1.28172389601e-13  1.28099991898e-13  1.27593387943e-13  1.24740150147e-13  1.12400326341e-13  7.43015506953e-14  
3.37110195181e-15  5.08795911595e-15  5.63869680938e-15  5.76461739665e-15  5.78670122386e-15  5.78981583914e-15  5.79018077499e-15  5.79021714539e-15  5.79022028384e-15  5.79022052159e-15  5.79022053757e-15  5.79022053853e-15  5.79022053859e-15  5.79022053859e-15  5.79022053859e-15  5.79022053859e-15  5.79022053853e-15  5.79022053757e-15  5.79022052159e-15  5.79022028384e-15  5.79021714539e-15  5.79018077499e-15  5.78981583914e-15  5.78670122386e-15  5.76461739665e-15  5.63869680938e-15  5.08795911595e-15  3.37110195181e-15  
1.42800487832e-16  2.14999096032e-16  2.37923568349e-16  2.43103449464e-16  2.44000253754e-16  2.44125010514e-16  2.44139418556e-16  2.44140833018e-16  2.44140953178e-16  2.44140962135e-16  2.44140962727e-16  2.44140962762e-16  2.44140962764e-16  2.44140962764e-16  2.44140962764e-16  2.44140962764e-16  2.44140962762e-16  2.44140962727e-16  2.44140962135e-16  2.44140953178e-16  2.44140833018e-16  2.44139418556e-16  2.44125010514e-16  2.44000253754e-16  2.43103449464e-16  2.37923568349e-16  2.14999096032e-16  1.42800487832e-16  
5.6610678087e-18  8.50118760408e-18  9.39332457694e-18  9.59242939605e-18  9.62644093981e-18  9.63110540726e-18  9.63163610913e-18  9.63168740417e-18  9.63169169195e-18  9.63169200625e-18  9.63169202668e-18  9.63169202787e-18  9.63169202793e-18  9.63169202793e-18  9.63169202793e-18  9.63169202793e-18  9.63169202787e-18  9.63169202668e-18  9.63169200625e-18  9.63169169195e-18  9.63168740417e-18  9.63163610913e-18  9.63110540726e-18  9.62644093981e-18  9.59242939605e-18  9.39332457694e-18  8.50118760408e-18  5.6610678087e-18  
2.10472968403e-19  3.15206746348e-19  3.47736700448e-19  3.54903687192e-19  3.56111011902e-19  3.56274162927e-19  3.56292441012e-19  3.56294179539e-19  3.56294322467e-19  3.56294332766e-19  3.56294333423e-19  3.56294333461e-19  3.56294333463e-19  3.56294333463e-19  3.56294333463e-19  3.56294333463e-19  3.56294333461e-19  3.56294333423e-19  3.56294332766e-19  3.56294322467e-19  3.56294179539e-19  3.56292441012e-19  3.56274162927e-19  3.56111011902e-19  3.54903687192e-19  3.47736700448e-19  3.15206746348e-19  2.10472968403e-19  
7.35270144931e-21  1.09802239901e-20  1.2093737894e-20  1.2335803793e-20  1.23759965142e-20  1.23813457194e-20  1.23819355278e-20  1.23819907073e-20  1.23819951668e-20  1.23819954825e-20  1.23819955023e-20  1.23819955034e-20  1.23819955034e-20  1.23819955034e-20  1.23819955034e-20  1.23819955034e-20  1.23819955034e-20  1.23819955023e-20  1.23819954825e-20  1.23819951668e-20  1.23819907073e-20  1.23819355278e-20  1.23813457194e-20  1.23759965142e-20  1.2335803793e-20  1.2093737894e-20  1.09802239901e-20  7.35270144931e-21  
2.4176290496e-22  3.59972148047e-22  3.95816419292e-22  4.03501186745e-22  4.04758256043e-22  4.04922945913e-22  4.0494080915e-22  4.04942452135e-22  4.04942582601e-22  4.04942591671e-22  4.04942592229e-22  4.0494259226e-22  4.04942592261e-22  4.04942592262e-22  4.04942592262e-22  4.04942592261e-22  4.0494259226e-22  4.04942592229e-22  4.04942591671e-22  4.04942582601e-22  4.04942452135e-22  4.0494080915e-22  4.04922945913e-22  4.04758256043e-22  4.03501186745e-22  3.95816419292e-22  3.59972148047e-22  2.4176290496e-22  
7.49358465569e-24  1.11233548166e-23  1.22101029839e-23  1.24397735454e-23  1.24767682925e-23  1.24815370495e-23  1.2482045632e-23  1.24820915976e-23  1.24820951822e-23  1.24820954268e-23  1.24820954416e-23  1.24820954424e-23  1.24820954424e-23  1.24820954424e-23  1.24820954424e-23  1.24820954424e-23  1.24820954424e-23  1.24820954416e-23  1.24820954268e-23  1.24820951822e-23  1.24820915976e-23  1.2482045632e-23  1.24815370495e-23  1.24767682925e-23  1.24397735454e-23  1.22101029839e-23  1.11233548166e-23  7.49358465569e-24  
2.19252948639e-25  3.24423361594e-25  3.5549945689e-25  3.6197033578e-25  3.62996217785e-25  3.63126268347e-25  3.6313989918e-25  3.63141109165e-25  3.63141201789e-25  3.6314120799e-25  3.63141208357e-25  3.63141208376e-25  3.63141208377e-25  3.63141208377e-25  3.63141208377e-25  3.63141208377e-25  3.63141208376e-25  3.63141208357e-25  3.6314120799e-25  3.63141201789e-25  3.63141109165e-25  3.6313989918e-25  3.63126268347e-25  3.62996217785e-25  3.6197033578e-25  3.5549945689e-25  3.24423361594e-25  2.19252948639e-25  
6.06311901354e-27  8.94206930564e-27  9.78124543312e-27  9.9533317774e-27  9.9801712148e-27  9.98351570154e-27  9.98386003796e-27  9.98389004432e-27  9.98389229792e-27  9.98389244584e-27  9.98389245442e-27  9.98389245487e-27  9.98389245489e-27  9.98389245489e-27  9.98389245489e-27  9.98389245489e-27  9.98389245487e-27  9.98389245442e-27  9.98389244584e-27  9.98389229792e-27  9.98389004432e-27  9.98386003796e-27  9.98351570154e-27  9.9801712148e-27  9.9533317774e-27  9.78124543312e-27  8.94206930564e-27  6.06311901354e-27  
1.58645016211e-28  2.3318427084e-28  2.54607908821e-28  2.58932438086e-28  2.59595648373e-28  2.59676845077e-28  2.59685052786e-28  2.59685754577e-28  2.59685806263e-28  2.59685809587e-28  2.59685809776e-28  2.59685809786e-28  2.59685809786e-28  2.59685809786e-28  2.59685809786e-28  2.59685809786e-28  2.59685809786e-28  2.59685809776e-28  2.59685809587e-28  2.59685806263e-28  2.59685754577e-28  2.59685052786e-28  2.59676845077e-28  2.59595648373e-28  2.58932438086e-28  2.54607908821e-28  2.3318427084e-28  1.58645016211e-28  
3.92957183336e-30  5.75581440774e-30  6.27314077351e-30  6.37588662616e-30  6.39137336934e-30  6.39323534e-30  6.39342004431e-30  6.39343553267e-30  6.39343665066e-30  6.39343672111e-30  6.39343672502e-30  6.39343672522e-30  6.39343672523e-30  6.39343672523e-30  6.39343672523e-30  6.39343672523e-30  6.39343672522e-30  6.39343672502e-30  6.39343672111e-30  6.39343665066e-30  6.39343553267e-30  6.39342004431e-30  6.39323534e-30  6.39137336934e-30  6.37588662616e-30  6.27314077351e-30  5.75581440774e-30  3.92957183336e-30  
