1000.0  1000.0  1000.0  1000.0  1000.0  1000.0  1000.0  1000.0  1000.0  1000.0  1000.0  1000.0  1000.0  1000.0  1000.0  1000.0  1000.0  1000.0  1000.0  1000.0  1000.0  1000.0  1000.0  1000.0  1000.0  1000.0  1000.0  1000.0  
275.907172609  447.680189653  546.159733197  602.09868141  634.086018132  652.478265559  663.048239896  669.080274725  672.479177852  674.361242603  675.380525486  675.91593453  676.181223642  676.289584549  676.289584549  676.181223642  675.91593453  675.380525486  674.361242603  672.479177852  669.080274725  663.048239896  652.478265559  634.086018132  602.09868141  546.159733197  447.680189653  275.907172609  
171.798849192  302.315275521  390.291108001  446.396175289  481.141869085  502.238455912  514.825449674  522.199246881  526.432708294  528.809159279  530.109351455  530.797542077  531.140427643  531.280975556  531.280975556  531.140427643  530.797542077  530.109351455  528.809159279  526.432708294  522.199246881  514.825449674  502.238455912  481.141869085  446.396175289  390.291108001  302.315275521  171.798849192  
111.916131394  205.251290827  274.63484492  322.659031465  354.355083461  374.547314772  387.035420809  394.550775655  398.954012105  401.464345501  402.854258644  403.59671124  403.969151427  404.122477946  404.122477946  403.969151427  403.59671124  402.854258644  401.464345501  398.954012105  394.550775655  387.035420809  374.547314772  354.355083461  322.659031465  274.63484492  205.251290827  111.916131394  
73.9774017233  138.720912099  189.869351947  227.36870747  253.364261001  270.601431692  281.607949202  288.401162015  292.461548683  294.813321522  296.131896264  296.84324245  297.202749416  297.351467464  297.351467464  297.202749416  296.84324245  296.131896264  294.813321522  292.461548683  288.401162015  281.607949202  270.601431692  253.364261001  227.36870747  189.869351947  138.720912099  73.9774017233  
48.7214509713  92.5356380725  128.527603013  156.010040251  175.788419265  189.336194982  198.226613383  203.839327765  207.257044009  209.266935434  210.407908644  211.029629727  211.346259739  211.477899316  211.477899316  211.346259739  211.029629727  210.407908644  209.266935434  207.257044009  203.839327765  198.226613383  189.336194982  175.788419265  156.010040251  128.527603013  92.5356380725  48.7214509713  
31.6245747816  60.5368728377  84.9113614826  104.072823827  118.261720123  128.237481946  134.935656474  139.248577998  141.91917382  143.512021841  144.426984814  144.930411041  145.188738446  145.296675266  145.296675266  145.188738446  144.930411041  144.426984814  143.512021841  141.91917382  139.248577998  134.935656474  128.237481946  118.261720123  104.072823827  84.9113614826  60.5368728377  31.6245747816  
20.0959156502  38.6653883307  54.6020484953  67.3987929235  77.0838837061  84.0365997482  88.7946982583  91.9107143747  93.868939246  95.0519332107  95.7389353962  96.1204056252  96.3175693357  96.400346759  96.400346759  96.3175693357  96.1204056252  95.7389353962  95.0519332107  93.868939246  91.9107143747  88.7946982583  84.0365997482  77.0838837061  67.3987929235  54.6020484953  38.6653883307  20.0959156502  
12.4489869069  24.0363056983  34.1075436328  42.3227688294  48.6461994255  53.2621092567  56.4711648615  58.6032322848  59.9605245573  60.789897673  61.2763536775  61.548759104  61.6905053265  61.7502862022  61.7502862022  61.6905053265  61.548759104  61.2763536775  60.789897673  59.9605245573  58.6032322848  56.4711648615  53.2621092567  48.6461994255  42.3227688294  34.1075436328  24.0363056983  12.4489869069  
7.4975682845  14.5123297193  20.6660525556  25.7458101999  29.7076949506  32.6389005302  34.7034544262  36.0919863369  36.9858898576  37.5376473717  37.8641779456  38.0484425654  38.1449225243  38.185783759  38.185783759  38.1449225243  38.0484425654  37.8641779456  37.5376473717  36.9858898576  36.0919863369  34.7034544262  32.6389005302  29.7076949506  25.7458101999  20.6660525556  14.5123297193  7.4975682845  
4.38228880112  8.4979844057  12.133699193  15.162524927  17.5495561487  19.3349530657  20.6061387256  21.4699793957  22.0315024358  22.3811852908  22.5897843542  22.7083209186  22.7707387164  22.7972759143  22.7972759143  22.7707387164  22.7083209186  22.5897843542  22.3811852908  22.0315024358  21.4699793957  20.6061387256  19.3349530657  17.5495561487  15.162524927  12.133699193  8.4979844057  4.38228880112  
2.48305976106  4.82177370079  6.89880635001  8.64158883601  10.0265728986  11.0717369767  11.8226110698  12.3373696994  12.6747804169  12.8865364741  13.013753774  13.0864978295  13.1249995451  13.1414261342  13.1414261342  13.1249995451  13.0864978295  13.013753774  12.8865364741  12.6747804169  12.3373696994  11.8226110698  11.0717369767  10.0265728986  8.64158883601  6.89880635001  4.82177370079  2.48305976106  
1.36295598862  2.64953824333  3.79695074707  4.76521889333  5.53989853367  6.12879588631  6.55507283281  6.84949338675  7.04387122084  7.16669137935  7.24094155241  7.283635937  7.30633755419  7.31605380413  7.31605380413  7.30633755419  7.283635937  7.24094155241  7.16669137935  7.04387122084  6.84949338675  6.55507283281  6.12879588631  5.53989853367  4.76521889333  3.79695074707  2.64953824333  1.36295598862  
0.72447545088  1.40955611631  2.02256853449  2.54225397154  2.9603314067  3.28007974735  3.51300138927  3.67490179525  3.78245505582  3.8508179562  3.89237528711  3.91639003904  3.92921216957  3.9347156729  3.9347156729  3.92921216957  3.91639003904  3.89237528711  3.8508179562  3.78245505582  3.67490179525  3.51300138927  3.28007974735  2.9603314067  2.54225397154  2.02256853449  1.40955611631  0.72447545088  
0.372863565924  0.725948920575  1.04274149492  1.31231279975  1.53016467857  1.69762523408  1.82026691976  1.90597833821  1.96322464199  1.99980047939  2.02214331247  2.03511171899  2.04206155785  2.04505219622  2.04505219622  2.04206155785  2.03511171899  2.02214331247  1.99980047939  1.96322464199  1.90597833821  1.82026691976  1.69762523408  1.53016467857  1.31231279975  1.04274149492  0.725948920575  0.372863565924  
0.185810651312  0.361966961213  0.52036466215  0.655568633257  0.76524627115  0.849914217873  0.912204378694  0.955941304409  0.985289393771  1.00412567932  1.01568165403  1.02241542735  1.02603602579  1.02759760353  1.02759760353  1.02603602579  1.02241542735  1.01568165403  1.00412567932  0.985289393771  0.955941304409  0.912204378694  0.849914217873  0.76524627115  0.655568633257  0.52036466215  0.361966961213  0.185810651312  
0.0896705484135  0.17476231333  0.251415209465  0.317012575003  0.370394232583  0.411752146968  0.442297533343  0.463831403262  0.478339542177  0.487688256799  0.493445454719  0.496811931067  0.498627346818  0.499411946784  0.499411946784  0.498627346818  0.496811931067  0.493445454719  0.487688256799  0.478339542177  0.463831403262  0.442297533343  0.411752146968  0.370394232583  0.317012575003  0.251415209465  0.17476231333  0.0896705484135  
0.0419172233674  0.0817253375324  0.117640088987  0.148441380616  0.173574047338  0.193105669596  0.207579135656  0.217818200871  0.224740999226  0.229217465602  0.231983451027  0.233605848076  0.234483045597  0.234862853315  0.234862853315  0.234483045597  0.233605848076  0.231983451027  0.229217465602  0.224740999226  0.217818200871  0.207579135656  0.193105669596  0.173574047338  0.148441380616  0.117640088987  0.0817253375324  0.0419172233674  
0.0189860299866  0.0370286683622  0.0533275391178  0.067331390374  0.0787840810991  0.0877078588642  0.094339642504  0.0990453992956  0.102236854397  0.104306864886  0.10558970753  0.106344231676  0.106753142864  0.106930481987  0.106930481987  0.106753142864  0.106344231676  0.10558970753  0.104306864886  0.102236854397  0.0990453992956  0.094339642504  0.0877078588642  0.0787840810991  0.067331390374  0.0533275391178  0.0370286683622  0.0189860299866  
0.00833553048287  0.0162613093501  0.0234288719957  0.029596778551  0.034650897909  0.0385979141072  0.0415384737552  0.0436305168731  0.0450531771634  0.0459784204792  0.0465533236872  0.04689228788  0.0470763712698  0.0471563221381  0.0471563221381  0.0470763712698  0.04689228788  0.0465533236872  0.0459784204792  0.0450531771634  0.0436305168731  0.0415384737552  0.0385979141072  0.034650897909  0.029596778551  0.0234288719957  0.0162613093501  0.00833553048287  
0.00354866674782  0.00692449968191  0.00998022116908  0.0126132742401  0.014774482487  0.0164655812061  0.0177281867012  0.0186285232192  0.0192422331795  0.0196423163208  0.0198914868224  0.0200387170982  0.0201188229447  0.0201536597001  0.0201536597001  0.0201188229447  0.0200387170982  0.0198914868224  0.0196423163208  0.0192422331795  0.0186285232192  0.0177281867012  0.0164655812061  0.014774482487  0.0126132742401  0.00998022116908  0.00692449968191  0.00354866674782  
0.00146560823154  0.00286040578968  0.00412395004821  0.00521397270606  0.00610996211433  0.00681224464848  0.00733756917506  0.00771291980545  0.00796930856143  0.00813680185758  0.00824133083985  0.00830321423249  0.00833693982834  0.00835162358274  0.00835162358274  0.00833693982834  0.00830321423249  0.00824133083985  0.00813680185758  0.00796930856143  0.00771291980545  0.00733756917506  0.00681224464848  0.00610996211433  0.00521397270606  0.00412395004821  0.00286040578968  0.00146560823154  
0.000587472234687  0.00114675791075  0.00165376272551  0.00209157619096  0.00245190872659  0.0027347572387  0.00294668303052  0.00309837358563  0.0032021780541  0.00327011719159  0.00331259392736  0.00333778418935  0.00335153278258  0.0033575249683  0.0033575249683  0.00335153278258  0.00333778418935  0.00331259392736  0.00327011719159  0.0032021780541  0.00309837358563  0.00294668303052  0.0027347572387  0.00245190872659  0.00209157619096  0.00165376272551  0.00114675791075  0.000587472234687  
0.000228649802609  0.000446395568687  0.000643904804559  0.00081460720935  0.000955254158579  0.00106579961331  0.0011487457973  0.00120820837968  0.00124896544951  0.00127568440808  0.00129241660931  0.00130235454844  0.00130778570085  0.00131015499909  0.00131015499909  0.00130778570085  0.00130235454844  0.00129241660931  0.00127568440808  0.00124896544951  0.00120820837968  0.0011487457973  0.00106579961331  0.000955254158579  0.00081460720935  0.000643904804559  0.000446395568687  0.000228649802609  
8.64424784904e-05  0.000168784445588  0.000243512628678  0.000308146991066  0.000361452232847  0.000403396311882  0.000434908250249  0.000457529382633  0.000473056566578  0.000483250452222  0.000489643328641  0.000493445463972  0.000495525785683  0.000496434055938  0.000496434055938  0.000495525785683  0.000493445463972  0.000489643328641  0.000483250452222  0.000473056566578  0.000457529382633  0.000434908250249  0.000403396311882  0.000361452232847  0.000308146991066  0.000243512628678  0.000168784445588  8.64424784904e-05  
3.17278870352e-05  6.19576799616e-05  8.94046471283e-05  0.000113159802328  0.000132767511625  0.000148211373627  0.000159826959518  0.000168175295676  0.000173912801227  0.000177684406252  0.000180052687438  0.000181462901142  0.000182235292286  0.00018257276464  0.00018257276464  0.000182235292286  0.000181462901142  0.000180052687438  0.000177684406252  0.000173912801227  0.000168175295676  0.000159826959518  0.000148211373627  0.000132767511625  0.000113159802328  8.94046471283e-05  6.19576799616e-05  3.17278870352e-05  
1.12124753171e-05  2.18976260698e-05  3.16028784188e-05  4.00073992236e-05  4.69495107736e-05  5.24220271073e-05  5.65419047168e-05  5.95059803251e-05  6.15452805405e-05  6.28873141716e-05  6.37309316202e-05  6.42337913392e-05  6.45094602467e-05  6.46299811259e-05  6.46299811259e-05  6.45094602467e-05  6.42337913392e-05  6.37309316202e-05  6.28873141716e-05  6.15452805405e-05  5.95059803251e-05  5.65419047168e-05  5.24220271073e-05  4.69495107736e-05  4.00073992236e-05  3.16028784188e-05  2.18976260698e-05  1.12124753171e-05  
3.50705453047e-06  6.84966605121e-06  9.88661950981e-06  1.25176600235e-05  1.46920643214e-05  1.64072579203e-05  1.76994368815e-05  1.86298293032e-05  1.92704693865e-05  1.96924191254e-05  1.99578824274e-05  2.01162434254e-05  2.02031165037e-05  2.02411151537e-05  2.02411151537e-05  2.02031165037e-05  2.01162434254e-05  1.99578824274e-05  1.96924191254e-05  1.92704693865e-05  1.86298293032e-05  1.76994368815e-05  1.64072579203e-05  1.46920643214e-05  1.25176600235e-05  9.88661950981e-06  6.84966605121e-06  3.50705453047e-06  
