1000.0  1000.0  1000.0  1000.0  1000.0  1000.0  1000.0  1000.0  1000.0  1000.0  1000.0  1000.0  1000.0  1000.0  1000.0  1000.0  1000.0  1000.0  1000.0  1000.0  1000.0  1000.0  1000.0  1000.0  1000.0  1000.0  1000.0  1000.0  
226.472921458  353.067262513  413.688422495  440.362798134  451.314092978  455.51695373  457.023322154  457.527189337  457.684502477  457.730389413  457.742913515  457.746117732  457.746886518  457.747053293  457.747053293  457.746886518  457.746117732  457.742913515  457.730389413  457.684502477  457.527189337  457.023322154  455.51695373  451.314092978  440.362798134  413.688422495  353.067262513  226.472921458  
112.713618532  189.126581654  231.592760435  252.324434001  261.464924929  265.149712852  266.516671666  266.985275249  267.134213136  267.178234391  267.190369027  267.193497109  267.194251973  267.194416421  267.194416421  267.194251973  267.193497109  267.190369027  267.178234391  267.134213136  266.985275249  266.516671666  265.149712852  261.464924929  252.324434001  231.592760435  189.126581654  112.713618532  
53.9221272965  94.014619085  118.384030077  131.162258432  137.109103078  139.605042772  140.559214367  140.893770039  141.001933862  141.0343235  141.043342094  141.045685136  141.046253993  141.046378476  141.046378476  141.046253993  141.045685136  141.043342094  141.0343235  141.001933862  140.893770039  140.559214367  139.605042772  137.109103078  131.162258432  118.384030077  94.014619085  53.9221272965  
24.198981486  43.0980404926  55.2486654078  61.9435873177  65.187604277  66.593205781  67.1440809203  67.341009184  67.405647325  67.4252338178  67.4307384901  67.4321791289  67.432530913  67.4326082233  67.4326082233  67.432530913  67.4321791289  67.4307384901  67.4252338178  67.405647325  67.341009184  67.1440809203  66.593205781  65.187604277  61.9435873177  55.2486654078  43.0980404926  24.198981486  
10.0729825904  18.1668831227  23.5642913264  26.6438704221  28.181681418  28.8647660491  29.1379140407  29.2371469211  29.2701406342  29.2802415869  29.2831037471  29.2838577031  29.2840427576  29.2840835823  29.2840835823  29.2840427576  29.2838577031  29.2831037471  29.2802415869  29.2701406342  29.2371469211  29.1379140407  28.8647660491  28.181681418  26.6438704221  23.5642913264  18.1668831227  10.0729825904  
3.87293292951  7.04031798219  9.20520179452  10.4717303749  11.1186430326  11.4116088148  11.5306594859  11.574484673  11.5892133208  11.5937617877  11.5950596562  11.5954034588  11.5954882168  11.5955069767  11.5955069767  11.5954882168  11.5954034588  11.5950596562  11.5937617877  11.5892133208  11.574484673  11.5306594859  11.4116088148  11.1186430326  10.4717303749  9.20520179452  7.04031798219  3.87293292951  
1.37486840638  2.51234780683  3.30327316523  3.77453282885  4.01940064378  4.1319783364  4.17831686197  4.19555884837  4.20140487808  4.203223293  4.20374519689  4.20388409509  4.20391846406  4.20392609173  4.20392609173  4.20391846406  4.20388409509  4.20374519689  4.203223293  4.20140487808  4.19555884837  4.17831686197  4.1319783364  4.01940064378  3.77453282885  3.30327316523  2.51234780683  1.37486840638  
0.451313152129  0.827671120173  1.092602891  1.2526180362  1.33685900206  1.37604832276  1.39234488467  1.3984612665  1.40055003383  1.40120359104  1.40139206703  1.40144241918  1.40145491547  1.40145769484  1.40145769484  1.40145491547  1.40144241918  1.40139206703  1.40120359104  1.40055003383  1.3984612665  1.39234488467  1.37604832276  1.33685900206  1.2526180362  1.092602891  0.827671120173  0.451313152129  
0.13732872986  0.252495153521  0.334298780013  0.384215825752  0.410761855739  0.423226083218  0.4284515278  0.43042637831  0.431104719613  0.431317980326  0.431379718442  0.431396262267  0.431400377672  0.431401294512  0.431401294512  0.431400377672  0.431396262267  0.431379718442  0.431317980326  0.431104719613  0.43042637831  0.4284515278  0.423226083218  0.410761855739  0.384215825752  0.334298780013  0.252495153521  0.13732872986  
0.0388478579133  0.0715601773416  0.094952827833  0.109339138111  0.117050059771  0.120697050907  0.122235892647  0.12282069389  0.12302249982  0.123086185707  0.123104678495  0.123109645653  0.123110883442  0.123111159527  0.123111159527  0.123110883442  0.123109645653  0.123104678495  0.123086185707  0.12302249982  0.12282069389  0.122235892647  0.120697050907  0.117050059771  0.109339138111  0.094952827833  0.0715601773416  0.0388478579133  
0.0102473172576  0.0189025502087  0.0251235275242  0.0289724557018  0.0310480925746  0.0320354335016  0.032454170214  0.0326139998643  0.0326693564268  0.0326868776501  0.032691977223  0.0326933493699  0.0326936917258  0.0326937681462  0.0326937681462  0.0326936917258  0.0326933493699  0.032691977223  0.0326868776501  0.0326693564268  0.0326139998643  0.032454170214  0.0320354335016  0.0310480925746  0.0289724557018  0.0251235275242  0.0189025502087  0.0102473172576  
0.0025281168632  0.00466837311698  0.0062126915596  0.00717261827759  0.00769275949342  0.00794129466979  0.00804712261857  0.00808765519288  0.0081017333037  0.00810619929518  0.00810750135907  0.00810785213622  0.0081079397251  0.00810795928438  0.00810795928438  0.0081079397251  0.00810785213622  0.00810750135907  0.00810619929518  0.0081017333037  0.00808765519288  0.00804712261857  0.00794129466979  0.00769275949342  0.00717261827759  0.0062126915596  0.00466837311698  0.0025281168632  
0.000585045216212  0.0010812037825  0.00144028459075  0.00166429015888  0.00178612034241  0.00184453764903  0.0018694895336  0.00187907139919  0.00188240656074  0.00188346631545  0.00188377565489  0.00188385905489  0.00188387988777  0.00188388454022  0.00188388454022  0.00188387988777  0.00188385905489  0.00188377565489  0.00188346631545  0.00188240656074  0.00187907139919  0.0018694895336  0.00184453764903  0.00178612034241  0.00166429015888  0.00144028459075  0.0010812037825  0.000585045216212  
0.000127346059744  0.000235489572237  0.000313936081664  0.000363009940374  0.000389776558718  0.000402645730237  0.000408155591842  0.000410275621848  0.000411014681577  0.000411249784023  0.000411318459803  0.000411336981915  0.00041134160876  0.000411342641802  0.000411342641802  0.00041134160876  0.000411336981915  0.000411318459803  0.000411249784023  0.000411014681577  0.000410275621848  0.000408155591842  0.000402645730237  0.000389776558718  0.000363009940374  0.000313936081664  0.000235489572237  0.000127346059744  
2.6140458627e-05  4.83620395638e-05  6.45099444434e-05  7.46332094064e-05  8.01669135597e-05  8.28328934197e-05  8.39763199906e-05  8.44168964755e-05  8.45706451817e-05  8.46195873984e-05  8.46338886305e-05  8.46377457446e-05  8.46387089774e-05  8.46389239342e-05  8.46389239342e-05  8.46387089774e-05  8.46377457446e-05  8.46338886305e-05  8.46195873984e-05  8.45706451817e-05  8.44168964755e-05  8.39763199906e-05  8.28328934197e-05  8.01669135597e-05  7.46332094064e-05  6.45099444434e-05  4.83620395638e-05  2.6140458627e-05  
5.07256868488e-06  9.38804895683e-06  1.25282202944e-05  1.45000005311e-05  1.55796052829e-05  1.61005027536e-05  1.63241899507e-05  1.64104599617e-05  1.64405841712e-05  1.64501762769e-05  1.64529791015e-05  1.6453734805e-05  1.64539234187e-05  1.64539654796e-05  1.64539654796e-05  1.64539234187e-05  1.6453734805e-05  1.64529791015e-05  1.64501762769e-05  1.64405841712e-05  1.64104599617e-05  1.63241899507e-05  1.61005027536e-05  1.55796052829e-05  1.45000005311e-05  1.25282202944e-05  9.38804895683e-06  5.07256868488e-06  
9.32640595076e-07  1.72654730652e-06  2.30481328141e-06  2.66835007764e-06  2.86763135632e-06  2.96388166619e-06  3.00524725904e-06  3.02120927337e-06  3.02678431239e-06  3.02855942461e-06  3.02907794676e-06  3.02921767025e-06  3.02925251495e-06  3.02926027805e-06  3.02926027805e-06  3.02925251495e-06  3.02921767025e-06  3.02907794676e-06  3.02855942461e-06  3.02678431239e-06  3.02120927337e-06  3.00524725904e-06  2.96388166619e-06  2.86763135632e-06  2.66835007764e-06  2.30481328141e-06  1.72654730652e-06  9.32640595076e-07  
1.62813135234e-07  3.01466182345e-07  4.02530979798e-07  4.66120188764e-07  5.01005874477e-07  5.17866115243e-07  5.25115279055e-07  5.2791306666e-07  5.28890167741e-07  5.29201173817e-07  5.29291966963e-07  5.2931641227e-07  5.29322502194e-07  5.29323857453e-07  5.29323857453e-07  5.29322502194e-07  5.2931641227e-07  5.29291966963e-07  5.29201173817e-07  5.28890167741e-07  5.2791306666e-07  5.25115279055e-07  5.17866115243e-07  5.01005874477e-07  4.66120188764e-07  4.02530979798e-07  3.01466182345e-07  1.62813135234e-07  
2.7040024861e-08  5.00743341014e-08  6.68723308173e-08  7.74472315577e-08  8.3251478476e-08  8.60575642648e-08  8.72641931753e-08  8.77298306528e-08  8.78923912063e-08  8.79441022609e-08  8.79591859258e-08  8.79632428317e-08  8.79642522569e-08  8.79644766051e-08  8.79644766051e-08  8.79642522569e-08  8.79632428317e-08  8.79591859258e-08  8.79441022609e-08  8.78923912063e-08  8.77298306528e-08  8.72641931753e-08  8.60575642648e-08  8.3251478476e-08  7.74472315577e-08  6.68723308173e-08  5.00743341014e-08  2.7040024861e-08  
4.28018175356e-09  7.92697691404e-09  1.05872207644e-08  1.22624262797e-08  1.31820801252e-08  1.36267072602e-08  1.38178675747e-08  1.38916079187e-08  1.39173360223e-08  1.39255134239e-08  1.39278962161e-08  1.39285362974e-08  1.39286953349e-08  1.39287306304e-08  1.39287306304e-08  1.39286953349e-08  1.39285362974e-08  1.39278962161e-08  1.39255134239e-08  1.39173360223e-08  1.38916079187e-08  1.38178675747e-08  1.36267072602e-08  1.31820801252e-08  1.22624262797e-08  1.05872207644e-08  7.92697691404e-09  4.28018175356e-09  
6.46837898605e-10  1.19800860399e-09  1.6001261229e-09  1.85336829648e-09  1.99238819657e-09  2.05958669589e-09  2.08846596292e-09  2.09959933509e-09  2.10348057226e-09  2.10471290697e-09  2.10507155193e-09  2.10516775713e-09  2.10519162306e-09  2.10519691128e-09  2.10519691128e-09  2.10519162306e-09  2.10516775713e-09  2.10507155193e-09  2.10471290697e-09  2.10348057226e-09  2.09959933509e-09  2.08846596292e-09  2.05958669589e-09  1.99238819657e-09  1.85336829648e-09  1.6001261229e-09  1.19800860399e-09  6.46837898605e-10  
9.34754377416e-11  1.73127334465e-10  2.3123845009e-10  2.67831627629e-10  2.87915037568e-10  2.97618779998e-10  3.01786508054e-10  3.03391913724e-10  3.03951008181e-10  3.04128311043e-10  3.04179839045e-10  3.041936395e-10  3.04197057129e-10  3.04197813111e-10  3.04197813111e-10  3.04197057129e-10  3.041936395e-10  3.04179839045e-10  3.04128311043e-10  3.03951008181e-10  3.03391913724e-10  3.01786508054e-10  2.97618779998e-10  2.87915037568e-10  2.67831627629e-10  2.3123845009e-10  1.73127334465e-10  9.34754377416e-11  
1.29363923003e-11  2.39591678268e-11  3.19999469478e-11  3.70620260166e-11  3.98390891909e-11  4.11800814569e-11  4.17555735779e-11  4.19770315595e-11  4.20540640289e-11  4.20784593018e-11  4.208553808e-11  4.2087430696e-11  4.20878985259e-11  4.2088001821e-11  4.2088001821e-11  4.20878985259e-11  4.2087430696e-11  4.208553808e-11  4.20784593018e-11  4.20540640289e-11  4.19770315595e-11  4.17555735779e-11  4.11800814569e-11  3.98390891909e-11  3.70620260166e-11  3.19999469478e-11  2.39591678268e-11  1.29363923003e-11  
1.71690081049e-12  3.17967494674e-12  4.24647551293e-12  4.91781868564e-12  5.28590819985e-12  5.46351583338e-12  5.53966344314e-12  5.56893224136e-12  5.57909946402e-12  5.58231439554e-12  5.58324569477e-12  5.58349423176e-12  5.58355554547e-12  5.58356905712e-12  5.58356905712e-12  5.58355554547e-12  5.58349423176e-12  5.58324569477e-12  5.58231439554e-12  5.57909946402e-12  5.56893224136e-12  5.53966344314e-12  5.46351583338e-12  5.28590819985e-12  4.91781868564e-12  4.24647551293e-12  3.17967494674e-12  1.71690081049e-12  
2.18804855388e-13  4.05194417842e-13  5.41084172159e-13  6.2655667723e-13  6.73387061926e-13  6.95962723917e-13  7.05631086014e-13  7.0934246676e-13  7.10629789445e-13  7.11036173459e-13  7.11153680616e-13  7.11184978289e-13  7.11192683267e-13  7.11194377755e-13  7.11194377755e-13  7.11192683267e-13  7.11184978289e-13  7.11153680616e-13  7.11036173459e-13  7.10629789445e-13  7.0934246676e-13  7.05631086014e-13  6.95962723917e-13  6.73387061926e-13  6.2655667723e-13  5.41084172159e-13  4.05194417842e-13  2.18804855388e-13  
2.68047786575e-14  4.96339633956e-14  6.62711494106e-14  7.67292301624e-14  8.24544605073e-14  8.52115717479e-14  8.63908807242e-14  8.68429324289e-14  8.6999477778e-14  8.70488084638e-14  8.70630450416e-14  8.70668290536e-14  8.70677585778e-14  8.7067962566e-14  8.7067962566e-14  8.70677585778e-14  8.70668290536e-14  8.70630450416e-14  8.70488084638e-14  8.6999477778e-14  8.68429324289e-14  8.63908807242e-14  8.52115717479e-14  8.24544605073e-14  7.67292301624e-14  6.62711494106e-14  4.96339633956e-14  2.68047786575e-14  
3.12222799178e-15  5.78076321014e-15  7.71732384328e-15  8.93379864573e-15  9.59914465233e-15  9.91919650462e-15  1.00559122624e-14  1.01082389623e-14  1.01263292294e-14  1.01320193647e-14  1.01336582485e-14  1.01340929329e-14  1.01341994733e-14  1.01342228037e-14  1.01342228037e-14  1.01341994733e-14  1.01340929329e-14  1.01336582485e-14  1.01320193647e-14  1.01263292294e-14  1.01082389623e-14  1.00559122624e-14  9.91919650462e-15  9.59914465233e-15  8.93379864573e-15  7.71732384328e-15  5.78076321014e-15  3.12222799178e-15  
