1000.0  1000.0  1000.0  1000.0  1000.0  1000.0  1000.0  1000.0  1000.0  1000.0  1000.0  1000.0  1000.0  1000.0  1000.0  1000.0  1000.0  1000.0  1000.0  1000.0  1000.0  1000.0  1000.0  1000.0  1000.0  1000.0  1000.0  1000.0  
278.391732321  452.548025635  553.220659508  611.095849225  644.723687926  664.450155273  676.062081377  682.875683655  686.837752608  689.109417387  690.386755696  691.08417872  691.442509848  691.592931292  691.592931292  691.442509848  691.08417872  690.386755696  689.109417387  686.837752608  682.875683655  676.062081377  664.450155273  644.723687926  611.095849225  553.220659508  452.548025635  278.391732321  
175.154198821  308.889191265  399.826743592  458.546656798  495.507801737  518.406208584  532.400318385  540.829587866  545.82357605  548.726159206  550.374838261  551.281816889  551.750348258  551.947695364  551.947695364  551.750348258  551.281816889  550.374838261  548.726159206  545.82357605  540.829587866  532.400318385  518.406208584  495.507801737  458.546656798  399.826743592  308.889191265  175.154198821  
115.779358717  212.82025441  285.61381518  336.648623079  370.89544098  393.162193353  407.270370243  416.000926434  421.279777352  424.395856026  426.18698514  427.181328323  427.698423504  427.917142155  427.917142155  427.698423504  427.181328323  426.18698514  424.395856026  421.279777352  416.000926434  407.270370243  393.162193353  370.89544098  336.648623079  285.61381518  212.82025441  115.779358717  
77.978010415  146.559033217  201.238731294  241.855747429  270.49274404  289.878170456  302.562329444  310.613916947  315.581018737  318.560046153  320.294079435  321.266255381  321.775549593  321.991979416  321.991979416  321.775549593  321.266255381  320.294079435  318.560046153  315.581018737  310.613916947  302.562329444  289.878170456  270.49274404  241.855747429  201.238731294  146.559033217  77.978010415  
52.5383455513  100.013815293  139.374863038  169.831767428  192.130254322  207.727590854  218.218563472  225.031819117  229.31456977  231.922874691  233.460198948  234.33075092  234.790276054  234.986511312  234.986511312  234.790276054  234.33075092  233.460198948  231.922874691  229.31456977  225.031819117  218.218563472  207.727590854  192.130254322  169.831767428  139.374863038  100.013815293  52.5383455513  
35.0237156176  67.1965685838  94.5713835334  116.381735185  132.814879743  144.615835568  152.739336816  158.121353425  161.562262335  163.687990408  164.955894291  165.680895263  166.066463943  166.231919624  166.231919624  166.066463943  165.680895263  164.955894291  163.687990408  161.562262335  158.121353425  152.739336816  144.615835568  132.814879743  116.381735185  94.5713835334  67.1965685838  35.0237156176  
22.9441761491  44.2457780564  62.6965035373  77.7128208789  89.2784112915  97.7604790378  103.71286265  107.724665195  110.328320363  111.957797334  112.940512607  113.507627275  113.811397465  113.9423654  113.9423654  113.811397465  113.507627275  112.940512607  111.957797334  110.328320363  107.724665195  103.71286265  97.7604790378  89.2784112915  77.7128208789  62.6965035373  44.2457780564  22.9441761491  
14.7067387853  28.4597502191  40.5238183941  50.4984267422  58.3124557339  64.1406102834  68.2963076449  71.1384040241  73.007277007  74.1905353116  74.9113711668  75.3309143115  75.5571531709  75.6551277651  75.6551277651  75.5571531709  75.3309143115  74.9113711668  74.1905353116  73.007277007  71.1384040241  68.2963076449  64.1406102834  58.3124557339  50.4984267422  40.5238183941  28.4597502191  14.7067387853  
9.19714638916  17.8421822941  25.4960465473  31.9002046709  36.9841481524  40.8278694287  43.604997212  45.5279872133  46.8069648475  47.6250918417  48.1280367428  48.4230476494  48.5831216638  48.6527293507  48.6527293507  48.5831216638  48.4230476494  48.1280367428  47.6250918417  46.8069648475  45.5279872133  43.604997212  40.8278694287  36.9841481524  31.9002046709  25.4960465473  17.8421822941  9.19714638916  
5.6008825118  10.8854783384  15.5967830871  19.5751867792  22.7667116072  25.2063559861  26.9884291995  28.2354490121  29.0730453878  29.6136941388  29.9487656625  30.1466952099  30.2547021379  30.3018467364  30.3018467364  30.2547021379  30.1466952099  29.9487656625  29.6136941388  29.0730453878  28.2354490121  26.9884291995  25.2063559861  22.7667116072  19.5751867792  15.5967830871  10.8854783384  5.6008825118  
3.31723623993  6.45610730881  9.26941867482  11.6622150764  13.5978927341  15.0908977401  16.1914755978  16.9685165935  17.4948930262  17.8373579074  18.0511387662  18.1782217877  18.2479254537  18.2784558826  18.2784558826  18.2479254537  18.1782217877  18.0511387662  17.8373579074  17.4948930262  16.9685165935  16.1914755978  15.0908977401  13.5978927341  11.6622150764  9.26941867482  6.45610730881  3.31723623993  
1.90920937474  3.71976623171  5.34932046713  6.7432374288  7.87852385967  8.76067362149  9.41593761571  9.88209815769  10.2002062958  10.4086095234  10.5395367672  10.6178084589  10.6609384594  10.6798885606  10.6798885606  10.6609384594  10.6178084589  10.5395367672  10.4086095234  10.2002062958  9.88209815769  9.41593761571  8.76067362149  7.87852385967  6.7432374288  5.34932046713  3.71976623171  1.90920937474  
1.06724565593  2.08111574764  2.99666600735  3.78343828556  4.42778717846  4.93154111619  5.30814157085  5.5777987204  5.7629837104  5.88504240628  5.96215865026  6.00849384824  6.03413201484  6.04542840977  6.04542840977  6.03413201484  6.00849384824  5.96215865026  5.88504240628  5.7629837104  5.5777987204  5.30814157085  4.93154111619  4.42778717846  3.78343828556  2.99666600735  2.08111574764  1.06724565593  
0.579274651178  1.13035144337  1.62932603449  2.05972996955  2.41383481817  2.6920955503  2.90125276967  3.051848027  3.15583779773  3.22474399569  3.26849633835  3.29490319351  3.3095689803  3.31604719181  3.31604719181  3.3095689803  3.29490319351  3.26849633835  3.22474399569  3.15583779773  3.051848027  2.90125276967  2.6920955503  2.41383481817  2.05972996955  1.62932603449  1.13035144337  0.579274651178  
0.305255400909  0.595983844397  0.859804502467  1.08807628826  1.27659736898  1.42537932303  1.53773031768  1.61901039668  1.67540455442  1.71294687493  1.73688982297  1.75139849875  1.75948309296  1.76306233869  1.76306233869  1.75948309296  1.75139849875  1.73688982297  1.71294687493  1.67540455442  1.61901039668  1.53773031768  1.42537932303  1.27659736898  1.08807628826  0.859804502467  0.595983844397  0.305255400909  
0.156173038331  0.305054174044  0.440402119356  0.557815170493  0.655092457934  0.732144859156  0.790560272708  0.832994792056  0.862559347231  0.882321317778  0.894973870197  0.902668204224  0.906968410745  0.908876081653  0.908876081653  0.906968410745  0.902668204224  0.894973870197  0.882321317778  0.862559347231  0.832994792056  0.790560272708  0.732144859156  0.655092457934  0.557815170493  0.440402119356  0.305054174044  0.156173038331  
0.0775818919245  0.151599528507  0.218991544452  0.277580498023  0.3262531254  0.364926326155  0.394345092947  0.415791851981  0.430788226386  0.44084833445  0.447311524447  0.451254390405  0.453463820291  0.454445755288  0.454445755288  0.453463820291  0.451254390405  0.447311524447  0.44084833445  0.430788226386  0.415791851981  0.394345092947  0.364926326155  0.3262531254  0.277580498023  0.218991544452  0.151599528507  0.0775818919245  
0.0374288706488  0.0731617996745  0.105737942288  0.134110963114  0.157736126144  0.17655779345  0.190917445658  0.201418290142  0.208784172901  0.213741101938  0.216935450378  0.218889647957  0.219987297006  0.220475917221  0.220475917221  0.219987297006  0.218889647957  0.216935450378  0.213741101938  0.208784172901  0.201418290142  0.190917445658  0.17655779345  0.157736126144  0.134110963114  0.105737942288  0.0731617996745  0.0374288706488  
0.0175408561225  0.0342963070112  0.0495882032707  0.0629279830996  0.074057473822  0.0829445025206  0.0897419314825  0.0947261414668  0.0982320781226  0.100598008849  0.102126795319  0.103064401285  0.103592156485  0.103827429234  0.103827429234  0.103592156485  0.103064401285  0.102126795319  0.100598008849  0.0982320781226  0.0947261414668  0.0897419314825  0.0829445025206  0.074057473822  0.0629279830996  0.0495882032707  0.0342963070112  0.0175408561225  
0.00798762369584  0.0156212495218  0.0225946070103  0.0286859668174  0.0337766953844  0.0378497995108  0.0409720878456  0.0432669126481  0.0448850634458  0.0459797417803  0.0466887883546  0.0471246185121  0.0473703998498  0.0474801115305  0.0474801115305  0.0473703998498  0.0471246185121  0.0466887883546  0.0459797417803  0.0448850634458  0.0432669126481  0.0409720878456  0.0378497995108  0.0337766953844  0.0286859668174  0.0225946070103  0.0156212495218  0.00798762369584  
0.003535467786  0.00691564048723  0.0100059314728  0.0127085000426  0.0149704480606  0.0167833732677  0.0181757779518  0.0192012914928  0.0199259724595  0.0204172890587  0.0207362057386  0.0209326249334  0.0210435802434  0.0210931660847  0.0210931660847  0.0210435802434  0.0209326249334  0.0207362057386  0.0204172890587  0.0199259724595  0.0192012914928  0.0181757779518  0.0167833732677  0.0149704480606  0.0127085000426  0.0100059314728  0.00691564048723  0.003535467786  
0.00152155744902  0.00297679816086  0.0043081650556  0.0054736675305  0.0064504011016  0.00723442567082  0.00783760962785  0.00828266813642  0.00859776892088  0.00881181337172  0.0089510152979  0.00903690146135  0.0090854909673  0.00910722822748  0.00910722822748  0.0090854909673  0.00903690146135  0.0089510152979  0.00881181337172  0.00859776892088  0.00828266813642  0.00783760962785  0.00723442567082  0.0064504011016  0.0054736675305  0.0043081650556  0.00297679816086  0.00152155744902  
0.000636928113374  0.00124628403861  0.00180410765084  0.00229286575322  0.00270292191437  0.00303251020967  0.00328645390645  0.00347412731133  0.00360722391327  0.00369779035745  0.00375678925032  0.00379324873465  0.0038139032887  0.00382315204921  0.00382315204921  0.0038139032887  0.00379324873465  0.00375678925032  0.00369779035745  0.00360722391327  0.00347412731133  0.00328645390645  0.00303251020967  0.00270292191437  0.00229286575322  0.00180410765084  0.00124628403861  0.000636928113374  
0.000259378637111  0.000507595734842  0.000734941503763  0.000934292016493  0.0011017063531  0.00123642438556  0.00134035887844  0.00141727924136  0.00147191208275  0.00150914411212  0.001533435266  0.00154846770802  0.00155699397081  0.00156081507727  0.00156081507727  0.00155699397081  0.00154846770802  0.001533435266  0.00150914411212  0.00147191208275  0.00141727924136  0.00134035887844  0.00123642438556  0.0011017063531  0.000934292016493  0.000734941503763  0.000507595734842  0.000259378637111  
0.000102646987533  0.000200899883638  0.000290932569872  0.000369931530881  0.0004363316275  0.00048981805409  0.00053113006141  0.00056174266034  0.000583513967366  0.00059837104428  0.000608077155465  0.000614091281163  0.000617506098142  0.000619037610679  0.000619037610679  0.000617506098142  0.000614091281163  0.000608077155465  0.00059837104428  0.000583513967366  0.00056174266034  0.00053113006141  0.00048981805409  0.0004363316275  0.000369931530881  0.000290932569872  0.000200899883638  0.000102646987533  
3.90430375314e-05  7.64221462571e-05  0.000110687339682  0.000140770347977  0.000166074108413  0.000186474401282  0.000202246698244  0.00021394661592  0.000222276853039  0.000227968128156  0.000231690510402  0.000233999481932  0.000235311727879  0.000235900635047  0.000235900635047  0.000235311727879  0.000233999481932  0.000231690510402  0.000227968128156  0.000222276853039  0.00021394661592  0.000202246698244  0.000186474401282  0.000166074108413  0.000140770347977  0.000110687339682  7.64221462571e-05  3.90430375314e-05  
1.29857115242e-05  2.54198313518e-05  3.68214115733e-05  4.68356182602e-05  5.52634469197e-05  6.20624825341e-05  6.73229375111e-05  7.12282654555e-05  7.40111714358e-05  7.5914121877e-05  7.71598208951e-05  7.79331484004e-05  7.83729547824e-05  7.85704252295e-05  7.85704252295e-05  7.83729547824e-05  7.79331484004e-05  7.71598208951e-05  7.5914121877e-05  7.40111714358e-05  7.12282654555e-05  6.73229375111e-05  6.20624825341e-05  5.52634469197e-05  4.68356182602e-05  3.68214115733e-05  2.54198313518e-05  1.29857115242e-05  
