1000.0  1000.0  1000.0  1000.0  1000.0  1000.0  1000.0  1000.0  1000.0  1000.0  1000.0  1000.0  1000.0  1000.0  1000.0  1000.0  1000.0  1000.0  1000.0  1000.0  1000.0  1000.0  1000.0  1000.0  1000.0  1000.0  1000.0  1000.0  
287.031139746  469.554052235  578.073929637  643.078519499  682.981905134  708.061643874  724.099897355  734.460996159  741.177273031  745.516026288  748.284335496  749.99926464  750.986049697  751.435374901  751.435374901  750.986049697  749.99926464  748.284335496  745.516026288  741.177273031  734.460996159  724.099897355  708.061643874  682.981905134  643.078519499  578.073929637  469.554052235  287.031139746  
187.108033645  332.419919747  434.216641035  502.803627797  548.451597511  578.761750028  598.88575887  612.229259456  621.039761338  626.807670695  630.523778539  632.842111229  634.182584273  634.794716132  634.794716132  634.182584273  632.842111229  630.523778539  626.807670695  621.039761338  612.229259456  598.88575887  578.761750028  548.451597511  502.803627797  434.216641035  332.419919747  187.108033645  
130.018598056  240.850557006  326.58174156  389.374302045  433.974934758  465.078340559  486.497436183  501.091354759  510.925832144  517.463730009  521.724974257  524.406312699  525.966025788  526.680843102  526.680843102  525.966025788  524.406312699  521.724974257  517.463730009  510.925832144  501.091354759  486.497436183  465.078340559  433.974934758  389.374302045  326.58174156  240.850557006  130.018598056  
93.3836600915  176.886594999  245.566939547  298.910712294  338.758237007  367.715100884  388.321622436  402.730175835  412.63917765  419.3323616  423.749143107  426.554562555  428.197391736  428.953350285  428.953350285  428.197391736  426.554562555  423.749143107  419.3323616  412.63917765  402.730175835  388.321622436  367.715100884  338.758237007  298.910712294  245.566939547  176.886594999  93.3836600915  
68.046333262  130.544247716  184.002903722  227.278283261  260.872265358  286.117994758  304.599341077  317.828079479  327.101597178  333.463474655  337.713976647  340.439821904  342.047164338  342.789933735  342.789933735  342.047164338  340.439821904  337.713976647  333.463474655  327.101597178  317.828079479  304.599341077  286.117994758  260.872265358  227.278283261  184.002903722  130.544247716  68.046333262  
49.7403481389  96.1706346426  136.928077815  170.910781666  198.07471309  219.046608764  234.769879723  246.258151389  254.453027156  260.15722069  264.013908818  266.510537703  267.99288277  268.680799822  268.680799822  267.99288277  266.510537703  264.013908818  260.15722069  254.453027156  246.258151389  234.769879723  219.046608764  198.07471309  170.910781666  136.928077815  96.1706346426  49.7403481389  
36.2165702033  70.3780467637  100.902617146  126.904971266  148.16031812  164.928681253  177.752695436  187.29023004  194.199759925  199.073488719  202.405448869  204.581699512  205.882391799  206.488491277  206.488491277  205.882391799  204.581699512  202.405448869  199.073488719  194.199759925  187.29023004  177.752695436  164.928681253  148.16031812  126.904971266  100.902617146  70.3780467637  36.2165702033  
26.1447414867  50.9818098639  73.4553665524  92.9055702022  109.08175875  122.065782512  132.160447496  139.782648236  145.380102825  149.375621532  152.135046772  153.952322856  155.045224658  155.556477363  155.556477363  155.045224658  153.952322856  152.135046772  149.375621532  145.380102825  139.782648236  132.160447496  122.065782512  109.08175875  92.9055702022  73.4553665524  50.9818098639  26.1447414867  
18.6537439846  36.4641649869  52.7282721809  66.9738079496  78.9819310189  88.7554223154  96.4582683841  102.34979548  106.727708308  109.885888092  112.087085644  113.547738371  114.431214965  114.845992202  114.845992202  114.431214965  113.547738371  112.087085644  109.885888092  106.727708308  102.34979548  96.4582683841  88.7554223154  78.9819310189  66.9738079496  52.7282721809  36.4641649869  18.6537439846  
13.1245775291  25.7024045175  37.2674882433  47.490767194  56.2003440177  63.3694072238  69.0838453892  73.5025050268  76.8196860602  79.2350346567  80.9323295258  82.0663404735  82.7558412369  83.0806219511  83.0806219511  82.7558412369  82.0663404735  80.9323295258  79.2350346567  76.8196860602  73.5025050268  69.0838453892  63.3694072238  56.2003440177  47.490767194  37.2674882433  25.7024045175  13.1245775291  
9.09169159226  17.8291444524  25.9055835522  33.0964829723  39.2748143521  44.4072732209  48.5370268658  51.7600573279  54.2011110955  55.9930874479  57.2615240963  58.1142248114  58.6351393253  58.8812476346  58.8812476346  58.6351393253  58.1142248114  57.2615240963  55.9930874479  54.2011110955  51.7600573279  48.5370268658  44.4072732209  39.2748143521  33.0964829723  25.9055835522  17.8291444524  9.09169159226  
6.19343702731  12.1585282572  17.6951699968  22.6529765202  26.94192927  30.5318512268  33.4432591283  35.733414281  37.4812015336  38.7734474966  39.6940618663  40.3163452195  40.6981160251  40.8789748358  40.8789748358  40.6981160251  40.3163452195  39.6940618663  38.7734474966  37.4812015336  35.733414281  33.4432591283  30.5318512268  26.94192927  22.6529765202  17.6951699968  12.1585282572  6.19343702731  
4.14539348035  8.14482519073  11.8692315276  15.2196461409  18.1343155216  20.5892568991  22.5934292572  24.1805707199  25.3998432224  26.3069736971  26.9569114179  27.3983831856  27.6702578191  27.7993687546  27.7993687546  27.6702578191  27.3983831856  26.9569114179  26.3069736971  25.3998432224  24.1805707199  22.5934292572  20.5892568991  18.1343155216  15.2196461409  11.8692315276  8.14482519073  4.14539348035  
2.72434741049  5.35640717288  7.81400502043  10.0331392343  11.9725919682  13.6147001763  14.9628193095  16.0365805557  16.8661843598  17.4867853818  17.9336679894  18.2385338253  18.4269198402  18.5165780092  18.5165780092  18.4269198402  18.2385338253  17.9336679894  17.4867853818  16.8661843598  16.0365805557  14.9628193095  13.6147001763  11.9725919682  10.0331392343  7.81400502043  5.35640717288  2.72434741049  
1.75715409799  3.45670128065  5.0470641888  6.48757368173  7.7513858771  8.82615870535  9.71272783585  10.4223711691  10.9733744371  11.3875400593  11.687095914  11.8922431196  12.0193940761  12.0800268093  12.0800268093  12.0193940761  11.8922431196  11.687095914  11.3875400593  10.9733744371  10.4223711691  9.71272783585  8.82615870535  7.7513858771  6.48757368173  5.0470641888  3.45670128065  1.75715409799  
1.11186255882  2.18827688863  3.19736435664  4.1137385691  4.92031222598  5.60880449644  6.17905478786  6.63745766112  6.9949231309  7.26474501991  7.46066510662  7.59529805799  7.67896929574  7.71893794141  7.71893794141  7.67896929574  7.59529805799  7.46066510662  7.26474501991  6.9949231309  6.63745766112  6.17905478786  5.60880449644  4.92031222598  4.1137385691  3.19736435664  2.18827688863  1.11186255882  
0.690037418086  1.35859589359  1.98628970672  2.5575562969  3.06175385019  3.49351106086  3.85237448438  4.14192113482  4.36856335862  4.54026991033  4.66537935069  4.75161386255  4.80533549001  4.83103750087  4.83103750087  4.80533549001  4.75161386255  4.66537935069  4.54026991033  4.36856335862  4.14192113482  3.85237448438  3.49351106086  3.06175385019  2.5575562969  1.98628970672  1.35859589359  0.690037418086  
0.419947413332  0.827090632868  1.20983893396  1.5588254618  1.86756158057  2.13266497767  2.35368018909  2.53258047115  2.67307722821  2.77986585905  2.85791318168  2.91185448966  2.94553042442  2.96166435515  2.96166435515  2.94553042442  2.91185448966  2.85791318168  2.77986585905  2.67307722821  2.53258047115  2.35368018909  2.13266497767  1.86756158057  1.5588254618  1.20983893396  0.827090632868  0.419947413332  
0.250590931051  0.493677348909  0.722449120032  0.931372190851  1.11657156465  1.27597402457  1.40921777372  1.51737589572  1.6025630467  1.66749835968  1.71508597052  1.74805462756  1.7686765708  1.77856867569  1.77856867569  1.7686765708  1.74805462756  1.71508597052  1.66749835968  1.6025630467  1.51737589572  1.40921777372  1.27597402457  1.11657156465  0.931372190851  0.722449120032  0.493677348909  0.250590931051  
0.146606021361  0.288889882284  0.422921164804  0.545491006879  0.654332178398  0.748205417257  0.826854470203  0.890854404767  0.941390931766  0.980011425945  1.00838277284  1.0280805954  1.04042267634  1.04634960133  1.04634960133  1.04042267634  1.0280805954  1.00838277284  0.980011425945  0.941390931766  0.890854404767  0.826854470203  0.748205417257  0.654332178398  0.545491006879  0.422921164804  0.288889882284  0.146606021361  
0.0840877634282  0.16573034083  0.2427002304  0.313171645655  0.375844681668  0.429996038558  0.475456934615  0.512530969127  0.541872205378  0.564345803527  0.580890906187  0.592399949885  0.599622211662  0.603093941882  0.603093941882  0.599622211662  0.592399949885  0.580890906187  0.564345803527  0.541872205378  0.512530969127  0.475456934615  0.429996038558  0.375844681668  0.313171645655  0.2427002304  0.16573034083  0.0840877634282  
0.0472793017208  0.0932003069953  0.136523768276  0.176230480547  0.211590053339  0.242189935149  0.267924708983  0.288952223412  0.305627306017  0.318425120235  0.32786500701  0.334442800418  0.338576213768  0.340564910904  0.340564910904  0.338576213768  0.334442800418  0.32786500701  0.318425120235  0.305627306017  0.288952223412  0.267924708983  0.242189935149  0.211590053339  0.176230480547  0.136523768276  0.0932003069953  0.0472793017208  
0.0260505051157  0.0513605485298  0.0752536866423  0.0971719617936  0.116713280752  0.133647615043  0.147911887161  0.159586882885  0.168861808319  0.175992899831  0.181261939421  0.184939077302  0.187252585047  0.188366565656  0.188366565656  0.187252585047  0.184939077302  0.181261939421  0.175992899831  0.168861808319  0.159586882885  0.147911887161  0.133647615043  0.116713280752  0.0971719617936  0.0752536866423  0.0513605485298  0.0260505051157  
0.0140447798724  0.0276940829783  0.0405862191911  0.0524221024336  0.0629851560458  0.0721501310066  0.0798807010685  0.0862175123347  0.0912595784492  0.0951423652358  0.0980156606227  0.100023599  0.101288293558  0.10189769218  0.10189769218  0.101288293558  0.100023599  0.0980156606227  0.0951423652358  0.0912595784492  0.0862175123347  0.0798807010685  0.0721501310066  0.0629851560458  0.0524221024336  0.0405862191911  0.0276940829783  0.0140447798724  
0.00736214851223  0.0145186690756  0.0212813221551  0.0274941182538  0.0330436394047  0.0378636942495  0.0419342095029  0.0452751842422  0.0479371621766  0.0499899250873  0.0515110026181  0.0525752370424  0.053246181223  0.0535696795997  0.0535696795997  0.053246181223  0.0525752370424  0.0515110026181  0.0499899250873  0.0479371621766  0.0452751842422  0.0419342095029  0.0378636942495  0.0330436394047  0.0274941182538  0.0212813221551  0.0145186690756  0.00736214851223  
0.00365094069542  0.00720058187314  0.0105561193225  0.0136405168565  0.0163975790341  0.0187942711385  0.0208202284773  0.0224848444099  0.0238126350478  0.0248377054673  0.0255980971505  0.0261306291388  0.0264666249177  0.0266287091336  0.0266287091336  0.0264666249177  0.0261306291388  0.0255980971505  0.0248377054673  0.0238126350478  0.0224848444099  0.0208202284773  0.0187942711385  0.0163975790341  0.0136405168565  0.0105561193225  0.00720058187314  0.00365094069542  
0.0014948050944  0.00294832239346  0.00432270707559  0.00558650802097  0.00671673188964  0.00769979588308  0.00853134288866  0.00921507290398  0.00976087001742  0.0101825571787  0.0104955947934  0.0107149733345  0.0108534620903  0.01092029232  0.01092029232  0.0108534620903  0.0107149733345  0.0104955947934  0.0101825571787  0.00976087001742  0.00921507290398  0.00853134288866  0.00769979588308  0.00671673188964  0.00558650802097  0.00432270707559  0.00294832239346  0.0014948050944  
