1000.0  1000.0  1000.0  1000.0  1000.0  1000.0  1000.0  1000.0  1000.0  1000.0  1000.0  1000.0  1000.0  1000.0  1000.0  1000.0  1000.0  1000.0  1000.0  1000.0  1000.0  1000.0  1000.0  1000.0  1000.0  1000.0  1000.0  1000.0  
260.176013129  417.101581207  502.349624383  547.146274865  570.257077071  581.949841902  587.721378821  590.485854524  591.765238469  592.335514636  592.579790663  592.680077893  592.719091103  592.732197082  592.732197082  592.719091103  592.680077893  592.579790663  592.335514636  591.765238469  590.485854524  587.721378821  581.949841902  570.257077071  547.146274865  502.349624383  417.101581207  260.176013129  
151.410967362  262.681755372  333.501150692  375.151909111  398.375402852  410.769082545  417.117124607  420.238109969  421.709872471  422.375027229  422.662914295  422.782043981  422.828665772  422.844392062  422.844392062  422.828665772  422.782043981  422.662914295  422.375027229  421.709872471  420.238109969  417.117124607  410.769082545  398.375402852  375.151909111  333.501150692  262.681755372  151.410967362  
89.7302450274  162.1178784  212.819663514  245.094183968  264.224672581  274.915926305  280.584543952  283.444855791  284.820533668  285.45172993  285.72814163  285.843577234  285.88907519  285.904498078  285.904498078  285.88907519  285.843577234  285.72814163  285.45172993  284.820533668  283.444855791  280.584543952  274.915926305  264.224672581  245.094183968  212.819663514  162.1178784  89.7302450274  
52.5681632152  97.0917976508  130.197394785  152.473177959  166.309726317  174.341094676  178.729703619  180.99752228  182.10897985  182.626632018  182.856046203  182.95277664  182.991190983  183.004281826  183.004281826  182.991190983  182.95277664  182.856046203  182.626632018  182.10897985  180.99752228  178.729703619  174.341094676  166.309726317  152.473177959  130.197394785  97.0917976508  52.5681632152  
29.9294053488  55.9895708314  76.1285086932  90.2218092763  99.2924741249  104.720379808  107.762728321  109.368110587  110.168504216  110.546541744  110.716015199  110.788146442  110.817008145  110.826896306  110.826896306  110.817008145  110.788146442  110.716015199  110.546541744  110.168504216  109.368110587  107.762728321  104.720379808  99.2924741249  90.2218092763  76.1285086932  55.9895708314  29.9294053488  
16.4010328882  30.9251453666  42.4421977118  50.7321946785  56.213887152  59.574790454  61.4987282333  62.5323480856  63.0555405803  63.3058101307  63.4192040909  63.4678960764  63.4875198558  63.4942778353  63.4942778353  63.4875198558  63.4678960764  63.4192040909  63.3058101307  63.0555405803  62.5323480856  61.4987282333  59.574790454  56.213887152  50.7321946785  42.4421977118  30.9251453666  16.4010328882  
8.60381462904  16.3070981315  22.5252937491  27.0942712319  30.1786194813  32.106610726  33.2296164117  33.8421965686  34.1563754468  34.3083671515  34.3778977449  34.4079984854  34.4202111869  34.424437373  34.424437373  34.4202111869  34.4079984854  34.3778977449  34.3083671515  34.1563754468  33.8421965686  33.2296164117  32.106610726  30.1786194813  27.0942712319  22.5252937491  16.3070981315  8.60381462904  
4.30808750214  8.19427078483  11.3713596357  13.7418570094  15.36788903  16.4001297408  17.0100251864  17.3470050685  17.5218018032  17.6072036959  17.6466077698  17.6637921136  17.6708070433  17.6732453793  17.6732453793  17.6708070433  17.6637921136  17.6466077698  17.6072036959  17.5218018032  17.3470050685  17.0100251864  16.4001297408  15.36788903  13.7418570094  11.3713596357  8.19427078483  4.30808750214  
2.05603916698  3.9206291934  5.45926330407  6.62068353399  7.42737289686  7.94587073483  8.25584027545  8.42895906614  8.51963220412  8.56431531112  8.58508806584  8.59420674675  8.59794969564  8.59925597419  8.59925597419  8.59794969564  8.59420674675  8.58508806584  8.56431531112  8.51963220412  8.42895906614  8.25584027545  7.94587073483  7.42737289686  6.62068353399  5.45926330407  3.9206291934  2.05603916698  
0.934802237721  1.78588372384  2.49311722307  3.03176435362  3.40960561645  3.65491002553  3.80298508819  3.8864365845  3.93050787896  3.95238787541  3.96262709335  3.96714796127  3.96901277688  3.96966594905  3.96966594905  3.96901277688  3.96714796127  3.96262709335  3.95238787541  3.93050787896  3.8864365845  3.80298508819  3.65491002553  3.40960561645  3.03176435362  2.49311722307  1.78588372384  0.934802237721  
0.404947870882  0.774718962669  1.0836465012  1.32058770473  1.48810890601  1.59775922938  1.66448092516  1.70237055245  1.72252164532  1.73259032138  1.73732937174  1.73943246544  1.74030374902  1.74060990764  1.74060990764  1.74030374902  1.73943246544  1.73732937174  1.73259032138  1.72252164532  1.70237055245  1.66448092516  1.59775922938  1.48810890601  1.32058770473  1.0836465012  0.774718962669  0.404947870882  
0.167220109708  0.320262460135  0.448659988043  0.547687171075  0.6181475648  0.664576497389  0.693017103874  0.70927154062  0.717968234434  0.722337641958  0.724404504962  0.72532583265  0.725708988005  0.725844006584  0.725844006584  0.725708988005  0.72532583265  0.724404504962  0.722337641958  0.717968234434  0.70927154062  0.693017103874  0.664576497389  0.6181475648  0.547687171075  0.448659988043  0.320262460135  0.167220109708  
0.0658744054991  0.126271625175  0.177111720183  0.216497753681  0.244667305946  0.263331846045  0.274828773164  0.281435107722  0.284987835674  0.286781283556  0.28763331837  0.288014600094  0.288173696297  0.288229899303  0.288229899303  0.288173696297  0.288014600094  0.28763331837  0.286781283556  0.284987835674  0.281435107722  0.274828773164  0.263331846045  0.244667305946  0.216497753681  0.177111720183  0.126271625175  0.0658744054991  
0.0247789325084  0.0475300376375  0.0667322890145  0.0816623117386  0.092385926963  0.099523710071  0.103940943041  0.10649078067  0.10786800916  0.108566081842  0.108898966122  0.109048433453  0.109110983333  0.109133128054  0.109133128054  0.109110983333  0.109048433453  0.108898966122  0.108566081842  0.10786800916  0.10649078067  0.103940943041  0.099523710071  0.092385926963  0.0816623117386  0.0667322890145  0.0475300376375  0.0247789325084  
0.00890897983504  0.0170983056963  0.0240252220057  0.0294269825041  0.0333204646225  0.0359219073334  0.0375381294938  0.038474706226  0.0389824570849  0.0392407200701  0.039364273608  0.0394199121397  0.0394432550372  0.0394515348139  0.0394515348139  0.0394432550372  0.0394199121397  0.039364273608  0.0392407200701  0.0389824570849  0.038474706226  0.0375381294938  0.0359219073334  0.0333204646225  0.0294269825041  0.0240252220057  0.0170983056963  0.00890897983504  
0.00306491853509  0.00588490561486  0.00827442642327  0.010142386241  0.0114927000787  0.0123977965469  0.0129619720168  0.0132899778219  0.0134683657172  0.013559373145  0.0136030322163  0.0136227422874  0.0136310296534  0.0136339740006  0.0136339740006  0.0136310296534  0.0136227422874  0.0136030322163  0.013559373145  0.0134683657172  0.0132899778219  0.0129619720168  0.0123977965469  0.0114927000787  0.010142386241  0.00827442642327  0.00588490561486  0.00306491853509  
0.00101002653014  0.00194005549084  0.00272927396579  0.00334748171314  0.0037954597892  0.00409653775402  0.00428473270962  0.00439445247529  0.00445428568556  0.00448488882452  0.00449960506651  0.00450626315774  0.00450906790522  0.00451006577723  0.00451006577723  0.00450906790522  0.00450626315774  0.00449960506651  0.00448488882452  0.00445428568556  0.00439445247529  0.00428473270962  0.00409653775402  0.0037954597892  0.00334748171314  0.00272927396579  0.00194005549084  0.00101002653014  
0.000319189769954  0.000613286603175  0.000863159955359  0.00105922088635  0.00120158386223  0.00129747914137  0.00135756176699  0.00139267351482  0.00141186502833  0.00142170247083  0.00142644266667  0.0014285912486  0.00142949780037  0.00142982071862  0.00142982071862  0.00142949780037  0.0014285912486  0.00142644266667  0.00142170247083  0.00141186502833  0.00139267351482  0.00135756176699  0.00129747914137  0.00120158386223  0.00105922088635  0.000863159955359  0.000613286603175  0.000319189769954  
9.68373167408e-05  0.000186109284183  0.000262034417396  0.000321692669362  0.000365085541187  0.000394370368906  0.000412755176723  0.000423520652474  0.000429416404188  0.000432444152269  0.000433905606099  0.000434569078501  0.000434849398497  0.000434949350758  0.000434949350758  0.000434849398497  0.000434569078501  0.000433905606099  0.000432444152269  0.000429416404188  0.000423520652474  0.000412755176723  0.000394370368906  0.000365085541187  0.000321692669362  0.000262034417396  0.000186109284183  9.68373167408e-05  
2.82345490263e-05  5.42748491513e-05  7.64407318463e-05  9.38782427508e-05  0.000106579769448  0.00011516545137  0.000120564556327  0.00012373144391  0.000125468676006  0.000126362232974  0.00012679417241  0.000126990524591  0.00012707357901  0.000127103218301  0.000127103218301  0.00012707357901  0.000126990524591  0.00012679417241  0.000126362232974  0.000125468676006  0.00012373144391  0.000120564556327  0.00011516545137  0.000106579769448  9.38782427508e-05  7.64407318463e-05  5.42748491513e-05  2.82345490263e-05  
7.91987873207e-06  1.52269754129e-05  2.14513039123e-05  2.6352741979e-05  2.99272725126e-05  3.23467559968e-05  3.3870406915e-05  3.47653959877e-05  3.52570382973e-05  3.55102531304e-05  3.56328057551e-05  3.56885776647e-05  3.57121908001e-05  3.57206233827e-05  3.57206233827e-05  3.57121908001e-05  3.56885776647e-05  3.56328057551e-05  3.55102531304e-05  3.52570382973e-05  3.47653959877e-05  3.3870406915e-05  3.23467559968e-05  2.99272725126e-05  2.6352741979e-05  2.14513039123e-05  1.52269754129e-05  7.91987873207e-06  
2.13942771571e-06  4.11393514174e-06  5.79686023235e-06  7.12320829117e-06  8.09146993813e-06  8.74759623039e-06  9.16127903006e-06  9.40456729419e-06  9.53836863323e-06  9.60735775405e-06  9.64078159432e-06  9.6560061489e-06  9.66245701553e-06  9.66476200415e-06  9.66476200415e-06  9.66245701553e-06  9.6560061489e-06  9.64078159432e-06  9.60735775405e-06  9.53836863323e-06  9.40456729419e-06  9.16127903006e-06  8.74759623039e-06  8.09146993813e-06  7.12320829117e-06  5.79686023235e-06  4.11393514174e-06  2.13942771571e-06  
5.57115572031e-07  1.07141860117e-06  1.50999071317e-06  1.85587924452e-06  2.10859897168e-06  2.28001223308e-06  2.38819457167e-06  2.45188065029e-06  2.48694011197e-06  2.50503357326e-06  2.51380679782e-06  2.51780594379e-06  2.51950148378e-06  2.52010759206e-06  2.52010759206e-06  2.51950148378e-06  2.51780594379e-06  2.51380679782e-06  2.50503357326e-06  2.48694011197e-06  2.45188065029e-06  2.38819457167e-06  2.28001223308e-06  2.10859897168e-06  1.85587924452e-06  1.50999071317e-06  1.07141860117e-06  5.57115572031e-07  
1.39981874186e-07  2.69234497144e-07  3.79500356903e-07  4.66514123372e-07  5.30134591839e-07  5.73320607476e-07  6.00598629241e-07  6.16670238877e-07  6.25524769875e-07  6.30097798119e-07  6.32316667523e-07  6.33328693975e-07  6.33757972147e-07  6.33911478106e-07  6.33911478106e-07  6.33757972147e-07  6.33328693975e-07  6.32316667523e-07  6.30097798119e-07  6.25524769875e-07  6.16670238877e-07  6.00598629241e-07  5.73320607476e-07  5.30134591839e-07  4.66514123372e-07  3.79500356903e-07  2.69234497144e-07  1.39981874186e-07  
3.39652673117e-08  6.53327901524e-08  9.21016986746e-08  1.13235890259e-07  1.28697222584e-07  1.39199262748e-07  1.45837249072e-07  1.49750829895e-07  1.51908369451e-07  1.53023313075e-07  1.53564574508e-07  1.53811552691e-07  1.53916351555e-07  1.5395383544e-07  1.5395383544e-07  1.53916351555e-07  1.53811552691e-07  1.53564574508e-07  1.53023313075e-07  1.51908369451e-07  1.49750829895e-07  1.45837249072e-07  1.39199262748e-07  1.28697222584e-07  1.13235890259e-07  9.21016986746e-08  6.53327901524e-08  3.39652673117e-08  
7.95044232906e-09  1.52938886029e-08  2.15625065557e-08  2.65135454013e-08  3.01373319599e-08  3.26000579731e-08  3.41575072397e-08  3.50762278289e-08  3.55829686487e-08  3.58449536259e-08  3.59721864673e-08  3.60302612116e-08  3.60549094877e-08  3.60637268282e-08  3.60637268282e-08  3.60549094877e-08  3.60302612116e-08  3.59721864673e-08  3.58449536259e-08  3.55829686487e-08  3.50762278289e-08  3.41575072397e-08  3.26000579731e-08  3.01373319599e-08  2.65135454013e-08  2.15625065557e-08  1.52938886029e-08  7.95044232906e-09  
1.72356209114e-09  3.31571213648e-09  4.67511578534e-09  5.7491097226e-09  6.53547299984e-09  7.07009539745e-09  7.40833157363e-09  7.60793121198e-09  7.71806467304e-09  7.77502170455e-09  7.80269005932e-09  7.81532161612e-09  7.82068344056e-09  7.82260163714e-09  7.82260163714e-09  7.82068344056e-09  7.81532161612e-09  7.80269005932e-09  7.77502170455e-09  7.71806467304e-09  7.60793121198e-09  7.40833157363e-09  7.07009539745e-09  6.53547299984e-09  5.7491097226e-09  4.67511578534e-09  3.31571213648e-09  1.72356209114e-09  
