1000.0  1000.0  1000.0  1000.0  1000.0  1000.0  1000.0  1000.0  1000.0  1000.0  1000.0  1000.0  1000.0  1000.0  1000.0  1000.0  1000.0  1000.0  1000.0  1000.0  1000.0  1000.0  1000.0  1000.0  1000.0  1000.0  1000.0  1000.0  
219.1423967  339.421908997  395.339980298  418.966768073  428.186181534  431.51856223  432.634687636  432.981261397  433.081152185  433.107925095  433.114612814  433.116173533  433.116514297  433.116581868  433.116581868  433.116514297  433.116173533  433.114612814  433.107925095  433.081152185  432.981261397  432.634687636  431.51856223  428.186181534  418.966768073  395.339980298  339.421908997  219.1423967  
105.189520212  175.12192088  212.763038022  230.369427292  237.734833918  240.527982111  241.49548887  241.803208091  241.893459607  241.917962464  241.924142444  241.925595232  241.925914195  241.925977699  241.925977699  241.925914195  241.925595232  241.924142444  241.917962464  241.893459607  241.803208091  241.49548887  240.527982111  237.734833918  230.369427292  212.763038022  175.12192088  105.189520212  
47.9479948704  82.8959742372  103.43657929  113.7362017  118.276239232  120.066099588  120.704234661  120.911626881  120.973452979  120.990448027  120.994775373  120.995800115  120.996026368  120.996071601  120.996071601  120.996026368  120.995800115  120.994775373  120.990448027  120.973452979  120.911626881  120.704234661  120.066099588  118.276239232  113.7362017  103.43657929  82.8959742372  47.9479948704  
20.2920416533  35.8275294653  45.4759845119  50.5521811251  52.8782005622  53.8234993045  54.168566035  54.2827791114  54.3173133404  54.3269114509  54.3293764165  54.329964044  54.3300944577  54.3301206294  54.3301206294  54.3300944577  54.329964044  54.3293764165  54.3269114509  54.3173133404  54.2827791114  54.168566035  53.8234993045  52.8782005622  50.5521811251  45.4759845119  35.8275294653  20.2920416533  
7.89756545458  14.119113161  18.1244055776  20.3040565612  21.3319822614  21.7596759498  21.9187719861  21.97222662  21.9885825541  21.9931711631  21.9943583175  21.9946429614  21.9947064154  21.9947191911  21.9947191911  21.9947064154  21.9946429614  21.9943583175  21.9931711631  21.9885825541  21.97222662  21.9187719861  21.7596759498  21.3319822614  20.3040565612  18.1244055776  14.119113161  7.89756545458  
2.81913487483  5.0798000601  6.57091360085  7.4022396029  7.80282275235  7.9725522477  8.03664034063  8.0584358828  8.06517007748  8.06707405213  8.06756967473  8.06768908148  8.06771579841  8.06772119187  8.06772119187  8.06771579841  8.06768908148  8.06756967473  8.06707405213  8.06517007748  8.0584358828  8.03664034063  7.9725522477  7.80282275235  7.4022396029  6.57091360085  5.0798000601  2.81913487483  
0.923733822716  1.67316667  2.17591654423  2.46119871394  2.60091476248  2.66095196382  2.68389046536  2.69176761941  2.6942206553  2.69491859106  2.69510117705  2.69514533664  2.69515524621  2.69515725083  2.69515725083  2.69515524621  2.69514533664  2.69510117705  2.69491859106  2.6942206553  2.69176761941  2.68389046536  2.66095196382  2.60091476248  2.46119871394  2.17591654423  1.67316667  0.923733822716  
0.278530439174  0.506317805476  0.660987294166  0.749908124871  0.79399790516  0.813151567353  0.820537904659  0.823094022046  0.823895039358  0.824124092306  0.824184251379  0.824198845241  0.824202127456  0.82420279242  0.82420279242  0.824202127456  0.824198845241  0.824184251379  0.824124092306  0.823895039358  0.823094022046  0.820537904659  0.813151567353  0.79399790516  0.749908124871  0.660987294166  0.506317805476  0.278530439174  
0.0775366882432  0.141307630569  0.184993392019  0.210356284832  0.22305148328  0.228613540617  0.230774145217  0.231526398531  0.231763302355  0.231831312395  0.231849229116  0.231853585352  0.231854566647  0.231854765651  0.231854765651  0.231854566647  0.231853585352  0.231849229116  0.231831312395  0.231763302355  0.231526398531  0.230774145217  0.228613540617  0.22305148328  0.210356284832  0.184993392019  0.141307630569  0.0775366882432  
0.0199976778922  0.0365127590212  0.0479008987126  0.0545619028452  0.0579203421417  0.0594014665813  0.0599800920441  0.0601825065199  0.0602464964019  0.0602649216736  0.0602697866317  0.0602709713833  0.0602712385374  0.0602712927443  0.0602712927443  0.0602712385374  0.0602709713833  0.0602697866317  0.0602649216736  0.0602464964019  0.0601825065199  0.0599800920441  0.0594014665813  0.0579203421417  0.0545619028452  0.0479008987126  0.0365127590212  0.0199976778922  
0.00479537818145  0.00876769918782  0.0115204220679  0.0131396566992  0.0139606446725  0.014324559867  0.014467354313  0.014517488279  0.0145333831658  0.0145379700393  0.0145391830585  0.014539478764  0.0145395454789  0.0145395590173  0.0145395590173  0.0145395454789  0.014539478764  0.0145391830585  0.0145379700393  0.0145333831658  0.014517488279  0.014467354313  0.014324559867  0.0139606446725  0.0131396566992  0.0115204220679  0.00876769918782  0.00479537818145  
0.00107279873613  0.00196349079135  0.00258303110361  0.00294904284697  0.00313541660655  0.00321835221886  0.00325100360765  0.00326249846329  0.00326615056933  0.00326720608719  0.0032674855014  0.00326755365106  0.00326756902785  0.0032675721475  0.0032675721475  0.00326756902785  0.00326755365106  0.0032674855014  0.00326720608719  0.00326615056933  0.00326249846329  0.00325100360765  0.00321835221886  0.00313541660655  0.00294904284697  0.00258303110361  0.00196349079135  0.00107279873613  
0.000224630067732  0.000411448841802  0.000541763346265  0.000619004151367  0.00065846369796  0.00067607475762  0.000683025356793  0.000685477105704  0.00068625719153  0.000686482862813  0.000686542631254  0.000686557209948  0.000686560498393  0.000686561165173  0.000686561165173  0.000686560498393  0.000686557209948  0.000686542631254  0.000686482862813  0.00068625719153  0.000685477105704  0.000683025356793  0.00067607475762  0.00065846369796  0.000619004151367  0.000541763346265  0.000411448841802  0.000224630067732  
4.41554369603e-05  8.09256121597e-05  0.000106629299753  0.000121902325885  0.000129723791343  0.000133222116607  0.00013460525134  0.000135093784613  0.000135249360641  0.000135294387606  0.000135306313497  0.000135309221541  0.000135309877073  0.000135310009878  0.000135310009878  0.000135309877073  0.000135309221541  0.000135306313497  0.000135294387606  0.000135249360641  0.000135093784613  0.00013460525134  0.000133222116607  0.000129723791343  0.000121902325885  0.000106629299753  8.09256121597e-05  4.41554369603e-05  
8.17123744536e-06  1.49823187898e-05  1.97510857216e-05  2.2589854395e-05  2.40461877599e-05  2.46985563819e-05  2.49567868723e-05  2.50480678023e-05  2.50771483114e-05  2.50855650155e-05  2.50877935385e-05  2.50883365924e-05  2.50884588923e-05  2.50884836416e-05  2.50884836416e-05  2.50884588923e-05  2.50883365924e-05  2.50877935385e-05  2.50855650155e-05  2.50771483114e-05  2.50480678023e-05  2.49567868723e-05  2.46985563819e-05  2.40461877599e-05  2.2589854395e-05  1.97510857216e-05  1.49823187898e-05  8.17123744536e-06  
1.42728397009e-06  2.61782297284e-06  3.45233960695e-06  3.94976236411e-06  4.20525969634e-06  4.31982349747e-06  4.36520255581e-06  4.38124877202e-06  4.38636074596e-06  4.38783977728e-06  4.38823112647e-06  4.3883264008e-06  4.38834783128e-06  4.38835216226e-06  4.38835216226e-06  4.38834783128e-06  4.3883264008e-06  4.38823112647e-06  4.38783977728e-06  4.38636074596e-06  4.38124877202e-06  4.36520255581e-06  4.31982349747e-06  4.20525969634e-06  3.94976236411e-06  3.45233960695e-06  2.61782297284e-06  1.42728397009e-06  
2.3588442226e-07  4.32740204835e-07  5.70838423657e-07  6.53225507341e-07  6.95575418681e-07  7.14575178155e-07  7.2210294312e-07  7.24764635957e-07  7.25612278652e-07  7.25857359564e-07  7.25922145567e-07  7.25937898559e-07  7.25941436806e-07  7.25942150758e-07  7.25942150758e-07  7.25941436806e-07  7.25937898559e-07  7.25922145567e-07  7.25857359564e-07  7.25612278652e-07  7.24764635957e-07  7.2210294312e-07  7.14575178155e-07  6.95575418681e-07  6.53225507341e-07  5.70838423657e-07  4.32740204835e-07  2.3588442226e-07  
3.69678030275e-08  6.78292081932e-08  8.94902249883e-08  1.02419548678e-07  1.09068244859e-07  1.12051580532e-07  1.13233458947e-07  1.13651186155e-07  1.13784124879e-07  1.13822525002e-07  1.13832663565e-07  1.13835125215e-07  1.13835677199e-07  1.13835788387e-07  1.13835788387e-07  1.13835677199e-07  1.13835125215e-07  1.13832663565e-07  1.13822525002e-07  1.13784124879e-07  1.13651186155e-07  1.13233458947e-07  1.12051580532e-07  1.09068244859e-07  1.02419548678e-07  8.94902249883e-08  6.78292081932e-08  3.69678030275e-08  
5.50529694917e-09  1.0102103312e-08  1.33293975925e-08  1.52561767746e-08  1.62470542453e-08  1.66915985451e-08  1.68676351512e-08  1.69298112636e-08  1.69495794979e-08  1.69552827756e-08  1.69567864038e-08  1.69571508778e-08  1.69572324533e-08  1.6957248854e-08  1.6957248854e-08  1.69572324533e-08  1.69571508778e-08  1.69567864038e-08  1.69552827756e-08  1.69495794979e-08  1.69298112636e-08  1.68676351512e-08  1.66915985451e-08  1.62470542453e-08  1.52561767746e-08  1.33293975925e-08  1.0102103312e-08  5.50529694917e-09  
7.80552196134e-10  1.43234714908e-09  1.88998842253e-09  2.163203879e-09  2.30367951402e-09  2.36667427471e-09  2.39160253526e-09  2.40039886766e-09  2.4031922301e-09  2.40399698352e-09  2.40420880097e-09  2.40426004956e-09  2.40427149655e-09  2.40427379324e-09  2.40427379324e-09  2.40427149655e-09  2.40426004956e-09  2.40420880097e-09  2.40399698352e-09  2.4031922301e-09  2.40039886766e-09  2.39160253526e-09  2.36667427471e-09  2.30367951402e-09  2.163203879e-09  1.88998842253e-09  1.43234714908e-09  7.80552196134e-10  
1.05550074599e-10  1.93687249026e-10  2.5556449198e-10  2.92496583121e-10  3.11476935951e-10  3.19982651461e-10  3.23345405332e-10  3.24530616085e-10  3.24906462303e-10  3.25014565478e-10  3.25042966914e-10  3.25049824646e-10  3.2505135305e-10  3.25051659032e-10  3.25051659032e-10  3.2505135305e-10  3.25049824646e-10  3.25042966914e-10  3.25014565478e-10  3.24906462303e-10  3.24530616085e-10  3.23345405332e-10  3.19982651461e-10  3.11476935951e-10  2.92496583121e-10  2.5556449198e-10  1.93687249026e-10  1.05550074599e-10  
1.36353765265e-11  2.50201233668e-11  3.30109041635e-11  3.77782211056e-11  4.02266610713e-11  4.13229048346e-11  4.17558146189e-11  4.1908185396e-11  4.1956427123e-11  4.19702776586e-11  4.19739092689e-11  4.1974784237e-11  4.19749787889e-11  4.19750176475e-11  4.19750176475e-11  4.19749787889e-11  4.1974784237e-11  4.19739092689e-11  4.19702776586e-11  4.1956427123e-11  4.1908185396e-11  4.17558146189e-11  4.13229048346e-11  4.02266610713e-11  3.77782211056e-11  3.30109041635e-11  2.50201233668e-11  1.36353765265e-11  
1.68536718116e-12  3.09230701738e-12  4.07945051622e-12  4.66803179281e-12  4.97006761366e-12  5.10515230015e-12  5.15842712861e-12  5.17714913926e-12  5.18306620444e-12  5.18476169701e-12  5.18520529956e-12  5.18531192939e-12  5.18533558045e-12  5.18534029288e-12  5.18534029288e-12  5.18533558045e-12  5.18531192939e-12  5.18520529956e-12  5.18476169701e-12  5.18306620444e-12  5.17714913926e-12  5.15842712861e-12  5.10515230015e-12  4.97006761366e-12  4.66803179281e-12  4.07945051622e-12  3.09230701738e-12  1.68536718116e-12  
1.99600768589e-13  3.66187751501e-13  4.83012981042e-13  5.52618270755e-13  5.88301288888e-13  6.04240516257e-13  6.10517300307e-13  6.127193349e-13  6.13413949842e-13  6.13612566828e-13  6.13664413462e-13  6.13676845462e-13  6.13679595821e-13  6.13680142432e-13  6.13680142432e-13  6.13679595821e-13  6.13676845462e-13  6.13664413462e-13  6.13612566828e-13  6.13413949842e-13  6.127193349e-13  6.10517300307e-13  6.04240516257e-13  5.88301288888e-13  5.52618270755e-13  4.83012981042e-13  3.66187751501e-13  1.99600768589e-13  
2.26803588326e-14  4.16039272744e-14  5.48670892346e-14  6.276254829e-14  6.68055368013e-14  6.86089777883e-14  6.93180027003e-14  6.9566282952e-14  6.9644439965e-14  6.96667379453e-14  6.96725445381e-14  6.96739332952e-14  6.96742397051e-14  6.96743004408e-14  6.96743004408e-14  6.96742397051e-14  6.96739332952e-14  6.96725445381e-14  6.96667379453e-14  6.9644439965e-14  6.9566282952e-14  6.93180027003e-14  6.86089777883e-14  6.68055368013e-14  6.276254829e-14  5.48670892346e-14  4.16039272744e-14  2.26803588326e-14  
2.47547861906e-15  4.54022037345e-15  5.98639513157e-15  6.84645211663e-15  7.28630082439e-15  7.48220289004e-15  7.55908591263e-15  7.58595471327e-15  7.59439437975e-15  7.59679650723e-15  7.59742046337e-15  7.59756929547e-15  7.59760204137e-15  7.59760851444e-15  7.59760851444e-15  7.59760204137e-15  7.59756929547e-15  7.59742046337e-15  7.59679650723e-15  7.59439437975e-15  7.58595471327e-15  7.55908591263e-15  7.48220289004e-15  7.28630082439e-15  6.84645211663e-15  5.98639513157e-15  4.54022037345e-15  2.47547861906e-15  
2.57350720357e-16  4.71921407458e-16  6.22100617029e-16  7.11319886178e-16  7.5688671102e-16  7.77148760898e-16  7.85086023985e-16  7.87854191414e-16  7.88721732904e-16  7.88968057161e-16  7.89031875229e-16  7.89047056333e-16  7.89050386991e-16  7.89051043561e-16  7.89051043561e-16  7.89050386991e-16  7.89047056333e-16  7.89031875229e-16  7.88968057161e-16  7.88721732904e-16  7.87854191414e-16  7.85086023985e-16  7.77148760898e-16  7.5688671102e-16  7.11319886178e-16  6.22100617029e-16  4.71921407458e-16  2.57350720357e-16  
