1000.0  1000.0  1000.0  1000.0  1000.0  1000.0  1000.0  1000.0  1000.0  1000.0  1000.0  1000.0  1000.0  1000.0  1000.0  1000.0  1000.0  1000.0  1000.0  1000.0  1000.0  1000.0  1000.0  1000.0  1000.0  1000.0  1000.0  1000.0  
262.788301085  422.150019828  509.517498482  556.035469252  580.452593301  593.072867674  599.461410748  602.611059207  604.116466513  604.811631157  605.120972574  605.253192213  605.306750777  605.325367112  605.325367112  605.306750777  605.253192213  605.120972574  604.811631157  604.116466513  602.611059207  599.461410748  593.072867674  580.452593301  556.035469252  509.517498482  422.150019828  262.788301085  
154.693960378  269.026328654  342.509189055  386.322998265  411.187938236  424.746977337  431.87017701  435.475011012  437.230667113  438.052666014  438.422255628  438.581476995  438.646358132  438.669000995  438.669000995  438.646358132  438.581476995  438.422255628  438.052666014  437.230667113  435.475011012  431.87017701  424.746977337  411.187938236  386.322998265  342.509189055  269.026328654  154.693960378  
93.1514757942  168.729529136  222.206735803  256.735073277  277.575731731  289.481001077  295.957035805  299.321258002  300.992552014  301.787039633  302.148496046  302.305655  302.370151715  302.392770128  302.392770128  302.370151715  302.305655  302.148496046  301.787039633  300.992552014  299.321258002  295.957035805  289.481001077  277.575731731  256.735073277  222.206735803  168.729529136  93.1514757942  
55.6899416382  103.124659832  138.762528531  163.094496571  178.491075681  187.629724061  192.754641764  195.481906437  196.862839698  197.529310334  197.836212826  197.970949831  198.026666231  198.046308693  198.046308693  198.026666231  197.970949831  197.836212826  197.529310334  196.862839698  195.481906437  192.754641764  187.629724061  178.491075681  163.094496571  138.762528531  103.124659832  55.6899416382  
32.4871414137  60.9323322918  83.145792533  98.9234141605  109.271801971  115.60645969  119.251653858  121.233119552  122.254040412  122.753831801  122.986683039  123.089890565  123.132895232  123.148137516  123.148137516  123.132895232  123.089890565  122.986683039  122.753831801  122.254040412  121.233119552  119.251653858  115.60645969  109.271801971  98.9234141605  83.145792533  60.9323322918  32.4871414137  
18.3097747158  34.6136692249  47.6786714488  57.2253108808  63.6601406996  67.697319997  70.0707724808  71.3847490869  72.0722901355  72.4132690566  72.5738652625  72.645694117  72.6758440365  72.6865858252  72.6865858252  72.6758440365  72.645694117  72.5738652625  72.4132690566  72.0722901355  71.3847490869  70.0707724808  67.697319997  63.6601406996  57.2253108808  47.6786714488  34.6136692249  18.3097747158  
9.91337455841  18.837684948  26.117762051  31.5486709831  35.2866616457  37.6783296552  39.1094595768  39.9141580191  40.3409232124  40.5550334942  40.6568766151  40.7028096824  40.722222588  40.7291729893  40.7291729893  40.722222588  40.7028096824  40.6568766151  40.5550334942  40.3409232124  39.9141580191  39.1094595768  37.6783296552  35.2866616457  31.5486709831  26.117762051  18.837684948  9.91337455841  
5.13968616628  9.80120895027  13.6525146756  16.5701948301  18.6111008046  19.9375727201  20.7429377135  21.2017563564  21.4479288724  21.5726967972  21.6325697566  21.6597790779  21.6713512571  21.6755132609  21.6755132609  21.6713512571  21.6597790779  21.6325697566  21.5726967972  21.4479288724  21.2017563564  20.7429377135  19.9375727201  18.6111008046  16.5701948301  13.6525146756  9.80120895027  5.13968616628  
2.54738311137  4.87005198877  6.80697785555  8.29159338647  9.34327830589  10.0354841595  10.4608203547  10.7058242766  10.8385933957  10.9064842416  10.9393188515  10.9543423118  10.960768304  10.9630890093  10.9630890093  10.960768304  10.9543423118  10.9393188515  10.9064842416  10.8385933957  10.7058242766  10.4608203547  10.0354841595  9.34327830589  8.29159338647  6.80697785555  4.87005198877  2.54738311137  
1.20607473956  2.31004834765  3.23714201089  3.95416515252  4.46719276191  4.80832154168  5.02001717769  5.14309635435  5.21036429329  5.24502710681  5.26190686615  5.26967695876  5.27301746375  5.27422835994  5.27422835994  5.27301746375  5.26967695876  5.26190686615  5.24502710681  5.21036429329  5.14309635435  5.02001717769  4.80832154168  4.46719276191  3.95416515252  3.23714201089  2.31004834765  1.20607473956  
0.545411470963  1.04612087963  1.4688701707  1.7981401437  2.03561831773  2.1948420457  2.29446582748  2.35284147673  2.38497924986  2.4016502745  2.40981746936  2.41359708659  2.41522940386  2.41582307039  2.41582307039  2.41522940386  2.41359708659  2.40981746936  2.4016502745  2.38497924986  2.35284147673  2.29446582748  2.1948420457  2.03561831773  1.7981401437  1.4688701707  1.04612087963  0.545411470963  
0.235650873894  0.452479383331  0.636317724938  0.780308329216  0.884828811184  0.955386327907  0.999835494629  1.02605341651  1.0405772858  1.04815477693  1.05188650606  1.05362158722  1.05437393693  1.05464837178  1.05464837178  1.05437393693  1.05362158722  1.05188650606  1.04815477693  1.0405772858  1.02605341651  0.999835494629  0.955386327907  0.884828811184  0.780308329216  0.636317724938  0.452479383331  0.235650873894  
0.0973308994859  0.187047599755  0.263367825445  0.323414596922  0.367230752014  0.396976032195  0.415821960032  0.427000276767  0.433225694085  0.436489811081  0.438104647819  0.438858559768  0.439186621519  0.439306601062  0.439306601062  0.439186621519  0.438858559768  0.438104647819  0.436489811081  0.433225694085  0.427000276767  0.415821960032  0.396976032195  0.367230752014  0.323414596922  0.263367825445  0.187047599755  0.0973308994859  
0.0384582179035  0.0739584122979  0.104238746136  0.128149671073  0.14567279873  0.157624336379  0.165232934393  0.169767326719  0.172304124026  0.173639921929  0.174303392352  0.174614256281  0.174749947544  0.174799686783  0.174799686783  0.174749947544  0.174614256281  0.174303392352  0.173639921929  0.172304124026  0.169767326719  0.165232934393  0.157624336379  0.14567279873  0.128149671073  0.104238746136  0.0739584122979  0.0384582179035  
0.0145497149549  0.027995826242  0.0394898764465  0.0485933893394  0.0552887214767  0.0598730777669  0.0628033860116  0.0645567603845  0.0655415245079  0.0660619861749  0.0663213797089  0.0664432966839  0.0664966575583  0.0665162569355  0.0665162569355  0.0664966575583  0.0664432966839  0.0663213797089  0.0660619861749  0.0655415245079  0.0645567603845  0.0628033860116  0.0598730777669  0.0552887214767  0.0485933893394  0.0394898764465  0.027995826242  0.0145497149549  
0.0052753114987  0.0101550836547  0.0143338982  0.0176518006317  0.0200992606896  0.0217805539133  0.0228589083129  0.0235063643847  0.0238712164468  0.024064659604  0.0241613566914  0.0242069285786  0.024226921736  0.02423427807  0.02423427807  0.024226921736  0.0242069285786  0.0241613566914  0.024064659604  0.0238712164468  0.0235063643847  0.0228589083129  0.0217805539133  0.0200992606896  0.0176518006317  0.0143338982  0.0101550836547  0.0052753114987  
0.001834801548  0.00353335010607  0.00499006547434  0.00614905430849  0.00700611226952  0.00759649785588  0.00797625954868  0.00820493963447  0.00833417365587  0.0084028807689  0.00843731387695  0.00845357989252  0.00846073071183  0.00846336580858  0.00846336580858  0.00846073071183  0.00845357989252  0.00843731387695  0.0084028807689  0.00833417365587  0.00820493963447  0.00797625954868  0.00759649785588  0.00700611226952  0.00614905430849  0.00499006547434  0.00353335010607  0.001834801548  
0.000612779993793  0.00118042088941  0.00166784401473  0.00205631495273  0.00234418504312  0.00254294748373  0.00267111495747  0.00274848584712  0.00279231777404  0.00281567586372  0.00282740788518  0.00283296129845  0.00283540700382  0.0028363094388  0.0028363094388  0.00283540700382  0.00283296129845  0.00282740788518  0.00281567586372  0.00279231777404  0.00274848584712  0.00267111495747  0.00254294748373  0.00234418504312  0.00205631495273  0.00166784401473  0.00118042088941  0.000612779993793  
0.00019670838176  0.000379024894427  0.000535738583165  0.000660818494444  0.000753670362886  0.000817907447167  0.000859416015372  0.000884526880402  0.00089878250268  0.000906394702032  0.000910225347118  0.00091204177447  0.000912842943271  0.000913138898808  0.000913138898808  0.000912842943271  0.00091204177447  0.000910225347118  0.000906394702032  0.00089878250268  0.000884526880402  0.000859416015372  0.000817907447167  0.000753670362886  0.000660818494444  0.000535738583165  0.000379024894427  0.00019670838176  
6.07531202328e-05  0.000117086788094  0.000165551520511  0.000204280478391  0.000233073393703  0.000253026385089  0.000265942528337  0.000273770426973  0.000278222363825  0.00028060371775  0.000281804027623  0.000282374046478  0.000282625791554  0.000282718877056  0.000282718877056  0.000282625791554  0.000282374046478  0.000281804027623  0.00028060371775  0.000278222363825  0.000273770426973  0.000265942528337  0.000253026385089  0.000233073393703  0.000204280478391  0.000165551520511  0.000117086788094  6.07531202328e-05  
1.80700455267e-05  3.48319677727e-05  4.92630565754e-05  6.0807047979e-05  6.94002133044e-05  7.5363593497e-05  7.92297062913e-05  8.15764107782e-05  8.29130884436e-05  8.36291364407e-05  8.39905585091e-05  8.41624139187e-05  8.42383966485e-05  8.4266515006e-05  8.4266515006e-05  8.42383966485e-05  8.41624139187e-05  8.39905585091e-05  8.36291364407e-05  8.29130884436e-05  8.15764107782e-05  7.92297062913e-05  7.5363593497e-05  6.94002133044e-05  6.0807047979e-05  4.92630565754e-05  3.48319677727e-05  1.80700455267e-05  
5.18087168967e-06  9.98823066768e-06  1.41296540703e-05  1.74454216367e-05  1.99162607009e-05  2.16330095632e-05  2.27474236525e-05  2.34247545503e-05  2.38110624327e-05  2.40182637351e-05  2.41229707178e-05  2.41728121515e-05  2.4194869094e-05  2.42030371051e-05  2.42030371051e-05  2.4194869094e-05  2.41728121515e-05  2.41229707178e-05  2.40182637351e-05  2.38110624327e-05  2.34247545503e-05  2.27474236525e-05  2.16330095632e-05  1.99162607009e-05  1.74454216367e-05  1.41296540703e-05  9.98823066768e-06  5.18087168967e-06  
1.43316470709e-06  2.76336516342e-06  3.90989680954e-06  4.82852390674e-06  5.51368251194e-06  5.99021859147e-06  6.29989462552e-06  6.48832216161e-06  6.59590768351e-06  6.65367347313e-06  6.6828936276e-06  6.69681514882e-06  6.70298075396e-06  6.70526525024e-06  6.70526525024e-06  6.70298075396e-06  6.69681514882e-06  6.6828936276e-06  6.65367347313e-06  6.59590768351e-06  6.48832216161e-06  6.29989462552e-06  5.99021859147e-06  5.51368251194e-06  4.82852390674e-06  3.90989680954e-06  2.76336516342e-06  1.43316470709e-06  
3.82843130018e-07  7.38262065237e-07  1.04474036095e-06  1.29044959744e-06  1.47385126392e-06  1.60151887525e-06  1.68455938582e-06  1.73513398469e-06  1.76403690158e-06  1.7795693859e-06  1.78743275037e-06  1.79118190199e-06  1.79284337913e-06  1.79345927287e-06  1.79345927287e-06  1.79284337913e-06  1.79118190199e-06  1.78743275037e-06  1.7795693859e-06  1.76403690158e-06  1.73513398469e-06  1.68455938582e-06  1.60151887525e-06  1.47385126392e-06  1.29044959744e-06  1.04474036095e-06  7.38262065237e-07  3.82843130018e-07  
9.88310588107e-08  1.90600053579e-07  2.69761683892e-07  3.33259939219e-07  3.8068635026e-07  4.1372406504e-07  4.35229667121e-07  4.48337538815e-07  4.55834290125e-07  4.59865983865e-07  4.61908406201e-07  4.62882787026e-07  4.63314809847e-07  4.63475013437e-07  4.63475013437e-07  4.63314809847e-07  4.62882787026e-07  4.61908406201e-07  4.59865983865e-07  4.55834290125e-07  4.48337538815e-07  4.35229667121e-07  4.1372406504e-07  3.8068635026e-07  3.33259939219e-07  2.69761683892e-07  1.90600053579e-07  9.88310588107e-08  
2.4616559674e-08  4.74777397381e-08  6.72042313017e-08  8.30343353064e-08  9.486397163e-08  1.03109513998e-07  1.08480259687e-07  1.11755870972e-07  1.13630448162e-07  1.14639171138e-07  1.15150453902e-07  1.15394485762e-07  1.15502726365e-07  1.15542875027e-07  1.15542875027e-07  1.15502726365e-07  1.15394485762e-07  1.15150453902e-07  1.14639171138e-07  1.13630448162e-07  1.11755870972e-07  1.08480259687e-07  1.03109513998e-07  9.486397163e-08  8.30343353064e-08  6.72042313017e-08  4.74777397381e-08  2.4616559674e-08  
5.65109243871e-09  1.08998533741e-08  1.54299785794e-08  1.90665165771e-08  2.17851584873e-08  2.36809812884e-08  2.49164224689e-08  2.56702814359e-08  2.61019039749e-08  2.63342640288e-08  2.64520841736e-08  2.65083376266e-08  2.65332955002e-08  2.6542554536e-08  2.6542554536e-08  2.65332955002e-08  2.65083376266e-08  2.64520841736e-08  2.63342640288e-08  2.61019039749e-08  2.56702814359e-08  2.49164224689e-08  2.36809812884e-08  2.17851584873e-08  1.90665165771e-08  1.54299785794e-08  1.08998533741e-08  5.65109243871e-09  
