1000.0  1000.0  1000.0  1000.0  1000.0  1000.0  1000.0  1000.0  1000.0  1000.0  1000.0  1000.0  1000.0  1000.0  1000.0  1000.0  1000.0  1000.0  1000.0  1000.0  1000.0  1000.0  1000.0  1000.0  1000.0  1000.0  1000.0  1000.0  
286.556498066  468.616591794  576.696421895  641.29304652  680.827660947  705.582436452  721.341630294  731.4693869  737.996010771  742.185500232  744.840986966  746.475546495  747.410921159  747.835221646  747.835221646  747.410921159  746.475546495  744.840986966  742.185500232  737.996010771  731.4693869  721.341630294  705.582436452  680.827660947  641.29304652  576.696421895  468.616591794  286.556498066  
186.439765582  331.100030178  432.277191908  500.289790181  545.418555824  575.271184768  595.002300762  608.017276708  616.560765994  622.118528071  625.675795059  627.880977366  629.149071327  629.725971778  629.725971778  629.149071327  627.880977366  625.675795059  622.118528071  616.560765994  608.017276708  595.002300762  575.271184768  545.418555824  500.289790181  432.277191908  331.100030178  186.439765582  
129.203134808  239.239944668  324.215105954  386.306766129  430.273840618  460.818957054  481.758631745  495.95167675  505.460341784  511.741817379  515.809245272  518.352519605  519.823917574  520.4957466  520.4957466  519.823917574  518.352519605  515.809245272  511.741817379  505.460341784  495.95167675  481.758631745  460.818957054  430.273840618  386.306766129  324.215105954  239.239944668  129.203134808  
92.4740097066  175.08995609  242.926959585  295.488884364  334.629684943  362.963790617  383.035534535  396.996931675  406.542508566  412.949671463  417.150266828  419.801688724  421.34601149  422.054021292  422.054021292  421.34601149  419.801688724  417.150266828  412.949671463  406.542508566  396.996931675  383.035534535  362.963790617  334.629684943  295.488884364  242.926959585  175.08995609  92.4740097066  
67.0964038411  128.668055962  181.246033062  223.704953938  256.5609323  281.156346228  299.079256863  311.841062943  320.735087809  326.798302656  330.823066553  333.388112028  334.892597948  335.585301485  335.585301485  334.892597948  333.388112028  330.823066553  326.798302656  320.735087809  311.841062943  299.079256863  281.156346228  256.5609323  223.704953938  181.246033062  128.668055962  67.0964038411  
48.799789427  94.3129528979  134.198410605  167.372720692  193.805944753  214.133961381  229.304330762  240.330304062  248.149459044  253.557963361  257.191164353  259.528599197  260.909116074  261.547468191  261.547468191  260.909116074  259.528599197  257.191164353  253.557963361  248.149459044  240.330304062  229.304330762  214.133961381  193.805944753  167.372720692  134.198410605  94.3129528979  48.799789427  
35.3267941232  68.6206671818  98.3203386948  123.557957608  144.122067086  160.281338633  172.582331036  181.682557937  188.23668391  192.830717915  195.951283676  197.976956683  199.181333556  199.740551863  199.740551863  199.181333556  197.976956683  195.951283676  192.830717915  188.23668391  181.682557937  172.582331036  160.281338633  144.122067086  123.557957608  98.3203386948  68.6206671818  35.3267941232  
25.3365020533  49.3854740343  71.109729858  89.8652886051  105.413600958  117.844372343  127.463972053  134.688969771  139.963620413  143.705105101  146.27253443  147.953053123  148.958480826  149.427156265  149.427156265  148.958480826  147.953053123  146.27253443  143.705105101  139.963620413  134.688969771  127.463972053  117.844372343  105.413600958  89.8652886051  71.109729858  49.3854740343  25.3365020533  
17.9463477554  35.0670045713  50.6753067516  64.3128794854  75.7714834189  85.0607741492  92.3478558085  97.8917686568  101.98718432  104.923055133  106.956238053  108.297217602  109.104148971  109.481668895  109.481668895  109.104148971  108.297217602  106.956238053  104.923055133  101.98718432  97.8917686568  92.3478558085  85.0607741492  75.7714834189  64.3128794854  50.6753067516  35.0670045713  17.9463477554  
12.5265254931  24.5212091276  35.5318633366  45.2411646844  53.4861794078  60.2459077103  65.6088728291  69.7336779337  72.8120568417  75.0394867674  76.5947617806  77.6276173952  78.2524185073  78.5457079616  78.5457079616  78.2524185073  77.6276173952  76.5947617806  75.0394867674  72.8120568417  69.7336779337  65.6088728291  60.2459077103  53.4861794078  45.2411646844  35.5318633366  24.5212091276  12.5265254931  
8.60236996175  16.8627012078  24.4855155449  31.2558921056  37.054136857  41.8517001107  45.6939038924  48.6765297566  50.9222229684  52.5604700785  53.7127287853  54.482682454  54.9506724617  55.1710211718  55.1710211718  54.9506724617  54.482682454  53.7127287853  52.5604700785  50.9222229684  48.6765297566  45.6939038924  41.8517001107  37.054136857  31.2558921056  24.4855155449  16.8627012078  8.60236996175  
5.80539701547  11.3921246254  16.5690390485  21.1933724165  25.1809227458  28.5052833775  31.1886790045  33.2882107579  34.881095766  36.0514528148  36.8799546988  37.43663326  37.7764445633  37.9368809943  37.9368809943  37.7764445633  37.43663326  36.8799546988  36.0514528148  34.881095766  33.2882107579  31.1886790045  28.5052833775  25.1809227458  21.1933724165  16.5690390485  11.3921246254  5.80539701547  
3.84678061481  7.55504714817  11.0026321233  14.0964321861  16.779170196  19.0297646174  20.8584881261  22.2989546061  23.3990414438  24.2123905716  24.7914591904  25.1824576956  25.4220514093  25.5354509335  25.5354509335  25.4220514093  25.1824576956  24.7914591904  24.2123905716  23.3990414438  22.2989546061  20.8584881261  19.0297646174  16.779170196  14.0964321861  11.0026321233  7.55504714817  3.84678061481  
2.50113171239  4.91554402726  7.16621847147  9.19353655505  10.959626774  12.4489946104  13.6659769931  14.6301114598  15.3706373129  15.9211496876  16.3150691949  16.5822156633  16.7464783066  16.8243956094  16.8243956094  16.7464783066  16.5822156633  16.3150691949  15.9211496876  15.3706373129  14.6301114598  13.6659769931  12.4489946104  10.959626774  9.19353655505  7.16621847147  4.91554402726  2.50113171239  
1.59493789309  3.13631625285  4.57630523662  5.87742155486  7.01525336059  7.97903437408  8.7703131291  9.40029886715  9.8865781178  10.2498192089  10.5108948811  10.6886380927  10.7982633282  10.850366427  10.850366427  10.7982633282  10.6886380927  10.5108948811  10.2498192089  9.8865781178  9.40029886715  8.7703131291  7.97903437408  7.01525336059  5.87742155486  4.57630523662  3.13631625285  1.59493789309  
0.997169465479  1.9617529542  2.86452197728  3.68234299869  4.3998483863  5.00987135514  5.51275503705  5.91484499984  6.22655635967  6.4603805357  6.62910064836  6.74436357509  6.81564741801  6.84958732473  6.84958732473  6.81564741801  6.74436357509  6.62910064836  6.4603805357  6.22655635967  5.91484499984  5.51275503705  5.00987135514  4.3998483863  3.68234299869  2.86452197728  1.9617529542  0.997169465479  
0.611090205278  1.20267208737  1.75718447787  2.2606157808  2.70350797965  3.08125653383  3.39375451396  3.64454488594  3.83969895304  3.98663274442  4.09302456483  4.16593011017  4.2111279341  4.23268163224  4.23268163224  4.2111279341  4.16593011017  4.09302456483  3.98663274442  3.83969895304  3.64454488594  3.39375451396  3.08125653383  2.70350797965  2.2606157808  1.75718447787  1.20267208737  0.611090205278  
0.367011947411  0.722541338998  1.05622110024  1.35972449679  1.62735671305  1.85624951573  2.04617963361  2.19909726514  2.31848486723  2.40866694357  2.47416733326  2.51917421142  2.54713680278  2.560490255  2.560490255  2.54713680278  2.51917421142  2.47416733326  2.40866694357  2.31848486723  2.19909726514  2.04617963361  1.85624951573  1.62735671305  1.35972449679  1.05622110024  0.722541338998  0.367011947411  
0.215997210147  0.425353814581  0.622059519562  0.801260115321  0.959599415973  1.0953401252  1.2082720824  1.29945314712  1.370848171  1.42493371112  1.46432423203  1.49145613163  1.508345736  1.51642148459  1.51642148459  1.508345736  1.49145613163  1.46432423203  1.42493371112  1.370848171  1.29945314712  1.2082720824  1.0953401252  0.959599415973  0.801260115321  0.622059519562  0.425353814581  0.215997210147  
0.124561701393  0.245351891628  0.358949954716  0.462580326495  0.554306409903  0.63310298042  0.698810344088  0.751993763956  0.793743367086  0.825451822298  0.848601306275  0.864581043261  0.87454565903  0.879315607558  0.879315607558  0.87454565903  0.864581043261  0.848601306275  0.825451822298  0.793743367086  0.751993763956  0.698810344088  0.63310298042  0.554306409903  0.462580326495  0.358949954716  0.245351891628  0.124561701393  
0.0703844769646  0.138666153544  0.202934508251  0.26163315329  0.313667731842  0.358447980388  0.39586509657  0.426216518426  0.45009681266  0.468274887852  0.481574989578  0.490773618087  0.496518576726  0.499271404429  0.499271404429  0.496518576726  0.490773618087  0.481574989578  0.468274887852  0.45009681266  0.426216518426  0.39586509657  0.358447980388  0.313667731842  0.26163315329  0.202934508251  0.138666153544  0.0703844769646  
0.0389674409493  0.0767843183052  0.112403698976  0.144969815756  0.173876966975  0.198793286457  0.219649710524  0.236600308884  0.249963771152  0.260156826689  0.267629075979  0.272805989303  0.276043697955  0.277596527152  0.277596527152  0.276043697955  0.272805989303  0.267629075979  0.260156826689  0.249963771152  0.236600308884  0.219649710524  0.198793286457  0.173876966975  0.144969815756  0.112403698976  0.0767843183052  0.0389674409493  
0.0211319370081  0.0416463725411  0.0609806941542  0.0786736780612  0.0943970230385  0.107968440824  0.11934634926  0.128609272667  0.135925002218  0.141515164349  0.145620242489  0.148468723675  0.150252418638  0.151108587958  0.151108587958  0.150252418638  0.148468723675  0.145620242489  0.141515164349  0.135925002218  0.128609272667  0.11934634926  0.107968440824  0.0943970230385  0.0786736780612  0.0609806941542  0.0416463725411  0.0211319370081  
0.011210268821  0.0220959409581  0.0323609423753  0.0417619446397  0.0501249006221  0.0573520701663  0.0634195047381  0.0683665324736  0.0722798083016  0.0752748345071  0.0774775820302  0.0790081606387  0.0799676602428  0.0804285521226  0.0804285521226  0.0799676602428  0.0790081606387  0.0774775820302  0.0752748345071  0.0722798083016  0.0683665324736  0.0634195047381  0.0573520701663  0.0501249006221  0.0417619446397  0.0323609423753  0.0220959409581  0.011210268821  
0.00578343638498  0.0114007328704  0.0167002044981  0.0215569226054  0.0258811587296  0.0296220411225  0.0327663851003  0.0353334477185  0.0373668798648  0.0389253345288  0.0400730669559  0.0408715307197  0.0413725634027  0.0416133854456  0.0416133854456  0.0413725634027  0.0408715307197  0.0400730669559  0.0389253345288  0.0373668798648  0.0353334477185  0.0327663851003  0.0296220411225  0.0258811587296  0.0215569226054  0.0167002044981  0.0114007328704  0.00578343638498  
0.0028267967271  0.00557291303044  0.00816463165713  0.0105411340682  0.0126585926153  0.0144919691484  0.0160344926081  0.0172951652929  0.018294900605  0.0190619894085  0.0196275391756  0.0200213758922  0.0202687044032  0.0203876454014  0.0203876454014  0.0202687044032  0.0200213758922  0.0196275391756  0.0190619894085  0.018294900605  0.0172951652929  0.0160344926081  0.0144919691484  0.0126585926153  0.0105411340682  0.00816463165713  0.00557291303044  0.0028267967271  
0.00114503044186  0.00225752553877  0.00330774243371  0.00427111378609  0.00512989558106  0.00587389859036  0.00650029011988  0.00701260306465  0.00741919113828  0.00773140827866  0.00796177071389  0.00812229987145  0.00822316735807  0.00827169232434  0.00827169232434  0.00822316735807  0.00812229987145  0.00796177071389  0.00773140827866  0.00741919113828  0.00701260306465  0.00650029011988  0.00587389859036  0.00512989558106  0.00427111378609  0.00330774243371  0.00225752553877  0.00114503044186  
