1000.0  1000.0  1000.0  1000.0  1000.0  1000.0  1000.0  1000.0  1000.0  1000.0  1000.0  1000.0  1000.0  1000.0  1000.0  1000.0  1000.0  1000.0  1000.0  1000.0  1000.0  1000.0  1000.0  1000.0  1000.0  1000.0  1000.0  1000.0  
266.15299293  428.669929957  518.812749084  567.621789289  593.815278673  607.730426568  615.007412802  618.731582255  620.587629165  621.48504269  621.904728448  622.093774393  622.174461229  622.203747727  622.203747727  622.174461229  622.093774393  621.904728448  621.48504269  620.587629165  618.731582255  615.007412802  607.730426568  593.815278673  567.621789289  518.812749084  428.669929957  266.15299293  
158.982767325  277.336900353  354.357254491  401.091219532  428.220203112  443.429535395  451.684982644  456.02195407  458.224417009  459.304115993  459.814292856  460.045909705  460.145349074  460.181583664  460.181583664  460.145349074  460.045909705  459.814292856  459.304115993  458.224417009  456.02195407  451.684982644  443.429535395  428.220203112  401.091219532  354.357254491  277.336900353  158.982767325  
97.7090310018  177.560810139  234.797038608  272.428285768  295.674563005  309.333217211  317.012145422  321.15412439  323.300023658  324.368217898  324.878978404  325.113013316  325.214203221  325.251251854  325.251251854  325.214203221  325.113013316  324.878978404  324.368217898  323.300023658  321.15412439  317.012145422  309.333217211  295.674563005  272.428285768  234.797038608  177.560810139  97.7090310018  
59.9524970246  111.38424948  150.53766102  177.77142195  195.41756042  206.195723212  212.445315302  215.899689394  217.724272096  218.646565783  219.09299882  219.299569668  219.389568138  219.42269121  219.42269121  219.389568138  219.299569668  219.09299882  218.646565783  217.724272096  215.899689394  212.445315302  206.195723212  195.41756042  177.77142195  150.53766102  111.38424948  59.9524970246  
36.084263309  67.9024419298  93.0824608479  111.30859717  123.555009929  131.272853786  135.866786001  138.461543345  139.856617099  140.572125997  140.922615077  141.086375682  141.158274236  141.184876944  141.184876944  141.158274236  141.086375682  140.922615077  140.572125997  139.856617099  138.461543345  135.866786001  131.272853786  123.555009929  111.30859717  93.0824608479  67.9024419298  36.084263309  
21.087304785  39.9956065188  55.3510978343  66.788121321  74.6882038405  79.7930756304  82.898777428  84.6860354661  85.6622683447  86.1696642265  86.4209966816  86.5395224865  86.5919505744  86.6114503816  86.6114503816  86.5919505744  86.5395224865  86.4209966816  86.1696642265  85.6622683447  84.6860354661  82.898777428  79.7930756304  74.6882038405  66.788121321  55.3510978343  39.9956065188  21.087304785  
11.8935028116  22.6744749542  31.5873444474  38.3657304796  43.1480629001  46.300627612  48.2535274796  49.3954137423  50.0278208297  50.3604513284  50.5269026344  50.6060789632  50.6413483217  50.6545312256  50.6545312256  50.6413483217  50.6060789632  50.5269026344  50.3604513284  50.0278208297  49.3954137423  48.2535274796  46.300627612  43.1480629001  38.3657304796  31.5873444474  22.6744749542  11.8935028116  
6.45142277837  12.3428585432  17.275720907  21.0858947061  23.8184420821  25.6487721891  26.7995959652  27.4816250572  27.8639016948  28.0670958786  28.1697112949  28.2189080521  28.2409654958  28.2492480824  28.2492480824  28.2409654958  28.2189080521  28.1697112949  28.0670958786  27.8639016948  27.4816250572  26.7995959652  25.6487721891  23.8184420821  21.0858947061  17.275720907  12.3428585432  6.45142277837  
3.35883116085  6.44230923471  9.04823396702  11.084855469  12.5642710645  13.5680337793  14.2069468648  14.5899230193  14.8068042321  14.9231513876  14.9823883672  15.010990221  15.0238898329  15.0287541022  15.0287541022  15.0238898329  15.010990221  14.9823883672  14.9231513876  14.8068042321  14.5899230193  14.2069468648  13.5680337793  12.5642710645  11.084855469  9.04823396702  6.44230923471  3.35883116085  
1.6767010552  3.22191745659  4.53698295818  5.57410078182  6.33512877084  6.85687284918  7.19236129424  7.39539557645  7.51139576681  7.57412602912  7.60629490782  7.6219258658  7.62901312686  7.6316958642  7.6316958642  7.62901312686  7.6219258658  7.60629490782  7.57412602912  7.51139576681  7.39539557645  7.19236129424  6.85687284918  6.33512877084  5.57410078182  4.53698295818  3.22191745659  1.6767010552  
0.802194775943  1.54364723505  2.1780608391  2.68194652269  3.05469462191  3.31241801337  3.47954041851  3.58150274096  3.64020011642  3.67216426025  3.68865973922  3.69672009278  3.70039218686  3.70178696413  3.70178696413  3.70039218686  3.69672009278  3.68865973922  3.67216426025  3.64020011642  3.58150274096  3.47954041851  3.31241801337  3.05469462191  2.68194652269  2.1780608391  1.54364723505  0.802194775943  
0.367846627092  0.708608797043  1.00140359137  1.23527021022  1.40940569347  1.53064640789  1.60982032851  1.65845646936  1.68663751894  1.70207673008  1.71008852524  1.71402289226  1.71582289714  1.71650869702  1.71650869702  1.71582289714  1.71402289226  1.71008852524  1.70207673008  1.68663751894  1.65845646936  1.60982032851  1.53064640789  1.40940569347  1.23527021022  1.00140359137  0.708608797043  0.367846627092  
0.161714136312  0.311787980625  0.441167415066  0.544976949541  0.622685490452  0.677101821134  0.712847249264  0.734933296429  0.747801975464  0.754889180965  0.758584742681  0.760407482741  0.761244536436  0.761564324565  0.761564324565  0.761244536436  0.760407482741  0.758584742681  0.754889180965  0.747801975464  0.734933296429  0.712847249264  0.677101821134  0.622685490452  0.544976949541  0.441167415066  0.311787980625  0.161714136312  
0.0681931762783  0.131567843843  0.186350423037  0.230468311562  0.263638556409  0.286977926554  0.302385448594  0.311952408777  0.317553419026  0.320652098864  0.322274716803  0.323078113022  0.323448280284  0.323590041444  0.323590041444  0.323448280284  0.323078113022  0.322274716803  0.320652098864  0.317553419026  0.311952408777  0.302385448594  0.286977926554  0.263638556409  0.230468311562  0.186350423037  0.131567843843  0.0681931762783  
0.0276007988356  0.0532809185531  0.0755280749233  0.0934986254416  0.107059033837  0.116638792327  0.122989431132  0.12694935437  0.129277257052  0.130570206429  0.131249755791  0.131587352991  0.131743356857  0.13180322864  0.13180322864  0.131743356857  0.131587352991  0.131249755791  0.130570206429  0.129277257052  0.12694935437  0.122989431132  0.116638792327  0.107059033837  0.0934986254416  0.0755280749233  0.0532809185531  0.0276007988356  
0.0107301428686  0.0207230331828  0.0293956692627  0.0364187424959  0.0417343825932  0.0455023141291  0.0480090546428  0.0495777616838  0.0505032214876  0.0510189880227  0.0512909368561  0.0514264394009  0.0514892161239  0.0515133541822  0.0515133541822  0.0514892161239  0.0514264394009  0.0512909368561  0.0510189880227  0.0505032214876  0.0495777616838  0.0480090546428  0.0455023141291  0.0417343825932  0.0364187424959  0.0293956692627  0.0207230331828  0.0107301428686  
0.00400989627189  0.00774719709687  0.0109955833769  0.0136316280017  0.0156318916895  0.0170538080079  0.0180026513442  0.0185982674494  0.0189507257743  0.0191477344287  0.0192519023307  0.019303939713  0.0193281023292  0.0193374083698  0.0193374083698  0.0193281023292  0.019303939713  0.0192519023307  0.0191477344287  0.0189507257743  0.0185982674494  0.0180026513442  0.0170538080079  0.0156318916895  0.0136316280017  0.0109955833769  0.00774719709687  0.00400989627189  
0.00144165203178  0.00278617492801  0.00395626936908  0.00490746385707  0.00563079564493  0.00614623370228  0.00649107472164  0.00670811519043  0.0068368884911  0.00690905146631  0.00694730044185  0.0069664509332  0.00697536063522  0.00697879710192  0.00697879710192  0.00697536063522  0.0069664509332  0.00694730044185  0.00690905146631  0.0068368884911  0.00670811519043  0.00649107472164  0.00614623370228  0.00563079564493  0.00490746385707  0.00395626936908  0.00278617492801  0.00144165203178  
0.000499058172669  0.000964747419837  0.00137044802632  0.00170074021782  0.00195236768084  0.00213204491371  0.00225251953388  0.00232851816737  0.00237371189214  0.00239909409135  0.00241257604556  0.00241933944729  0.00242249150269  0.00242370878333  0.00242370878333  0.00242249150269  0.00241933944729  0.00241257604556  0.00239909409135  0.00237371189214  0.00232851816737  0.00225251953388  0.00213204491371  0.00195236768084  0.00170074021782  0.00137044802632  0.000964747419837  0.000499058172669  
0.000166483604638  0.000321907078153  0.000457429756652  0.000567901341246  0.000652192780392  0.000712488088069  0.000752993110385  0.000778594841456  0.000793849191286  0.000802432955794  0.00080700065786  0.00080929601519  0.000810367353893  0.000810781544107  0.000810781544107  0.000810367353893  0.00080929601519  0.00080700065786  0.000802432955794  0.000793849191286  0.000778594841456  0.000752993110385  0.000712488088069  0.000652192780392  0.000567901341246  0.000457429756652  0.000321907078153  0.000166483604638  
5.35655980821e-05  0.000103592144828  0.000147246056626  0.000182868677615  0.000210085199724  0.000229583057728  0.000242702582187  0.000251008926933  0.000255966499232  0.000258760798108  0.00026025009679  0.00026099960274  0.000261349880269  0.000261485429534  0.000261485429534  0.000261349880269  0.00026099960274  0.00026025009679  0.000258760798108  0.000255966499232  0.000251008926933  0.000242702582187  0.000229583057728  0.000210085199724  0.000182868677615  0.000147246056626  0.000103592144828  5.35655980821e-05  
1.66362253679e-05  3.21784519088e-05  4.57495234466e-05  5.68339232607e-05  6.53122256408e-05  7.13938990334e-05  7.54917840586e-05  7.80900305076e-05  7.96430326495e-05  8.05196219932e-05  8.09874639976e-05  8.12232102412e-05  8.13335075105e-05  8.13762248085e-05  8.13762248085e-05  8.13335075105e-05  8.12232102412e-05  8.09874639976e-05  8.05196219932e-05  7.96430326495e-05  7.80900305076e-05  7.54917840586e-05  7.13938990334e-05  6.53122256408e-05  5.68339232607e-05  4.57495234466e-05  3.21784519088e-05  1.66362253679e-05  
4.9915023679e-06  9.65607776574e-06  1.37312876109e-05  1.70623683087e-05  1.9612721992e-05  2.14441664001e-05  2.26796852615e-05  2.34640345595e-05  2.39334361431e-05  2.41987143329e-05  2.4340461559e-05  2.44119660944e-05  2.44454523485e-05  2.44584303505e-05  2.44584303505e-05  2.44454523485e-05  2.44119660944e-05  2.4340461559e-05  2.41987143329e-05  2.39334361431e-05  2.34640345595e-05  2.26796852615e-05  2.14441664001e-05  1.9612721992e-05  1.70623683087e-05  1.37312876109e-05  9.65607776574e-06  4.9915023679e-06  
1.44795584975e-06  2.80140003118e-06  3.98438728591e-06  4.95200260373e-06  5.69344142202e-06  6.22638123494e-06  6.58627784007e-06  6.81499547912e-06  6.95202042553e-06  7.02954015183e-06  7.07100313427e-06  7.09193859703e-06  7.10175078597e-06  7.10555585667e-06  7.10555585667e-06  7.10175078597e-06  7.09193859703e-06  7.07100313427e-06  7.02954015183e-06  6.95202042553e-06  6.81499547912e-06  6.58627784007e-06  6.22638123494e-06  5.69344142202e-06  4.95200260373e-06  3.98438728591e-06  2.80140003118e-06  1.44795584975e-06  
4.06324257687e-07  7.86204210603e-07  1.11837222184e-06  1.39021962493e-06  1.59866973134e-06  1.74862230639e-06  1.84997419716e-06  1.9144426338e-06  1.9531009331e-06  1.97499075437e-06  1.98670890322e-06  1.99263025361e-06  1.9954073948e-06  1.99648487207e-06  1.99648487207e-06  1.9954073948e-06  1.99263025361e-06  1.98670890322e-06  1.97499075437e-06  1.9531009331e-06  1.9144426338e-06  1.84997419716e-06  1.74862230639e-06  1.59866973134e-06  1.39021962493e-06  1.11837222184e-06  7.86204210603e-07  4.06324257687e-07  
1.10021201138e-07  2.12899694405e-07  3.02886869739e-07  3.76567631651e-07  4.33098726149e-07  4.73792978126e-07  5.01318108731e-07  5.18839769334e-07  5.29354607872e-07  5.35312949572e-07  5.38504845475e-07  5.40118800217e-07  5.40876173214e-07  5.41170137092e-07  5.41170137092e-07  5.40876173214e-07  5.40118800217e-07  5.38504845475e-07  5.35312949572e-07  5.29354607872e-07  5.18839769334e-07  5.01318108731e-07  4.73792978126e-07  4.33098726149e-07  3.76567631651e-07  3.02886869739e-07  2.12899694405e-07  1.10021201138e-07  
2.72519932755e-08  5.27381523004e-08  7.50364986012e-08  9.33009280673e-08  1.07320613858e-07  1.17418065099e-07  1.24251743984e-07  1.28604414914e-07  1.3121801221e-07  1.32699879856e-07  1.334941467e-07  1.33895957541e-07  1.34084592061e-07  1.34157829788e-07  1.34157829788e-07  1.34084592061e-07  1.33895957541e-07  1.334941467e-07  1.32699879856e-07  1.3121801221e-07  1.28604414914e-07  1.24251743984e-07  1.17418065099e-07  1.07320613858e-07  9.33009280673e-08  7.50364986012e-08  5.27381523004e-08  2.72519932755e-08  
