1000.0  1000.0  1000.0  1000.0  1000.0  1000.0  1000.0  1000.0  1000.0  1000.0  1000.0  1000.0  1000.0  1000.0  1000.0  1000.0  1000.0  1000.0  1000.0  1000.0  1000.0  1000.0  1000.0  1000.0  1000.0  1000.0  1000.0  1000.0  
267.151178209  430.607900688  521.583936742  571.088937214  597.830422869  612.152653974  619.715209768  623.628755753  625.60365785  626.571743518  627.031257387  627.241512245  627.332653378  627.366155899  627.366155899  627.332653378  627.241512245  627.031257387  626.571743518  625.60365785  623.628755753  619.715209768  612.152653974  597.830422869  571.088937214  521.583936742  430.607900688  267.151178209  
160.268144066  279.832435278  357.925690955  405.555781677  433.390333915  449.123769378  457.746847876  462.327594111  464.683038417  465.853691511  466.41512076  466.674026836  466.786916082  466.828574275  466.828574275  466.786916082  466.674026836  466.41512076  465.853691511  464.683038417  462.327594111  457.746847876  449.123769378  433.390333915  405.555781677  357.925690955  279.832435278  160.268144066  
99.0943030405  180.25026559  238.642713544  277.239623232  301.246164031  315.469498785  323.544479383  327.949047433  330.259712798  331.425853226  331.991797392  332.255209903  332.370876689  332.413762346  332.413762346  332.370876689  332.255209903  331.991797392  331.425853226  330.259712798  327.949047433  323.544479383  315.469498785  301.246164031  277.239623232  238.642713544  180.25026559  99.0943030405  
61.2713016382  113.944631487  154.1987076  182.351667911  200.72142299  212.036986121  218.663446584  222.367652266  224.348969397  225.364417375  225.863323745  226.097823508  226.201582224  226.240252513  226.240252513  226.201582224  226.097823508  225.863323745  225.364417375  224.348969397  222.367652266  218.663446584  212.036986121  200.72142299  182.351667911  154.1987076  113.944631487  61.2713016382  
37.221034696  70.1093866943  96.2380660923  115.256391914  128.126366977  136.307241891  141.225836634  144.035778051  145.565822084  146.361531848  146.757186778  146.944980887  147.028717627  147.060091815  147.060091815  147.028717627  146.944980887  146.757186778  146.361531848  145.565822084  144.035778051  141.225836634  136.307241891  128.126366977  115.256391914  96.2380660923  70.1093866943  37.221034696  
21.986754269  41.7417831899  57.8478109082  69.9115172281  78.3048223094  83.7758826025  87.1382963019  89.0956650487  90.1785714327  90.7493374332  91.0363473906  91.1738522957  91.2356263301  91.258892286  91.258892286  91.2356263301  91.1738522957  91.0363473906  90.7493374332  90.1785714327  89.0956650487  87.1382963019  83.7758826025  78.3048223094  69.9115172281  57.8478109082  41.7417831899  21.986754269  
12.5525107252  23.9538392308  33.4165501289  40.6539923193  45.7975666891  49.2182843996  51.3591301656  52.6255293303  53.3359954098  53.7149837767  53.9075264381  54.0005778634  54.0426776481  54.0586123472  54.0586123472  54.0426776481  54.0005778634  53.9075264381  53.7149837767  53.3359954098  52.6255293303  51.3591301656  49.2182843996  45.7975666891  40.6539923193  33.4165501289  23.9538392308  12.5525107252  
6.90129359553  13.2161973653  18.5243621242  22.6478334649  25.6268825288  27.6401569333  28.9191748845  29.686109236  30.1215984769  30.356384439  30.4767742992  30.5354198977  30.562127203  30.572282589  30.572282589  30.562127203  30.5354198977  30.4767742992  30.356384439  30.1215984769  29.686109236  28.9191748845  27.6401569333  25.6268825288  22.6478334649  18.5243621242  13.2161973653  6.90129359553  
3.64630430073  7.00037168095  9.84608732866  12.0828566846  13.7197206596  14.8403105932  15.5610670816  15.9982339038  16.2490670316  16.385563968  16.4561334956  16.4907573291  16.5066192958  16.5126763459  16.5126763459  16.5066192958  16.4907573291  16.4561334956  16.385563968  16.2490670316  15.9982339038  15.5610670816  14.8403105932  13.7197206596  12.0828566846  9.84608732866  7.00037168095  3.64630430073  
1.84930492518  3.55698003025  5.01599945453  6.17325514317  7.02877311342  7.6206128944  8.00519358812  8.24072303578  8.3770752572  8.45187944994  8.49083612376  8.51007250861  8.51893264552  8.52232899898  8.52232899898  8.51893264552  8.51007250861  8.49083612376  8.45187944994  8.3770752572  8.24072303578  8.00519358812  7.6206128944  7.02877311342  6.17325514317  5.01599945453  3.55698003025  1.84930492518  
0.899877500825  1.73326645683  2.44913626689  3.02099155439  3.44718795057  3.74455126026  3.93942784987  4.05975515415  4.1299504401  4.16873300707  4.1890600431  4.19915466177  4.20382662132  4.20562372786  4.20562372786  4.20382662132  4.19915466177  4.1890600431  4.16873300707  4.1299504401  4.05975515415  3.93942784987  3.74455126026  3.44718795057  3.02099155439  2.44913626689  1.73326645683  0.899877500825  
0.420096727737  0.810032699478  1.14639103847  1.41660261754  1.61931214439  1.76173928931  1.85574250798  1.91418778393  1.94850771852  1.96758581798  1.97764151831  1.98266052692  1.98499340276  1.98589354479  1.98589354479  1.98499340276  1.98266052692  1.97764151831  1.96758581798  1.94850771852  1.91418778393  1.85574250798  1.76173928931  1.61931214439  1.41660261754  1.14639103847  0.810032699478  0.420096727737  
0.188193850314  0.363186960884  0.514640116728  0.636862607948  0.729044026325  0.794188452254  0.837440526638  0.864490172723  0.88046396527  0.889390933354  0.89411936271  0.896489942188  0.897596013737  0.898023971264  0.898023971264  0.897596013737  0.896489942188  0.89411936271  0.889390933354  0.88046396527  0.864490172723  0.837440526638  0.794188452254  0.729044026325  0.636862607948  0.514640116728  0.363186960884  0.188193850314  
0.0809354930848  0.156300862122  0.221703664549  0.274678936371  0.31480961756  0.343306980326  0.36232243596  0.374274146828  0.381366364689  0.385348163214  0.387466326974  0.388532426874  0.389031530967  0.38922511614  0.38922511614  0.389031530967  0.388532426874  0.387466326974  0.385348163214  0.381366364689  0.374274146828  0.36232243596  0.343306980326  0.31480961756  0.274678936371  0.221703664549  0.156300862122  0.0809354930848  
0.0334347482308  0.0646043591225  0.0917129890229  0.113737323609  0.130482570876  0.142421739824  0.150422174608  0.155472136879  0.158481349031  0.160177585479  0.161083314002  0.161540750715  0.161755542159  0.161839033069  0.161839033069  0.161755542159  0.161540750715  0.161083314002  0.160177585479  0.158481349031  0.155472136879  0.150422174608  0.142421739824  0.130482570876  0.113737323609  0.0917129890229  0.0646043591225  0.0334347482308  
0.0132761433366  0.02566455607  0.0364583893034  0.0452499089906  0.0519545772264  0.0567512223992  0.0599770227352  0.0620206255822  0.0632427743701  0.0639340715974  0.0643044118531  0.0644920172896  0.0645803395123  0.0646147367079  0.0646147367079  0.0645803395123  0.0644920172896  0.0643044118531  0.0639340715974  0.0632427743701  0.0620206255822  0.0599770227352  0.0567512223992  0.0519545772264  0.0452499089906  0.0364583893034  0.02566455607  0.0132761433366  
0.005070811347  0.00980625769465  0.0139383706016  0.0173110369415  0.0198897330678  0.0217399014644  0.0229879774975  0.0237811351487  0.0242569483202  0.024526899876  0.0246719322622  0.02474559685  0.0247803571981  0.0247939174787  0.0247939174787  0.0247803571981  0.02474559685  0.0246719322622  0.024526899876  0.0242569483202  0.0237811351487  0.0229879774975  0.0217399014644  0.0198897330678  0.0173110369415  0.0139383706016  0.00980625769465  0.005070811347  
0.00186444105934  0.00360671163057  0.00512891209452  0.00637354259985  0.00732723461568  0.00801316859405  0.00847709492953  0.00877271660668  0.00895053613144  0.00905168598665  0.0091061648956  0.00913389986962  0.00914701373946  0.00915213713413  0.00915213713413  0.00914701373946  0.00913389986962  0.0091061648956  0.00905168598665  0.00895053613144  0.00877271660668  0.00847709492953  0.00801316859405  0.00732723461568  0.00637354259985  0.00512891209452  0.00360671163057  0.00186444105934  
0.000660433827569  0.00127793012225  0.00181799940005  0.00226024807187  0.0025997426686  0.00284443124636  0.00301029626123  0.00311623345423  0.0031801039468  0.00321651831863  0.00323617364617  0.00324620034522  0.00325094963949  0.00325280752318  0.00325280752318  0.00325094963949  0.00324620034522  0.00323617364617  0.00321651831863  0.0031801039468  0.00311623345423  0.00301029626123  0.00284443124636  0.0025997426686  0.00226024807187  0.00181799940005  0.00127793012225  0.000660433827569  
0.000225562732138  0.000436558367135  0.000621262608273  0.000772703894149  0.000889140860247  0.000973212027523  0.00103031054416  0.00106685201382  0.00108892750292  0.00110153820082  0.00110835794524  0.00111184301372  0.00111349631683  0.00111414380651  0.00111414380651  0.00111349631683  0.00111184301372  0.00110835794524  0.00110153820082  0.00108892750292  0.00106685201382  0.00103031054416  0.000973212027523  0.000889140860247  0.000772703894149  0.000621262608273  0.000436558367135  0.000225562732138  
7.43379846259e-05  0.000143902449455  0.000204845008668  0.00025486651591  0.000293377479249  0.000321226182366  0.000340171503959  0.000352316888408  0.000359666934988  0.000363872854972  0.000366151114862  0.00036731715061  0.000367871056082  0.000368088197556  0.000368088197556  0.000367871056082  0.00036731715061  0.000366151114862  0.000363872854972  0.000359666934988  0.000352316888408  0.000340171503959  0.000321226182366  0.000293377479249  0.00025486651591  0.000204845008668  0.000143902449455  7.43379846259e-05  
2.36594509347e-05  4.58070390108e-05  6.52221866361e-05  8.11727805586e-05  9.34670191516e-05  0.000102369113947  0.00010843379338  0.000112327489777  0.000114687384767  0.000116039786272  0.000116773396825  0.000117149364502  0.000117328169126  0.000117398323552  0.000117398323552  0.000117328169126  0.000117149364502  0.000116773396825  0.000116039786272  0.000114687384767  0.000112327489777  0.00010843379338  0.000102369113947  9.34670191516e-05  8.11727805586e-05  6.52221866361e-05  4.58070390108e-05  2.36594509347e-05  
7.2776041988e-06  1.40921034984e-05  2.00691701078e-05  2.49835224861e-05  2.87750734988e-05  3.15235791613e-05  3.33983326451e-05  3.46035179707e-05  3.53349035895e-05  3.57545788578e-05  3.59825113723e-05  3.60994581364e-05  3.61551319403e-05  3.61769916661e-05  3.61769916661e-05  3.61551319403e-05  3.60994581364e-05  3.59825113723e-05  3.57545788578e-05  3.53349035895e-05  3.46035179707e-05  3.33983326451e-05  3.15235791613e-05  2.87750734988e-05  2.49835224861e-05  2.00691701078e-05  1.40921034984e-05  7.2776041988e-06  
2.1651510351e-06  4.19301750661e-06  5.97251935808e-06  7.43661414205e-06  8.56715045032e-06  9.38747132959e-06  9.94760028799e-06  1.03080752032e-05  1.05270785857e-05  1.06528824579e-05  1.07212806546e-05  1.07564085951e-05  1.0773145957e-05  1.0779721805e-05  1.0779721805e-05  1.0773145957e-05  1.07564085951e-05  1.07212806546e-05  1.06528824579e-05  1.05270785857e-05  1.03080752032e-05  9.94760028799e-06  9.38747132959e-06  8.56715045032e-06  7.43661414205e-06  5.97251935808e-06  4.19301750661e-06  2.1651510351e-06  
6.23338297303e-07  1.2072740758e-06  1.71989827195e-06  2.14190535591e-06  2.46800239557e-06  2.70481511864e-06  2.86666047956e-06  2.97091525216e-06  3.03431465892e-06  3.07076783815e-06  3.09060486073e-06  3.10080126196e-06  3.10566305173e-06  3.10757417972e-06  3.10757417972e-06  3.10566305173e-06  3.10080126196e-06  3.09060486073e-06  3.07076783815e-06  3.03431465892e-06  2.97091525216e-06  2.86666047956e-06  2.70481511864e-06  2.46800239557e-06  2.14190535591e-06  1.71989827195e-06  1.2072740758e-06  6.23338297303e-07  
1.7315424073e-07  3.35391465773e-07  4.77864373515e-07  5.95209240675e-07  6.85940050391e-07  7.51875113782e-07  7.96971541861e-07  8.26044086764e-07  8.4373788575e-07  8.53919435467e-07  8.59464192225e-07  8.62316232331e-07  8.63676945658e-07  8.64212063634e-07  8.64212063634e-07  8.63676945658e-07  8.62316232331e-07  8.59464192225e-07  8.53919435467e-07  8.4373788575e-07  8.26044086764e-07  7.96971541861e-07  7.51875113782e-07  6.85940050391e-07  5.95209240675e-07  4.77864373515e-07  3.35391465773e-07  1.7315424073e-07  
4.38894191256e-08  8.5017295181e-08  1.21144367321e-07  1.50910917806e-07  1.73937198338e-07  1.90679721254e-07  2.02137563933e-07  2.09528697437e-07  2.14029796503e-07  2.16621439962e-07  2.18033636434e-07  2.18760410191e-07  2.1910731378e-07  2.19243782933e-07  2.19243782933e-07  2.1910731378e-07  2.18760410191e-07  2.18033636434e-07  2.16621439962e-07  2.14029796503e-07  2.09528697437e-07  2.02137563933e-07  1.90679721254e-07  1.73937198338e-07  1.50910917806e-07  1.21144367321e-07  8.5017295181e-08  4.38894191256e-08  
