1000.0  1000.0  1000.0  1000.0  1000.0  1000.0  1000.0  1000.0  1000.0  1000.0  1000.0  1000.0  1000.0  1000.0  1000.0  1000.0  1000.0  1000.0  1000.0  1000.0  1000.0  1000.0  1000.0  1000.0  1000.0  1000.0  1000.0  1000.0  
282.801202853  461.212433767  565.847220736  627.283218948  664.000028187  686.313567679  700.0177299  708.465322303  713.659329288  716.826392301  718.728306784  719.83833727  720.444472806  720.710502033  720.710502033  720.444472806  719.83833727  718.728306784  716.826392301  713.659329288  708.465322303  700.0177299  686.313567679  664.000028187  627.283218948  565.847220736  461.212433767  282.801202853  
181.199774798  320.768525126  417.138510439  480.740713795  521.937356451  548.383233384  565.246432624  575.916534999  582.600102711  586.73079826  589.23620043  590.709189217  591.517677454  591.873631051  591.873631051  591.517677454  590.709189217  589.23620043  586.73079826  582.600102711  575.916534999  565.246432624  548.383233384  521.937356451  480.740713795  417.138510439  320.768525126  181.199774798  
122.88841727  226.789379757  305.971241554  362.747625299  401.975642329  428.414693673  445.897554579  457.264051689  464.530581848  469.09160294  471.89082176  473.55124684  474.468439437  474.873834517  474.873834517  474.468439437  473.55124684  471.89082176  469.09160294  464.530581848  457.264051689  445.897554579  428.414693673  401.975642329  362.747625299  305.971241554  226.789379757  122.88841727  
85.5415245803  161.42127177  222.897983456  269.624209196  303.561694246  327.387215547  343.663002421  354.520291303  361.603341645  366.120759528  368.928224385  370.609749323  371.545178621  371.960449022  371.960449022  371.545178621  370.609749323  368.928224385  366.120759528  361.603341645  354.520291303  343.663002421  327.387215547  303.561694246  269.624209196  222.897983456  161.42127177  85.5415245803  
59.9957211527  114.667635235  160.73071257  197.211810759  224.737434953  244.713848665  258.747501561  268.328589803  274.699039344  278.825438768  281.422207889  282.992977846  283.873210509  284.265772399  284.265772399  283.873210509  282.992977846  281.422207889  278.825438768  274.699039344  268.328589803  258.747501561  244.713848665  224.737434953  197.211810759  160.73071257  114.667635235  59.9957211527  
41.926582167  80.7609276146  114.339861219  141.727241329  162.999967944  178.855787047  190.260124485  198.205799312  203.580740139  207.11308564  209.362827024  210.736874295  211.512468091  211.859952411  211.859952411  211.512468091  210.736874295  209.362827024  207.11308564  203.580740139  198.205799312  190.260124485  178.855787047  162.999967944  141.727241329  114.339861219  80.7609276146  41.926582167  
28.9904791626  56.1271171553  80.012537918  99.9146193238  115.720379857  127.755555938  136.583246531  142.842225714  147.141494783  150.004452345  151.84834365  152.984862469  153.630862002  153.921572037  153.921572037  153.630862002  152.984862469  151.84834365  150.004452345  147.141494783  142.842225714  136.583246531  127.755555938  115.720379857  99.9146193238  80.012537918  56.1271171553  28.9904791626  
19.7447312217  38.3598455129  54.952698915  68.9990260007  80.3471640666  89.1372081177  95.6901937195  100.406248896  103.689437854  105.901792338  107.341287499  108.236117073  108.748076301  108.979435237  108.979435237  108.748076301  108.236117073  107.341287499  105.901792338  103.689437854  100.406248896  95.6901937195  89.1372081177  80.3471640666  68.9990260007  54.952698915  38.3598455129  19.7447312217  
13.2055175857  25.7191098416  36.9765624428  46.6209372187  54.5176428529  60.7190846162  65.404866535  68.8201794916  71.2257211114  72.8637846668  73.9394804856  74.6133806996  75.0012770607  75.1772568294  75.1772568294  75.0012770607  74.6133806996  73.9394804856  72.8637846668  71.2257211114  68.8201794916  65.404866535  60.7190846162  54.5176428529  46.6209372187  36.9765624428  25.7191098416  13.2055175857  
8.6547981265  16.8868932188  24.3440127312  30.791619722  36.1269124021  40.363828928  43.6011595318  45.9862776758  47.6832614303  48.8495701963  49.621814195  50.1090271538  50.3910200411  50.5194138355  50.5194138355  50.3910200411  50.1090271538  49.621814195  48.8495701963  47.6832614303  45.9862776758  43.6011595318  40.363828928  36.1269124021  30.791619722  24.3440127312  16.8868932188  8.6547981265  
5.55031164864  10.8445286875  15.6658612763  19.8646020252  23.3684459914  26.1764064588  28.3419489785  29.9520718536  31.1076964932  31.9084151356  32.4424975913  32.7815940254  32.9788442301  33.0689480795  33.0689480795  32.9788442301  32.7815940254  32.4424975913  31.9084151356  31.1076964932  29.9520718536  28.3419489785  26.1764064588  23.3684459914  19.8646020252  15.6658612763  10.8445286875  5.55031164864  
3.4792566768  6.80527343724  9.84681852941  12.5107886551  14.7490893411  16.5563388722  17.9610096289  19.0135651305  19.7747286623  20.305896295  20.6625001014  20.8902000995  21.0232509199  21.0842086478  21.0842086478  21.0232509199  20.8902000995  20.6625001014  20.305896295  19.7747286623  19.0135651305  17.9610096289  16.5563388722  14.7490893411  12.5107886551  9.84681852941  6.80527343724  3.4792566768  
2.13033630873  4.17038091813  6.04212730918  7.68908924217  9.08062496625  10.2111810439  11.0956725987  11.7628602012  12.2485002016  12.5895159006  12.8197817148  12.9675576322  13.0542574409  13.094085361  13.094085361  13.0542574409  12.9675576322  12.8197817148  12.5895159006  12.2485002016  11.7628602012  11.0956725987  10.2111810439  9.08062496625  7.68908924217  6.04212730918  4.17038091813  2.13033630873  
1.27345833332  2.4946442899  3.61808899597  4.61034128911  5.45257426765  6.14041031061  6.68153130424  7.09203723609  7.39253556518  7.60470016905  7.74869243782  7.84151863294  7.89617756294  7.92134687106  7.92134687106  7.89617756294  7.84151863294  7.74869243782  7.60470016905  7.39253556518  7.09203723609  6.68153130424  6.14041031061  5.45257426765  4.61034128911  3.61808899597  2.4946442899  1.27345833332  
0.742937394973  1.45618945916  2.11379521708  2.69641476092  3.19284862567  3.60005331491  3.92191663181  4.16728682099  4.3477874389  4.47584025752  4.56313953081  4.61964415638  4.65302397543  4.66842775796  4.66842775796  4.65302397543  4.61964415638  4.56313953081  4.47584025752  4.3477874389  4.16728682099  3.92191663181  3.60005331491  3.19284862567  2.69641476092  2.11379521708  1.45618945916  0.742937394973  
0.422924697063  0.829332034907  1.20471440755  1.53815510416  1.82318840865  2.05785808828  2.2440965429  2.3866754227  2.49201021633  2.56705306855  2.61841731893  2.65178182183  2.67154897521  2.68068849973  2.68068849973  2.67154897521  2.65178182183  2.61841731893  2.56705306855  2.49201021633  2.3866754227  2.2440965429  2.05785808828  1.82318840865  1.53815510416  1.20471440755  0.829332034907  0.422924697063  
0.234894835532  0.460792775618  0.669763787247  0.855791674751  1.01524801929  1.14694548156  1.25182687885  1.33241593478  1.39217696528  1.43491001484  1.46426272263  1.48338995926  1.49475149845  1.50001367446  1.50001367446  1.49475149845  1.48338995926  1.46426272263  1.43491001484  1.39217696528  1.33241593478  1.25182687885  1.14694548156  1.01524801929  0.855791674751  0.669763787247  0.460792775618  0.234894835532  
0.127284103985  0.249773866404  0.363231199506  0.464419099783  0.551356191581  0.623354268465  0.680864673356  0.725195919057  0.758177902166  0.781839356836  0.798143027046  0.808797193094  0.815140423447  0.818082874648  0.818082874648  0.815140423447  0.808797193094  0.798143027046  0.781839356836  0.758177902166  0.725195919057  0.680864673356  0.623354268465  0.551356191581  0.464419099783  0.363231199506  0.249773866404  0.127284103985  
0.0672950558799  0.132091710107  0.19217609363  0.245847759153  0.292053037036  0.330408450422  0.361125922088  0.384870273547  0.402586855909  0.415333597717  0.424141069336  0.429911159173  0.433353656295  0.43495274755  0.43495274755  0.433353656295  0.429911159173  0.424141069336  0.415333597717  0.402586855909  0.384870273547  0.361125922088  0.330408450422  0.292053037036  0.245847759153  0.19217609363  0.132091710107  0.0672950558799  
0.0347168342918  0.0681608439229  0.0992018674575  0.126967731747  0.150912437845  0.170829694787  0.186817072716  0.199205459064  0.208472459669  0.215156980276  0.219787157877  0.222827405779  0.224644618755  0.22548978917  0.22548978917  0.224644618755  0.222827405779  0.219787157877  0.215156980276  0.208472459669  0.199205459064  0.186817072716  0.170829694787  0.150912437845  0.126967731747  0.0992018674575  0.0681608439229  0.0347168342918  
0.0174783795433  0.0343229294486  0.0499698913319  0.0639824522696  0.0760847827302  0.0861694361895  0.0942804511217  0.100579110875  0.105301368351  0.108715405914  0.111085439295  0.11264478464  0.11357838583  0.114013079579  0.114013079579  0.11357838583  0.11264478464  0.111085439295  0.108715405914  0.105301368351  0.100579110875  0.0942804511217  0.0861694361895  0.0760847827302  0.0639824522696  0.0499698913319  0.0343229294486  0.0174783795433  
0.00858875463771  0.0168690259169  0.0245660293731  0.0314661250841  0.0374334108656  0.0424135915392  0.0464261502116  0.0495480604471  0.0518933056696  0.0535922764131  0.0547740338776  0.0555529686902  0.0560200239019  0.05623770692  0.05623770692  0.0560200239019  0.0555529686902  0.0547740338776  0.0535922764131  0.0518933056696  0.0495480604471  0.0464261502116  0.0424135915392  0.0374334108656  0.0314661250841  0.0245660293731  0.0168690259169  0.00858875463771  
0.00411971123331  0.00809269874932  0.0117881012095  0.0151038759869  0.0179746996852  0.0203739155723  0.0223099713499  0.0238188286916  0.024954325  0.0257784004459  0.0263526161372  0.0267317139682  0.0269593285959  0.0270655095928  0.0270655095928  0.0269593285959  0.0267317139682  0.0263526161372  0.0257784004459  0.024954325  0.0238188286916  0.0223099713499  0.0203739155723  0.0179746996852  0.0151038759869  0.0117881012095  0.00809269874932  0.00411971123331  
0.00192823310896  0.00378830104831  0.00551934141627  0.00707377416603  0.00842097441292  0.00954821923262  0.0104590972157  0.0111700456331  0.0117059155135  0.0120954435507  0.0123672943977  0.0125470310346  0.0126550766027  0.0127055199315  0.0127055199315  0.0126550766027  0.0125470310346  0.0123672943977  0.0120954435507  0.0117059155135  0.0111700456331  0.0104590972157  0.00954821923262  0.00842097441292  0.00707377416603  0.00551934141627  0.00378830104831  0.00192823310896  
0.000878087711827  0.00172533523536  0.00251418047352  0.0032230291795  0.00383791725475  0.00435295514984  0.00476963327957  0.00509528027101  0.00534107361586  0.00551999634768  0.0056450401785  0.00572782028858  0.00577763514168  0.0058009088938  0.0058009088938  0.00577763514168  0.00572782028858  0.0056450401785  0.00551999634768  0.00534107361586  0.00509528027101  0.00476963327957  0.00435295514984  0.00383791725475  0.0032230291795  0.00251418047352  0.00172533523536  0.000878087711827  
0.000382167597089  0.00075098572346  0.00109451456903  0.00140338263289  0.00167150638405  0.00189628827456  0.00207832499907  0.00222074913411  0.00232837432196  0.00240681288064  0.00246169589971  0.0024980684903  0.00251997631269  0.00253021797289  0.00253021797289  0.00251997631269  0.0024980684903  0.00246169589971  0.00240681288064  0.00232837432196  0.00222074913411  0.00207832499907  0.00189628827456  0.00167150638405  0.00140338263289  0.00109451456903  0.00075098572346  0.000382167597089  
0.000141673137354  0.000278416814669  0.000405819668735  0.000520414790544  0.000619945482406  0.000703439840329  0.000771105356945  0.000824088185611  0.000864159165876  0.000893388568093  0.000913857574536  0.000927433627479  0.000935616037131  0.000939442896175  0.000939442896175  0.000935616037131  0.000927433627479  0.000913857574536  0.000893388568093  0.000864159165876  0.000824088185611  0.000771105356945  0.000703439840329  0.000619945482406  0.000520414790544  0.000405819668735  0.000278416814669  0.000141673137354  
