1000.0  1000.0  1000.0  1000.0  1000.0  1000.0  1000.0  1000.0  1000.0  1000.0  1000.0  1000.0  1000.0  1000.0  1000.0  1000.0  1000.0  1000.0  1000.0  1000.0  1000.0  1000.0  1000.0  1000.0  1000.0  1000.0  1000.0  1000.0  
284.193761953  463.955400872  569.86011289  632.454279529  670.195485348  693.387806067  707.823083765  716.860409527  722.51520047  726.03017245  728.184371697  729.467332342  730.180626778  730.497725178  730.497725178  730.180626778  729.467332342  728.184371697  726.03017245  722.51520047  716.860409527  707.823083765  693.387806067  670.195485348  632.454279529  569.86011289  463.955400872  284.193761953  
183.133105929  324.576666503  422.709722872  487.919839316  530.538672576  558.20457531  576.082789683  587.571621273  594.894894056  599.5085881  602.36423278  604.077296265  605.034549946  605.461401122  605.461401122  605.034549946  604.077296265  602.36423278  599.5085881  594.894894056  587.571621273  576.082789683  558.20457531  530.538672576  487.919839316  422.709722872  324.576666503  183.133105929  
125.201827203  231.346171836  312.637705622  371.338095562  412.267879514  440.166784365  458.864181295  471.210338584  479.242310163  484.381260606  487.599557166  489.547238226  490.64243172  491.132656866  491.132656866  490.64243172  489.547238226  487.599557166  484.381260606  479.242310163  471.210338584  458.864181295  440.166784365  412.267879514  371.338095562  312.637705622  231.346171836  125.201827203  
88.0581681826  166.378376271  230.150086858  278.969328091  314.758058476  340.171653297  357.768640525  369.691617856  377.607319032  382.753405306  386.016736294  388.010730928  389.139783581  389.647328789  389.647328789  389.139783581  388.010730928  386.016736294  382.753405306  377.607319032  369.691617856  357.768640525  340.171653297  314.758058476  278.969328091  230.150086858  166.378376271  88.0581681826  
62.5447280685  119.688483037  168.076062048  206.677072655  236.077721266  257.662595574  273.034398481  283.694836364  290.908601525  295.671714186  298.730177639  300.617408725  301.693736257  302.17975022  302.17975022  301.693736257  300.617408725  298.730177639  295.671714186  290.908601525  283.694836364  273.034398481  257.662595574  236.077721266  206.677072655  168.076062048  119.688483037  62.5447280685  
44.3613859793  85.5568223958  121.35610158  150.768394797  173.832108415  191.224284929  203.906773734  212.883391606  219.063816924  223.20430454  225.895016722  227.571316619  228.534198979  228.970937943  228.970937943  228.534198979  227.571316619  225.895016722  223.20430454  219.063816924  212.883391606  203.906773734  191.224284929  173.832108415  150.768394797  121.35610158  85.5568223958  44.3613859793  
31.2008264949  60.4808900755  86.3819581769  108.122260922  125.553871357  138.983732237  148.971698317  156.166530885  161.196979515  164.611970347  166.85614104  168.26701752  169.083018614  169.454744285  169.454744285  169.083018614  168.26701752  166.85614104  164.611970347  161.196979515  156.166530885  148.971698317  138.983732237  125.553871357  108.122260922  86.3819581769  60.4808900755  31.2008264949  
21.6614874474  42.1353210166  60.4760801782  76.1164442208  88.8744462627  98.8738851313  106.432985574  111.960539511  115.877739809  118.568758242  120.3553266  121.488041555  122.147400803  122.449003769  122.449003769  122.147400803  121.488041555  120.3553266  118.568758242  115.877739809  111.960539511  106.432985574  98.8738851313  88.8744462627  76.1164442208  60.4760801782  42.1353210166  21.6614874474  
14.7989293134  28.8576830028  41.5681701313  52.5376585209  61.6063644333  68.8131471312  74.3352762713  78.4251480752  81.3577025203  83.3936409828  84.7578252746  85.6294530388  86.1398646909  86.3742289737  86.3742289737  86.1398646909  85.6294530388  84.7578252746  83.3936409828  81.3577025203  78.4251480752  74.3352762713  68.8131471312  61.6063644333  52.5376585209  41.5681701313  28.8576830028  14.7989293134  
9.92796024638  19.3946613519  28.0127699174  35.5191473636  41.7908624239  46.8310307413  50.736579343  53.6606414875  55.7786779055  57.2628589596  58.2655787636  58.9107547132  59.2906224585  59.4656578685  59.4656578685  59.2906224585  58.9107547132  58.2655787636  57.2628589596  55.7786779055  53.6606414875  50.736579343  46.8310307413  41.7908624239  35.5191473636  28.0127699174  19.3946613519  9.92796024638  
6.53005531271  12.7743429393  18.4890901935  23.5025783385  27.7270118145  31.1530764035  33.8328055175  35.8576320066  37.3372389676  38.3825414041  39.0939571743  39.5545912734  39.8271456014  39.95313469  39.95313469  39.8271456014  39.5545912734  39.0939571743  38.3825414041  37.3372389676  35.8576320066  33.8328055175  31.1530764035  27.7270118145  23.5025783385  18.4890901935  12.7743429393  6.53005531271  
4.20656267085  8.23785560459  11.942614708  15.2113956201  17.9846043017  20.2506778185  22.0370267395  23.3974082781  24.3990517529  25.1117603326  25.5999855296  25.9178918276  26.106832918  26.1944241031  26.1944241031  26.106832918  25.9178918276  25.5999855296  25.1117603326  24.3990517529  23.3974082781  22.0370267395  20.2506778185  17.9846043017  15.2113956201  11.942614708  8.23785560459  4.20656267085  
2.65186558012  5.19764084228  7.54495329176  9.62559816901  11.4006875671  12.8602361759  14.0183987415  14.9062989741  15.5643599249  16.0355346887  16.3601663384  16.5726139635  16.6993824081  16.7583040129  16.7583040129  16.6993824081  16.5726139635  16.3601663384  16.0355346887  15.5643599249  14.9062989741  14.0183987415  12.8602361759  11.4006875671  9.62559816901  7.54495329176  5.19764084228  2.65186558012  
1.63511014842  3.20699120038  4.66021124969  5.95319237178  7.06138929021  7.97735148759  8.70823431782  9.27177745455  9.69182550186  9.99423463646  10.2036527052  10.3413159528  10.4237539469  10.4621604593  10.4621604593  10.4237539469  10.3413159528  10.2036527052  9.99423463646  9.69182550186  9.27177745455  8.70823431782  7.97735148759  7.06138929021  5.95319237178  4.66021124969  3.20699120038  1.63511014842  
0.985700511377  1.93435997796  2.81332889665  3.59781173767  4.27277042343  4.8330989962  5.28233234768  5.63042007524  5.8911594483  6.07978034428  6.21098917205  6.29758467613  6.34960704024  6.37389417668  6.37389417668  6.34960704024  6.29758467613  6.21098917205  6.07978034428  5.8911594483  5.63042007524  5.28233234768  4.8330989962  4.27277042343  3.59781173767  2.81332889665  1.93435997796  0.985700511377  
0.580808125371  1.14031442449  1.65966084631  2.12438226388  2.52551642275  2.85976592361  3.1288340088  3.33820907857  3.49572082385  3.61014813857  3.69006373518  3.74299367812  3.77488213159  3.7897974769  3.7897974769  3.77488213159  3.74299367812  3.69006373518  3.61014813857  3.49572082385  3.33820907857  3.1288340088  2.85976592361  2.52551642275  2.12438226388  1.65966084631  1.14031442449  0.580808125371  
0.334457646504  0.656900867359  0.956655870802  1.22546859925  1.4581362543  1.65262586012  1.80973596407  1.93244259237  2.02510220477  2.0926671215  2.1400208372  2.17148328057  2.19048660363  2.19939003934  2.19939003934  2.19048660363  2.17148328057  2.1400208372  2.0926671215  2.02510220477  1.93244259237  1.80973596407  1.65262586012  1.4581362543  1.22546859925  0.956655870802  0.656900867359  0.334457646504  
0.188207031153  0.369773025701  0.538780769442  0.690623775709  0.822357274436  0.932775684502  1.02224222198  1.09234236558  1.14545213207  1.18430553628  1.21162171117  1.22982196242  1.24083994134  1.24600983872  1.24600983872  1.24083994134  1.22982196242  1.21162171117  1.18430553628  1.14545213207  1.09234236558  1.02224222198  0.932775684502  0.822357274436  0.690623775709  0.538780769442  0.369773025701  0.188207031153  
0.103492727758  0.203389672927  0.296479176073  0.380247026828  0.453067134603  0.514248667463  0.563951281463  0.603004482392  0.632678233414  0.654449631636  0.669798760944  0.680051232349  0.686270456108  0.689192589942  0.689192589942  0.686270456108  0.680051232349  0.669798760944  0.654449631636  0.632678233414  0.603004482392  0.563951281463  0.514248667463  0.453067134603  0.380247026828  0.296479176073  0.203389672927  0.103492727758  
0.0556131999151  0.10931997948  0.159414090936  0.204553541615  0.243861873555  0.276955391785  0.303901550136  0.325126379773  0.34129495916  0.35318824701  0.361593938208  0.367221099555  0.370640795709  0.372249495211  0.372249495211  0.370640795709  0.367221099555  0.361593938208  0.35318824701  0.34129495916  0.325126379773  0.303901550136  0.276955391785  0.243861873555  0.204553541615  0.159414090936  0.10931997948  0.0556131999151  
0.0292059039295  0.0574223348341  0.0837621765527  0.107524915569  0.128249255805  0.145728203413  0.159988927693  0.171246151849  0.179841088666  0.186177808842  0.1906662332  0.193677009177  0.195509682807  0.196372745418  0.196372745418  0.195509682807  0.193677009177  0.1906662332  0.186177808842  0.179841088666  0.171246151849  0.159988927693  0.145728203413  0.128249255805  0.107524915569  0.0837621765527  0.0574223348341  0.0292059039295  
0.0149907275974  0.0294787977278  0.0430128819525  0.0552353728373  0.0659091203315  0.0749254960381  0.0822947927831  0.0881231807959  0.0925821299991  0.0958762354239  0.0982141174922  0.0997851497169  0.100742845408  0.101194292297  0.101194292297  0.100742845408  0.0997851497169  0.0982141174922  0.0958762354239  0.0925821299991  0.0881231807959  0.0822947927831  0.0749254960381  0.0659091203315  0.0552353728373  0.0430128819525  0.0294787977278  0.0149907275974  
0.00752014800128  0.0147904189608  0.0215861656246  0.0277288680615  0.0330994229825  0.0376423192173  0.0413611331026  0.0443073474845  0.0465653481102  0.048236502322  0.0494246403057  0.0502243394877  0.0507124743286  0.0509427765274  0.0509427765274  0.0507124743286  0.0502243394877  0.0494246403057  0.048236502322  0.0465653481102  0.0443073474845  0.0413611331026  0.0376423192173  0.0330994229825  0.0277288680615  0.0215861656246  0.0147904189608  0.00752014800128  
0.0036847616429  0.00724806438258  0.0105805925335  0.0135952565791  0.0162336502501  0.01846814816  0.0202998278636  0.0217531512119  0.0228687567191  0.0236957544758  0.0242846493455  0.0246815859714  0.0249241606444  0.0250386970528  0.0250386970528  0.0249241606444  0.0246815859714  0.0242846493455  0.0236957544758  0.0228687567191  0.0217531512119  0.0202998278636  0.01846814816  0.0162336502501  0.0135952565791  0.0105805925335  0.00724806438258  0.0036847616429  
0.00175675100551  0.00345599842928  0.00504593891307  0.0064852123218  0.00774595712536  0.00881483043945  0.00969206923442  0.0103890197164  0.010924760409  0.0113224691099  0.0116060654388  0.0117974621893  0.0119145496989  0.011969873142  0.011969873142  0.0119145496989  0.0117974621893  0.0116060654388  0.0113224691099  0.010924760409  0.0103890197164  0.00969206923442  0.00881483043945  0.00774595712536  0.0064852123218  0.00504593891307  0.00345599842928  0.00175675100551  
0.000798295294085  0.0015706116162  0.00229352711101  0.00294830836081  0.00352228993759  0.00400934501716  0.00440947783215  0.00472772517106  0.0049726441631  0.00515467678983  0.00528463075369  0.0053724289544  0.00542618670576  0.00545160183296  0.00545160183296  0.00542618670576  0.0053724289544  0.00528463075369  0.00515467678983  0.0049726441631  0.00472772517106  0.00440947783215  0.00400934501716  0.00352228993759  0.00294830836081  0.00229352711101  0.0015706116162  0.000798295294085  
0.000306018431802  0.000602118933417  0.0008793549533  0.00113056190502  0.001350883583  0.00153795440059  0.0016917482108  0.00181416367074  0.00190845055725  0.00197858701739  0.00202869905584  0.00206258082335  0.00208333908096  0.00209315704417  0.00209315704417  0.00208333908096  0.00206258082335  0.00202869905584  0.00197858701739  0.00190845055725  0.00181416367074  0.0016917482108  0.00153795440059  0.001350883583  0.00113056190502  0.0008793549533  0.000602118933417  0.000306018431802  
