1000.0  1000.0  1000.0  1000.0  1000.0  1000.0  1000.0  1000.0  1000.0  1000.0  1000.0  1000.0  1000.0  1000.0  1000.0  1000.0  1000.0  1000.0  1000.0  1000.0  1000.0  1000.0  1000.0  1000.0  1000.0  1000.0  1000.0  1000.0  
243.762734651  385.657476292  458.287906625  493.357585281  509.564474774  516.731695893  519.754122583  520.965418554  521.425706255  521.591345216  521.647773144  521.665971308  521.671508324  521.67300626  521.67300626  521.671508324  521.665971308  521.647773144  521.591345216  521.425706255  520.965418554  519.754122583  516.731695893  509.564474774  493.357585281  458.287906625  385.657476292  243.762734651  
131.718708266  224.952754691  280.626049439  310.594733756  325.521210639  332.47184658  335.510400472  336.759697199  337.24329975  337.419727012  337.480452562  337.500191601  337.506233923  337.507875682  337.507875682  337.506233923  337.500191601  337.480452562  337.419727012  337.24329975  336.759697199  335.510400472  332.47184658  325.521210639  310.594733756  280.626049439  224.952754691  131.718708266  
70.4557185945  125.185051161  161.051594564  181.875930534  192.866829335  198.212544121  200.626910146  201.644222389  202.045428591  202.193904508  202.245579804  202.262523793  202.267745999  202.269171981  202.269171981  202.267745999  202.262523793  202.245579804  202.193904508  202.045428591  201.644222389  200.626910146  198.212544121  192.866829335  181.875930534  161.051594564  125.185051161  70.4557185945  
36.2846861925  65.8858605183  86.4473664701  99.0330314804  105.973512477  109.469931067  111.093501373  111.792700809  112.073233334  112.178473884  112.21550061  112.227747101  112.231547661  112.232590733  112.232590733  112.231547661  112.227747101  112.21550061  112.178473884  112.073233334  111.792700809  111.093501373  109.469931067  105.973512477  99.0330314804  86.4473664701  65.8858605183  36.2846861925  
17.7271505926  32.6010731193  43.3302012189  50.147247271  54.0329445641  56.0457935738  57.0021764512  57.4218267969  57.5927748344  57.6577001116  57.680772496  57.6884660099  57.6908693479  57.6915321779  57.6915321779  57.6908693479  57.6884660099  57.680772496  57.6577001116  57.5927748344  57.4218267969  57.0021764512  56.0457935738  54.0329445641  50.147247271  43.3302012189  32.6010731193  17.7271505926  
8.15560919512  15.1178762952  20.2690126887  23.6308919306  25.5957174013  26.6361720116  27.1398940953  27.3644262952  27.4570953409  27.4926737015  27.5054307154  27.509716053  27.5110628101  27.5114359166  27.5114359166  27.5110628101  27.509716053  27.5054307154  27.4926737015  27.4570953409  27.3644262952  27.1398940953  26.6361720116  25.5957174013  23.6308919306  20.2690126887  15.1178762952  8.15560919512  
3.5218627257  6.56249984117  8.85212874356  10.3760635332  11.2838923385  11.7730542739  12.0135139277  12.1221104412  12.1674308439  12.1849940256  12.1913409783  12.1934870076  12.1941650736  12.1943536859  12.1943536859  12.1941650736  12.1934870076  12.1913409783  12.1849940256  12.1674308439  12.1221104412  12.0135139277  11.7730542739  11.2838923385  10.3760635332  8.85212874356  6.56249984117  3.5218627257  
1.42626552935  2.66718434991  3.61345470167  4.25255006684  4.63891541287  4.84998898171  4.95503991834  5.0030002426  5.02320337972  5.03109544645  5.0339667874  5.0349431722  5.03525312716  5.03533965132  5.03533965132  5.03525312716  5.0349431722  5.0339667874  5.03109544645  5.02320337972  5.0030002426  4.95503991834  4.84998898171  4.63891541287  4.25255006684  3.61345470167  2.66718434991  1.42626552935  
0.541917516138  1.01600447859  1.38088164058  1.63005845788  1.7824358623  1.86660034049  1.90891250488  1.92840365292  1.93667873986  1.9399331722  1.94112406337  1.94153099959  1.94166070679  1.94169702574  1.94169702574  1.94166070679  1.94153099959  1.94112406337  1.9399331722  1.93667873986  1.92840365292  1.90891250488  1.86660034049  1.7824358623  1.63005845788  1.38088164058  1.01600447859  0.541917516138  
0.193416489809  0.363305055206  0.494969207651  0.585652782451  0.641610271156  0.672791398025  0.688596148966  0.695930645564  0.699064945226  0.700304622741  0.700760474962  0.700916889894  0.700966917995  0.700980962771  0.700980962771  0.700966917995  0.700916889894  0.700760474962  0.700304622741  0.699064945226  0.695930645564  0.688596148966  0.672791398025  0.641610271156  0.585652782451  0.494969207651  0.363305055206  0.193416489809  
0.0649511593223  0.122173943605  0.166757749706  0.197669361612  0.216880720236  0.227662073871  0.233163483613  0.235732131397  0.236835784315  0.237274379307  0.237436320926  0.23749208143  0.237509967769  0.237515000112  0.237515000112  0.237509967769  0.23749208143  0.237436320926  0.237274379307  0.236835784315  0.235732131397  0.233163483613  0.227662073871  0.216880720236  0.197669361612  0.166757749706  0.122173943605  0.0649511593223  
0.0205595470605  0.0387147088314  0.0529182650582  0.0628177645419  0.069005505971  0.072498037255  0.0742899430544  0.0751308105164  0.0754937296459  0.0756385259444  0.0756921716514  0.0757106968698  0.0757166535157  0.0757183324416  0.0757183324416  0.0757166535157  0.0757106968698  0.0756921716514  0.0756385259444  0.0754937296459  0.0751308105164  0.0742899430544  0.072498037255  0.069005505971  0.0628177645419  0.0529182650582  0.0387147088314  0.0205595470605  
0.00614630384839  0.0115835859825  0.0158511894903  0.0188379853887  0.0207134955222  0.0217770269026  0.0223251355119  0.0225834052221  0.0226952894993  0.0227400747947  0.0227567141695  0.0227624738875  0.0227643295155  0.0227648532982  0.0227648532982  0.0227643295155  0.0227624738875  0.0227567141695  0.0227400747947  0.0226952894993  0.0225834052221  0.0223251355119  0.0217770269026  0.0207134955222  0.0188379853887  0.0158511894903  0.0115835859825  0.00614630384839  
0.00173874655853  0.00327909472885  0.00449118570752  0.00534232544684  0.00587876921879  0.00618411982432  0.00634206317255  0.00641673889097  0.00644918773481  0.00646221126115  0.00646706111928  0.00646874314087  0.00646928589272  0.00646943926857  0.00646943926857  0.00646928589272  0.00646874314087  0.00646706111928  0.00646221126115  0.00644918773481  0.00641673889097  0.00634206317255  0.00618411982432  0.00587876921879  0.00534232544684  0.00449118570752  0.00327909472885  0.00173874655853  
0.00046635353975  0.000879958519901  0.00120608886194  0.00143571274272  0.00158087089355  0.00166375117734  0.00170674899114  0.00172713463716  0.00173601483736  0.00173958670098  0.00174091929576  0.00174138217223  0.0017415317141  0.00174157400951  0.00174157400951  0.0017415317141  0.00174138217223  0.00174091929576  0.00173958670098  0.00173601483736  0.00172713463716  0.00170674899114  0.00166375117734  0.00158087089355  0.00143571274272  0.00120608886194  0.000879958519901  0.00046635353975  
0.000118812165436  0.000224280154681  0.000307578892748  0.000366354631234  0.000403600139303  0.000424919079648  0.000436005946205  0.000441274096877  0.000443573552742  0.000444500062045  0.000444846228332  0.000444966610774  0.00044500553803  0.000445016554713  0.000445016554713  0.00044500553803  0.000444966610774  0.000444846228332  0.000444500062045  0.000443573552742  0.000441274096877  0.000436005946205  0.000424919079648  0.000403600139303  0.000366354631234  0.000307578892748  0.000224280154681  0.000118812165436  
2.88038900706e-05  5.43910607093e-05  7.46264374145e-05  8.8929268928e-05  9.80105079502e-05  0.000103218962136  0.000105932869428  0.000107224747468  0.000107789524493  0.000108017395766  0.000108102628561  0.000108132294731  0.00010814189371  0.000108144611352  0.000108144611352  0.00010814189371  0.000108132294731  0.000108102628561  0.000108017395766  0.000107789524493  0.000107224747468  0.000105932869428  0.000103218962136  9.80105079502e-05  8.8929268928e-05  7.46264374145e-05  5.43910607093e-05  2.88038900706e-05  
6.65623219731e-06  1.25725086022e-05  1.72562696247e-05  2.0571450327e-05  2.26796361665e-05  2.38907062899e-05  2.45227180125e-05  2.48239930054e-05  2.4955864846e-05  2.50091258302e-05  2.5029063634e-05  2.50360073043e-05  2.50382549028e-05  2.50388913609e-05  2.50388913609e-05  2.50382549028e-05  2.50360073043e-05  2.5029063634e-05  2.50091258302e-05  2.4955864846e-05  2.48239930054e-05  2.45227180125e-05  2.38907062899e-05  2.26796361665e-05  2.0571450327e-05  1.72562696247e-05  1.25725086022e-05  6.65623219731e-06  
1.46858299944e-06  2.77450292629e-06  3.80923219592e-06  4.54242409534e-06  5.00925249874e-06  5.27776628815e-06  5.41806210713e-06  5.48501230364e-06  5.51434418637e-06  5.52619959401e-06  5.53063997404e-06  5.53218694856e-06  5.53268777077e-06  5.53282959194e-06  5.53282959194e-06  5.53268777077e-06  5.53218694856e-06  5.53063997404e-06  5.52619959401e-06  5.51434418637e-06  5.48501230364e-06  5.41806210713e-06  5.27776628815e-06  5.00925249874e-06  4.54242409534e-06  3.80923219592e-06  2.77450292629e-06  1.46858299944e-06  
3.0983466174e-07  5.85450578678e-07  8.03975585105e-07  9.58952731495e-07  1.05772313732e-06  1.11459005242e-06  1.14432956698e-06  1.15853280355e-06  1.16475949771e-06  1.16727742842e-06  1.16822079606e-06  1.16854949719e-06  1.16865590836e-06  1.16868603713e-06  1.16868603713e-06  1.16865590836e-06  1.16854949719e-06  1.16822079606e-06  1.16727742842e-06  1.16475949771e-06  1.15853280355e-06  1.14432956698e-06  1.11459005242e-06  1.05772313732e-06  9.58952731495e-07  8.03975585105e-07  5.85450578678e-07  3.0983466174e-07  
6.25973151233e-08  1.18296833391e-07  1.62481374097e-07  1.93837750094e-07  2.13836561579e-07  2.25359235716e-07  2.31389200392e-07  2.34270628801e-07  2.35534369164e-07  2.36045529471e-07  2.36237059768e-07  2.36303791295e-07  2.36325389925e-07  2.36331503488e-07  2.36331503488e-07  2.36325389925e-07  2.36303791295e-07  2.36237059768e-07  2.36045529471e-07  2.35534369164e-07  2.34270628801e-07  2.31389200392e-07  2.25359235716e-07  2.13836561579e-07  1.93837750094e-07  1.62481374097e-07  1.18296833391e-07  6.25973151233e-08  
1.21275664773e-08  2.29210487192e-08  3.14864557907e-08  3.75680716967e-08  4.1448955107e-08  4.36861488694e-08  4.48574215782e-08  4.541730491e-08  4.56629100361e-08  4.57622592009e-08  4.57994818524e-08  4.58124476489e-08  4.58166426757e-08  4.58178295924e-08  4.58178295924e-08  4.58166426757e-08  4.58124476489e-08  4.57994818524e-08  4.57622592009e-08  4.56629100361e-08  4.541730491e-08  4.48574215782e-08  4.36861488694e-08  4.1448955107e-08  3.75680716967e-08  3.14864557907e-08  2.29210487192e-08  1.21275664773e-08  
2.25605091984e-09  4.2642380412e-09  5.85832378735e-09  6.99055510987e-09  7.71333507687e-09  8.13013052778e-09  8.3483975009e-09  8.45274743895e-09  8.49852393143e-09  8.51703881066e-09  8.52397394465e-09  8.52638872533e-09  8.52716961849e-09  8.52739044087e-09  8.52739044087e-09  8.52716961849e-09  8.52638872533e-09  8.52397394465e-09  8.51703881066e-09  8.49852393143e-09  8.45274743895e-09  8.3483975009e-09  8.13013052778e-09  7.71333507687e-09  6.99055510987e-09  5.85832378735e-09  4.2642380412e-09  2.25605091984e-09  
4.03473559263e-10  7.62657143924e-10  1.04782802636e-09  1.25042216213e-09  1.37978007901e-09  1.45438782376e-09  1.49346178037e-09  1.51214208884e-09  1.52033568031e-09  1.52364879528e-09  1.52488929583e-09  1.52532100379e-09  1.5254605205e-09  1.5254999478e-09  1.5254999478e-09  1.5254605205e-09  1.52532100379e-09  1.52488929583e-09  1.52364879528e-09  1.52033568031e-09  1.51214208884e-09  1.49346178037e-09  1.45438782376e-09  1.37978007901e-09  1.25042216213e-09  1.04782802636e-09  7.62657143924e-10  4.03473559263e-10  
6.94498964553e-11  1.31280118085e-10  1.80374998643e-10  2.15257605821e-10  2.37532431207e-10  2.5037991227e-10  2.57108070594e-10  2.60324109976e-10  2.61734336138e-10  2.62304335199e-10  2.62517641233e-10  2.62591825475e-10  2.62615781745e-10  2.62622546728e-10  2.62622546728e-10  2.62615781745e-10  2.62591825475e-10  2.62517641233e-10  2.62304335199e-10  2.61734336138e-10  2.60324109976e-10  2.57108070594e-10  2.5037991227e-10  2.37532431207e-10  2.15257605821e-10  1.80374998643e-10  1.31280118085e-10  6.94498964553e-11  
1.15127655129e-11  2.1762692601e-11  2.99017276295e-11  3.56847594398e-11  3.93775206677e-11  4.15071985315e-11  4.26222907335e-11  4.31551443256e-11  4.33887034279e-11  4.3483055502e-11  4.35183410952e-11  4.35306034101e-11  4.35345598619e-11  4.35356761908e-11  4.35356761908e-11  4.35345598619e-11  4.35306034101e-11  4.35183410952e-11  4.3483055502e-11  4.33887034279e-11  4.31551443256e-11  4.26222907335e-11  4.15071985315e-11  3.93775206677e-11  3.56847594398e-11  2.99017276295e-11  2.1762692601e-11  1.15127655129e-11  
1.80027264595e-12  3.40306859833e-12  4.67575858283e-12  5.57999516533e-12  6.15733199328e-12  6.49022870175e-12  6.66448286381e-12  6.74771897253e-12  6.78418465029e-12  6.79890688561e-12  6.80440870189e-12  6.80631908792e-12  6.8069349142e-12  6.80710852089e-12  6.80710852089e-12  6.8069349142e-12  6.80631908792e-12  6.80440870189e-12  6.79890688561e-12  6.78418465029e-12  6.74771897253e-12  6.66448286381e-12  6.49022870175e-12  6.15733199328e-12  5.57999516533e-12  4.67575858283e-12  3.40306859833e-12  1.80027264595e-12  
