1000.0  1000.0  1000.0  1000.0  1000.0  1000.0  1000.0  1000.0  1000.0  1000.0  1000.0  1000.0  1000.0  1000.0  1000.0  1000.0  1000.0  1000.0  1000.0  1000.0  1000.0  1000.0  1000.0  1000.0  1000.0  1000.0  1000.0  1000.0  
247.522054411  392.816859559  468.231489935  505.369486191  522.974138631  531.003502811  534.513040918  535.977395842  536.55902521  536.778566692  536.85725593  536.884025121  536.892627513  536.895072547  536.895072547  536.892627513  536.884025121  536.85725593  536.778566692  536.55902521  535.977395842  534.513040918  531.003502811  522.974138631  505.369486191  468.231489935  392.816859559  247.522054411  
136.086693723  233.27108914  292.178850437  324.549971112  341.099681681  349.05129004  352.655237296  354.198170484  354.822524223  355.061453571  355.14798213  355.17765186  355.187244402  355.189982673  355.189982673  355.187244402  355.17765186  355.14798213  355.061453571  354.822524223  354.198170484  352.655237296  349.05129004  341.099681681  324.549971112  292.178850437  233.27108914  136.086693723  
74.5447725889  132.971921421  171.865726437  194.938121348  207.447534356  213.72934022  216.672253407  217.963951347  218.496621213  218.703446494  218.779197974  218.805403062  218.813934305  218.816381819  218.816381819  218.813934305  218.805403062  218.779197974  218.703446494  218.496621213  217.963951347  216.672253407  213.72934022  207.447534356  194.938121348  171.865726437  132.971921421  74.5447725889  
39.548579717  72.1010937552  95.0783195346  109.457443106  117.608959534  121.851622433  123.896351204  124.81407467  125.199247584  125.350904178  125.407070944  125.42667491  125.433102566  125.434956171  125.434956171  125.433102566  125.42667491  125.407070944  125.350904178  125.199247584  124.81407467  123.896351204  121.851622433  117.608959534  109.457443106  95.0783195346  72.1010937552  39.548579717  
20.0105733946  36.9490377935  49.3676761257  57.4386533613  62.1707379259  64.7048883667  65.9553195066  66.5274491047  66.7713640584  66.8686330178  66.9050326728  66.9178452446  66.9220749858  66.9233009252  66.9233009252  66.9220749858  66.9178452446  66.9050326728  66.8686330178  66.7713640584  66.5274491047  65.9553195066  64.7048883667  62.1707379259  57.4386533613  49.3676761257  36.9490377935  20.0105733946  
9.57933379534  17.8286992455  24.0328815443  28.1760498117  30.6680028652  32.0329506391  32.7195968861  33.0389205005  33.1769172553  33.2325719245  33.253594501  33.2610519043  33.2635294092  33.264250874  33.264250874  33.2635294092  33.2610519043  33.253594501  33.2325719245  33.1769172553  33.0389205005  32.7195968861  32.0329506391  30.6680028652  28.1760498117  24.0328815443  17.8286992455  9.57933379534  
4.32227003253  8.0864098645  10.967824285  12.9306594208  14.1344666329  14.8057234086  15.1487656172  15.3104810075  15.3811814529  15.4099760908  15.4209428797  15.4248601632  15.4261690192  15.4265517991  15.4265517991  15.4261690192  15.4248601632  15.4209428797  15.4099760908  15.3811814529  15.3104810075  15.1487656172  14.8057234086  14.1344666329  12.9306594208  10.967824285  8.0864098645  4.32227003253  
1.83562112927  3.4465119799  4.6953155872  5.55869553429  6.09623156121  6.40025177987  6.55762634916  6.63265903715  6.66578601678  6.6793919549  6.68461126699  6.68648694276  6.68711682595  6.68730173958  6.68730173958  6.68711682595  6.68648694276  6.68461126699  6.6793919549  6.66578601678  6.63265903715  6.55762634916  6.40025177987  6.09623156121  5.55869553429  4.6953155872  3.4465119799  1.83562112927  
0.733747936987  1.38118372396  1.88776999886  2.24195858429  2.46507618276  2.59270612178  2.6594682141  2.69159908424  2.70590256905  2.71181963296  2.71410352134  2.71492862716  2.71520693672  2.71528891205  2.71528891205  2.71520693672  2.71492862716  2.71410352134  2.71181963296  2.70590256905  2.69159908424  2.6594682141  2.59270612178  2.46507618276  2.24195858429  1.88776999886  1.38118372396  0.733747936987  
0.276284021053  0.521044649732  0.713896325352  0.84990174072  0.93637215329  0.986288518214  1.01262367284  1.02539715781  1.03112301782  1.03350615112  1.03443087109  1.03476646458  1.03488009255  1.03491365781  1.03491365781  1.03488009255  1.03476646458  1.03443087109  1.03350615112  1.03112301782  1.02539715781  1.01262367284  0.986288518214  0.93637215329  0.84990174072  0.713896325352  0.521044649732  0.276284021053  
0.0981223000139  0.185310817529  0.254375588064  0.303411841195  0.334818236689  0.35308202889  0.362785543942  0.367522580051  0.369658379894  0.370551889298  0.370900152804  0.371027031575  0.371070131086  0.371082893826  0.371082893826  0.371070131086  0.371027031575  0.370900152804  0.370551889298  0.369658379894  0.367522580051  0.362785543942  0.35308202889  0.334818236689  0.303411841195  0.254375588064  0.185310817529  0.0981223000139  
0.0329196976249  0.0622387309395  0.0855597501274  0.102206143437  0.11293064335  0.119204675407  0.122557312501  0.124202781929  0.124948289108  0.125261520746  0.125384071843  0.125428865483  0.125444123307  0.125448650862  0.125448650862  0.125444123307  0.125428865483  0.125384071843  0.125261520746  0.124948289108  0.124202781929  0.122557312501  0.119204675407  0.11293064335  0.102206143437  0.0855597501274  0.0622387309395  0.0329196976249  
0.0104508535409  0.0197753914108  0.0272166040501  0.0325506850534  0.0360035429226  0.0380334022975  0.0391232465066  0.0396605203179  0.0399049281581  0.0400079900242  0.0400484407686  0.0400632664212  0.0400683280083  0.0400698325567  0.0400698325567  0.0400683280083  0.0400632664212  0.0400484407686  0.0400079900242  0.0399049281581  0.0396605203179  0.0391232465066  0.0380334022975  0.0360035429226  0.0325506850534  0.0272166040501  0.0197753914108  0.0104508535409  
0.00314492341795  0.0059549029487  0.00820317383258  0.00982030579631  0.0108711465419  0.0114913809209  0.0118256910792  0.0119911068717  0.0120666085445  0.0120985419456  0.0121111085771  0.0121157248484  0.0121173038616  0.0121177738827  0.0121177738827  0.0121173038616  0.0121157248484  0.0121111085771  0.0120985419456  0.0120666085445  0.0119911068717  0.0118256910792  0.0114913809209  0.0108711465419  0.00982030579631  0.00820317383258  0.0059549029487  0.00314492341795  
0.000898640132144  0.00170248347038  0.00234698307103  0.00281183653343  0.0031148545683  0.0032942888983  0.00339131631107  0.00343947113401  0.00346151190411  0.0034708572264  0.00347454285161  0.00347589925808  0.00347636393391  0.00347650240901  0.00347650240901  0.00347636393391  0.00347589925808  0.00347454285161  0.0034708572264  0.00346151190411  0.00343947113401  0.00339131631107  0.0032942888983  0.0031148545683  0.00281183653343  0.00234698307103  0.00170248347038  0.000898640132144  
0.000244242013319  0.000462918215609  0.000638541997762  0.000765496206344  0.000848463888305  0.000897725324442  0.00092443333813  0.000937721667834  0.000943817724941  0.000946407724246  0.000947430978222  0.000947808125263  0.000947937484735  0.000947976068154  0.000947976068154  0.000947937484735  0.000947808125263  0.000947430978222  0.000946407724246  0.000943817724941  0.000937721667834  0.00092443333813  0.000897725324442  0.000848463888305  0.000765496206344  0.000638541997762  0.000462918215609  0.000244242013319  
6.32459798136e-05  0.000119913355587  0.000165486183666  0.000198489517673  0.000220102952275  0.000232963821793  0.000239951637501  0.000243435451715  0.000245036632624  0.00024571803643  0.000245987624783  0.000246087105267  0.000246121258324  0.000246131451636  0.000246131451636  0.000246121258324  0.000246087105267  0.000245987624783  0.00024571803643  0.000245036632624  0.000243435451715  0.000239951637501  0.000232963821793  0.000220102952275  0.000198489517673  0.000165486183666  0.000119913355587  6.32459798136e-05  
1.56284313247e-05  2.96395657875e-05  4.09199704862e-05  4.91011503588e-05  5.44679666265e-05  5.76671149502e-05  5.94083836601e-05  6.02779339213e-05  6.06781805917e-05  6.08487330735e-05  6.09162841494e-05  6.09412332918e-05  6.09498044969e-05  6.095236381e-05  6.095236381e-05  6.09498044969e-05  6.09412332918e-05  6.09162841494e-05  6.08487330735e-05  6.06781805917e-05  6.02779339213e-05  5.94083836601e-05  5.76671149502e-05  5.44679666265e-05  4.91011503588e-05  4.09199704862e-05  2.96395657875e-05  1.56284313247e-05  
3.69087887098e-06  7.00139485018e-06  9.66907401302e-06  1.16061282688e-05  1.28785658132e-05  1.36381503877e-05  1.40521673961e-05  1.42591897391e-05  1.43545923365e-05  1.43952861246e-05  1.44114171207e-05  1.44173787126e-05  1.44194277286e-05  1.44200397186e-05  1.44200397186e-05  1.44194277286e-05  1.44173787126e-05  1.44114171207e-05  1.43952861246e-05  1.43545923365e-05  1.42591897391e-05  1.40521673961e-05  1.36381503877e-05  1.28785658132e-05  1.16061282688e-05  9.66907401302e-06  7.00139485018e-06  3.69087887098e-06  
8.34271113121e-07  1.58285453603e-06  2.18650933445e-06  2.62525395216e-06  2.91377804217e-06  3.08620987675e-06  3.18029959838e-06  3.22739583249e-06  3.24911881434e-06  3.25839164571e-06  3.26206954168e-06  3.26342936187e-06  3.26389685377e-06  3.26403649711e-06  3.26403649711e-06  3.26389685377e-06  3.26342936187e-06  3.26206954168e-06  3.25839164571e-06  3.24911881434e-06  3.22739583249e-06  3.18029959838e-06  3.08620987675e-06  2.91377804217e-06  2.62525395216e-06  2.18650933445e-06  1.58285453603e-06  8.34271113121e-07  
1.8073725731e-07  3.42960780359e-07  4.73851664902e-07  5.6905711886e-07  6.31719592047e-07  6.69202288426e-07  6.89672776642e-07  6.99927138712e-07  7.04660042556e-07  7.0668141609e-07  7.07483453934e-07  7.07780054338e-07  7.07882029785e-07  7.07912489477e-07  7.07912489477e-07  7.07882029785e-07  7.07780054338e-07  7.07483453934e-07  7.0668141609e-07  7.04660042556e-07  6.99927138712e-07  6.89672776643e-07  6.69202288426e-07  6.31719592047e-07  5.6905711886e-07  4.73851664902e-07  3.42960780359e-07  1.8073725731e-07  
3.75768948493e-08  7.1312746234e-08  9.85448338503e-08  1.18364212677e-07  1.31417674833e-07  1.39231151524e-07  1.43501065253e-07  1.45641201523e-07  1.46629423584e-07  1.47051617487e-07  1.47219165389e-07  1.47281128572e-07  1.47302430483e-07  1.47308792212e-07  1.47308792212e-07  1.47302430483e-07  1.47281128572e-07  1.47219165389e-07  1.47051617487e-07  1.46629423584e-07  1.45641201523e-07  1.43501065253e-07  1.39231151524e-07  1.31417674833e-07  1.18364212677e-07  9.85448338503e-08  7.1312746234e-08  3.75768948493e-08  
7.50701137486e-09  1.42479188974e-08  1.96911390955e-08  2.36544638914e-08  2.62660952642e-08  2.78301275043e-08  2.86852237165e-08  2.91139660247e-08  2.93119922546e-08  2.93966060365e-08  2.94301854703e-08  2.94426024774e-08  2.94468702321e-08  2.94481444126e-08  2.94481444126e-08  2.94468702321e-08  2.94426024774e-08  2.94301854703e-08  2.93966060365e-08  2.93119922546e-08  2.91139660247e-08  2.86852237165e-08  2.78301275043e-08  2.62660952642e-08  2.36544638914e-08  1.96911390955e-08  1.42479188974e-08  7.50701137486e-09  
1.44277356542e-09  2.73848821596e-09  3.78502926892e-09  4.54728607751e-09  5.04975189612e-09  5.35076531971e-09  5.51538322784e-09  5.59793844541e-09  5.63607246624e-09  5.65236628671e-09  5.65883167507e-09  5.6612218239e-09  5.66204302198e-09  5.6622881018e-09  5.6622881018e-09  5.66204302198e-09  5.6612218239e-09  5.65883167507e-09  5.65236628671e-09  5.63607246624e-09  5.59793844541e-09  5.51538322784e-09  5.35076531971e-09  5.04975189612e-09  4.54728607751e-09  3.78502926892e-09  2.73848821596e-09  1.44277356542e-09  
2.67049574088e-10  5.06902619536e-10  7.00664311995e-10  8.41823122008e-10  9.34893370046e-10  9.90660041125e-10  1.02116173918e-09  1.03645897752e-09  1.04352474231e-09  1.04654330197e-09  1.04774073661e-09  1.04818323627e-09  1.04833519463e-09  1.04838052296e-09  1.04838052296e-09  1.04833519463e-09  1.04818323627e-09  1.04774073661e-09  1.04654330197e-09  1.04352474231e-09  1.03645897752e-09  1.02116173918e-09  9.90660041125e-10  9.34893370046e-10  8.41823122008e-10  7.00664311995e-10  5.06902619536e-10  2.67049574088e-10  
4.76234764821e-11  9.03995799013e-11  1.24959324233e-10  1.50139880963e-10  1.66744064617e-10  1.76693819433e-10  1.82135882379e-10  1.84864968121e-10  1.86125300401e-10  1.86663571631e-10  1.86877014212e-10  1.86955849955e-10  1.86982906808e-10  1.86990973024e-10  1.86990973024e-10  1.86982906808e-10  1.86955849955e-10  1.86877014212e-10  1.86663571631e-10  1.86125300401e-10  1.84864968121e-10  1.82135882379e-10  1.76693819433e-10  1.66744064617e-10  1.50139880963e-10  1.24959324233e-10  9.03995799013e-11  4.76234764821e-11  
7.98823751089e-12  1.51636129026e-11  2.09610436927e-11  2.51853070385e-11  2.79708648513e-11  2.96400109562e-11  3.05528681014e-11  3.10105644077e-11  3.12218771713e-11  3.13120922928e-11  3.13478486205e-11  3.13610477722e-11  3.13655748429e-11  3.13669236138e-11  3.13669236138e-11  3.13655748429e-11  3.13610477722e-11  3.13478486205e-11  3.13120922928e-11  3.12218771713e-11  3.10105644077e-11  3.05528681014e-11  2.96400109562e-11  2.79708648513e-11  2.51853070385e-11  2.09610436927e-11  1.51636129026e-11  7.98823751089e-12  
