1000.0  1000.0  1000.0  1000.0  1000.0  1000.0  1000.0  1000.0  1000.0  1000.0  1000.0  1000.0  1000.0  1000.0  1000.0  1000.0  1000.0  1000.0  1000.0  1000.0  1000.0  1000.0  1000.0  1000.0  1000.0  1000.0  1000.0  1000.0  
268.991356333  434.185060741  526.709020601  577.516848247  605.294541129  620.396129998  628.513470395  632.80114644  635.015307345  636.128620164  636.671810897  636.927659443  637.041773157  637.084699006  637.084699006  637.041773157  636.927659443  636.671810897  636.128620164  635.015307345  632.80114644  628.513470395  620.396129998  605.294541129  577.516848247  526.709020601  434.185060741  268.991356333  
162.653399403  284.469159438  364.568787354  413.887513077  443.06507307  459.80856982  469.150617754  474.216183637  476.881650838  478.240468924  478.910305609  479.228275274  479.370921457  479.424785121  479.424785121  479.370921457  479.228275274  478.910305609  478.240468924  476.881650838  474.216183637  469.150617754  459.80856982  443.06507307  413.887513077  364.568787354  284.469159438  162.653399403  
101.688465877  185.293053168  245.867506134  286.300793805  311.767765982  327.089401305  335.94609882  340.877750979  343.525431522  344.896096892  345.579859915  345.907455738  346.05545506  346.111601432  346.111601432  346.05545506  345.907455738  345.579859915  344.896096892  343.525431522  340.877750979  335.94609882  327.089401305  311.767765982  286.300793805  245.867506134  185.293053168  101.688465877  
63.7697182951  118.801256525  161.156692296  191.078066691  210.854105789  223.227158556  230.606213087  234.817808032  237.123505845  238.335783516  238.948058686  239.244307903  239.379168477  239.430593281  239.430593281  239.379168477  239.244307903  238.948058686  238.335783516  237.123505845  234.817808032  230.606213087  223.227158556  210.854105789  191.078066691  161.156692296  118.801256525  63.7697182951  
39.4047686585  74.3542621051  102.319512048  122.883319426  136.982195302  146.087077631  151.663190413  154.916360784  156.729723177  157.697317473  158.191955464  158.433653322  158.54453537  158.587040009  158.587040009  158.54453537  158.433653322  158.191955464  157.697317473  156.729723177  154.916360784  151.663190413  146.087077631  136.982195302  122.883319426  102.319512048  74.3542621051  39.4047686585  
23.7427193333  45.1550943888  62.7378201756  76.0440831133  85.4253208964  91.6391171241  95.529983161  97.843521357  99.1540556107  99.8628925313  100.229396584  100.41018261  100.493748012  100.525947709  100.525947709  100.493748012  100.41018261  100.229396584  99.8628925313  99.1540556107  97.843521357  95.529983161  91.6391171241  85.4253208964  76.0440831133  62.7378201756  45.1550943888  23.7427193333  
13.8627777874  26.5007513366  37.0652538132  45.2297138149  51.1102618925  55.0849682064  57.6199113075  59.1518784461  60.0320346435  60.5139281306  60.7657041489  60.8909976695  60.9493270535  60.9719141547  60.9719141547  60.9493270535  60.8909976695  60.7657041489  60.5139281306  60.0320346435  59.1518784461  57.6199113075  55.0849682064  51.1102618925  45.2297138149  37.0652538132  26.5007513366  13.8627777874  
7.81404114105  14.9903798764  21.0659948077  25.8351190505  29.3273965096  31.7264112059  33.2797896391  34.2315685438  34.7851415338  35.0915193894  35.2531075036  35.3341721683  35.3721615669  35.3869404842  35.3869404842  35.3721615669  35.3341721683  35.2531075036  35.0915193894  34.7851415338  34.2315685438  33.2797896391  31.7264112059  29.3273965096  25.8351190505  21.0659948077  14.9903798764  7.81404114105  
4.24260241218  8.15942642614  11.5064668843  14.1649568299  16.1370017176  17.5094713991  18.4093448795  18.967161581  19.2950503018  19.4782520363  19.5756905759  19.6249315184  19.6481472726  19.6572173342  19.6572173342  19.6481472726  19.6249315184  19.5756905759  19.4782520363  19.2950503018  18.967161581  18.4093448795  17.5094713991  16.1370017176  14.1649568299  11.5064668843  8.15942642614  4.24260241218  
2.21597631551  4.2696851631  6.03694221667  7.45346332786  8.51501466758  9.2616561536  9.75629693283  10.0659433436  10.2496194609  10.3530992494  10.4085477303  10.4367530146  10.4501239839  10.4553680935  10.4553680935  10.4501239839  10.4367530146  10.4085477303  10.3530992494  10.2496194609  10.0659433436  9.75629693283  9.2616561536  8.51501466758  7.45346332786  6.03694221667  4.2696851631  2.21597631551  
1.1127458644  2.14701437262  3.04180854557  3.76414378881  4.30990572138  4.6970870252  4.95580790725  5.11911860601  5.21675120487  5.27215410908  5.30203662043  5.31732611394  5.32460994472  5.3274766753  5.3274766753  5.32460994472  5.31732611394  5.30203662043  5.27215410908  5.21675120487  5.11911860601  4.95580790725  4.6970870252  4.30990572138  3.76414378881  3.04180854557  2.14701437262  1.1127458644  
0.537075231838  1.03739692161  1.47206832723  1.82495368224  2.09334208966  2.28509769598  2.41415635367  2.4961965548  2.5455732112  2.57376905198  2.5890649555  2.59693179536  2.60069600825  2.6021821622  2.6021821622  2.60069600825  2.59693179536  2.5890649555  2.57376905198  2.5455732112  2.4961965548  2.41415635367  2.28509769598  2.09334208966  1.82495368224  1.47206832723  1.03739692161  0.537075231838  
0.249185692035  0.481730731751  0.684437096548  0.849754131573  0.976165586178  1.0670133403  1.1285271156  1.16786481706  1.19167758733  1.20534989969  1.21280460204  1.21665623547  1.21850642533  1.21923895195  1.21923895195  1.21850642533  1.21665623547  1.21280460204  1.20534989969  1.19167758733  1.16786481706  1.1285271156  1.0670133403  0.976165586178  0.849754131573  0.684437096548  0.481730731751  0.249185692035  
0.111171105315  0.215065529516  0.305872778093  0.380205686592  0.437297784658  0.478528721425  0.506588821502  0.524624778747  0.535597083911  0.541926863883  0.545393462475  0.547191812758  0.548058679132  0.548402746435  0.548402746435  0.548058679132  0.547191812758  0.545393462475  0.541926863883  0.535597083911  0.524624778747  0.506588821502  0.478528721425  0.437297784658  0.380205686592  0.305872778093  0.215065529516  0.111171105315  
0.0477131301342  0.0923545938907  0.131458474002  0.163565877575  0.188317253055  0.206265574507  0.218533173709  0.226452747156  0.231291367577  0.234094234381  0.23563524269  0.236437518123  0.236825432105  0.236979740459  0.236979740459  0.236825432105  0.236437518123  0.23563524269  0.234094234381  0.231291367577  0.226452747156  0.218533173709  0.206265574507  0.188317253055  0.163565877575  0.131458474002  0.0923545938907  0.0477131301342  
0.0197107155554  0.0381699436041  0.0543686713885  0.0677028330941  0.0780137561709  0.0855165159381  0.0906634309072  0.0939985525837  0.0960437700261  0.0972327598136  0.0978886912029  0.0982312534942  0.0983973386088  0.0984635355254  0.0984635355254  0.0983973386088  0.0982312534942  0.0978886912029  0.0972327598136  0.0960437700261  0.0939985525837  0.0906634309072  0.0855165159381  0.0780137561709  0.0677028330941  0.0543686713885  0.0381699436041  0.0197107155554  
0.00784255751838  0.0151929283037  0.0216528980165  0.0269817652991  0.0311131233224  0.0341281218347  0.0362028959059  0.037551642883  0.0383813981283  0.0388652863423  0.0391330299553  0.0392732463201  0.039341390774  0.039368598476  0.039368598476  0.039341390774  0.0392732463201  0.0391330299553  0.0388652863423  0.0383813981283  0.037551642883  0.0362028959059  0.0341281218347  0.0311131233224  0.0269817652991  0.0216528980165  0.0151929283037  0.00784255751838  
0.00300743962361  0.0058279841306  0.00830998720005  0.0103610598829  0.0119547074591  0.0131206273673  0.0139251081754  0.0144495262324  0.014773047924  0.0149622300939  0.0150671811221  0.0151222770229  0.0151491099487  0.015159839833  0.015159839833  0.0151491099487  0.0151222770229  0.0150671811221  0.0149622300939  0.014773047924  0.0144495262324  0.0139251081754  0.0131206273673  0.0119547074591  0.0103610598829  0.00830998720005  0.0058279841306  0.00300743962361  
0.00111231062261  0.00215607285485  0.0030755339999  0.0038365044608  0.00442887020459  0.0048631718395  0.00516352898621  0.00535979188047  0.00548116168768  0.00555230226902  0.00559185847779  0.00561266844671  0.00562282220256  0.00562688794579  0.00562688794579  0.00562282220256  0.00561266844671  0.00559185847779  0.00555230226902  0.00548116168768  0.00535979188047  0.00516352898621  0.0048631718395  0.00442887020459  0.0038365044608  0.0030755339999  0.00215607285485  0.00111231062261  
0.000397062246794  0.000769828678593  0.00109849928171  0.00137086543875  0.00158322303859  0.00173920080328  0.00184728696376  0.00191806008838  0.0019619181852  0.00198767867874  0.00200203085046  0.0020095954229  0.00201329240831  0.00201477450324  0.00201477450324  0.00201329240831  0.0020095954229  0.00200203085046  0.00198767867874  0.0019619181852  0.00191806008838  0.00184728696376  0.00173920080328  0.00158322303859  0.00137086543875  0.00109849928171  0.000769828678593  0.000397062246794  
0.000136902324881  0.000265478777571  0.000378932747714  0.000473054164409  0.000546538786226  0.000600598461937  0.000638123715566  0.000662738695777  0.000678020353914  0.000687012366406  0.000692030899488  0.000694680328035  0.000695977016723  0.000696497390366  0.000696497390366  0.000695977016723  0.000694680328035  0.000692030899488  0.000687012366406  0.000678020353914  0.000662738695777  0.000638123715566  0.000600598461937  0.000546538786226  0.000473054164409  0.000378932747714  0.000265478777571  0.000136902324881  
4.56245771442e-05  8.84889694753e-05  0.000126336769167  0.000157764829796  0.000182330872369  0.000200427584121  0.000213007899323  0.000221272863113  0.000226412088608  0.000229440847897  0.000231133798111  0.000232028829328  0.000232467423944  0.000232643595978  0.000232643595978  0.000232467423944  0.000232028829328  0.000231133798111  0.000229440847897  0.000226412088608  0.000221272863113  0.000213007899323  0.000200427584121  0.000182330872369  0.000157764829796  0.000126336769167  8.84889694753e-05  4.56245771442e-05  
1.47073829134e-05  2.8529012472e-05  4.07399242848e-05  5.08878080338e-05  5.88280094938e-05  6.46840296615e-05  6.87601683994e-05  7.14416929465e-05  7.31113740349e-05  7.40967277008e-05  7.46482274349e-05  7.49401567116e-05  7.50833669472e-05  7.51409361877e-05  7.51409361877e-05  7.50833669472e-05  7.49401567116e-05  7.46482274349e-05  7.40967277008e-05  7.31113740349e-05  7.14416929465e-05  6.87601683994e-05  6.46840296615e-05  5.88280094938e-05  5.08878080338e-05  4.07399242848e-05  2.8529012472e-05  1.47073829134e-05  
4.58901143484e-06  8.90272284717e-06  1.27155766343e-05  1.58864490888e-05  1.83696523717e-05  2.02028961214e-05  2.14803513487e-05  2.23217140923e-05  2.28462201378e-05  2.31561203959e-05  2.33297695426e-05  2.34217873112e-05  2.34669704435e-05  2.34851460689e-05  2.34851460689e-05  2.34669704435e-05  2.34217873112e-05  2.33297695426e-05  2.31561203959e-05  2.28462201378e-05  2.23217140923e-05  2.14803513487e-05  2.02028961214e-05  1.83696523717e-05  1.58864490888e-05  1.27155766343e-05  8.90272284717e-06  4.58901143484e-06  
1.38648059246e-06  2.69006287166e-06  3.84276717396e-06  4.80195861811e-06  5.55369127851e-06  6.10914458388e-06  6.4965681314e-06  6.75199060995e-06  6.91138436716e-06  7.00565696021e-06  7.05853379349e-06  7.08657951834e-06  7.10036184459e-06  7.10590925491e-06  7.10590925491e-06  7.10036184459e-06  7.08657951834e-06  7.05853379349e-06  7.00565696021e-06  6.91138436716e-06  6.75199060995e-06  6.4965681314e-06  6.10914458388e-06  5.55369127851e-06  4.80195861811e-06  3.84276717396e-06  2.69006287166e-06  1.38648059246e-06  
4.04134673703e-07  7.84174755244e-07  1.12034708144e-06  1.40022528065e-06  1.61970937662e-06  1.78200511196e-06  1.89529651402e-06  1.97005159058e-06  2.01674240963e-06  2.0443813907e-06  2.05989691528e-06  2.06813276554e-06  2.07218282236e-06  2.0738137836e-06  2.0738137836e-06  2.07218282236e-06  2.06813276554e-06  2.05989691528e-06  2.0443813907e-06  2.01674240963e-06  1.97005159058e-06  1.89529651402e-06  1.78200511196e-06  1.61970937662e-06  1.40022528065e-06  1.12034708144e-06  7.84174755244e-07  4.04134673703e-07  
1.06939809851e-07  2.07517953851e-07  2.96510739774e-07  3.70630197612e-07  4.28784267662e-07  4.7181039609e-07  5.01863865404e-07  5.21707703634e-07  5.34110218151e-07  5.41456903198e-07  5.45583738977e-07  5.47775642791e-07  5.4885409765e-07  5.4928855671e-07  5.4928855671e-07  5.4885409765e-07  5.47775642791e-07  5.45583738977e-07  5.41456903198e-07  5.34110218151e-07  5.21707703634e-07  5.01863865404e-07  4.7181039609e-07  4.28784267662e-07  3.70630197612e-07  2.96510739774e-07  2.07517953851e-07  1.06939809851e-07  
