1000.0  1000.0  1000.0  1000.0  1000.0  1000.0  1000.0  1000.0  1000.0  1000.0  1000.0  1000.0  1000.0  1000.0  1000.0  1000.0  1000.0  1000.0  1000.0  1000.0  1000.0  1000.0  1000.0  1000.0  1000.0  1000.0  1000.0  1000.0  
289.101353759  473.647120108  584.098323509  650.904551308  692.449853225  718.991089679  736.299281415  747.736453584  755.33997058  760.387459832  763.69931524  765.806576934  767.047010257  767.620663484  767.620663484  767.047010257  765.806576934  763.69931524  760.387459832  755.33997058  747.736453584  736.299281415  718.991089679  692.449853225  650.904551308  584.098323509  473.647120108  289.101353759  
190.038431089  338.213680903  442.744216672  513.881455576  561.853603604  594.232563469  616.154236511  631.020991293  641.087455312  647.858650938  652.344211073  655.217941289  656.917489188  657.7056258  657.7056258  656.917489188  655.217941289  652.344211073  647.858650938  641.087455312  631.020991293  616.154236511  594.232563469  561.853603604  513.881455576  442.744216672  338.213680903  190.038431089  
133.621364493  247.973683722  337.065969984  402.993972261  450.452123314  484.099103776  507.728435551  524.195229306  535.57396452  543.345464564  548.552812521  551.917066655  553.91830244  554.849538868  554.849538868  553.91830244  551.917066655  548.552812521  543.345464564  535.57396452  524.195229306  507.728435551  484.099103776  450.452123314  402.993972261  337.065969984  247.973683722  133.621364493  
97.4414583102  184.909389211  257.375378777  314.250664731  357.31670936  389.138528865  412.234591875  428.752733334  440.401206902  448.483964831  453.966493049  457.541202663  459.681405061  460.681160999  460.681160999  459.681405061  457.541202663  453.966493049  448.483964831  440.401206902  428.752733334  412.234591875  389.138528865  357.31670936  314.250664731  257.375378777  184.909389211  97.4414583102  
72.333974329  139.021486412  196.480258655  243.487265523  280.482194353  308.755319058  329.867414704  345.325448862  356.437189042  364.267564354  369.644371986  373.183238661  375.316237364  376.316670602  376.316670602  375.316237364  373.183238661  369.644371986  364.267564354  356.437189042  345.325448862  329.867414704  308.755319058  280.482194353  243.487265523  196.480258655  139.021486412  72.333974329  
54.0451123656  104.681746234  149.455332311  187.1846623  217.763267582  241.774840663  260.139597456  273.866323282  283.907026726  291.085837435  296.073557193  299.386640091  301.396871711  302.343549324  302.343549324  301.396871711  299.386640091  296.073557193  291.085837435  283.907026726  273.866323282  260.139597456  241.774840663  217.763267582  187.1846623  149.455332311  104.681746234  54.0451123656  
40.354697548  78.5597143368  112.94502048  142.549075634  167.087075172  186.777662345  202.141165464  213.830786436  222.514984218  228.806529613  233.225991373  236.187296536  237.995585827  238.850504147  238.850504147  237.995585827  236.187296536  233.225991373  228.806529613  222.514984218  213.830786436  202.141165464  186.777662345  167.087075172  142.549075634  112.94502048  78.5597143368  40.354697548  
29.9724947519  58.5498445787  84.594628088  107.376503611  126.589301938  142.276594298  154.720543668  164.333711817  171.573032965  176.880321269  180.645944978  183.189608223  184.752186794  185.493674258  185.493674258  184.752186794  183.189608223  180.645944978  176.880321269  171.573032965  164.333711817  154.720543668  142.276594298  126.589301938  107.376503611  84.594628088  58.5498445787  29.9724947519  
22.0724844609  43.2235416958  62.6773333804  79.8986471875  94.6190711012  106.807194805  116.608558039  124.278601982  130.123243668  134.453316996  137.553457887  139.663093226  140.966209922  141.58669803  141.58669803  140.966209922  139.663093226  137.553457887  134.453316996  130.123243668  124.278601982  116.608558039  106.807194805  94.6190711012  79.8986471875  62.6773333804  43.2235416958  22.0724844609  
16.0802614982  31.5462669543  45.8690600379  58.6651632501  69.7198276393  78.9766792278  86.5056492334  92.4622107743  97.0477456864  100.476537082  102.951265466  104.646559361  105.699004494  106.201707189  106.201707189  105.699004494  104.646559361  102.951265466  100.476537082  97.0477456864  92.4622107743  86.5056492334  78.9766792278  69.7198276393  58.6651632501  45.8690600379  31.5462669543  16.0802614982  
11.5699263987  22.7290312093  33.1177621636  42.4659782048  50.6107259735  57.4939117875  63.1453149403  67.6580757208  71.1628620267  73.8048278322  75.725341922  77.0488434375  77.8742044361  78.2695614644  78.2695614644  77.8742044361  77.0488434375  75.725341922  73.8048278322  71.1628620267  67.6580757208  63.1453149403  57.4939117875  50.6107259735  42.4659782048  33.1177621636  22.7290312093  11.5699263987  
8.21163631914  16.1488633894  23.5686109583  30.2833551407  36.1738251333  41.1896544606  45.3404497612  48.6811464168  51.2954369562  53.2801121282  54.7319586638  55.7378108873  56.3676286575  56.6700905199  56.6700905199  56.3676286575  55.7378108873  54.7319586638  53.2801121282  51.2954369562  48.6811464168  45.3404497612  41.1896544606  36.1738251333  30.2833551407  23.5686109583  16.1488633894  8.21163631914  
5.74363723029  11.304847838  16.5205539016  21.2623867868  25.4454310558  29.0297139974  32.0155484939  34.434820802  36.3404877839  37.7961537794  38.8669525799  39.6123170254  40.0807216329  40.3061824185  40.3061824185  40.0807216329  39.6123170254  38.8669525799  37.7961537794  36.3404877839  34.434820802  32.0155484939  29.0297139974  25.4454310558  21.2623867868  16.5205539016  11.304847838  5.74363723029  
3.95634682313  7.7923083327  11.3994999837  14.6912620131  17.6085250813  20.1212990551  22.2262694596  23.9416318162  25.3005017221  26.3440951313  27.1155364123  27.6547704221  27.9947310141  28.1587015443  28.1587015443  27.9947310141  27.6547704221  27.1155364123  26.3440951313  25.3005017221  23.9416318162  22.2262694596  20.1212990551  17.6085250813  14.6912620131  11.3994999837  7.7923083327  3.95634682313  
2.68234703598  5.28599553892  7.7396926287  9.98575892469  11.983946847  13.7126560264  15.1677091539  16.3592994889  17.3078938685  18.0398378166  18.5832382944  18.9644792588  19.2055218938  19.3219939152  19.3219939152  19.2055218938  18.9644792588  18.5832382944  18.0398378166  17.3078938685  16.3592994889  15.1677091539  13.7126560264  11.983946847  9.98575892469  7.7396926287  5.28599553892  2.68234703598  
1.78923147661  3.52757958441  5.1687663465  6.67495557433  8.01924832158  9.1865845981  10.1731304719  10.9844813755  11.6331379494  12.1357134471  12.5102473717  12.7738752449  12.9409802849  13.0218565123  13.0218565123  12.9409802849  12.7738752449  12.5102473717  12.1357134471  11.6331379494  10.9844813755  10.1731304719  9.1865845981  8.01924832158  6.67495557433  5.1687663465  3.52757958441  1.78923147661  
1.17384054499  2.31518290028  3.39436116721  4.38692369628  5.27522209839  6.04904252429  6.70530552692  7.24701358477  7.6817104465  8.01973067024  8.27247748604  8.45089766858  8.5642479877  8.61918691876  8.61918691876  8.5642479877  8.45089766858  8.27247748604  8.01973067024  7.6817104465  7.24701358477  6.70530552692  6.04904252429  5.27522209839  4.38692369628  3.39436116721  2.31518290028  1.17384054499  
0.757244160877  1.49400549388  2.19152936454  2.834253858  3.41080644569  3.91442826015  4.34283132498  4.69758559595  4.98318785016  5.2059791805  5.37305942795  5.49130880777  5.5665835409  5.60311475569  5.60311475569  5.5665835409  5.49130880777  5.37305942795  5.2059791805  4.98318785016  4.69758559595  4.34283132498  3.91442826015  3.41080644569  2.834253858  2.19152936454  1.49400549388  0.757244160877  
0.480248120739  0.947766184443  1.39086859566  1.79980480499  2.16737515455  2.48920709967  2.76368990858  2.99162011867  3.17564470472  3.31960069493  3.42784199849  3.50462361298  3.55358832321  3.57737834248  3.57737834248  3.55358832321  3.50462361298  3.42784199849  3.31960069493  3.17564470472  2.99162011867  2.76368990858  2.48920709967  2.16737515455  1.79980480499  1.39086859566  0.947766184443  0.480248120739  
0.299387354422  0.590978043084  0.867599774322  1.12323971161  1.35341932432  1.55536948719  1.72800223949  1.87170732906  1.98802292388  2.07923828068  2.14798299846  2.19684648787  2.22805704566  2.24323650324  2.24323650324  2.22805704566  2.19684648787  2.14798299846  2.07923828068  1.98802292388  1.87170732906  1.72800223949  1.55536948719  1.35341932432  1.12323971161  0.867599774322  0.590978043084  0.299387354422  
0.183431299197  0.362159402219  0.531849885153  0.688854451462  0.830435641902  0.954875242932  1.06146310239  1.15038141512  1.22251230081  1.27920210265  1.32201476978  1.35250088846  1.37200094168  1.38149356528  1.38149356528  1.37200094168  1.35250088846  1.32201476978  1.27920210265  1.22251230081  1.15038141512  1.06146310239  0.954875242932  0.830435641902  0.688854451462  0.531849885153  0.362159402219  0.183431299197  
0.110425462189  0.218058161433  0.320320305039  0.415034713036  0.500557436558  0.575843427878  0.640442786737  0.694435603394  0.738320933171  0.772879004222  0.799025534824  0.817674017306  0.82961740728  0.835436183505  0.835436183505  0.82961740728  0.817674017306  0.799025534824  0.772879004222  0.738320933171  0.694435603394  0.640442786737  0.575843427878  0.500557436558  0.415034713036  0.320320305039  0.218058161433  0.110425462189  
0.0652665059103  0.128902201748  0.189399793298  0.245482479091  0.296180940221  0.340872285735  0.37927926861  0.411434012071  0.437614830506  0.458266916845  0.473917731032  0.48509637221  0.492263804777  0.495758287764  0.495758287764  0.492263804777  0.48509637221  0.473917731032  0.458266916845  0.437614830506  0.411434012071  0.37927926861  0.340872285735  0.296180940221  0.245482479091  0.189399793298  0.128902201748  0.0652665059103  
0.0377772282566  0.0746204700147  0.109665487991  0.142178351921  0.171599291814  0.197565272945  0.219910219125  0.238645103319  0.25392258678  0.265992186016  0.275152073711  0.281702833244  0.285907188907  0.287958338605  0.287958338605  0.285907188907  0.281702833244  0.275152073711  0.265992186016  0.25392258678  0.238645103319  0.219910219125  0.197565272945  0.171599291814  0.142178351921  0.109665487991  0.0746204700147  0.0377772282566  
0.0212231362714  0.0419262961834  0.0616278714432  0.0799180011213  0.0964828667341  0.11111737759  0.123725601608  0.134310082747  0.14295254304  0.149789208713  0.154984111114  0.158703322496  0.161092404226  0.162258591985  0.162258591985  0.161092404226  0.158703322496  0.154984111114  0.149789208713  0.14295254304  0.134310082747  0.123725601608  0.11111737759  0.0964828667341  0.0799180011213  0.0616278714432  0.0419262961834  0.0212231362714  
0.0111974198968  0.0221224761938  0.0325227112775  0.0421829183996  0.0509378159491  0.0586787373569  0.0653539805502  0.0709633769515  0.0755483444929  0.0791790845131  0.0819406567988  0.0839194816064  0.0851914766126  0.0858126524959  0.0858126524959  0.0851914766126  0.0839194816064  0.0819406567988  0.0791790845131  0.0755483444929  0.0709633769515  0.0653539805502  0.0586787373569  0.0509378159491  0.0421829183996  0.0325227112775  0.0221224761938  0.0111974198968  
0.00479536976132  0.00947465881024  0.0139302165129  0.0180701753046  0.0218238375053  0.025144538697  0.0280098309571  0.0304192142249  0.0323899424779  0.033951601733  0.035140193014  0.0359923797407  0.0365404183996  0.0368081305204  0.0368081305204  0.0365404183996  0.0359923797407  0.035140193014  0.033951601733  0.0323899424779  0.0304192142249  0.0280098309571  0.025144538697  0.0218238375053  0.0180701753046  0.0139302165129  0.00947465881024  0.00479536976132  
