1000.0  1000.0  1000.0  1000.0  1000.0  1000.0  1000.0  1000.0  1000.0  1000.0  1000.0  1000.0  1000.0  1000.0  1000.0  1000.0  1000.0  1000.0  1000.0  1000.0  1000.0  1000.0  1000.0  1000.0  1000.0  1000.0  1000.0  1000.0  
286.458017498  468.422129195  576.410785891  640.923003217  680.38146148  705.06928167  720.771133052  730.851087256  737.338987269  741.498104478  744.130711888  745.749023718  746.67403133  747.093293876  747.093293876  746.67403133  745.749023718  744.130711888  741.498104478  737.338987269  730.851087256  720.771133052  705.06928167  680.38146148  640.923003217  576.410785891  468.422129195  286.458017498  
186.30127842  330.826569534  431.875520123  499.769422354  544.791095394  574.549570667  594.200051233  607.147807515  615.636843775  621.151897084  624.676991934  626.859327431  628.112843776  628.682660157  628.682660157  628.112843776  626.859327431  624.676991934  621.151897084  615.636843775  607.147807515  594.200051233  574.549570667  544.791095394  499.769422354  431.875520123  330.826569534  186.30127842  
129.034429728  238.906815117  323.725790266  385.672856183  429.509472359  459.939893282  480.781340855  494.892502112  504.334835788  510.564286723  514.592525317  517.107969924  518.561611023  519.224811049  519.224811049  518.561611023  517.107969924  514.592525317  510.564286723  504.334835788  494.892502112  480.781340855  459.939893282  429.509472359  385.672856183  323.725790266  238.906815117  129.034429728  
92.2862271713  174.719156035  242.382312588  294.78329397  333.778886515  361.985330287  381.947743639  395.818002127  405.289751541  411.639011266  415.795989742  418.416438107  419.940998287  420.639404471  420.639404471  419.940998287  418.416438107  415.795989742  411.639011266  405.289751541  395.818002127  381.947743639  361.985330287  333.778886515  294.78329397  242.382312588  174.719156035  92.2862271713  
66.9008247721  128.281861118  180.678774587  222.970072177  255.674817082  280.137273251  297.94631941  310.613208754  319.430346926  325.433260259  329.412601418  331.94539147  333.429297152  334.111999814  334.111999814  333.429297152  331.94539147  329.412601418  325.433260259  319.430346926  310.613208754  297.94631941  280.137273251  255.674817082  222.970072177  180.678774587  128.281861118  66.9008247721  
48.6067426902  93.9317589666  133.638498886  166.647358739  192.931311516  213.128097173  228.186082635  239.118375021  246.861645824  252.210636072  255.799008355  258.104610176  259.464816618  260.093299065  260.093299065  259.464816618  258.104610176  255.799008355  252.210636072  246.861645824  239.118375021  228.186082635  213.128097173  192.931311516  166.647358739  133.638498886  93.9317589666  48.6067426902  
35.1448240368  68.2613459796  97.792555765  122.87422057  143.297628019  159.33320408  171.528267709  180.540196349  187.022799809  191.560741769  194.639057396  196.634729053  197.819964475  198.369881272  198.369881272  197.819964475  196.634729053  194.639057396  191.560741769  187.022799809  180.540196349  171.528267709  159.33320408  143.297628019  122.87422057  97.792555765  68.2613459796  35.1448240368  
25.1718748805  49.0603990078  70.6322501937  89.2467212274  104.667745799  116.986616489  126.510390025  133.655512444  138.865464857  142.556210798  145.085423221  146.738805144  147.726919381  148.187181698  148.187181698  147.726919381  146.738805144  145.085423221  142.556210798  138.865464857  133.655512444  126.510390025  116.986616489  104.667745799  89.2467212274  70.6322501937  49.0603990078  25.1718748805  
17.8029083592  34.7837677609  50.259281579  63.7739276868  75.1216302815  84.3134277502  91.5170229066  96.9913478665  101.030399552  103.92206891  105.921959814  107.239300231  108.031149971  108.401341389  108.401341389  108.031149971  107.239300231  105.921959814  103.92206891  101.030399552  96.9913478665  91.5170229066  84.3134277502  75.1216302815  63.7739276868  50.259281579  34.7837677609  17.8029083592  
12.4058570632  24.2829365927  35.1818839974  44.7877759474  52.9394988688  59.6172161496  64.9099544109  68.9762254644  72.0071950805  74.1974471156  75.7247210457  76.7376949417  77.3498119257  77.6369379676  77.6369379676  77.3498119257  76.7376949417  75.7247210457  74.1974471156  72.0071950805  68.9762254644  64.9099544109  59.6172161496  52.9394988688  44.7877759474  35.1818839974  24.2829365927  12.4058570632  
8.5041712531  16.6687979546  24.2007077363  30.8869331627  36.6092615428  41.340089697  45.1251490724  48.060146539  50.267264691  51.875262661  53.0047395451  53.7585178465  54.2161885616  54.431523052  54.431523052  54.2161885616  53.7585178465  53.0047395451  51.875262661  50.267264691  48.060146539  45.1251490724  41.340089697  36.6092615428  30.8869331627  24.2007077363  16.6687979546  8.5041712531  
5.72797662701  11.2392506426  16.3444965124  20.9024866787  24.8301871322  28.1019373802  30.7402847119  32.802271089  34.3647485272  35.5112619604  36.3218069296  36.8657362909  37.1974142916  37.3538987622  37.3538987622  37.1974142916  36.8657362909  36.3218069296  35.5112619604  34.3647485272  32.802271089  30.7402847119  28.1019373802  24.8301871322  20.9024866787  16.3444965124  11.2392506426  5.72797662701  
3.78757418381  7.43813868438  10.8309167743  13.8739832115  16.5109541141  18.7213185147  20.5155956328  21.9273538668  23.0041911082  23.7993101538  24.3646500138  24.7459016088  24.9792775  25.0896558508  25.0896558508  24.9792775  24.7459016088  24.3646500138  23.7993101538  23.0041911082  21.9273538668  20.5155956328  18.7213185147  16.5109541141  13.8739832115  10.8309167743  7.43813868438  3.78757418381  
2.4571690417  4.8287359974  7.03871527901  9.02836332109  10.7604719427  12.2199702479  13.4113781062  14.3541990943  15.0774647596  15.6144439372  15.9981722527  16.2580836282  16.4177309495  16.4934057625  16.4934057625  16.4177309495  16.2580836282  15.9981722527  15.6144439372  15.0774647596  14.3541990943  13.4113781062  12.2199702479  10.7604719427  9.02836332109  7.03871527901  4.8287359974  2.4571690417  
1.56321495114  3.0736767972  4.48430117302  5.75823623046  6.87154880662  7.81377826918  8.58660506359  9.20121378268  9.6750408734  10.0285190349  10.2822430449  10.4547672582  10.5610633639  10.611548942  10.611548942  10.5610633639  10.4547672582  10.2822430449  10.0285190349  9.6750408734  9.20121378268  8.58660506359  7.81377826918  6.87154880662  5.75823623046  4.48430117302  3.0736767972  1.56321495114  
0.974907635512  1.91779535213  2.79995792428  3.59870501363  4.2990049366  4.89390537422  5.38384195714  5.77514284997  6.07811772201  6.30509250893  6.46865514827  6.58025690356  6.64920541476  6.68201068242  6.68201068242  6.64920541476  6.58025690356  6.46865514827  6.30509250893  6.07811772201  5.77514284997  5.38384195714  4.89390537422  4.2990049366  3.59870501363  2.79995792428  1.91779535213  0.974907635512  
0.595887078828  1.17265250944  1.71309255724  2.20349835281  2.634641327  3.00206338542  3.30572071717  3.5491443271  3.73833341651  3.88059090932  3.98346172909  4.05386790929  4.09747153484  4.11825069794  4.11825069794  4.09747153484  4.05386790929  3.98346172909  3.88059090932  3.73833341651  3.5491443271  3.30572071717  3.00206338542  2.634641327  2.20349835281  1.71309255724  1.17265250944  0.595887078828  
0.356902038783  0.702578726437  1.02690073712  1.32174268559  1.5815623502  1.80358887043  1.98764091253  2.13566066805  2.25108258434  2.33815588681  2.40131565758  2.44466113684  2.47156405987  2.48440268933  2.48440268933  2.47156405987  2.44466113684  2.40131565758  2.33815588681  2.25108258434  2.13566066805  1.98764091253  1.80358887043  1.5815623502  1.32174268559  1.02690073712  0.702578726437  0.356902038783  
0.209447260486  0.412420599025  0.603063793176  0.776653108651  0.92993123075  1.06122394016  1.17034822236  1.25835671365  1.32718311918  1.37925518156  1.41712982136  1.44318578345  1.45938916408  1.46713153072  1.46713153072  1.45938916408  1.44318578345  1.41712982136  1.37925518156  1.32718311918  1.25835671365  1.17034822236  1.06122394016  0.92993123075  0.776653108651  0.603063793176  0.412420599025  0.209447260486  
0.120425345637  0.237184473698  0.346954092008  0.447041050385  0.535571196099  0.611559132884  0.674862293943  0.726042620263  0.766170541801  0.796607871888  0.818800420984  0.834100982304  0.843632443655  0.848191962398  0.848191962398  0.843632443655  0.834100982304  0.818800420984  0.796607871888  0.766170541801  0.726042620263  0.674862293943  0.611559132884  0.535571196099  0.447041050385  0.346954092008  0.237184473698  0.120425345637  
0.0678372192247  0.133636500067  0.195547271969  0.252063910614  0.302130517735  0.34518135342  0.381118152457  0.410236292056  0.433118191253  0.450513738833  0.463224768239  0.472005330274  0.477483672284  0.480106979234  0.480106979234  0.477483672284  0.472005330274  0.463224768239  0.450513738833  0.433118191253  0.410236292056  0.381118152457  0.34518135342  0.302130517735  0.252063910614  0.195547271969  0.133636500067  0.0678372192247  
0.0374373009232  0.0737630132842  0.107966227003  0.139221675462  0.16694676155  0.190824348263  0.210791695314  0.227001625136  0.239765519206  0.249488670315  0.256607205395  0.261533100378  0.264610732383  0.266085799592  0.266085799592  0.264610732383  0.261533100378  0.256607205395  0.249488670315  0.239765519206  0.227001625136  0.210791695314  0.190824348263  0.16694676155  0.139221675462  0.107966227003  0.0737630132842  0.0374373009232  
0.0202354577321  0.0398762561363  0.0583808942211  0.0753060220634  0.0903368764317  0.103299797293  0.114156903456  0.122985982881  0.12995053842  0.135265489215  0.139163418454  0.141864901725  0.14355485909  0.14436549396  0.14436549396  0.14355485909  0.141864901725  0.139163418454  0.135265489215  0.12995053842  0.122985982881  0.114156903456  0.103299797293  0.0903368764317  0.0753060220634  0.0583808942211  0.0398762561363  0.0202354577321  
0.0106988247097  0.0210860885351  0.030877765203  0.0398407257717  0.0478086474307  0.0546887116985  0.0604590792735  0.0651586549623  0.0688716433732  0.071709716323  0.0737943339847  0.0752410895218  0.0761471393218  0.0765820679448  0.0765820679448  0.0761471393218  0.0752410895218  0.0737943339847  0.071709716323  0.0688716433732  0.0651586549623  0.0604590792735  0.0546887116985  0.0478086474307  0.0398407257717  0.030877765203  0.0210860885351  0.0106988247097  
0.00550136921395  0.0108437902217  0.0158822244845  0.0204973697623  0.0246037580994  0.0281532317001  0.031133767974  0.0335643887676  0.0354873915365  0.0369593146094  0.0380419235278  0.0387941792439  0.0392657486819  0.0394922593707  0.0394922593707  0.0392657486819  0.0387941792439  0.0380419235278  0.0369593146094  0.0354873915365  0.0335643887676  0.031133767974  0.0281532317001  0.0246037580994  0.0204973697623  0.0158822244845  0.0108437902217  0.00550136921395  
0.0026808342824  0.00528471072053  0.00774135230918  0.00999285263272  0.0119975889566  0.0137319273427  0.0151896975428  0.0163797793376  0.0173223848146  0.0180447095782  0.0185765718357  0.0189465069371  0.0191785958785  0.0192901346681  0.0192901346681  0.0191785958785  0.0189465069371  0.0185765718357  0.0180447095782  0.0173223848146  0.0163797793376  0.0151896975428  0.0137319273427  0.0119975889566  0.00999285263272  0.00774135230918  0.00528471072053  0.0026808342824  
0.00108347482591  0.00213598452705  0.00312923735005  0.00403989424366  0.00485114111902  0.00555338087782  0.00614403403582  0.0066265815739  0.00700908115565  0.00730242452481  0.00751858392024  0.00766903624465  0.00776347897252  0.00780888334609  0.00780888334609  0.00776347897252  0.00766903624465  0.00751858392024  0.00730242452481  0.00700908115565  0.0066265815739  0.00614403403582  0.00555338087782  0.00485114111902  0.00403989424366  0.00312923735005  0.00213598452705  0.00108347482591  
