1000.0  1000.0  1000.0  1000.0  1000.0  1000.0  1000.0  1000.0  1000.0  1000.0  1000.0  1000.0  1000.0  1000.0  1000.0  1000.0  1000.0  1000.0  1000.0  1000.0  1000.0  1000.0  1000.0  1000.0  1000.0  1000.0  1000.0  1000.0  
279.870479892  455.450114144  557.441497808  616.492941265  651.130944873  671.6928609  683.970322177  691.294669939  695.63427466  698.174464934  699.634901967  700.450612758  700.878609776  701.061090648  701.061090648  700.878609776  700.450612758  699.634901967  698.174464934  695.63427466  691.294669939  683.970322177  671.6928609  651.130944873  616.492941265  557.441497808  455.450114144  279.870479892  
177.168706354  312.842721256  405.576803285  465.899113686  504.236382947  528.272889998  543.17362167  552.298641343  557.806909687  561.075272416  562.973359917  564.041461625  564.604885341  564.845900305  564.845900305  564.604885341  564.041461625  562.973359917  561.075272416  557.806909687  552.298641343  543.17362167  528.272889998  504.236382947  465.899113686  405.576803285  312.842721256  177.168706354  
118.127109212  217.427776561  292.315032597  345.21727461  381.067808787  404.660867545  419.825574406  429.366905092  435.245045377  438.787355468  440.869104853  442.051190048  442.678852157  442.94845105  442.94845105  442.678852157  442.051190048  440.869104853  438.787355468  435.245045377  429.366905092  419.825574406  404.660867545  381.067808787  345.21727461  292.315032597  217.427776561  118.127109212  
80.44719057  151.404854991  208.286512064  250.867503349  281.191097774  301.971348607  315.766593469  324.670799028  330.268100699  333.695329722  335.734953232  336.90453544  337.530084843  337.800011443  337.800011443  337.530084843  336.90453544  335.734953232  333.695329722  330.268100699  324.670799028  315.766593469  301.971348607  281.191097774  250.867503349  208.286512064  151.404854991  80.44719057  
54.9387235058  104.724600249  146.226220369  178.592320879  202.530332444  219.483532187  231.054525262  238.696533886  243.591823172  246.635752142  248.470079125  249.532482419  250.104987466  250.353211071  250.353211071  250.104987466  249.532482419  248.470079125  246.635752142  243.591823172  238.696533886  231.054525262  219.483532187  202.530332444  178.592320879  146.226220369  104.724600249  54.9387235058  
37.208739124  71.4847048867  100.808014322  124.356217314  142.281711255  155.316784879  164.423297825  170.559599775  174.557984459  177.080159188  178.618342438  179.517924504  180.006298625  180.219059471  180.219059471  180.006298625  179.517924504  178.618342438  177.080159188  174.557984459  170.559599775  164.423297825  155.316784879  142.281711255  124.356217314  100.808014322  71.4847048867  37.208739124  
24.8213762274  47.9297955302  68.054482204  84.5637679636  97.4113867232  106.953611595  113.750410864  118.410123618  121.492612294  123.462592234  124.677434512  125.394478681  125.78653367  125.958123887  125.958123887  125.78653367  125.394478681  124.677434512  123.462592234  121.492612294  118.410123618  113.750410864  106.953611595  97.4113867232  84.5637679636  68.054482204  47.9297955302  24.8213762274  
16.2368561787  31.4626051847  44.8911004505  56.0825849297  64.9415294593  71.6337336046  76.4776184144  79.8477278155  82.1068043658  83.5675240311  84.477498885  85.0191986054  85.3173646743  85.4484337704  85.4484337704  85.3173646743  85.0191986054  84.477498885  83.5675240311  82.1068043658  79.8477278155  76.4776184144  71.6337336046  64.9415294593  56.0825849297  44.8911004505  31.4626051847  16.2368561787  
10.3848967847  20.1731331558  28.8861061814  36.2348175662  42.1298113805  46.6441713306  49.955416652  52.2881877459  53.8699773274  54.9034105422  55.553114947  55.9429051904  56.1587831892  56.2540658755  56.2540658755  56.1587831892  55.9429051904  55.553114947  54.9034105422  53.8699773274  52.2881877459  49.955416652  46.6441713306  42.1298113805  36.2348175662  28.8861061814  20.1731331558  10.3848967847  
6.48140010391  12.6134799788  18.1099160326  22.7885116669  26.581243156  29.5179905083  31.6959523027  33.246684971  34.308698701  35.0089022212  35.4527234036  35.7208800011  35.8702324905  35.9363990434  35.9363990434  35.8702324905  35.7208800011  35.4527234036  35.0089022212  34.308698701  33.246684971  31.6959523027  29.5179905083  26.581243156  22.7885116669  18.1099160326  12.6134799788  6.48140010391  
3.94202307098  7.68223588268  11.0526356437  13.9422382032  16.3044735686  18.1501584729  19.5315924971  20.52408389  21.2096483904  21.6652832484  21.9561926757  22.1330790305  22.2321019989  22.2761207944  22.2761207944  22.2321019989  22.1330790305  21.9561926757  21.6652832484  21.2096483904  20.52408389  19.5315924971  18.1501584729  16.3044735686  13.9422382032  11.0526356437  7.68223588268  3.94202307098  
2.33432029463  4.55403176404  6.56262303119  8.29455166572  9.72004353564  10.8421248715  11.6884470505  12.3011624484  12.7275463468  13.0129187799  13.1962983266  13.3084366451  13.371502545  13.3996237074  13.3996237074  13.371502545  13.3084366451  13.1962983266  13.0129187799  12.7275463468  12.3011624484  11.6884470505  10.8421248715  9.72004353564  8.29455166572  6.56262303119  4.55403176404  2.33432029463  
1.34504064698  2.62627603471  3.78950582481  4.79714292985  5.63111104457  6.29162735385  6.79305047966  7.15844851597  7.41436197396  7.58669460054  7.69806802318  7.76651995244  7.80517633617  7.82246114608  7.82246114608  7.80517633617  7.76651995244  7.69806802318  7.58669460054  7.41436197396  7.15844851597  6.79305047966  6.29162735385  5.63111104457  4.79714292985  3.78950582481  2.62627603471  1.34504064698  
0.753851632095  1.47294911971  2.12756980611  2.69676441598  3.17002007863  3.54678003615  3.83436258505  4.04510678429  4.19352781451  4.29401297987  4.35928152654  4.39957814343  4.42241897488  4.43265751495  4.43265751495  4.42241897488  4.39957814343  4.35928152654  4.29401297987  4.19352781451  4.04510678429  3.83436258505  3.54678003615  3.17002007863  2.69676441598  2.12756980611  1.47294911971  0.753851632095  
0.410892040595  0.803288723793  1.16128763576  1.47353588237  1.73414683279  1.94252040291  2.1023151626  2.21997977335  2.30324836893  2.35988954632  2.39684413215  2.41975163857  2.43277907909  2.43863178195  2.43863178195  2.43277907909  2.41975163857  2.39684413215  2.35988954632  2.30324836893  2.21997977335  2.1023151626  1.94252040291  1.73414683279  1.47353588237  1.16128763576  0.803288723793  0.410892040595  
0.217787558763  0.425967847496  0.616244986922  0.782635280886  0.921955212243  1.03375922151  1.119840099  1.18348947101  1.22872235975  1.25961823628  1.27985528918  1.29244481345  1.29962566047  1.30285819599  1.30285819599  1.29962566047  1.29244481345  1.27985528918  1.25961823628  1.22872235975  1.18348947101  1.119840099  1.03375922151  0.921955212243  0.782635280886  0.616244986922  0.425967847496  0.217787558763  
0.112257989634  0.219648230772  0.317952723131  0.404103529277  0.476434384833  0.534661781457  0.579646324014  0.613028449018  0.636838904207  0.653161641208  0.663890518652  0.670586253083  0.674415494513  0.676142364784  0.676142364784  0.674415494513  0.670586253083  0.663890518652  0.653161641208  0.636838904207  0.613028449018  0.579646324014  0.534661781457  0.476434384833  0.404103529277  0.317952723131  0.219648230772  0.112257989634  
0.0562767805196  0.110148876294  0.159526577085  0.202879432943  0.239362142906  0.268810247175  0.291628236392  0.30861410241  0.320768596544  0.329127588988  0.334638936353  0.338088247898  0.340065549725  0.340958686049  0.340958686049  0.340065549725  0.338088247898  0.334638936353  0.329127588988  0.320768596544  0.30861410241  0.291628236392  0.268810247175  0.239362142906  0.202879432943  0.159526577085  0.110148876294  0.0562767805196  
0.0274437936376  0.0537296685625  0.0778489601215  0.099058695878  0.116942790047  0.131411952183  0.142652243332  0.151042490412  0.157063223809  0.161215589381  0.163960897763  0.165683411647  0.166672922402  0.167120522578  0.167120522578  0.166672922402  0.165683411647  0.163960897763  0.161215589381  0.157063223809  0.151042490412  0.142652243332  0.131411952183  0.116942790047  0.099058695878  0.0778489601215  0.0537296685625  0.0274437936376  
0.0130213956445  0.0254993721694  0.0369596014772  0.0470510079904  0.0555746932044  0.0624846613839  0.0678646450203  0.0718901253951  0.0747859442503  0.0767881342432  0.0781151013379  0.0789495707446  0.0794298443161  0.0796473738891  0.0796473738891  0.0794298443161  0.0789495707446  0.0781151013379  0.0767881342432  0.0747859442503  0.0718901253951  0.0678646450203  0.0624846613839  0.0555746932044  0.0470510079904  0.0369596014772  0.0254993721694  0.0130213956445  
0.00601285429708  0.0117771544959  0.0170755769655  0.0217466094189  0.0256978531244  0.0289066478247  0.0314098495476  0.0332867707703  0.0346399403775  0.0355776115263  0.0362004112189  0.0365928506698  0.0368190989864  0.036921691772  0.036921691772  0.0368190989864  0.0365928506698  0.0362004112189  0.0355776115263  0.0346399403775  0.0332867707703  0.0314098495476  0.0289066478247  0.0256978531244  0.0217466094189  0.0170755769655  0.0117771544959  0.00601285429708  
0.00270293201334  0.00529505845868  0.00767935483115  0.00978346130613  0.0115656380244  0.0130151534664  0.0141478716815  0.0149987687038  0.0156134160025  0.0160401732944  0.0163241739316  0.0165034510499  0.0166069641708  0.0166539510843  0.0166539510843  0.0166069641708  0.0165034510499  0.0163241739316  0.0160401732944  0.0156134160025  0.0149987687038  0.0141478716815  0.0130151534664  0.0115656380244  0.00978346130613  0.00767935483115  0.00529505845868  0.00270293201334  
0.00118314254927  0.00231813520148  0.00336276361797  0.00428545012112  0.00506785012884  0.0057050613179  0.00620376009089  0.00657899605013  0.00685051526566  0.00703936552986  0.00716525980187  0.00724485931449  0.00729088184174  0.00731179192204  0.00731179192204  0.00729088184174  0.00724485931449  0.00716525980187  0.00703936552986  0.00685051526566  0.00657899605013  0.00620376009089  0.0057050613179  0.00506785012884  0.00428545012112  0.00336276361797  0.00231813520148  0.00118314254927  
0.000504321477416  0.00098824990967  0.00143388677785  0.00182780866048  0.00216216979964  0.00243480526097  0.00264846144362  0.0028094557099  0.00292612843234  0.00300740482456  0.0030616700899  0.00309602994003  0.00311592014345  0.00312496467989  0.00312496467989  0.00311592014345  0.00309602994003  0.0030616700899  0.00300740482456  0.00292612843234  0.0028094557099  0.00264846144362  0.00243480526097  0.00216216979964  0.00182780866048  0.00143388677785  0.00098824990967  0.000504321477416  
0.000209008853017  0.000409613388563  0.000594430433499  0.000757910410607  0.000896792674259  0.00101015313904  0.00109909419191  0.00116619853008  0.00121489465477  0.00124886417127  0.00127157537863  0.00128597412509  0.00129431827747  0.00129811537207  0.00129811537207  0.00129431827747  0.00128597412509  0.00127157537863  0.00124886417127  0.00121489465477  0.00116619853008  0.00109909419191  0.00101015313904  0.000896792674259  0.000757910410607  0.000594430433499  0.000409613388563  0.000209008853017  
8.31325130633e-05  0.000162938123303  0.000236491865296  0.00030159106015  0.000356935856649  0.000402149764792  0.000437659239629  0.00046447956982  0.00048396488154  0.000497573548963  0.000506682640218  0.000512464080342  0.00051581757054  0.000517344584937  0.000517344584937  0.00051581757054  0.000512464080342  0.000506682640218  0.000497573548963  0.00048396488154  0.00046447956982  0.000437659239629  0.000402149764792  0.000356935856649  0.00030159106015  0.000236491865296  0.000162938123303  8.31325130633e-05  
2.86804003009e-05  5.62170509029e-05  8.16038085756e-05  0.000104081949082  0.000123202304814  0.000138832742109  0.000151117349354  0.000160403356891  0.000167155493832  0.000171875354471  0.000175037379302  0.000177045914514  0.000178211756438  0.000178742874606  0.000178742874606  0.000178211756438  0.000177045914514  0.000175037379302  0.000171875354471  0.000167155493832  0.000160403356891  0.000151117349354  0.000138832742109  0.000123202304814  0.000104081949082  8.16038085756e-05  5.62170509029e-05  2.86804003009e-05  
