1000.0  1000.0  1000.0  1000.0  1000.0  1000.0  1000.0  1000.0  1000.0  1000.0  1000.0  1000.0  1000.0  1000.0  1000.0  1000.0  1000.0  1000.0  1000.0  1000.0  1000.0  1000.0  1000.0  1000.0  1000.0  1000.0  1000.0  1000.0  
286.155065616  467.824009769  575.532472488  639.785545945  679.010498188  703.493354266  719.020000784  728.954211286  735.324321597  739.391276899  741.954625254  743.523860744  744.417610513  744.821700965  744.821700965  744.417610513  743.523860744  741.954625254  739.391276899  735.324321597  728.954211286  719.020000784  703.493354266  679.010498188  639.785545945  575.532472488  467.824009769  286.155065616  
185.875617411  329.986185299  430.641452001  498.171247742  542.864837756  572.335333721  591.739648892  604.482634533  612.806176892  618.191744216  621.619531959  623.732917004  624.942517481  625.49101783  625.49101783  624.942517481  623.732917004  621.619531959  618.191744216  612.806176892  604.482634533  591.739648892  572.335333721  542.864837756  498.171247742  430.641452001  329.986185299  185.875617411  
128.516504151  237.884273319  322.224233357  383.728274421  427.165699438  457.245727433  477.787660818  491.649676054  500.890654104  506.962561774  510.872409828  513.303965378  514.704176353  515.341442421  515.341442421  514.704176353  513.303965378  510.872409828  506.962561774  500.890654104  491.649676054  477.787660818  457.245727433  427.165699438  383.728274421  322.224233357  237.884273319  128.516504151  
91.7106097391  173.582714118  240.713500962  292.622114398  331.174058085  358.991089431  378.620638506  392.214012616  401.461991703  407.636173033  411.66158548  414.188810085  415.653995344  416.323582274  416.323582274  415.653995344  414.188810085  411.66158548  407.636173033  401.461991703  392.214012616  378.620638506  358.991089431  331.174058085  292.622114398  240.713500962  173.582714118  91.7106097391  
66.3024176712  127.100426884  178.943897038  220.723340034  252.966881783  277.024521778  294.487541297  306.866601774  315.451128346  321.272048925  325.114630409  327.550518122  328.972706738  329.625453569  329.625453569  328.972706738  327.550518122  325.114630409  321.272048925  315.451128346  306.866601774  294.487541297  277.024521778  252.966881783  220.723340034  178.943897038  127.100426884  66.3024176712  
48.0173697388  92.7681623954  131.929818754  164.434559633  190.264284225  210.062381158  224.779582839  235.428412385  242.942604396  248.112369481  251.566064461  253.776241145  255.075672245  255.674656233  255.674656233  255.075672245  253.776241145  251.566064461  248.112369481  242.942604396  235.428412385  224.779582839  210.062381158  190.264284225  164.434559633  131.929818754  92.7681623954  48.0173697388  
34.5906568783  67.1672577395  96.1859489361  120.79361678  140.78994222  156.450662176  168.325318921  177.070739512  183.337970803  187.707415146  190.659117456  192.565079542  193.693180775  194.215366724  194.215366724  193.693180775  192.565079542  190.659117456  187.707415146  183.337970803  177.070739512  168.325318921  156.450662176  140.78994222  120.79361678  96.1859489361  67.1672577395  34.5906568783  
24.6719356698  48.0733743247  69.1828642134  87.3697301495  102.405478155  114.386191745  123.620932529  130.525648722  135.541327329  139.080085988  141.495094279  143.067560823  144.004142694  144.439393397  144.439393397  144.004142694  143.067560823  141.495094279  139.080085988  135.541327329  130.525648722  123.620932529  114.386191745  102.405478155  87.3697301495  69.1828642134  48.0733743247  24.6719356698  
17.36867491  33.9264669163  49.0003911179  62.1436398468  73.1567147403  82.0548151612  89.0073844603  94.2729211108  98.143254257  100.902932901  102.803648018  104.050722693  104.797823419  105.146295877  105.146295877  104.797823419  104.050722693  102.803648018  100.902932901  98.143254257  94.2729211108  89.0073844603  82.0548151612  73.1567147403  62.1436398468  49.0003911179  33.9264669163  17.36867491  
12.0418125547  23.5642102826  34.1264848237  43.4210195586  51.29221548  57.7237241006  62.8060304608  66.6972816735  69.5868247775  71.6664404858  73.1105865712  74.0646663215  74.6392772101  74.9081999257  74.9081999257  74.6392772101  74.0646663215  73.1105865712  71.6664404858  69.5868247775  66.6972816735  62.8060304608  57.7237241006  51.29221548  43.4210195586  34.1264848237  23.5642102826  12.0418125547  
8.20902163047  16.0860908784  23.3450464494  29.7788455805  35.2737467838  39.8049746385  43.419442319  46.2125600019  48.30503455  49.823351221  50.8854473352  51.5914894081  52.0187605953  52.2193411293  52.2193411293  52.0187605953  51.5914894081  50.8854473352  49.823351221  48.30503455  46.2125600019  43.419442319  39.8049746385  35.2737467838  29.7788455805  23.3450464494  16.0860908784  8.20902163047  
5.49621580806  10.7816917522  15.6726085717  20.0323915813  23.7815179225  26.8965473415  29.4009544741  31.3515474497  32.8240184831  33.9001259541  34.6577743355  35.1642301111  35.4720447229  35.6169476629  35.6169476629  35.4720447229  35.1642301111  34.6577743355  33.9001259541  32.8240184831  31.3515474497  29.4009544741  26.8965473415  23.7815179225  20.0323915813  15.6726085717  10.7816917522  5.49621580806  
3.61110152322  7.08973458293  10.3193159466  13.211463785  15.7124679378  17.8035078542  19.4958083991  20.8227592199  21.8310742614  22.5725951162  23.0976677839  23.4503938731  23.6656050946  23.7671678235  23.7671678235  23.6656050946  23.4503938731  23.0976677839  22.5725951162  21.8310742614  20.8227592199  19.4958083991  17.8035078542  15.7124679378  13.211463785  10.3193159466  7.08973458293  3.61110152322  
2.32673367503  4.57122252363  6.66058108986  8.53868523984  10.1703031488  11.5416132171  12.6576564996  13.537803901  14.2104329729  14.7078057845  15.0617799124  15.30061406  15.4468400968  15.516001467  15.516001467  15.4468400968  15.30061406  15.0617799124  14.7078057845  14.2104329729  13.537803901  12.6576564996  11.5416132171  10.1703031488  8.53868523984  6.66058108986  4.57122252363  2.32673367503  
1.46955160785  2.88876145553  4.21277179638  5.40661205911  6.44776837523  7.32667710879  8.04539267375  8.61500397315  9.05247733707  9.37752201737  9.60988638716  9.76728050359  9.86394258053  9.90975279959  9.90975279959  9.86394258053  9.76728050359  9.60988638716  9.37752201737  9.05247733707  8.61500397315  8.04539267375  7.32667710879  6.44776837523  5.40661205911  4.21277179638  2.88876145553  1.46955160785  
0.909515203036  1.78869441235  2.61038729345  3.35321717667  4.0031433589  4.55383969758  5.0060027046  5.3658934276  5.64349295306  5.85062175829  5.99927650646  6.10031871188  6.16254370677  6.19208615154  6.19208615154  6.16254370677  6.10031871188  5.99927650646  5.85062175829  5.64349295306  5.3658934276  5.0060027046  4.55383969758  4.0031433589  3.35321717667  2.61038729345  1.78869441235  0.909515203036  
0.551469085699  1.08496062637  1.58432729769  2.03675270587  2.43368146462  2.77108075826  3.04908383002  3.27117587425  3.44313264171  3.57191345611  3.66466137023  3.72789762162  3.76693615072  3.78549999375  3.78549999375  3.76693615072  3.72789762162  3.66466137023  3.57191345611  3.44313264171  3.27117587425  3.04908383002  2.77108075826  2.43368146462  2.03675270587  1.58432729769  1.08496062637  0.551469085699  
0.327530607617  0.644592605572  0.941755390536  1.21148383994  1.44868091396  1.65085693097  1.81794753036  1.95186445835  2.05589422565  2.13405866746  2.1905269583  2.22913316844  2.253018713  2.26439312594  2.26439312594  2.253018713  2.22913316844  2.1905269583  2.13405866746  2.05589422565  1.95186445835  1.81794753036  1.65085693097  1.44868091396  1.21148383994  0.941755390536  0.644592605572  0.327530607617  
0.190529759396  0.375073133633  0.548224046824  0.705639015662  0.844347483699  0.962856307949  1.06105774382  1.1399847155  1.20147552452  1.24781133251  1.28137768034  1.30438242639  1.31864324926  1.32544299304  1.32544299304  1.31864324926  1.30438242639  1.28137768034  1.24781133251  1.20147552452  1.1399847155  1.06105774382  0.962856307949  0.844347483699  0.705639015662  0.548224046824  0.375073133633  0.190529759396  
0.108551493804  0.213742868613  0.312533448258  0.402468802129  0.481854782754  0.549819632862  0.606267984256  0.651749338113  0.687274163945  0.714112190499  0.733601584517  0.746987816897  0.755300570968  0.759268730367  0.759268730367  0.755300570968  0.746987816897  0.733601584517  0.714112190499  0.687274163945  0.651749338113  0.606267984256  0.549819632862  0.481854782754  0.402468802129  0.312533448258  0.213742868613  0.108551493804  
0.0605711503867  0.119291732329  0.174484166403  0.224788941351  0.269260321965  0.307402098091  0.339144858159  0.364776324314  0.384842173389  0.400035892741  0.41109339708  0.418703022664  0.42343595102  0.425697567564  0.425697567564  0.42343595102  0.418703022664  0.41109339708  0.400035892741  0.384842173389  0.364776324314  0.339144858159  0.307402098091  0.269260321965  0.224788941351  0.174484166403  0.119291732329  0.0605711503867  
0.0331009579267  0.0652021832264  0.0953960350814  0.122944465518  0.147330628731  0.168278876251  0.185743669568  0.199873236315  0.210956999579  0.219366560515  0.225498676978  0.229726082316  0.232359078407  0.233618405277  0.233618405277  0.232359078407  0.229726082316  0.225498676978  0.219366560515  0.210956999579  0.199873236315  0.185743669568  0.168278876251  0.147330628731  0.122944465518  0.0953960350814  0.0652021832264  0.0331009579267  
0.0177118105117  0.0348940799198  0.0510654249373  0.0658332663233  0.0789211105256  0.0901794390246  0.0995803709639  0.107199004527  0.11318604487  0.117736784529  0.121060877406  0.123356046182  0.124787368775  0.125472516117  0.125472516117  0.124787368775  0.123356046182  0.121060877406  0.117736784529  0.11318604487  0.107199004527  0.0995803709639  0.0901794390246  0.0789211105256  0.0658332663233  0.0510654249373  0.0348940799198  0.0177118105117  
0.00926876249375  0.0182628762113  0.0267323914874  0.0344729559487  0.0413399351585  0.0472541885958  0.0521995376713  0.0562133539839  0.0593725795721  0.0617777537241  0.063537333406  0.064753953444  0.0655135199782  0.0658773782698  0.0658773782698  0.0655135199782  0.064753953444  0.063537333406  0.0617777537241  0.0593725795721  0.0562133539839  0.0521995376713  0.0472541885958  0.0413399351585  0.0344729559487  0.0267323914874  0.0182628762113  0.00926876249375  
0.00471784194303  0.00929696608763  0.0136110097331  0.017556440777  0.0210596754896  0.0240800490225  0.0266086369982  0.0286636164071  0.0302832999128  0.0315181205769  0.032422714181  0.0330489373503  0.0334402896085  0.0336278819214  0.0336278819214  0.0334402896085  0.0330489373503  0.032422714181  0.0315181205769  0.0302832999128  0.0286636164071  0.0266086369982  0.0240800490225  0.0210596754896  0.017556440777  0.0136110097331  0.00929696608763  0.00471784194303  
0.00227775370885  0.00448895990786  0.00657295172418  0.00847993721516  0.0101744079736  0.0116365842204  0.0128618880531  0.013858762403  0.0146453668044  0.0152457533819  0.0156860700252  0.0159911952422  0.0161820356747  0.0162735627671  0.0162735627671  0.0161820356747  0.0159911952422  0.0156860700252  0.0152457533819  0.0146453668044  0.013858762403  0.0128618880531  0.0116365842204  0.0101744079736  0.00847993721516  0.00657295172418  0.00448895990786  0.00227775370885  
0.000914209456292  0.00180182628783  0.00263859507132  0.0034045847577  0.00408554901571  0.0046735090567  0.00516655360814  0.00556797952763  0.0058849817568  0.00612713118664  0.00630485803154  0.00642810294782  0.0065052299249  0.0065422337331  0.0065422337331  0.0065052299249  0.00642810294782  0.00630485803154  0.00612713118664  0.0058849817568  0.00556797952763  0.00516655360814  0.0046735090567  0.00408554901571  0.0034045847577  0.00263859507132  0.00180182628783  0.000914209456292  
