1000.0  1000.0  1000.0  1000.0  1000.0  1000.0  1000.0  1000.0  1000.0  1000.0  1000.0  1000.0  1000.0  1000.0  1000.0  1000.0  1000.0  1000.0  1000.0  1000.0  1000.0  1000.0  1000.0  1000.0  1000.0  1000.0  1000.0  1000.0  
270.649032289  437.412388621  531.343954074  583.347615648  612.088196136  627.925070999  636.575285953  641.229764889  643.683943398  644.946653924  645.578274168  645.883661539  646.023398901  646.077048404  646.077048404  646.023398901  645.883661539  645.578274168  644.946653924  643.683943398  641.229764889  636.575285953  627.925070999  612.088196136  583.347615648  531.343954074  437.412388621  270.649032289  
164.819443022  288.686210225  370.625073729  421.506285562  451.941919774  469.646074745  479.684294198  485.229041044  488.208040703  489.762001933  490.547336605  490.930004116  491.106112457  491.173979478  491.173979478  491.106112457  490.930004116  490.547336605  489.762001933  488.208040703  485.229041044  479.684294198  469.646074745  451.941919774  421.506285562  370.625073729  288.686210225  164.819443022  
104.07062186  189.930824234  252.527946345  294.679491643  321.52989668  337.907852447  347.529993982  352.988466809  355.980820749  357.565990854  358.376698229  358.775396232  358.96016642  359.031699627  359.031699627  358.96016642  358.775396232  358.376698229  357.565990854  355.980820749  352.988466809  347.529993982  337.907852447  321.52989668  294.679491643  252.527946345  189.930824234  104.07062186  
66.0966344655  123.331448907  167.662560523  199.262196274  220.389385565  233.794033778  241.920551082  246.646539962  249.288743564  250.710417404  251.446597496  251.81223718  251.982978868  252.049416749  252.049416749  251.982978868  251.81223718  251.446597496  250.710417404  249.288743564  246.646539962  241.920551082  233.794033778  220.389385565  199.262196274  167.662560523  123.331448907  66.0966344655  
41.4735083751  78.3817839225  108.103408178  130.15910782  145.459004289  155.480778087  161.721173354  165.431439458  167.543784337  168.697398015  169.302091003  169.605412997  169.748155422  169.803989274  169.803989274  169.748155422  169.605412997  169.302091003  168.697398015  167.543784337  165.431439458  161.721173354  155.480778087  145.459004289  130.15910782  108.103408178  78.3817839225  41.4735083751  
25.4393913737  48.4582228913  67.4813435176  82.0110237509  92.3770694721  99.3426175489  103.778057413  106.466267248  108.021832978  108.883096326  109.339764247  109.571027103  109.680684988  109.723799356  109.723799356  109.680684988  109.571027103  109.339764247  108.883096326  108.021832978  106.466267248  103.778057413  99.3426175489  92.3770694721  82.0110237509  67.4813435176  48.4582228913  25.4393913737  
15.157382744  29.0210949599  40.6845772254  49.7824029066  56.4142069268  60.9623169418  63.9125803742  65.7302466803  66.7972143707  67.3952950213  67.7157843143  67.87953771  67.9577437952  67.9886441993  67.9886441993  67.9577437952  67.87953771  67.7157843143  67.3952950213  66.7972143707  65.7302466803  63.9125803742  60.9623169418  56.4142069268  49.7824029066  40.6845772254  29.0210949599  15.157382744  
8.73847217015  16.790043637  23.6503380652  29.0858394406  33.1144206734  35.9227219324  37.7725043757  38.9281442456  39.6149907487  40.004240133  40.2148273586  40.3233111086  40.3754679984  40.3961713784  40.3961713784  40.3754679984  40.3233111086  40.2148273586  40.004240133  39.6149907487  38.9281442456  37.7725043757  35.9227219324  33.1144206734  29.0858394406  23.6503380652  16.790043637  8.73847217015  
4.86306500904  9.36731341965  13.2409716622  16.3466451003  18.6785445286  20.3256027943  21.4242993576  22.1188366651  22.5360870004  22.7748421555  22.9051193039  22.9727314457  23.0054373279  23.0184751728  23.0184751728  23.0054373279  22.9727314457  22.9051193039  22.7748421555  22.5360870004  22.1188366651  21.4242993576  20.3256027943  18.6785445286  16.3466451003  13.2409716622  9.36731341965  4.86306500904  
2.60877618847  5.03435751581  7.13497216952  8.83454126978  10.123837062  11.0442335381  11.6646635871  12.0607911255  12.3009789278  12.4395814457  12.5157859728  12.5555997668  12.5749658466  12.5827159878  12.5827159878  12.5749658466  12.5555997668  12.5157859728  12.4395814457  12.3009789278  12.0607911255  11.6646635871  11.0442335381  10.123837062  8.83454126978  7.13497216952  5.03435751581  2.60877618847  
1.34797728499  2.60493717957  3.6993451906  4.5911520765  5.27325536251  5.76443982411  6.09843894571  6.3134926473  6.44492873635  6.5213352627  6.56362643471  6.5858538198  6.59671965856  6.60108339474  6.60108339474  6.59671965856  6.5858538198  6.56362643471  6.5213352627  6.44492873635  6.3134926473  6.09843894571  5.76443982411  5.27325536251  4.5911520765  3.6993451906  2.60493717957  1.34797728499  
0.67066240536  1.29744531266  1.8454646879  2.29457200818  2.64036099049  2.89114870991  3.06292654496  3.17432321119  3.24287331772  3.28297907046  3.30530903415  3.31710749546  3.32290098727  3.32523503326  3.32523503326  3.32290098727  3.31710749546  3.30530903415  3.28297907046  3.24287331772  3.17432321119  3.06292654496  2.89114870991  2.64036099049  2.29457200818  1.8454646879  1.29744531266  0.67066240536  
0.321284784239  0.622080363588  0.885955535917  1.10319346488  1.27136375127  1.39405449036  1.47860682424  1.53377265419  1.56792033487  1.5880104165  1.59925426582  1.60522310411  1.60816573282  1.60935460382  1.60935460382  1.60816573282  1.60522310411  1.59925426582  1.5880104165  1.56792033487  1.53377265419  1.47860682424  1.39405449036  1.27136375127  1.10319346488  0.885955535917  0.622080363588  0.321284784239  
0.14822595528  0.28719591339  0.409436770952  0.510447836209  0.588993291104  0.646580273952  0.686471403218  0.712633517919  0.728910238074  0.738532913296  0.743943030008  0.746826953576  0.748253772586  0.74883169065  0.74883169065  0.748253772586  0.746826953576  0.743943030008  0.738532913296  0.728910238074  0.712633517919  0.686471403218  0.646580273952  0.588993291104  0.510447836209  0.409436770952  0.28719591339  0.14822595528  
0.0658804284448  0.127718065538  0.182231369546  0.227415387581  0.262680697509  0.288643263363  0.306706556564  0.318605845381  0.326041479567  0.330456001381  0.332947899202  0.334281112276  0.334942797408  0.335211410073  0.335211410073  0.334942797408  0.334281112276  0.332947899202  0.330456001381  0.326041479567  0.318605845381  0.306706556564  0.288643263363  0.262680697509  0.227415387581  0.182231369546  0.127718065538  0.0658804284448  
0.0282217969416  0.054736808612  0.0781536832419  0.0976124775172  0.112846945936  0.124101908994  0.131961663908  0.13715908855  0.140419198309  0.142361869499  0.143462316961  0.144052985705  0.14434695852  0.144466536469  0.144466536469  0.14434695852  0.144052985705  0.143462316961  0.142361869499  0.140419198309  0.13715908855  0.131961663908  0.124101908994  0.112846945936  0.0976124775172  0.0781536832419  0.054736808612  0.0282217969416  
0.0116584534655  0.0226204317688  0.032316193454  0.0403902894386  0.0467281377404  0.0514243332742  0.054714307777  0.0568970233916  0.0582706522046  0.0590918240706  0.0595584203643  0.0598095832797  0.0599348948114  0.0599859577407  0.0599859577407  0.0599348948114  0.0598095832797  0.0595584203643  0.0590918240706  0.0582706522046  0.0568970233916  0.054714307777  0.0514243332742  0.0467281377404  0.0403902894386  0.032316193454  0.0226204317688  0.0116584534655  
0.0046470865892  0.00901942765764  0.0128916260739  0.0161219754265  0.0186633048746  0.0205511373812  0.021877295805  0.0227596256197  0.0233164828357  0.0236503158625  0.023840515797  0.0239431559407  0.0239944776304  0.0240154234979  0.0240154234979  0.0239944776304  0.0239431559407  0.023840515797  0.0236503158625  0.0233164828357  0.0227596256197  0.021877295805  0.0205511373812  0.0186633048746  0.0161219754265  0.0128916260739  0.00901942765764  0.0046470865892  
0.0017884444299  0.00347208435777  0.00496473466612  0.00621186401266  0.00719484250928  0.00792663346904  0.00844190933936  0.00878557870416  0.00900301552143  0.0091336884523  0.00920831564607  0.009248677075  0.00926889737598  0.0092771613481  0.0092771613481  0.00926889737598  0.009248677075  0.00920831564607  0.0091336884523  0.00900301552143  0.00878557870416  0.00844190933936  0.00792663346904  0.00719484250928  0.00621186401266  0.00496473466612  0.00347208435777  0.0017884444299  
0.000664976482028  0.00129127883815  0.00184704021002  0.00231198968488  0.00267905296564  0.0029528270673  0.00314599120311  0.00327509873317  0.00335696104386  0.00340626363632  0.00343447899398  0.00344976880752  0.00345744174823  0.00346058150657  0.00346058150657  0.00345744174823  0.00344976880752  0.00343447899398  0.00340626363632  0.00335696104386  0.00327509873317  0.00314599120311  0.0029528270673  0.00267905296564  0.00231198968488  0.00184704021002  0.00129127883815  0.000664976482028  
0.000239034212352  0.000464256692729  0.000664267633538  0.000831782753445  0.000964214688351  0.00106314765129  0.00113307351079  0.00117989718952  0.00120964243408  0.0012275905775  0.00123788089081  0.00124346675164  0.00124627412485  0.00124742414218  0.00124742414218  0.00124627412485  0.00124346675164  0.00123788089081  0.0012275905775  0.00120964243408  0.00117989718952  0.00113307351079  0.00106314765129  0.000964214688351  0.000831782753445  0.000664267633538  0.000464256692729  0.000239034212352  
8.31238438817e-05  0.000161471530432  0.00023109532684  0.00028946305502  0.000335661929874  0.000370222572497  0.000394687259334  0.000411095622852  0.000421536380751  0.000427846647831  0.000431470346147  0.000433440351962  0.000434431752523  0.000434838258116  0.000434838258116  0.000434431752523  0.000433440351962  0.000431470346147  0.000427846647831  0.000421536380751  0.000411095622852  0.000394687259334  0.000370222572497  0.000335661929874  0.00028946305502  0.00023109532684  0.000161471530432  8.31238438817e-05  
2.79827389584e-05  5.43654038893e-05  7.78238440798e-05  9.75059496996e-05  0.000113100720713  0.000124780927307  0.000133060005333  0.000138620516061  0.000142163789477  0.000144308378149  0.000145541644182  0.000146212988409  0.000146551230819  0.000146690036631  0.000146690036631  0.000146551230819  0.000146212988409  0.000145541644182  0.000144308378149  0.000142163789477  0.000138620516061  0.000133060005333  0.000124780927307  0.000113100720713  9.75059496996e-05  7.78238440798e-05  5.43654038893e-05  2.79827389584e-05  
9.12483918846e-06  1.77300943944e-05  2.53853331954e-05  3.18127953577e-05  3.69100341768e-05  4.07317456302e-05  4.34437302259e-05  4.52674071897e-05  4.64309459691e-05  4.71360680363e-05  4.75420516443e-05  4.77633090042e-05  4.7874897259e-05  4.79207235314e-05  4.79207235314e-05  4.7874897259e-05  4.77633090042e-05  4.75420516443e-05  4.71360680363e-05  4.64309459691e-05  4.52674071897e-05  4.34437302259e-05  4.07317456302e-05  3.69100341768e-05  3.18127953577e-05  2.53853331954e-05  1.77300943944e-05  9.12483918846e-06  
2.88291743068e-06  5.60227013202e-06  8.02243738229e-06  1.00556939293e-05  1.1669394026e-05  1.28803720989e-05  1.37405673167e-05  1.43196170618e-05  1.46894627245e-05  1.49138390615e-05  1.50431643593e-05  1.5113716179e-05  1.51493292708e-05  1.51639638622e-05  1.51639638622e-05  1.51493292708e-05  1.5113716179e-05  1.50431643593e-05  1.49138390615e-05  1.46894627245e-05  1.43196170618e-05  1.37405673167e-05  1.28803720989e-05  1.1669394026e-05  1.00556939293e-05  8.02243738229e-06  5.60227013202e-06  2.88291743068e-06  
8.78536587447e-07  1.70738254436e-06  2.44530543079e-06  3.06558053935e-06  3.55818776776e-06  3.92814162563e-06  4.19115442838e-06  4.36836412954e-06  4.48165520731e-06  4.55045023309e-06  4.59013820359e-06  4.61180805274e-06  4.62275473205e-06  4.6272555115e-06  4.6272555115e-06  4.62275473205e-06  4.61180805274e-06  4.59013820359e-06  4.55045023309e-06  4.48165520731e-06  4.36836412954e-06  4.19115442838e-06  3.92814162563e-06  3.55818776776e-06  3.06558053935e-06  2.44530543079e-06  1.70738254436e-06  8.78536587447e-07  
2.41803593615e-07  4.69963307732e-07  6.73151091537e-07  8.44013294586e-07  9.79776889057e-07  1.08179749549e-06  1.15437506489e-06  1.20330968456e-06  1.23461634573e-06  1.25364075763e-06  1.26462370076e-06  1.2706244173e-06  1.27365747142e-06  1.27490504425e-06  1.27490504425e-06  1.27365747142e-06  1.2706244173e-06  1.26462370076e-06  1.25364075763e-06  1.23461634573e-06  1.20330968456e-06  1.15437506489e-06  1.08179749549e-06  9.79776889057e-07  8.44013294586e-07  6.73151091537e-07  4.69963307732e-07  2.41803593615e-07  
