1000.0  1000.0  1000.0  1000.0  1000.0  1000.0  1000.0  1000.0  1000.0  1000.0  1000.0  1000.0  1000.0  1000.0  1000.0  1000.0  1000.0  1000.0  1000.0  1000.0  1000.0  1000.0  1000.0  1000.0  1000.0  1000.0  1000.0  1000.0  
272.150023567  440.338687022  535.555623929  588.660460739  618.297570549  634.828471722  643.989847456  649.002759054  651.696392959  653.111579357  653.835672814  654.194171993  654.362029665  654.427656703  654.427656703  654.362029665  654.194171993  653.835672814  653.111579357  651.696392959  649.002759054  643.989847456  634.828471722  618.297570549  588.660460739  535.555623929  440.338687022  272.150023567  
166.794931149  292.537562971  376.168095024  428.498524146  460.114014189  478.731492972  489.442360504  495.458754008  498.752825845  500.507400731  501.414395302  501.866933353  502.080032735  502.16365496  502.16365496  502.080032735  501.866933353  501.414395302  500.507400731  498.752825845  495.458754008  489.442360504  478.731492972  460.114014189  428.498524146  376.168095024  292.537562971  166.794931149  
106.265035653  194.208966486  258.685171773  302.446439404  330.607319861  347.999661186  358.368837029  364.35107908  367.693297848  369.501216324  370.446994917  370.923258654  371.149090407  371.23811142  371.23811142  371.149090407  370.923258654  370.446994917  369.501216324  367.693297848  364.35107908  358.368837029  347.999661186  330.607319861  302.446439404  258.685171773  194.208966486  106.265035653  
68.2675639293  127.563780062  173.753792359  206.945799184  229.369271692  243.777256216  252.64261525  257.886584642  260.874752937  262.51666871  263.386385029  263.828700083  264.040027617  264.123749298  264.123749298  264.040027617  263.828700083  263.386385029  262.51666871  260.874752937  257.886584642  252.64261525  243.777256216  229.369271692  206.945799184  173.753792359  127.563780062  68.2675639293  
43.4333388069  82.2025380081  113.602226018  137.095320893  153.565268734  164.492604835  171.399782148  175.577461223  178.001959826  179.354265901  180.079412829  180.451888789  180.631231061  180.702649724  180.702649724  180.631231061  180.451888789  180.079412829  179.354265901  178.001959826  175.577461223  171.399782148  164.492604835  153.565268734  137.095320893  113.602226018  82.2025380081  43.4333388069  
27.0756004326  51.6480378876  72.0720512331  87.8016421931  99.1443545956  106.865727421  111.857636192  114.935882509  116.75189209  117.778908759  118.336045882  118.624979861  118.765155654  118.821263568  118.821263568  118.765155654  118.624979861  118.336045882  117.778908759  116.75189209  114.935882509  111.857636192  106.865727421  99.1443545956  87.8016421931  72.0720512331  51.6480378876  27.0756004326  
16.4312739739  31.5045405101  44.2586374958  54.2905528057  61.6825964386  66.818982784  70.2023074063  72.3234704403  73.5930645683  74.3200802661  74.7187077563  74.9273056066  75.0292380166  75.0702390253  75.0702390253  75.0292380166  74.9273056066  74.7187077563  74.3200802661  73.5930645683  72.3234704403  70.2023074063  66.818982784  61.6825964386  54.2905528057  44.2586374958  31.5045405101  16.4312739739  
9.66870694935  18.6035119238  26.2601517329  32.3776600341  36.9612646225  40.1989968549  42.3648640398  43.7419877385  44.5766803352  45.0599893487  45.3275678768  45.4687529148  45.5382081102  45.5662745476  45.5662745476  45.5382081102  45.4687529148  45.3275678768  45.0599893487  44.5766803352  43.7419877385  42.3648640398  40.1989968549  36.9612646225  32.3776600341  26.2601517329  18.6035119238  9.66870694935  
5.50289882097  10.6146372229  15.0359959152  18.6106961959  21.3242558865  23.2665748463  24.5825678374  25.4293415491  25.9481945311  26.2515759748  26.4210019875  26.5110724814  26.5556558806  26.5737486197  26.5737486197  26.5556558806  26.5110724814  26.4210019875  26.2515759748  25.9481945311  25.4293415491  24.5825678374  23.2665748463  21.3242558865  18.6106961959  15.0359959152  10.6146372229  5.50289882097  
3.02469533441  5.84516010812  8.30177406289  10.3061806358  11.8435045  12.9557553698  13.7173579884  14.212372199  14.5185436453  14.6991069855  14.8007242111  14.855112851  14.8821853632  14.8932146898  14.8932146898  14.8821853632  14.855112851  14.8007242111  14.6991069855  14.5185436453  14.212372199  13.7173579884  12.9557553698  11.8435045  10.3061806358  8.30177406289  5.84516010812  3.02469533441  
1.6041981257  3.10441297638  4.41810980058  5.49767439733  6.33252732218  6.94184967951  7.36276376953  7.63868672432  7.81072994456  7.91295352422  7.97087628072  8.00206645487  8.0176702082  8.02404962054  8.02404962054  8.0176702082  8.00206645487  7.97087628072  7.91295352422  7.81072994456  7.63868672432  7.36276376953  6.94184967951  6.33252732218  5.49767439733  4.41810980058  3.10441297638  1.6041981257  
0.8205984246  1.58972549405  2.26605691446  2.82501636471  3.26016422706  3.58005242457  3.80265891745  3.94964515794  4.04193233404  4.09712574167  4.12858843866  4.14562195118  4.15418208581  4.15769293177  4.15769293177  4.15418208581  4.14562195118  4.12858843866  4.09712574167  4.04193233404  3.94964515794  3.80265891745  3.58005242457  3.26016422706  2.82501636471  2.26605691446  1.58972549405  0.8205984246  
0.404802980806  0.784885287415  1.12022650886  1.39864287596  1.61657215141  1.77773496471  1.89058109359  1.96555358371  2.01290844424  2.0413909812  2.05771343496  2.06659257483  2.07107283463  2.07291560833  2.07291560833  2.07107283463  2.06659257483  2.05771343496  2.0413909812  2.01290844424  1.96555358371  1.89058109359  1.77773496471  1.61657215141  1.39864287596  1.12022650886  0.784885287415  0.404802980806  
0.192591389748  0.373677543315  0.533877732381  0.667380515851  0.772349271378  0.850362497454  0.905272873766  0.941946606569  0.965230742236  0.979305011503  0.987408158655  0.991834855867  0.994076552998  0.995000937169  0.995000937169  0.994076552998  0.991834855867  0.987408158655  0.979305011503  0.965230742236  0.941946606569  0.905272873766  0.850362497454  0.772349271378  0.667380515851  0.533877732381  0.373677543315  0.192591389748  
0.088393251853  0.171601587821  0.245374923985  0.30704302274  0.355711820505  0.392033999165  0.417713057881  0.434941179782  0.445928259291  0.452598247489  0.456454184574  0.458568574683  0.459642747392  0.460086700493  0.460086700493  0.459642747392  0.458568574683  0.456454184574  0.452598247489  0.445928259291  0.434941179782  0.417713057881  0.392033999165  0.355711820505  0.30704302274  0.245374923985  0.171601587821  0.088393251853  
0.0391515985212  0.076041531338  0.108807956923  0.136267862279  0.158007217537  0.174288925059  0.185843249069  0.193625167819  0.198607260614  0.20164320524  0.203404618415  0.204373693026  0.204867415136  0.205071882945  0.205071882945  0.204867415136  0.204373693026  0.203404618415  0.20164320524  0.198607260614  0.193625167819  0.185843249069  0.174288925059  0.158007217537  0.136267862279  0.108807956923  0.076041531338  0.0391515985212  
0.0167426165696  0.0325304603157  0.0465748044408  0.0583698811244  0.0677324205042  0.0747655516353  0.0797727522014  0.0831564283955  0.0853299987768  0.0866588884301  0.0874323355563  0.0878591118561  0.088077094922  0.0881675321442  0.0881675321442  0.088077094922  0.0878591118561  0.0874323355563  0.0866588884301  0.0853299987768  0.0831564283955  0.0797727522014  0.0747655516353  0.0677324205042  0.0583698811244  0.0465748044408  0.0325304603157  0.0167426165696  
0.00691610894204  0.0134421102643  0.0192548156352  0.0241454151324  0.0280361089907  0.0309662855686  0.0330582038269  0.0344759356109  0.0353893111281  0.0359493510905  0.0362762172271  0.0364570450249  0.0365496129132  0.0365880791364  0.0365880791364  0.0365496129132  0.0364570450249  0.0362762172271  0.0359493510905  0.0353893111281  0.0344759356109  0.0330582038269  0.0309662855686  0.0280361089907  0.0241454151324  0.0192548156352  0.0134421102643  0.00691610894204  
0.00276124112008  0.00536818076069  0.00769268150933  0.00965143510914  0.0112126916082  0.0123910965271  0.0132344010205  0.0138073587531  0.0141774300508  0.0144049157818  0.014538013106  0.0146118135553  0.0146496679133  0.0146654204871  0.0146654204871  0.0146496679133  0.0146118135553  0.014538013106  0.0144049157818  0.0141774300508  0.0138073587531  0.0132344010205  0.0123910965271  0.0112126916082  0.00965143510914  0.00769268150933  0.00536818076069  0.00276124112008  
0.00106611097769  0.00207312165406  0.0029718549347  0.0037301704609  0.00433558870894  0.00479341093423  0.00512172200476  0.00534526962442  0.00548998007603  0.00557913235666  0.00563140620305  0.00566044992746  0.00567537346995  0.00568159151574  0.00568159151574  0.00567537346995  0.00566044992746  0.00563140620305  0.00557913235666  0.00548998007603  0.00534526962442  0.00512172200476  0.00479341093423  0.00433558870894  0.0037301704609  0.0029718549347  0.00207312165406  0.00106611097769  
0.000398304581245  0.000774680718187  0.00111085105666  0.00139481724424  0.00162184774992  0.00179381070673  0.00191734942756  0.00200162694069  0.00205628911966  0.00209003067717  0.00210985241658  0.00212088518916  0.00212656297131  0.00212893131271  0.00212893131271  0.00212656297131  0.00212088518916  0.00210985241658  0.00209003067717  0.00205628911966  0.00200162694069  0.00191734942756  0.00179381070673  0.00162184774992  0.00139481724424  0.00111085105666  0.000774680718187  0.000398304581245  
0.000144080846504  0.000280276511876  0.000402005276821  0.000504930252277  0.000587318798077  0.000649811881737  0.000694777200169  0.000725503124154  0.000745465849387  0.00075780940084  0.000765072841571  0.000769122037202  0.000771208729522  0.00077207999673  0.00077207999673  0.000771208729522  0.000769122037202  0.000765072841571  0.00075780940084  0.000745465849387  0.000725503124154  0.000694777200169  0.000649811881737  0.000587318798077  0.000504930252277  0.000402005276821  0.000280276511876  0.000144080846504  
5.04938345454e-05  9.82384919232e-05  0.000140936439318  0.000177068905008  0.000206022413162  0.000228011118356  0.000243854034986  0.000254695544486  0.000261749813735  0.000266118224791  0.000268692552358  0.00027012966932  0.000270871162019  0.000271181030059  0.000271181030059  0.000270871162019  0.00027012966932  0.000268692552358  0.000266118224791  0.000261749813735  0.000254695544486  0.000243854034986  0.000228011118356  0.000206022413162  0.000177068905008  0.000140936439318  9.82384919232e-05  5.04938345454e-05  
1.71536099618e-05  3.33774512671e-05  4.78936853684e-05  6.01867120836e-05  7.00463105071e-05  7.75421669893e-05  8.29493432698e-05  8.66542127881e-05  8.90680151051e-05  9.05647471491e-05  9.14479178153e-05  9.19415484557e-05  9.21965123988e-05  9.2303142617e-05  9.2303142617e-05  9.21965123988e-05  9.19415484557e-05  9.14479178153e-05  9.05647471491e-05  8.90680151051e-05  8.66542127881e-05  8.29493432698e-05  7.75421669893e-05  7.00463105071e-05  6.01867120836e-05  4.78936853684e-05  3.33774512671e-05  1.71536099618e-05  
5.64924960868e-06  1.09934831678e-05  1.57772962066e-05  1.98309910047e-05  2.30848251354e-05  2.55608783969e-05  2.73488318054e-05  2.85752425474e-05  2.93751858637e-05  2.98717788327e-05  3.01651323894e-05  3.03292715116e-05  3.04141295926e-05  3.04496424046e-05  3.04496424046e-05  3.04141295926e-05  3.03292715116e-05  3.01651323894e-05  2.98717788327e-05  2.93751858637e-05  2.85752425474e-05  2.73488318054e-05  2.55608783969e-05  2.30848251354e-05  1.98309910047e-05  1.57772962066e-05  1.09934831678e-05  5.64924960868e-06  
1.79394699267e-06  3.49135592161e-06  5.01132907834e-06  6.30000827735e-06  7.33510988143e-06  8.12341044067e-06  8.69314271677e-06  9.08430763429e-06  9.33969983307e-06  9.49840009845e-06  9.59224047954e-06  9.64479483325e-06  9.67198659289e-06  9.68337278477e-06  9.68337278477e-06  9.67198659289e-06  9.64479483325e-06  9.59224047954e-06  9.49840009845e-06  9.33969983307e-06  9.08430763429e-06  8.69314271677e-06  8.12341044067e-06  7.33510988143e-06  6.30000827735e-06  5.01132907834e-06  3.49135592161e-06  1.79394699267e-06  
5.11893589671e-07  9.96310977384e-07  1.43021396102e-06  1.79824121378e-06  2.09400448109e-06  2.31938596617e-06  2.48238770692e-06  2.59438228645e-06  2.66755888999e-06  2.71306535593e-06  2.73999374334e-06  2.75508538319e-06  2.76289865475e-06  2.76617180659e-06  2.76617180659e-06  2.76289865475e-06  2.75508538319e-06  2.73999374334e-06  2.71306535593e-06  2.66755888999e-06  2.59438228645e-06  2.48238770692e-06  2.31938596617e-06  2.09400448109e-06  1.79824121378e-06  1.43021396102e-06  9.96310977384e-07  5.11893589671e-07  
