1000.0  1000.0  1000.0  1000.0  1000.0  1000.0  1000.0  1000.0  1000.0  1000.0  1000.0  1000.0  1000.0  1000.0  1000.0  1000.0  1000.0  1000.0  1000.0  1000.0  1000.0  1000.0  1000.0  1000.0  1000.0  1000.0  1000.0  1000.0  
281.523388944  458.698284498  562.175659967  622.563204859  658.360927646  679.894734064  692.958671518  700.897572741  705.700706338  708.577874852  710.2733713  711.244339926  711.765555484  711.991514112  711.991514112  711.765555484  711.244339926  710.2733713  708.577874852  705.700706338  700.897572741  692.958671518  679.894734064  658.360927646  622.563204859  562.175659967  458.698284498  281.523388944  
179.435909442  317.298052676  412.070379587  474.225332951  514.153305821  539.522877574  555.502348694  565.470290139  571.614329349  575.344883214  577.565369351  578.846414859  579.537691379  579.838337421  579.838337421  579.537691379  578.846414859  577.565369351  575.344883214  571.614329349  565.470290139  555.502348694  539.522877574  514.153305821  474.225332951  412.070379587  317.298052676  179.435909442  
120.794645523  222.669807543  299.955201501  355.0136659  392.735753196  417.897225749  434.331108672  444.864156593  451.490287151  455.576362258  458.03740652  459.47001212  460.248086569  460.587837855  460.587837855  460.248086569  459.47001212  458.03740652  455.576362258  451.490287151  444.864156593  434.331108672  417.897225749  392.735753196  355.0136659  299.955201501  222.669807543  120.794645523  
83.2870860021  156.985586752  216.420318143  261.296824532  293.612858665  316.062812592  331.209181467  341.169122623  347.562687278  351.568764361  354.012147404  355.448404219  356.234062631  356.578663412  356.578663412  356.234062631  355.448404219  354.012147404  351.568764361  347.562687278  341.169122623  331.209181467  316.062812592  293.612858665  261.296824532  216.420318143  156.985586752  83.2870860021  
57.7406372593  110.230686668  154.251216398  188.882096847  214.785851265  233.386361222  246.290338398  254.973890962  260.654724752  264.269698332  266.502333413  267.827805421  268.558251769  268.880137653  268.880137653  268.558251769  267.827805421  266.502333413  264.269698332  260.654724752  254.973890962  246.290338398  233.386361222  214.785851265  188.882096847  154.251216398  110.230686668  57.7406372593  
39.8039206207  76.5845309575  108.240877809  133.886722439  153.632868236  168.193642366  178.534713  185.635633098  190.36152793  193.412547131  195.319594482  196.462792729  197.097426231  197.378400057  197.378400057  197.097426231  196.462792729  195.319594482  193.412547131  190.36152793  185.635633098  178.534713  168.193642366  153.632868236  133.886722439  108.240877809  76.5845309575  39.8039206207  
27.0956515631  52.3989971579  74.5682096826  92.9157168316  107.358801828  118.23800019  126.11662279  131.621596033  135.341559853  137.774923075  139.312961798  140.243455154  140.76365522  140.995009234  140.995009234  140.76365522  140.243455154  139.312961798  137.774923075  135.341559853  131.621596033  126.11662279  118.23800019  107.358801828  92.9157168316  74.5682096826  52.3989971579  27.0956515631  
18.1323975872  35.1875459711  50.3200738542  63.0436268859  73.2322953507  81.03876474  86.7842467271  90.8587827492  93.6491059156  95.4959791353  96.6752764383  97.3948398257  97.7997842525  97.9806513121  97.9806513121  97.7997842525  97.3948398257  96.6752764383  95.4959791353  93.6491059156  90.8587827492  86.7842467271  81.03876474  73.2322953507  63.0436268859  50.3200738542  35.1875459711  18.1323975872  
11.8930089665  23.1367281395  33.2054299624  41.7730402523  48.7259320201  54.1267576958  58.1552608724  61.0484167911  63.0528100028  64.3934157978  65.2573499759  65.7886152755  66.0894236886  66.2243143695  66.2243143695  66.0894236886  65.7886152755  65.2573499759  64.3934157978  63.0528100028  61.0484167911  58.1552608724  54.1267576958  48.7259320201  41.7730402523  33.2054299624  23.1367281395  11.8930089665  
7.62991703532  14.8704283727  21.3993182137  27.006152314  31.6044992684  35.2162970563  37.9404416516  39.9178872404  41.301687489  42.235775317  42.8427070063  43.2185760766  43.4325885464  43.5289091487  43.5289091487  43.4325885464  43.2185760766  42.8427070063  42.235775317  41.301687489  39.9178872404  37.9404416516  35.2162970563  31.6044992684  27.006152314  21.3993182137  14.8704283727  7.62991703532  
4.78105596318  9.3310137867  13.455646968  17.023341038  19.974078546  22.3128758718  24.0932753004  25.3974536689  26.3180543385  26.9445138928  27.3545512614  27.6101024093  27.7563463644  27.8223860472  27.8223860472  27.7563463644  27.6101024093  27.3545512614  26.9445138928  26.3180543385  25.3974536689  24.0932753004  22.3128758718  19.974078546  17.023341038  13.455646968  9.3310137867  4.78105596318  
2.92332551579  5.71147895671  8.24953739023  10.4574745196  12.2960760406  13.7642974996  14.8906646866  15.722154161  16.3135041722  16.7187691464  16.9857544098  17.1530984633  17.2493021001  17.2928762173  17.2928762173  17.2493021001  17.1530984633  16.9857544098  16.7187691464  16.3135041722  15.722154161  14.8906646866  13.7642974996  12.2960760406  10.4574745196  8.24953739023  5.71147895671  2.92332551579  
1.74296257869  3.40822554875  4.9291483251  6.25835784442  7.37140018818  8.26574331336  8.95633803904  9.46951332211  9.83685319982  10.0901636058  10.2580033184  10.3637388375  10.4247741514  10.4524945324  10.4524945324  10.4247741514  10.3637388375  10.2580033184  10.0901636058  9.83685319982  9.46951332211  8.95633803904  8.26574331336  7.37140018818  6.25835784442  4.9291483251  3.40822554875  1.74296257869  
1.0128927193  1.98198479281  2.86945397422  3.64797983289  4.3028977742  4.83186192536  5.24257709877  5.54950631434  5.7704491624  5.92363613071  6.02565213067  6.09021120537  6.12761461728  6.14464367293  6.14464367293  6.12761461728  6.09021120537  6.02565213067  5.92363613071  5.7704491624  5.54950631434  5.24257709877  4.83186192536  4.3028977742  3.64797983289  2.86945397422  1.98198479281  1.0128927193  
0.573567186615  1.12295691915  1.62717954492  2.07088072997  2.44556660647  2.74951393476  2.98662467682  3.16468210592  3.29348369258  3.38321214201  3.44323632243  3.48137472541  3.50354350859  3.51365868053  3.51365868053  3.50354350859  3.48137472541  3.44323632243  3.38321214201  3.29348369258  3.16468210592  2.98662467682  2.74951393476  2.44556660647  2.07088072997  1.62717954492  1.12295691915  0.573567186615  
0.316437553455  0.619821454158  0.898770307277  1.14487358369  1.35336667897  1.52312317398  1.6560838797  1.75635026167  1.82918908126  1.88014418035  1.91436645033  1.93618873571  1.94891068492  1.95472686999  1.95472686999  1.94891068492  1.93618873571  1.91436645033  1.88014418035  1.82918908126  1.75635026167  1.6560838797  1.52312317398  1.35336667897  1.14487358369  0.898770307277  0.619821454158  0.316437553455  
0.170080964591  0.333273724874  0.483551424903  0.616423493566  0.729296924875  0.821489281296  0.893948187181  0.948789066116  0.988776659671  1.01685349416  1.03577681476  1.04788205602  1.05495769256  1.05819820908  1.05819820908  1.05495769256  1.04788205602  1.03577681476  1.01685349416  0.988776659671  0.948789066116  0.893948187181  0.821489281296  0.729296924875  0.616423493566  0.483551424903  0.333273724874  0.170080964591  
0.0890640958125  0.174577623041  0.25342501856  0.323269061266  0.382738961316  0.431444143928  0.469838594697  0.498989817384  0.520314933918  0.535336795637  0.545492926337  0.552008282873  0.555825511292  0.557576491929  0.557576491929  0.555825511292  0.552008282873  0.545492926337  0.535336795637  0.520314933918  0.498989817384  0.469838594697  0.431444143928  0.382738961316  0.323269061266  0.25342501856  0.174577623041  0.0890640958125  
0.0454434324148  0.0890997478177  0.129397005105  0.165149274315  0.195651986217  0.22069176834  0.240481940333  0.255549388979  0.266603324038  0.2744123173  0.279706555761  0.283111530046  0.285110628973  0.286028920932  0.286028920932  0.285110628973  0.283111530046  0.279706555761  0.2744123173  0.266603324038  0.255549388979  0.240481940333  0.22069176834  0.195651986217  0.165149274315  0.129397005105  0.0890997478177  0.0454434324148  
0.0225956397872  0.0443131106386  0.0643784142242  0.0822048298419  0.0974400110608  0.109971989346  0.119899044165  0.127475468335  0.133047795931  0.136994352202  0.139676593911  0.141405577349  0.142422589948  0.142890349509  0.142890349509  0.142422589948  0.141405577349  0.139676593911  0.136994352202  0.133047795931  0.127475468335  0.119899044165  0.109971989346  0.0974400110608  0.0822048298419  0.0643784142242  0.0443131106386  0.0225956397872  
0.0109507311401  0.0214802245476  0.0312165730347  0.0398767152305  0.047289112377  0.0533970939591  0.0582450439826  0.0619529517653  0.0646861376781  0.0666262657819  0.067947757947  0.0688013216158  0.0693042448398  0.0695358196589  0.0695358196589  0.0693042448398  0.0688013216158  0.067947757947  0.0666262657819  0.0646861376781  0.0619529517653  0.0582450439826  0.0533970939591  0.047289112377  0.0398767152305  0.0312165730347  0.0214802245476  0.0109507311401  
0.0051738757664  0.0101505145287  0.0147555218224  0.0188557056243  0.0223697239766  0.0252698341216  0.0275756802693  0.0293426089213  0.0306476278304  0.0315758444001  0.0322093281566  0.0326192423929  0.0328611300258  0.0329726226678  0.0329726226678  0.0328611300258  0.0326192423929  0.0322093281566  0.0315758444001  0.0306476278304  0.0293426089213  0.0275756802693  0.0252698341216  0.0223697239766  0.0188557056243  0.0147555218224  0.0101505145287  0.0051738757664  
0.00238352148148  0.00467689513737  0.00680031278577  0.00869264046218  0.0103162950007  0.0116581139019  0.0127266165092  0.013546756105  0.0141535579451  0.0145859279677  0.0148815270226  0.0150731134755  0.0151863204292  0.015238548438  0.015238548438  0.0151863204292  0.0150731134755  0.0148815270226  0.0145859279677  0.0141535579451  0.013546756105  0.0127266165092  0.0116581139019  0.0103162950007  0.00869264046218  0.00680031278577  0.00467689513737  0.00238352148148  
0.00107050092381  0.00210079506248  0.00305524840377  0.00390649479627  0.00463761428457  0.00524254773349  0.00572491395387  0.00609570528789  0.00637047242083  0.00656656665989  0.00670084075333  0.00678799414635  0.00683955491185  0.00686336201923  0.00686336201923  0.00683955491185  0.00678799414635  0.00670084075333  0.00656656665989  0.00637047242083  0.00609570528789  0.00572491395387  0.00524254773349  0.00463761428457  0.00390649479627  0.00305524840377  0.00210079506248  0.00107050092381  
0.000467670582519  0.000917882692964  0.00133514891206  0.00170754894403  0.00202767655939  0.00229282944019  0.00250450998848  0.00266743840464  0.00278833891806  0.00287474400799  0.00293399138123  0.00297249668967  0.0029953013583  0.00300583863633  0.00300583863633  0.0029953013583  0.00297249668967  0.00293399138123  0.00287474400799  0.00278833891806  0.00266743840464  0.00250450998848  0.00229282944019  0.00202767655939  0.00170754894403  0.00133514891206  0.000917882692964  0.000467670582519  
0.000195669289459  0.000384071566799  0.0005587552235  0.000714745473318  0.000848938835117  0.000960185509092  0.00104908658464  0.00111758802947  0.00116847853926  0.00120489246727  0.0012298907577  0.00124615518983  0.00125579662385  0.00126025439094  0.00126025439094  0.00125579662385  0.00124615518983  0.0012298907577  0.00120489246727  0.00116847853926  0.00111758802947  0.00104908658464  0.000960185509092  0.000848938835117  0.000714745473318  0.0005587552235  0.000384071566799  0.000195669289459  
7.03099394296e-05  0.000138018347036  0.000200814300978  0.000256913510346  0.000305199610475  0.000345254507772  0.000377287065624  0.000401988997119  0.000420355906529  0.000433509530602  0.000442547325025  0.000448432229081  0.000451923101684  0.000453537861009  0.000453537861009  0.000451923101684  0.000448432229081  0.000442547325025  0.000433509530602  0.000420355906529  0.000401988997119  0.000377287065624  0.000345254507772  0.000305199610475  0.000256913510346  0.000200814300978  0.000138018347036  7.03099394296e-05  
