1000.0  1000.0  1000.0  1000.0  1000.0  1000.0  1000.0  1000.0  1000.0  1000.0  1000.0  1000.0  1000.0  1000.0  1000.0  1000.0  1000.0  1000.0  1000.0  1000.0  1000.0  1000.0  1000.0  1000.0  1000.0  1000.0  1000.0  1000.0  
279.670496529  455.057428501  556.86987783  615.761197711  650.261089614  670.708166299  682.893560097  690.146735708  694.43330113  696.935433266  698.36968134  699.168321754  699.586186759  699.763979651  699.763979651  699.586186759  699.168321754  698.36968134  696.935433266  694.43330113  690.146735708  682.893560097  670.708166299  650.261089614  615.761197711  556.86987783  455.057428501  279.670496529  
176.895505002  312.306266242  404.795904799  464.89947135  503.048069464  526.927699691  541.702664524  550.730463096  556.166281562  559.382659537  561.244975735  562.289761766  562.839346933  563.073959045  563.073959045  562.839346933  562.289761766  561.244975735  559.382659537  556.166281562  550.730463096  541.702664524  526.927699691  503.048069464  464.89947135  404.795904799  312.306266242  176.895505002  
117.807473119  216.800144216  291.401413747  344.047739962  379.677545353  403.087075978  418.104653747  427.532253188  433.325642989  436.807144542  438.847052477  440.001866502  440.613342885  440.875453098  440.875453098  440.613342885  440.001866502  438.847052477  436.807144542  433.325642989  427.532253188  418.104653747  403.087075978  379.677545353  344.047739962  291.401413747  216.800144216  117.807473119  
80.1093492271  150.741476987  207.320864086  249.631372925  279.721680081  300.30796635  313.94772078  322.731736412  328.239478586  331.60245162  333.597863704  334.738631428  335.347079842  335.609094526  335.609094526  335.347079842  334.738631428  333.597863704  331.60245162  328.239478586  322.731736412  313.94772078  300.30796635  279.721680081  249.631372925  207.320864086  150.741476987  80.1093492271  
54.608315884  104.075821173  145.281828551  177.383409288  201.093282633  217.856805474  229.275751514  236.800237397  241.607959245  244.589065049  246.380169029  247.414403669  247.970191863  248.210681547  248.210681547  247.970191863  247.414403669  246.380169029  244.589065049  241.607959245  236.800237397  229.275751514  217.856805474  201.093282633  177.383409288  145.281828551  104.075821173  54.608315884  
36.9058545595  70.8899717077  99.9422997094  123.248029426  140.964406216  153.825624306  162.792779481  168.821372634  172.739507306  175.204112433  176.702689947  177.576462505  178.049520728  178.255196088  178.255196088  178.049520728  177.576462505  176.702689947  175.204112433  172.739507306  168.821372634  162.792779481  153.825624306  140.964406216  123.248029426  99.9422997094  70.8899717077  36.9058545595  
24.5590712934  47.414745423  67.3047626112  83.6040727953  96.2706082552  105.662291291  112.338427023  116.904885528  119.917898667  121.838042193  123.018601611  123.713306717  124.09210614  124.257564318  124.257564318  124.09210614  123.713306717  123.018601611  121.838042193  119.917898667  116.904885528  112.338427023  105.662291291  96.2706082552  83.6040727953  67.3047626112  47.414745423  24.5590712934  
16.0211302699  31.0390177383  44.2745212554  55.2933276465  64.0033605112  70.5717748091  75.3164446666  78.6098816873  80.8118409155  82.2315925187  83.11338764  83.6367267603  83.9239988342  84.0500286225  84.0500286225  83.9239988342  83.6367267603  83.11338764  82.2315925187  80.8118409155  78.6098816873  75.3164446666  70.5717748091  64.0033605112  55.2933276465  44.2745212554  31.0390177383  16.0211302699  
10.2157855506  19.8410776037  28.4027663792  35.6161218936  41.3943948313  45.8117306034  49.045218385  51.3179038891  52.8549364467  53.8562702143  54.4838973129  54.8593043999  55.0666490792  55.1579846826  55.1579846826  55.0666490792  54.8593043999  54.4838973129  53.8562702143  52.8549364467  51.3179038891  49.045218385  45.8117306034  41.3943948313  35.6161218936  28.4027663792  19.8410776037  10.2157855506  
6.35468645389  12.3646750534  17.7477593954  22.3249417198  26.0302262907  28.8942879779  31.01400204  32.5197287826  33.5482213521  34.2243862063  34.6516758984  34.9090635207  35.0520275186  35.115239267  35.115239267  35.0520275186  34.9090635207  34.6516758984  34.2243862063  33.5482213521  32.5197287826  31.01400204  28.8942879779  26.0302262907  22.3249417198  17.7477593954  12.3646750534  6.35468645389  
3.85107294235  7.50365459355  10.7926982636  13.6095162904  15.9089942514  17.7025188836  19.0421568631  20.0023569435  20.6638728252  21.1022638922  21.3813160775  21.5504792448  21.6449210328  21.686821088  21.686821088  21.6449210328  21.5504792448  21.3813160775  21.1022638922  20.6638728252  20.0023569435  19.0421568631  17.7025188836  15.9089942514  13.6095162904  10.7926982636  7.50365459355  3.85107294235  
2.27167520922  4.43102854063  6.38358543233  8.06538560065  9.44765745687  10.53381946  11.3513619463  11.9418445736  12.3516726837  12.6251754033  12.8003940737  12.9072174736  12.9671310473  12.9937944053  12.9937944053  12.9671310473  12.9072174736  12.8003940737  12.6251754033  12.3516726837  11.9418445736  11.3513619463  10.53381946  9.44765745687  8.06538560065  6.38358543233  4.43102854063  2.27167520922  
1.3035711579  2.54485158763  3.67098976292  4.64544619147  5.45080820441  6.08755236263  6.56993024653  6.92061708416  7.16557703877  7.33005752968  7.43603303249  7.5009699262  7.53754174701  7.55386261988  7.55386261988  7.53754174701  7.5009699262  7.43603303249  7.33005752968  7.16557703877  6.92061708416  6.56993024653  6.08755236263  5.45080820441  4.64544619147  3.67098976292  2.54485158763  1.3035711579  
0.727433867164  1.42107883219  2.05207181808  2.60013108129  3.0551664995  3.41678636618  3.69224049346  3.89361733071  4.03506458478  4.13055120209  4.19238400158  4.23044362532  4.25195798572  4.26158319463  4.26158319463  4.25195798572  4.23044362532  4.19238400158  4.13055120209  4.03506458478  3.89361733071  3.69224049346  3.41678636618  3.0551664995  2.60013108129  2.05207181808  1.42107883219  0.727433867164  
0.394677933348  0.771453208188  1.1149511983  1.41422882263  1.66365890548  1.86274254674  2.01509609307  2.12701417407  2.20600517919  2.25958077359  2.29442854708  2.31596452038  2.32817878501  2.33365552636  2.33365552636  2.32817878501  2.31596452038  2.29442854708  2.25958077359  2.20600517919  2.12701417407  2.01509609307  1.86274254674  1.66365890548  1.41422882263  1.1149511983  0.771453208188  0.394677933348  
0.208189683908  0.407123113426  0.588816963704  0.747530194114  0.880232864709  0.986539238469  1.06821699372  1.12846644277  1.17116885261  1.20025150443  1.21924261843  1.23102116083  1.23772124404  1.24073152512  1.24073152512  1.23772124404  1.23102116083  1.21924261843  1.20025150443  1.17116885261  1.12846644277  1.06821699372  0.986539238469  0.880232864709  0.747530194114  0.588816963704  0.407123113426  0.208189683908  
0.106773198894  0.208879341653  0.30227911913  0.384043302285  0.452593386046  0.507680004574  0.55014934178  0.581589571209  0.603954929397  0.61924233809  0.629259915891  0.635492738743  0.639047596329  0.640647632723  0.640647632723  0.639047596329  0.635492738743  0.629259915891  0.61924233809  0.603954929397  0.581589571209  0.55014934178  0.507680004574  0.452593386046  0.384043302285  0.30227911913  0.208879341653  0.106773198894  
0.0532482227552  0.104202636035  0.150872243601  0.191803210025  0.226198690558  0.253913052951  0.275342784483  0.291256972377  0.302614077082  0.310401878948  0.315520868699  0.318714877298  0.320540873951  0.321364076522  0.321364076522  0.320540873951  0.318714877298  0.315520868699  0.310401878948  0.302614077082  0.291256972377  0.275342784483  0.253913052951  0.226198690558  0.191803210025  0.150872243601  0.104202636035  0.0532482227552  
0.0258265856753  0.0505544907189  0.0732277875347  0.0931444277143  0.109914199202  0.123457851327  0.133957149028  0.141775458874  0.147370704506  0.151218333546  0.153754351473  0.15534070559  0.156249533369  0.156659845495  0.156659845495  0.156249533369  0.15534070559  0.153754351473  0.151218333546  0.147370704506  0.141775458874  0.133957149028  0.123457851327  0.109914199202  0.0931444277143  0.0732277875347  0.0505544907189  0.0258265856753  
0.0121856137836  0.023858440222  0.0345714194473  0.0439946325459  0.051942552039  0.0583743633807  0.0633715668279  0.0671016399538  0.0697777283917  0.0716225737134  0.0728414974157  0.0736056886082  0.0740443244765  0.0742426130467  0.0742426130467  0.0740443244765  0.0736056886082  0.0728414974157  0.0716225737134  0.0697777283917  0.0671016399538  0.0633715668279  0.0583743633807  0.051942552039  0.0439946325459  0.0345714194473  0.023858440222  0.0121856137836  
0.00559450230235  0.0109557921748  0.0158802020746  0.0202168132783  0.0238799195996  0.0268494504006  0.029161138174  0.0308902820488  0.032133549791  0.0329925364763  0.0335613162433  0.0339186241526  0.0341240614142  0.034217038371  0.034217038371  0.0341240614142  0.0339186241526  0.0335613162433  0.0329925364763  0.032133549791  0.0308902820488  0.029161138174  0.0268494504006  0.0238799195996  0.0202168132783  0.0158802020746  0.0109557921748  0.00559450230235  
0.00249996836879  0.00489657861888  0.00709943496003  0.0090413188144  0.0106837370406  0.0120172125592  0.0130570612478  0.0138363085309  0.0143976790554  0.0147862997726  0.0150441232108  0.0152063793382  0.0152998112976  0.0153421407043  0.0153421407043  0.0152998112976  0.0152063793382  0.0150441232108  0.0147862997726  0.0143976790554  0.0138363085309  0.0130570612478  0.0120172125592  0.0106837370406  0.0090413188144  0.00709943496003  0.00489657861888  0.00249996836879  
0.00108764540335  0.00213064717467  0.00308991154393  0.00393628071579  0.00465293764828  0.00523556932397  0.00569059273227  0.00603213798263  0.00627861008582  0.00644953452318  0.00656312681503  0.00663472885049  0.00667601544281  0.00669473777339  0.00669473777339  0.00667601544281  0.00663472885049  0.00656312681503  0.00644953452318  0.00627861008582  0.00603213798263  0.00569059273227  0.00523556932397  0.00465293764828  0.00393628071579  0.00308991154393  0.00213064717467  0.00108764540335  
0.000460733482203  0.000902675289007  0.00130935200747  0.00166844512737  0.00197280606974  0.00222053844699  0.00241426955873  0.00255989628677  0.00266514615984  0.00273824897731  0.00278690608249  0.00281762080319  0.00283535280945  0.00284340049334  0.00284340049334  0.00283535280945  0.00281762080319  0.00278690608249  0.00273824897731  0.00266514615984  0.00255989628677  0.00241426955873  0.00222053844699  0.00197280606974  0.00166844512737  0.00130935200747  0.000902675289007  0.000460733482203  
0.000189745418656  0.000371794677937  0.000539394766548  0.000687484592693  0.000813111606547  0.00091547021321  0.000995609855336  0.00105592704847  0.00109957912235  0.00112994008993  0.00115017585399  0.00116296595785  0.00117035783454  0.00117371513435  0.00117371513435  0.00117035783454  0.00116296595785  0.00115017585399  0.00112994008993  0.00109957912235  0.00105592704847  0.000995609855336  0.00091547021321  0.000813111606547  0.000687484592693  0.000539394766548  0.000371794677937  0.000189745418656  
7.50131409178e-05  0.000146998039722  0.000213295477681  0.000271908739435  0.000321667826212  0.000362246113458  0.00039404761633  0.000418009007573  0.000435369984611  0.000447459170253  0.000455526107496  0.000460630441983  0.000463583168892  0.000464925117883  0.000464925117883  0.000463583168892  0.000460630441983  0.000455526107496  0.000447459170253  0.000435369984611  0.000418009007573  0.00039404761633  0.000362246113458  0.000321667826212  0.000271908739435  0.000213295477681  0.000146998039722  7.50131409178e-05  
2.57516364803e-05  5.04673052789e-05  7.32367613784e-05  9.33755947073e-05  0.000110481475022  0.000124440233559  0.000135387828609  0.000143643091939  0.000149629438713  0.000153801630398  0.000156588088077  0.000158352647508  0.000159374104753  0.000159838554757  0.000159838554757  0.000159374104753  0.000158352647508  0.000156588088077  0.000153801630398  0.000149629438713  0.000143643091939  0.000135387828609  0.000124440233559  0.000110481475022  9.33755947073e-05  7.32367613784e-05  5.04673052789e-05  2.57516364803e-05  
