1000.0  1000.0  1000.0  1000.0  1000.0  1000.0  1000.0  1000.0  1000.0  1000.0  1000.0  1000.0  1000.0  1000.0  1000.0  1000.0  1000.0  1000.0  1000.0  1000.0  1000.0  1000.0  1000.0  1000.0  1000.0  1000.0  1000.0  1000.0  
284.322186997  464.208523498  570.230801619  632.932598592  670.769485808  694.044402194  708.548906485  717.642544275  723.341744414  726.890578596  729.069577962  730.369697177  731.093707271  731.415939261  731.415939261  731.093707271  730.369697177  729.069577962  726.890578596  723.341744414  717.642544275  708.548906485  694.044402194  670.769485808  632.932598592  570.230801619  464.208523498  284.322186997  
183.311983685  324.929229912  423.226038292  488.586066983  531.33816864  559.119112601  577.093746532  588.661009301  596.046134315  600.706990366  603.597175289  605.334136008  606.306313547  606.740314304  606.740314304  606.306313547  605.334136008  603.597175289  600.706990366  596.046134315  588.661009301  577.093746532  559.119112601  531.33816864  488.586066983  423.226038292  324.929229912  183.311983685  
125.416845175  231.769966202  313.258334904  372.138922732  413.228896865  441.266081101  460.079372689  472.519801508  480.626116086  485.821751697  489.081562294  491.057965049  492.171095041  492.669912955  492.669912955  492.171095041  491.057965049  489.081562294  485.821751697  480.626116086  472.519801508  460.079372689  441.266081101  413.228896865  372.138922732  313.258334904  231.769966202  125.416845175  
88.2934382163  166.842086222  230.829169304  279.845577464  315.809580965  341.374472927  359.098263133  371.124383122  379.121421407  384.329524348  387.638272938  389.663689309  390.812364273  391.329309755  391.329309755  390.812364273  389.663689309  387.638272938  384.329524348  379.121421407  371.124383122  359.098263133  341.374472927  315.809580965  279.845577464  230.829169304  166.842086222  88.2934382163  
62.7847107837  120.161480719  168.768744031  207.570866785  237.150293167  258.88948721  274.390623719  285.156260253  292.452981736  297.279343943  300.384126627  302.303402413  303.399740859  303.895341123  303.895341123  303.399740859  302.303402413  300.384126627  297.279343943  292.452981736  285.156260253  274.390623719  258.88948721  237.150293167  207.570866785  168.768744031  120.161480719  62.7847107837  
44.5925217368  86.0123821024  122.023244314  151.629230902  174.865124594  192.405922754  205.212966679  214.290893672  220.551205751  224.752600604  227.487915253  229.195071226  230.177221757  230.623191054  230.623191054  230.177221757  229.195071226  227.487915253  224.752600604  220.551205751  214.290893672  205.212966679  192.405922754  174.865124594  151.629230902  122.023244314  86.0123821024  44.5925217368  
31.4126505365  60.8983861571  86.9933564765  108.911164214  126.500561415  140.066616831  150.168720132  157.456385332  162.56003411  166.030832135  168.315869017  169.755015834  170.588669918  170.968852013  170.968852013  170.588669918  169.755015834  168.315869017  166.030832135  162.56003411  157.456385332  150.168720132  140.066616831  126.500561415  108.911164214  86.9933564765  60.8983861571  31.4126505365  
21.8471379782  42.501229272  61.011928891  76.8078600035  89.7041449573  99.8229403834  107.482063965  113.090968089  117.072311936  119.812230872  121.634606339  122.792090907  123.46691667  123.775928498  123.775928498  123.46691667  122.792090907  121.634606339  119.812230872  117.072311936  113.090968089  107.482063965  99.8229403834  89.7041449573  76.8078600035  61.011928891  42.501229272  21.8471379782  
14.9550855305  29.1654584889  42.0188850868  53.1192209639  62.3042339344  69.6114021942  75.2176535227  79.375940378  82.3624368642  84.4394967248  85.833790535  86.726245697  87.2496618192  87.4902554299  87.4902554299  87.2496618192  86.726245697  85.833790535  84.4394967248  82.3624368642  79.375940378  75.2176535227  69.6114021942  62.3042339344  53.1192209639  42.0188850868  29.1654584889  14.9550855305  
10.0543429089  19.6437539702  28.3775461744  35.9898189371  42.3556592795  47.4770653067  51.4506878114  54.4301108535  56.5917946652  58.1092475768  59.1363281525  59.7983541712  60.1887425575  60.3688173724  60.3688173724  60.1887425575  59.7983541712  59.1363281525  58.1092475768  56.5917946652  54.4301108535  51.4506878114  47.4770653067  42.3556592795  35.9898189371  28.3775461744  19.6437539702  10.0543429089  
6.62866999062  12.9687058567  18.7737175786  23.8698309201  28.1677039342  31.6571505797  34.3899891152  36.4580046704  37.9716608156  39.0429171027  39.773334551  40.2471112193  40.527870993  40.6577903911  40.6577903911  40.527870993  40.2471112193  39.773334551  39.0429171027  37.9716608156  36.4580046704  34.3899891152  31.6571505797  28.1677039342  23.8698309201  18.7737175786  12.9687058567  6.62866999062  
4.28086557318  8.38430109452  12.1570699449  15.4881033859  18.316642159  20.6304665829  22.4568254314  23.8497417753  24.8770334618  25.6092911387  26.1118280343  26.4396325143  26.634753161  26.7253041872  26.7253041872  26.634753161  26.4396325143  26.1118280343  25.6092911387  24.8770334618  23.8497417753  22.4568254314  20.6304665829  18.316642159  15.4881033859  12.1570699449  8.38430109452  4.28086557318  
2.70599605382  5.30432754971  7.7011846343  9.82717895337  11.6425736725  13.1369051455  14.3242104951  15.2358074439  15.912548157  16.3979597644  16.7330134053  16.952668606  17.083936606  17.1450133054  17.1450133054  17.083936606  16.952668606  16.7330134053  16.3979597644  15.912548157  15.2358074439  14.3242104951  13.1369051455  11.6425736725  9.82717895337  7.7011846343  5.30432754971  2.70599605382  
1.67328028199  3.28222107103  4.77037664268  6.09533429651  7.23195009494  8.17243630533  8.92386552405  9.504114482  9.93733064623  10.2497752355  10.466539201  10.6092823577  10.6948914779  10.7348167705  10.7348167705  10.6948914779  10.6092823577  10.466539201  10.2497752355  9.93733064623  9.504114482  8.92386552405  8.17243630533  7.23195009494  6.09533429651  4.77037664268  3.28222107103  1.67328028199  
1.01177771642  1.985755552  2.88859118896  3.69491867439  4.3892909068  4.9663716091  5.42963926789  5.78913729596  6.05887007113  6.25434437728  6.39056950585  6.48063370172  6.53482127138  6.56014537339  6.56014537339  6.53482127138  6.48063370172  6.39056950585  6.25434437728  6.05887007113  5.78913729596  5.42963926789  4.9663716091  4.3892909068  3.69491867439  2.88859118896  1.985755552  1.01177771642  
0.598083023942  1.17436136763  1.70951789041  2.18870950502  2.60270297843  2.94804837808  3.22641167372  3.44334353956  3.60681100358  3.7257765284  3.80901358386  3.86424010109  3.89756202412  3.91316386324  3.91316386324  3.89756202412  3.86424010109  3.80901358386  3.7257765284  3.60681100358  3.44334353956  3.22641167372  2.94804837808  2.60270297843  2.18870950502  1.70951789041  1.17436136763  0.598083023942  
0.345562476422  0.678787168483  0.98870507797  1.26681912741  1.50775231179  1.70937363078  1.87245773462  2.00002076582  2.09650756141  2.1669885337  2.21647630589  2.24941420275  2.2693384138  2.27868284796  2.27868284796  2.2693384138  2.24941420275  2.21647630589  2.1669885337  2.09650756141  2.00002076582  1.87245773462  1.70937363078  1.50775231179  1.26681912741  0.98870507797  0.678787168483  0.345562476422  
0.195138838117  0.383434723096  0.558786109784  0.716434778541  0.853327208147  0.968196647686  1.06139143726  1.13452215206  1.19002003586  1.23069287615  1.25934045921  1.27846115444  1.29005358142  1.29549856088  1.29549856088  1.29005358142  1.27846115444  1.25934045921  1.23069287615  1.19002003586  1.13452215206  1.06139143726  0.968196647686  0.853327208147  0.716434778541  0.558786109784  0.383434723096  0.195138838117  
0.107697015994  0.211675737869  0.308612668597  0.395901545681  0.471850313166  0.535731050109  0.587694415866  0.628585172708  0.659706818377  0.682581231128  0.698737443913  0.709547832514  0.716115228464  0.719204081688  0.719204081688  0.716115228464  0.709547832514  0.698737443913  0.682581231128  0.659706818377  0.628585172708  0.587694415866  0.535731050109  0.471850313166  0.395901545681  0.308612668597  0.211675737869  0.107697015994  
0.0580923568943  0.114206024178  0.166568783806  0.213784348429  0.254937358713  0.289622256501  0.31790120637  0.34020925722  0.357231285365  0.369774678093  0.378656013287  0.384611948361  0.388236803834  0.389943737606  0.389943737606  0.388236803834  0.384611948361  0.378656013287  0.369774678093  0.357231285365  0.34020925722  0.31790120637  0.289622256501  0.254937358713  0.213784348429  0.166568783806  0.114206024178  0.0580923568943  
0.030627956357  0.0602249694929  0.0878660690377  0.112819589564  0.134601919056  0.152993527163  0.168018558679  0.179896922109  0.188981200255  0.195690636578  0.200451730584  0.203650964474  0.205601229963  0.206520595121  0.206520595121  0.205601229963  0.203650964474  0.200451730584  0.195690636578  0.188981200255  0.179896922109  0.168018558679  0.152993527163  0.134601919056  0.112819589564  0.0878660690377  0.0602249694929  0.030627956357  
0.0157845604182  0.0310433040454  0.0453037633302  0.0581909361111  0.0694552137619  0.0789809721045  0.0867768210267  0.0929518326729  0.0976838320619  0.101185891756  0.103675893405  0.10535205498  0.106375343228  0.106858194024  0.106858194024  0.106375343228  0.10535205498  0.103675893405  0.101185891756  0.0976838320619  0.0929518326729  0.0867768210267  0.0789809721045  0.0694552137619  0.0581909361111  0.0453037633302  0.0310433040454  0.0157845604182  
0.00795151407669  0.0156405611635  0.0228310027606  0.0293348640294  0.0350262710973  0.0398459126933  0.0437964536864  0.0469309579013  0.0493372688943  0.051121364929  0.0523921123419  0.0532488974013  0.0537726466783  0.0540199992121  0.0540199992121  0.0537726466783  0.0532488974013  0.0523921123419  0.051121364929  0.0493372688943  0.0469309579013  0.0437964536864  0.0398459126933  0.0350262710973  0.0293348640294  0.0228310027606  0.0156405611635  0.00795151407669  
0.003912774775  0.00769743298155  0.0112385825231  0.0144441347364  0.01725210419  0.0196328575702  0.0215869922768  0.0231398080386  0.0243337735152  0.0252204383448  0.0258529713687  0.0262800606064  0.0265414452691  0.0266649864498  0.0266649864498  0.0265414452691  0.0262800606064  0.0258529713687  0.0252204383448  0.0243337735152  0.0231398080386  0.0215869922768  0.0196328575702  0.01725210419  0.0144441347364  0.0112385825231  0.00769743298155  0.003912774775  
0.0018734215932  0.0036859315572  0.00538261615684  0.00691955654889  0.00826705963198  0.00941075547582  0.0103506361901  0.0110984778225  0.0116742965687  0.0121025196618  0.0124084308221  0.0126152450062  0.0127419495745  0.0128018766856  0.0128018766856  0.0127419495745  0.0126152450062  0.0124084308221  0.0121025196618  0.0116742965687  0.0110984778225  0.0103506361901  0.00941075547582  0.00826705963198  0.00691955654889  0.00538261615684  0.0036859315572  0.0018734215932  
0.000854706676361  0.00168178592182  0.00245631146075  0.00315831239232  0.00377423762933  0.00429746392836  0.00472787749655  0.00507072344911  0.00533501282906  0.00553179224634  0.00567252939719  0.00576777712656  0.00582618140278  0.00585382070717  0.00585382070717  0.00582618140278  0.00576777712656  0.00567252939719  0.00553179224634  0.00533501282906  0.00507072344911  0.00472787749655  0.00429746392836  0.00377423762933  0.00315831239232  0.00245631146075  0.00168178592182  0.000854706676361  
0.0003286466537  0.000646713942229  0.0009446516908  0.00121479882603  0.00145194385611  0.00165352211688  0.00181946022844  0.00195174056238  0.00205379513587  0.00212984478438  0.00218428038666  0.00222114888375  0.00224376996749  0.00225447958799  0.00225447958799  0.00224376996749  0.00222114888375  0.00218428038666  0.00212984478438  0.00205379513587  0.00195174056238  0.00181946022844  0.00165352211688  0.00145194385611  0.00121479882603  0.0009446516908  0.000646713942229  0.0003286466537  
