1000.0  1000.0  1000.0  1000.0  1000.0  1000.0  1000.0  1000.0  1000.0  1000.0  1000.0  1000.0  1000.0  1000.0  1000.0  1000.0  1000.0  1000.0  1000.0  1000.0  1000.0  1000.0  1000.0  1000.0  1000.0  1000.0  1000.0  1000.0  
249.77286541  397.115625032  474.227163197  512.647694791  531.138587681  539.729404365  543.566057852  545.206261558  545.875405081  546.13539977  546.231512114  546.265288962  546.276510008  546.27979552  546.27979552  546.276510008  546.265288962  546.231512114  546.13539977  545.875405081  545.206261558  543.566057852  539.729404365  531.138587681  512.647694791  474.227163197  397.115625032  249.77286541  
138.742380898  238.342994431  299.252601395  333.136509423  350.731367237  359.344946885  363.334471832  365.084620104  365.812064476  366.098630563  366.205668543  366.243584059  366.25625672  366.259983245  366.259983245  366.25625672  366.243584059  366.205668543  366.098630563  365.812064476  365.084620104  363.334471832  359.344946885  350.731367237  333.136509423  299.252601395  238.342994431  138.742380898  
77.0831070009  137.819543648  178.626341591  203.14408932  216.651802357  223.565710073  226.876670161  228.366082061  228.997072262  229.249308408  229.344601123  229.378658595  229.390121447  229.393509133  229.393509133  229.390121447  229.378658595  229.344601123  229.249308408  228.997072262  228.366082061  226.876670161  223.565710073  216.651802357  203.14408932  178.626341591  137.819543648  77.0831070009  
41.6273825594  76.0709565858  100.614454408  116.176674068  125.145088409  129.90479283  132.250438942  133.329733612  133.795209585  133.983933617  134.056041295  134.082046715  134.090862715  134.093481829  134.093481829  134.090862715  134.082046715  134.056041295  133.983933617  133.795209585  133.329733612  132.250438942  129.90479283  125.145088409  116.176674068  100.614454408  76.0709565858  41.6273825594  
21.5091634328  39.8107385945  53.3581505723  62.2815078632  67.6019175398  70.5082689172  71.9752067167  72.6635167289  72.9651378187  73.0890251997  73.136863757  73.1542663713  73.1602073066  73.1619813484  73.1619813484  73.1602073066  73.1542663713  73.136863757  73.0890251997  72.9651378187  72.6635167289  71.9752067167  70.5082689172  67.6019175398  62.2815078632  53.3581505723  39.8107385945  21.5091634328  
10.5457515054  19.6740661015  26.6059309734  31.2984192369  34.1693593735  35.7739481159  36.5999091002  36.9939412689  37.1690183862  37.2417639586  37.2701250313  37.2805245729  37.2840979663  37.2851701832  37.2851701832  37.2840979663  37.2805245729  37.2701250313  37.2417639586  37.1690183862  36.9939412689  36.5999091002  35.7739481159  34.1693593735  31.2984192369  26.6059309734  19.6740661015  10.5457515054  
4.88602491761  9.1628309621  12.4685770799  14.7516195921  16.1762406787  16.9870432833  17.4111571121  17.6163159698  17.7085616254  17.7472782403  17.762501444  17.7681235755  17.7700668436  17.7706525056  17.7706525056  17.7700668436  17.7681235755  17.762501444  17.7472782403  17.7085616254  17.6163159698  17.4111571121  16.9870432833  16.1762406787  14.7516195921  12.4685770799  9.1628309621  4.88602491761  
2.13561866292  4.0192836156  5.49380082126  6.52744099292  7.18232826621  7.56046450972  7.76086767332  7.85893967418  7.903482824  7.92234124138  7.92981158709  7.9325879547  7.93355265773  7.93384454892  7.93384454892  7.93355265773  7.9325879547  7.92981158709  7.92234124138  7.903482824  7.85893967418  7.76086767332  7.56046450972  7.18232826621  6.52744099292  5.49380082126  4.0192836156  2.13561866292  
0.880368290949  1.66110000901  2.27795380795  2.71528458913  2.99567664267  3.15945604235  3.247189167  3.2905393559  3.31039699066  3.31886694228  3.32224376353  3.3235056982  3.32394621349  3.32407996518  3.32407996518  3.32394621349  3.3235056982  3.32224376353  3.31886694228  3.31039699066  3.2905393559  3.247189167  3.15945604235  2.99567664267  2.71528458913  2.27795380795  1.66110000901  0.880368290949  
0.342474029566  0.647400337035  0.890008412593  1.06351383414  1.17580227354  1.2420027857  1.27777720853  1.29559614069  1.3038173397  1.30734622573  1.30876091912  1.3092921215  1.30947829955  1.30953499955  1.30953499955  1.30947829955  1.3092921215  1.30876091912  1.30734622573  1.3038173397  1.29559614069  1.27777720853  1.2420027857  1.17580227354  1.06351383414  0.890008412593  0.647400337035  0.342474029566  
0.125858211466  0.238254216514  0.32815876774  0.392894142698  0.435102635356  0.460174711743  0.47382144482  0.480664244033  0.483840441506  0.485211136995  0.485763230414  0.485971384747  0.48604459221  0.486066945644  0.486066945644  0.48604459221  0.485971384747  0.485763230414  0.485211136995  0.483840441506  0.480664244033  0.47382144482  0.460174711743  0.435102635356  0.392894142698  0.32815876774  0.238254216514  0.125858211466  
0.0437543063607  0.0829186273709  0.114376381791  0.137149445665  0.152086915259  0.161014291721  0.165902368814  0.168367007607  0.169516817719  0.170015276488  0.170216852583  0.170293117397  0.170320018798  0.170328251283  0.170328251283  0.170320018798  0.170293117397  0.170216852583  0.170015276488  0.169516817719  0.168367007607  0.165902368814  0.161014291721  0.152086915259  0.137149445665  0.114376381791  0.0829186273709  0.0437543063607  
0.0144114938262  0.0273344053461  0.0377485264322  0.0453199946967  0.0503103954141  0.0533078587085  0.0549571394113  0.0557925806828  0.0561839901245  0.0563543207343  0.0564234354471  0.0564496615989  0.0564589356095  0.056461779017  0.056461779017  0.0564589356095  0.0564496615989  0.0564234354471  0.0563543207343  0.0561839901245  0.0557925806828  0.0549571394113  0.0533078587085  0.0503103954141  0.0453199946967  0.0377485264322  0.0273344053461  0.0144114938262  
0.00450445111954  0.00854938943676  0.0118176060225  0.0142019507785  0.0157796770595  0.0167312273576  0.0172569184078  0.0175242319428  0.0176499149143  0.0177047840506  0.0177271114497  0.0177356047154  0.0177386143426  0.0177395385363  0.0177395385363  0.0177386143426  0.0177356047154  0.0177271114497  0.0177047840506  0.0176499149143  0.0175242319428  0.0172569184078  0.0167312273576  0.0157796770595  0.0142019507785  0.0118176060225  0.00854938943676  0.00450445111954  
0.00133820800813  0.0025412710564  0.00351536678264  0.00422801637984  0.00470109444458  0.00498737899257  0.00514606946043  0.00522702148136  0.0052651953518  0.00528190538261  0.00528872113454  0.00529131914467  0.00529224134614  0.0052925248978  0.0052925248978  0.00529224134614  0.00529131914467  0.00528872113454  0.00528190538261  0.0052651953518  0.00522702148136  0.00514606946043  0.00498737899257  0.00470109444458  0.00422801637984  0.00351536678264  0.0025412710564  0.00133820800813  
0.000378487648974  0.000719064520292  0.000995293015746  0.00119784332869  0.0013326561454  0.00141446530517  0.00145993858825  0.00148319708557  0.00149419179612  0.00149901521382  0.00150098644866  0.00150173910273  0.00150200664154  0.00150208898696  0.00150208898696  0.00150200664154  0.00150173910273  0.00150098644866  0.00149901521382  0.00149419179612  0.00148319708557  0.00145993858825  0.00141446530517  0.0013326561454  0.00119784332869  0.000995293015746  0.000719064520292  0.000378487648974  
0.000102072164849  0.000193988713568  0.000268641927791  0.000323484896609  0.000360065821842  0.000382315145124  0.00039471056412  0.000401064362972  0.000404073980739  0.000405396706557  0.000405938137784  0.000406145146534  0.000406218811581  0.000406241503023  0.000406241503023  0.000406218811581  0.000406145146534  0.000405938137784  0.000405396706557  0.000404073980739  0.000401064362972  0.00039471056412  0.000382315145124  0.000360065821842  0.000323484896609  0.000268641927791  0.000193988713568  0.000102072164849  
2.62875130024e-05  4.99738673528e-05  6.92332675899e-05  8.34034345531e-05  9.28717883206e-05  9.8641438003e-05  0.000101861807795  0.000103515494441  0.000104300088738  0.000104645424149  0.000104786960161  0.000104841132246  0.000104860426074  0.000104866372814  0.000104866372814  0.000104860426074  0.000104841132246  0.000104786960161  0.000104645424149  0.000104300088738  0.000103515494441  0.000101861807795  9.8641438003e-05  9.28717883206e-05  8.34034345531e-05  6.92332675899e-05  4.99738673528e-05  2.62875130024e-05  
6.47458215232e-06  1.23113665549e-05  1.70616194011e-05  2.05609636258e-05  2.29025538231e-05  2.43316083089e-05  2.51304594922e-05  2.55412699987e-05  2.57364376165e-05  2.58224399984e-05  2.58577231801e-05  2.58712385729e-05  2.58760551927e-05  2.58775403899e-05  2.58775403899e-05  2.58760551927e-05  2.58712385729e-05  2.58577231801e-05  2.58224399984e-05  2.57364376165e-05  2.55412699987e-05  2.51304594922e-05  2.43316083089e-05  2.29025538231e-05  2.05609636258e-05  1.70616194011e-05  1.23113665549e-05  6.47458215232e-06  
1.52721556534e-06  2.90453628763e-06  4.02630011986e-06  4.85349461348e-06  5.4076585763e-06  5.74627829529e-06  5.93580095023e-06  6.03337590093e-06  6.07978012207e-06  6.10024704422e-06  6.10865004817e-06  6.11187074186e-06  6.11301901528e-06  6.1133731736e-06  6.1133731736e-06  6.11301901528e-06  6.11187074186e-06  6.10865004817e-06  6.10024704422e-06  6.07978012207e-06  6.03337590093e-06  5.93580095023e-06  5.74627829529e-06  5.4076585763e-06  4.85349461348e-06  4.02630011986e-06  2.90453628763e-06  1.52721556534e-06  
3.4545680322e-07  6.57107308367e-07  9.11084498875e-07  1.09852007727e-06  1.22420670436e-06  1.30108274064e-06  1.34415134771e-06  1.36634505888e-06  1.37690827391e-06  1.38157038865e-06  1.38348550606e-06  1.38421981118e-06  1.38448167486e-06  1.38456244933e-06  1.38456244933e-06  1.38448167486e-06  1.38421981118e-06  1.38348550606e-06  1.38157038865e-06  1.37690827391e-06  1.36634505888e-06  1.34415134771e-06  1.30108274064e-06  1.22420670436e-06  1.09852007727e-06  9.11084498875e-07  6.57107308367e-07  3.4545680322e-07  
7.50313503646e-08  1.42737500687e-07  1.97940505716e-07  2.38706597853e-07  2.66062893699e-07  2.82808248939e-07  2.9219660091e-07  2.97037821887e-07  2.99343376075e-07  3.00361417036e-07  3.00779752181e-07  3.0094018513e-07  3.00997401965e-07  3.01015050637e-07  3.01015050637e-07  3.00997401965e-07  3.0094018513e-07  3.00779752181e-07  3.00361417036e-07  2.99343376075e-07  2.97037821887e-07  2.9219660091e-07  2.82808248939e-07  2.66062893699e-07  2.38706597853e-07  1.97940505716e-07  1.42737500687e-07  7.50313503646e-08  
1.56664690979e-08  2.98062932922e-08  4.13392722084e-08  4.98603674682e-08  5.55817588179e-08  5.90859980643e-08  6.10517586124e-08  6.20659246784e-08  6.25490969735e-08  6.27625078012e-08  6.28502174927e-08  6.28838558499e-08  6.28958517399e-08  6.28995513685e-08  6.28995513685e-08  6.28958517399e-08  6.28838558499e-08  6.28502174927e-08  6.27625078012e-08  6.25490969735e-08  6.20659246784e-08  6.10517586124e-08  5.90859980643e-08  5.55817588179e-08  4.98603674682e-08  4.13392722084e-08  2.98062932922e-08  1.56664690979e-08  
3.14830060287e-09  5.99024999947e-09  8.30891687622e-09  1.0022704461e-08  1.11738972169e-08  1.1879281072e-08  1.22751317913e-08  1.24794228553e-08  1.25767743387e-08  1.2619778614e-08  1.26374531529e-08  1.26442309772e-08  1.2646647537e-08  1.26473926354e-08  1.26473926354e-08  1.2646647537e-08  1.26442309772e-08  1.26374531529e-08  1.2619778614e-08  1.25767743387e-08  1.24794228553e-08  1.22751317913e-08  1.1879281072e-08  1.11738972169e-08  1.0022704461e-08  8.30891687622e-09  5.99024999947e-09  3.14830060287e-09  
6.09565687114e-10  1.15987961547e-09  1.60895988972e-09  1.94097785552e-09  2.16406908597e-09  2.30080558627e-09  2.37755860402e-09  2.41717618758e-09  2.43605685178e-09  2.44439709289e-09  2.44782445961e-09  2.44913847694e-09  2.44960682152e-09  2.44975117572e-09  2.44975117572e-09  2.44960682152e-09  2.44913847694e-09  2.44782445961e-09  2.44439709289e-09  2.43605685178e-09  2.41717618758e-09  2.37755860402e-09  2.30080558627e-09  2.16406908597e-09  1.94097785552e-09  1.60895988972e-09  1.15987961547e-09  6.09565687114e-10  
1.1373917045e-10  2.16430739709e-10  3.00243663611e-10  3.62220259229e-10  4.03871739715e-10  4.29404836527e-10  4.43738699509e-10  4.51137700237e-10  4.54663694619e-10  4.56221021892e-10  4.56860836544e-10  4.57106048994e-10  4.5719340996e-10  4.57220324754e-10  4.57220324754e-10  4.5719340996e-10  4.57106048994e-10  4.56860836544e-10  4.56221021892e-10  4.54663694619e-10  4.51137700237e-10  4.43738699509e-10  4.29404836527e-10  4.03871739715e-10  3.62220259229e-10  3.00243663611e-10  2.16430739709e-10  1.1373917045e-10  
1.99215269347e-11  3.79089389389e-11  5.25908375028e-11  6.34486705729e-11  7.07463735539e-11  7.52202607834e-11  7.77318404388e-11  7.90282080004e-11  7.96459002861e-11  7.99186515441e-11  8.00306718055e-11  8.00735859236e-11  8.00888671386e-11  8.00935727966e-11  8.00935727966e-11  8.00888671386e-11  8.00735859236e-11  8.00306718055e-11  7.99186515441e-11  7.96459002861e-11  7.90282080004e-11  7.77318404388e-11  7.52202607834e-11  7.07463735539e-11  6.34486705729e-11  5.25908375028e-11  3.79089389389e-11  1.99215269347e-11  
