1000.0  1000.0  1000.0  1000.0  1000.0  1000.0  1000.0  1000.0  1000.0  1000.0  1000.0  1000.0  1000.0  1000.0  1000.0  1000.0  1000.0  1000.0  1000.0  1000.0  1000.0  1000.0  1000.0  1000.0  1000.0  1000.0  1000.0  1000.0  
256.384172188  409.79476161  492.021020723  534.406366532  555.728903967  566.187194554  571.164058432  573.450550124  574.460739669  574.888761794  575.062370418  575.129653654  575.154346808  575.162238005  575.162238005  575.154346808  575.129653654  575.062370418  574.888761794  574.460739669  573.450550124  571.164058432  566.187194554  555.728903967  534.406366532  492.021020723  409.79476161  256.384172188  
146.718313285  253.639158399  320.71909021  359.38600669  380.396779656  391.263098883  396.62802023  399.157736443  400.296543229  400.785772292  400.98627691  401.064601978  401.093521616  401.102802253  401.102802253  401.093521616  401.064601978  400.98627691  400.785772292  400.296543229  399.157736443  396.62802023  391.263098883  380.396779656  359.38600669  320.71909021  253.639158399  146.718313285  
84.9423157913  152.891795344  199.778466527  229.008994199  245.882362594  255.015782307  259.681794676  261.93920762  262.975436004  263.427307051  263.614664542  263.688523058  263.71598725  263.724844789  263.724844789  263.71598725  263.688523058  263.614664542  263.427307051  262.975436004  261.93920762  259.681794676  255.015782307  245.882362594  229.008994199  199.778466527  152.891795344  84.9423157913  
48.3138219654  88.8940283703  118.609987949  138.181493814  150.013051017  156.660795067  160.159063543  161.891590539  162.701724882  163.0602285  163.210627041  163.270476246  163.292897521  163.300167116  163.300167116  163.292897521  163.270476246  163.210627041  163.0602285  162.701724882  161.891590539  160.159063543  156.660795067  150.013051017  138.181493814  118.609987949  88.8940283703  48.3138219654  
26.5520952798  49.4818807693  66.9302396398  78.8772007385  86.3567545951  90.68683295  93.0228837468  94.2037178085  94.7651851299  95.0170631805  95.1239173202  95.1668290373  95.1830237437  95.1883023977  95.1883023977  95.1830237437  95.1668290373  95.1239173202  95.0170631805  94.7651851299  94.2037178085  93.0228837468  90.68683295  86.3567545951  78.8772007385  66.9302396398  49.4818807693  26.5520952798  
13.9702290135  26.2413562826  35.8221117286  42.5676624741  46.9046142165  49.475824825  50.8918189197  51.6201956708  51.9716517261  52.1312671275  52.1996793244  52.2273888986  52.2379195828  52.241369498  52.241369498  52.2379195828  52.2273888986  52.1996793244  52.1312671275  51.9716517261  51.6201956708  50.8918189197  49.475824825  46.9046142165  42.5676624741  35.8221117286  26.2413562826  13.9702290135  
7.00203613217  13.2207822038  18.16322754  21.7147651382  24.0451198195  25.4530832219  26.241680883  26.6533584261  26.8545400192  26.9469040931  26.9868586037  27.00316831  27.0094066375  27.011460011  27.011460011  27.0094066375  27.00316831  26.9868586037  26.9469040931  26.8545400192  26.6533584261  26.241680883  25.4530832219  24.0451198195  21.7147651382  18.16322754  13.2207822038  7.00203613217  
3.33482171829  6.31902149619  8.72105911921  10.4735253056  11.6416402705  12.3581296329  12.765033512  12.9800992147  13.0863487069  13.1355921103  13.1570681298  13.1658962243  13.1692926328  13.1704153918  13.1704153918  13.1692926328  13.1658962243  13.1570681298  13.1355921103  13.0863487069  12.9800992147  12.765033512  12.3581296329  11.6416402705  10.4735253056  8.72105911921  6.31902149619  3.33482171829  
1.50766102901  2.86406344046  3.96607121518  4.77937704024  5.32819114445  5.66891842759  5.86463530695  5.96915795159  6.02127636711  6.04562998928  6.05632725963  6.06075183909  6.06246297971  6.063030824  6.063030824  6.06246297971  6.06075183909  6.05632725963  6.04562998928  6.02127636711  5.96915795159  5.86463530695  5.66891842759  5.32819114445  4.77937704024  3.96607121518  2.86406344046  1.50766102901  
0.646948871879  1.23128886101  1.70936830555  2.06534537627  2.30789821223  2.45996404281  2.54813345612  2.59563078911  2.61950172823  2.63073477342  2.63569963259  2.63776436628  2.63856655563  2.63883367789  2.63883367789  2.63856655563  2.63776436628  2.63569963259  2.63073477342  2.61950172823  2.59563078911  2.54813345612  2.45996404281  2.30789821223  2.06534537627  1.70936830555  1.23128886101  0.646948871879  
0.263616374926  0.502429408254  0.698865975318  0.846150766781  0.947286178007  1.01119728243  1.04854118021  1.06880534959  1.07905785929  1.08391162572  1.0860685031  1.08696974087  1.08732130628  1.08743872865  1.08743872865  1.08732130628  1.08696974087  1.0860685031  1.08391162572  1.07905785929  1.06880534959  1.04854118021  1.01119728243  0.947286178007  0.846150766781  0.698865975318  0.502429408254  0.263616374926  
0.102086457259  0.194779609341  0.271344531063  0.329068192624  0.368952862379  0.394321552897  0.409240012974  0.417384856014  0.421529088712  0.423501217937  0.424381652811  0.42475105181  0.424895659413  0.424944085773  0.424944085773  0.424895659413  0.42475105181  0.424381652811  0.423501217937  0.421529088712  0.417384856014  0.409240012974  0.394321552897  0.368952862379  0.329068192624  0.271344531063  0.194779609341  0.102086457259  
0.0376106607716  0.0718219813373  0.100174483041  0.121644387881  0.136554488524  0.146088833428  0.15172561852  0.154818880564  0.15640036059  0.157156271235  0.157495087589  0.157637748156  0.157693765667  0.157712567879  0.157712567879  0.157693765667  0.157637748156  0.157495087589  0.157156271235  0.15640036059  0.154818880564  0.15172561852  0.146088833428  0.136554488524  0.121644387881  0.100174483041  0.0718219813373  0.0376106607716  
0.0131981181615  0.0252205106311  0.0352105253233  0.0428025002331  0.0480967403795  0.0514971407272  0.0535164464236  0.0546293584212  0.0552006732385  0.0554747773393  0.0555980575329  0.0556501239518  0.0556706222773  0.0556775161074  0.0556775161074  0.0556706222773  0.0556501239518  0.0555980575329  0.0554747773393  0.0552006732385  0.0546293584212  0.0535164464236  0.0514971407272  0.0480967403795  0.0428025002331  0.0352105253233  0.0252205106311  0.0131981181615  
0.00441685899639  0.00844487778488  0.0117991691594  0.0143557187374  0.0161446074707  0.0172977956604  0.0179851612414  0.0183653720031  0.0185612277642  0.0186554961785  0.0186980179016  0.0187160235438  0.0187231282454  0.018725521678  0.018725521678  0.0187231282454  0.0187160235438  0.0186980179016  0.0186554961785  0.0185612277642  0.0183653720031  0.0179851612414  0.0172977956604  0.0161446074707  0.0143557187374  0.0117991691594  0.00844487778488  0.00441685899639  
0.00141146843329  0.00269988001332  0.00377467680295  0.00459581960984  0.00517201804958  0.00554459270096  0.00576736159856  0.00589096212339  0.00595481771856  0.00598563599166  0.00599957173545  0.00600548588198  0.00600782396168  0.006008612743  0.006008612743  0.00600782396168  0.00600548588198  0.00599957173545  0.00598563599166  0.00595481771856  0.00589096212339  0.00576736159856  0.00554459270096  0.00517201804958  0.00459581960984  0.00377467680295  0.00269988001332  0.00141146843329  
0.000431262728978  0.000825227394097  0.00115434818175  0.00140629291295  0.00158349746352  0.00169837133503  0.00176723617052  0.00180554352051  0.00182538299323  0.00183498002471  0.00183932883074  0.0018411778722  0.00184191004453  0.00184215734951  0.00184215734951  0.00184191004453  0.0018411778722  0.00183932883074  0.00183498002471  0.00182538299323  0.00180554352051  0.00176723617052  0.00169837133503  0.00158349746352  0.00140629291295  0.00115434818175  0.000825227394097  0.000431262728978  
0.000126146759932  0.000241456123755  0.000337901068174  0.000411851363841  0.00046396542217  0.000497820543423  0.000518160587896  0.000529499636202  0.000535384338248  0.000538236477521  0.000539531179165  0.000540082531018  0.000540301145344  0.000540375060097  0.000540375060097  0.000540301145344  0.000540082531018  0.000539531179165  0.000538236477521  0.000535384338248  0.000529499636202  0.000518160587896  0.000497820543423  0.00046396542217  0.000411851363841  0.000337901068174  0.000241456123755  0.000126146759932  
3.53681137548e-05  6.77145143753e-05  9.47957595119e-05  0.000115588838508  0.000130265850269  0.000139817487074  0.000145566604693  0.000148777405192  0.000150446629947  0.0001512569619  0.000151625345324  0.000151782426716  0.000151844779226  0.000151865878105  0.000151865878105  0.000151844779226  0.000151782426716  0.000151625345324  0.0001512569619  0.000150446629947  0.000148777405192  0.000145566604693  0.000139817487074  0.000130265850269  0.000115588838508  9.47957595119e-05  6.77145143753e-05  3.53681137548e-05  
9.51638439258e-06  1.82234675994e-05  2.55192159066e-05  3.11272373976e-05  3.50910587826e-05  3.76744868554e-05  3.92318266149e-05  4.01028940566e-05  4.05563970962e-05  4.07768470799e-05  4.08771867977e-05  4.09200179022e-05  4.09370346008e-05  4.09427964505e-05  4.09427964505e-05  4.09370346008e-05  4.09200179022e-05  4.08771867977e-05  4.07768470799e-05  4.05563970962e-05  4.01028940566e-05  3.92318266149e-05  3.76744868554e-05  3.50910587826e-05  3.11272373976e-05  2.55192159066e-05  1.82234675994e-05  9.51638439258e-06  
2.46014836265e-06  4.71187906638e-06  6.59990151292e-06  8.05252454633e-06  9.08040647143e-06  9.75115308707e-06  1.01560046544e-05  1.03827337734e-05  1.05009160636e-05  1.05584280836e-05  1.05846308897e-05  1.05958253631e-05  1.06002760162e-05  1.06017837585e-05  1.06017837585e-05  1.06002760162e-05  1.05958253631e-05  1.05846308897e-05  1.05584280836e-05  1.05009160636e-05  1.03827337734e-05  1.01560046544e-05  9.75115308707e-06  9.08040647143e-06  8.05252454633e-06  6.59990151292e-06  4.71187906638e-06  2.46014836265e-06  
6.11738696489e-07  1.17181680766e-06  1.64169116237e-06  2.00348640681e-06  2.25973083193e-06  2.42711303908e-06  2.52824755393e-06  2.58494398162e-06  2.61452554518e-06  2.62893378635e-06  2.63550338071e-06  2.63831192738e-06  2.63942912909e-06  2.6398077405e-06  2.6398077405e-06  2.63942912909e-06  2.63831192738e-06  2.63550338071e-06  2.62893378635e-06  2.61452554518e-06  2.58494398162e-06  2.52824755393e-06  2.42711303908e-06  2.25973083193e-06  2.00348640681e-06  1.64169116237e-06  1.17181680766e-06  6.11738696489e-07  
1.46471316361e-07  2.80605665233e-07  3.93188539426e-07  4.79930403319e-07  5.41412578145e-07  5.81606774175e-07  6.05913233467e-07  6.19550808531e-07  6.26671765152e-07  6.30142567661e-07  6.31726066383e-07  6.32403356182e-07  6.32672874141e-07  6.32764234186e-07  6.32764234186e-07  6.32672874141e-07  6.32403356182e-07  6.31726066383e-07  6.30142567661e-07  6.26671765152e-07  6.19550808531e-07  6.05913233467e-07  5.81606774175e-07  5.41412578145e-07  4.79930403319e-07  3.93188539426e-07  2.80605665233e-07  1.46471316361e-07  
3.38039523038e-08  6.47667609936e-08  9.07644633325e-08  1.10805273451e-07  1.25018816241e-07  1.34317172067e-07  1.3994394183e-07  1.4310300771e-07  1.44753528801e-07  1.45558428462e-07  1.45925812339e-07  1.46083002288e-07  1.46145568691e-07  1.46166780077e-07  1.46166780077e-07  1.46145568691e-07  1.46083002288e-07  1.45925812339e-07  1.45558428462e-07  1.44753528801e-07  1.4310300771e-07  1.3994394183e-07  1.34317172067e-07  1.25018816241e-07  1.10805273451e-07  9.07644633325e-08  6.47667609936e-08  3.38039523038e-08  
7.526886485e-09  1.44222491331e-08  2.02136324033e-08  2.46798732411e-08  2.78490159941e-08  2.99233310412e-08  3.11792391264e-08  3.18847039734e-08  3.2253454791e-08  3.24333494002e-08  3.25154837289e-08  3.25506331423e-08  3.25646252653e-08  3.25693690826e-08  3.25693690826e-08  3.25646252653e-08  3.25506331423e-08  3.25154837289e-08  3.24333494002e-08  3.2253454791e-08  3.18847039734e-08  3.11792391264e-08  2.99233310412e-08  2.78490159941e-08  2.46798732411e-08  2.02136324033e-08  1.44222491331e-08  7.526886485e-09  
1.61626871936e-09  3.09711420772e-09  4.34116418441e-09  5.30087046706e-09  5.98211519842e-09  6.42819415779e-09  6.69838336094e-09  6.85020889804e-09  6.9295939843e-09  6.96833142498e-09  6.98602069866e-09  6.99359145234e-09  6.99660518909e-09  6.99762689964e-09  6.99762689964e-09  6.99660518909e-09  6.99359145234e-09  6.98602069866e-09  6.96833142498e-09  6.9295939843e-09  6.85020889804e-09  6.69838336094e-09  6.42819415779e-09  5.98211519842e-09  5.30087046706e-09  4.34116418441e-09  3.09711420772e-09  1.61626871936e-09  
3.23317496619e-10  6.1957240775e-10  8.68497825724e-10  1.06057348431e-09  1.19695518136e-09  1.28628343131e-09  1.34040420226e-09  1.37082323628e-09  1.38673149198e-09  1.39449522489e-09  1.39804070398e-09  1.39955809291e-09  1.40016207842e-09  1.40036681679e-09  1.40036681679e-09  1.40016207842e-09  1.39955809291e-09  1.39804070398e-09  1.39449522489e-09  1.38673149198e-09  1.37082323628e-09  1.34040420226e-09  1.28628343131e-09  1.19695518136e-09  1.06057348431e-09  8.68497825724e-10  6.1957240775e-10  3.23317496619e-10  
