1000.0  1000.0  1000.0  1000.0  1000.0  1000.0  1000.0  1000.0  1000.0  1000.0  1000.0  1000.0  1000.0  1000.0  1000.0  1000.0  1000.0  1000.0  1000.0  1000.0  1000.0  1000.0  1000.0  1000.0  1000.0  1000.0  1000.0  1000.0  
282.340820147  460.306303141  564.523218859  625.57990025  661.963283975  683.992991917  697.463168472  705.723993132  710.773759407  713.833263225  715.658165653  716.716039998  717.290183299  717.541070675  717.541070675  717.290183299  716.716039998  715.658165653  713.833263225  710.773759407  705.723993132  697.463168472  683.992991917  661.963283975  625.57990025  564.523218859  460.306303141  282.340820147  
180.563151928  319.515517794  415.307669096  478.385354819  519.120941824  545.174344763  561.713999248  572.125851148  578.609975024  582.591949211  584.990869081  586.391744233  587.155999023  587.491017219  587.491017219  587.155999023  586.391744233  584.990869081  582.591949211  578.609975024  572.125851148  561.713999248  545.174344763  519.120941824  478.385354819  415.307669096  319.515517794  180.563151928  
122.130864913  225.298359897  303.79263122  359.944873277  398.624270347  424.596314968  441.694194709  452.753409138  459.782633407  464.166704103  466.839231945  468.413859213  469.278425659  469.658913438  469.658913438  469.278425659  468.413859213  466.839231945  464.166704103  459.782633407  452.753409138  441.694194709  424.596314968  398.624270347  359.944873277  303.79263122  225.298359897  122.130864913  
84.7232776791  159.81079534  220.544835332  266.596928152  299.941859459  323.262984825  339.122977136  349.648396816  356.475160629  360.80148041  363.472128973  365.061001602  365.93960172  366.32797601  366.32797601  365.93960172  365.061001602  363.472128973  360.80148041  356.475160629  349.648396816  339.122977136  323.262984825  299.941859459  266.596928152  220.544835332  159.81079534  84.7232776791  
59.1741197073  113.050559871  158.367930605  194.172149914  221.102817037  240.572799952  254.188991534  263.436889999  269.550041556  273.484595371  275.944017908  277.421779591  278.244966378  278.610530126  278.610530126  278.244966378  277.421779591  275.944017908  273.484595371  269.550041556  263.436889999  254.188991534  240.572799952  221.102817037  194.172149914  158.367930605  113.050559871  59.1741197073  
41.1497731876  79.2320166265  112.105909315  138.853332687  159.56356721  174.940602006  185.950279548  193.580974004  198.712687917  202.063686847  204.183603569  205.469739755  206.191415813  206.513383034  206.513383034  206.191415813  205.469739755  204.183603569  202.063686847  198.712687917  193.580974004  185.950279548  174.940602006  159.56356721  138.853332687  112.105909315  79.2320166265  41.1497731876  
28.2935122623  54.7553548774  78.0082115269  97.3361325955  112.637244802  124.242884727  132.716522649  138.692941462  142.774027792  145.47431899  147.201764232  148.259434914  148.857077076  149.124902112  149.124902112  148.857077076  148.259434914  147.201764232  145.47431899  142.774027792  138.692941462  132.716522649  124.242884727  112.637244802  97.3361325955  78.0082115269  54.7553548774  28.2935122623  
19.1482855756  37.1859318542  53.2374645711  66.7924601094  77.7087621426  86.1312568946  92.3812952945  96.8555867855  99.9521038905  102.02529232  103.365169675  104.192549346  104.663143512  104.874927119  104.874927119  104.663143512  104.192549346  103.365169675  102.02529232  99.9521038905  96.8555867855  92.3812952945  86.1312568946  77.7087621426  66.7924601094  53.2374645711  37.1859318542  19.1482855756  
12.7169260679  24.7574762336  35.5715039197  44.8134114181  52.3563949925  58.2567836118  62.6944374639  65.9117442716  68.1644086749  69.6885071299  70.682629353  71.3013003007  71.6553277929  71.815280208  71.815280208  71.6553277929  71.3013003007  70.682629353  69.6885071299  68.1644086749  65.9117442716  62.6944374639  58.2567836118  52.3563949925  44.8134114181  35.5715039197  24.7574762336  12.7169260679  
8.27065912588  16.1308434424  23.2393431321  29.3705387307  34.4277513694  38.4280031063  41.4702836988  43.6997603456  45.2765830941  46.3533213836  47.0614570885  47.5052683371  47.7606469065  47.8764467828  47.8764467828  47.7606469065  47.5052683371  47.0614570885  46.3533213836  45.2765830941  43.6997603456  41.4702836988  38.4280031063  34.4277513694  29.3705387307  23.2393431321  16.1308434424  8.27065912588  
5.25985007944  10.2728542169  14.8305894943  18.7900925107  22.083688244  24.7127210281  26.7308057458  28.2232705189  29.2880646238  30.021081021  30.5067103719  30.8130059704  30.9901435601  31.0707304735  31.0707304735  30.9901435601  30.8130059704  30.5067103719  30.021081021  29.2880646238  28.2232705189  26.7308057458  24.7127210281  22.083688244  18.7900925107  14.8305894943  10.2728542169  5.25985007944  
3.26768282178  6.38886443574  9.23840916095  11.7281269655  13.8132959591  15.4902317483  16.7875142838  17.754388992  18.4494126647  18.9312853894  19.2526125343  19.4564333623  19.5748430015  19.6288730702  19.6288730702  19.5748430015  19.4564333623  19.2526125343  18.9312853894  18.4494126647  17.754388992  16.7875142838  15.4902317483  13.8132959591  11.7281269655  9.23840916095  6.38886443574  3.26768282178  
1.9816736387  3.87779198681  5.61463310685  7.13916375269  8.42311201514  9.46211661069  10.2711673434  10.878167746  11.3173506973  11.6237441049  11.829235365  11.9602424083  12.0366612913  12.0716248798  12.0716248798  12.0366612913  11.9602424083  11.829235365  11.6237441049  11.3173506973  10.878167746  10.2711673434  9.46211661069  8.42311201514  7.13916375269  5.61463310685  3.87779198681  1.9816736387  
1.17257602453  2.29609483492  3.32799591096  4.23717177726  5.0064037695  5.63212292099  6.12206114493  6.49173602043  6.76072032966  6.94940097799  7.07659036651  7.15804432167  7.20573146648  7.22760229123  7.22760229123  7.20573146648  7.15804432167  7.07659036651  6.94940097799  6.76072032966  6.49173602043  6.12206114493  5.63212292099  5.0064037695  4.23717177726  3.32799591096  2.29609483492  1.17257602453  
0.676754774454  1.32593420808  1.92348589868  2.45160782511  2.90015563242  3.26661609634  3.55490938843  3.77350110075  3.93333541306  4.04598926805  4.12227151689  4.17132043577  4.20012984907  4.21337139482  4.21337139482  4.20012984907  4.17132043577  4.12227151689  4.04598926805  3.93333541306  3.77350110075  3.55490938843  3.26661609634  2.90015563242  2.45160782511  1.92348589868  1.32593420808  0.676754774454  
0.38091171152  0.746645974976  1.08390714313  1.38275498777  1.63739361093  1.84620324133  2.01113652521  2.13672182278  2.22894295849  2.29421542491  2.3385902279  2.36722509585  2.38409317135  2.3918612286  2.3918612286  2.38409317135  2.36722509585  2.3385902279  2.29421542491  2.22894295849  2.13672182278  2.01113652521  1.84620324133  1.63739361093  1.38275498777  1.08390714313  0.746645974976  0.38091171152  
0.209066776481  0.409960696  0.595497044091  0.760260076686  0.901033174113  1.01683574  1.10862284454  1.1787684005  1.23047109934  1.26720084532  1.29225939746  1.30848113341  1.31806186101  1.32248163476  1.32248163476  1.31806186101  1.30848113341  1.29225939746  1.26720084532  1.23047109934  1.1787684005  1.10862284454  1.01683574  0.901033174113  0.760260076686  0.595497044091  0.409960696  0.209066776481  
0.111895549891  0.21948791908  0.318983241796  0.407502358546  0.483309258699  0.545838851781  0.595549660588  0.633660787236  0.661843710066  0.681930322831  0.695677181104  0.704601536362  0.709884637503  0.712325629858  0.712325629858  0.709884637503  0.704601536362  0.695677181104  0.681930322831  0.661843710066  0.633660787236  0.595549660588  0.545838851781  0.483309258699  0.407502358546  0.318983241796  0.21948791908  0.111895549891  
0.0584028861591  0.114591300197  0.166608157081  0.21295984148  0.252734473384  0.285619679733  0.311831459735  0.331982878092  0.346927650622  0.357609878748  0.364940922041  0.369712238225  0.372542682369  0.373852279698  0.373852279698  0.372542682369  0.369712238225  0.364940922041  0.357609878748  0.346927650622  0.331982878092  0.311831459735  0.285619679733  0.252734473384  0.21295984148  0.166608157081  0.114591300197  0.0584028861591  
0.0297301898484  0.0583468472314  0.0848638670506  0.108525097096  0.128864056834  0.14571430758  0.159175663392  0.169549933807  0.177263281599  0.182790730397  0.18659352644  0.18907412786  0.190548418288  0.191231400423  0.191231400423  0.190548418288  0.18907412786  0.18659352644  0.182790730397  0.177263281599  0.169549933807  0.159175663392  0.14571430758  0.128864056834  0.108525097096  0.0848638670506  0.0583468472314  0.0297301898484  
0.0147627604973  0.0289784762855  0.0421618695186  0.0539393275192  0.0640783270841  0.0724931119535  0.0792289188754  0.0844311660706  0.088307760784  0.0910920690145  0.0930118575976  0.0942666882261  0.0950137161008  0.0953601740113  0.0953601740113  0.0950137161008  0.0942666882261  0.0930118575976  0.0910920690145  0.088307760784  0.0844311660706  0.0792289188754  0.0724931119535  0.0640783270841  0.0539393275192  0.0421618695186  0.0289784762855  0.0147627604973  
0.00715183010409  0.0140411182854  0.020434623417  0.0261521566082  0.0310807317529  0.0351775239279  0.0384626373465  0.0410046344771  0.0429026420129  0.0442686129765  0.0452123104537  0.0458302562949  0.0461986846796  0.0463697273548  0.0463697273548  0.0461986846796  0.0458302562949  0.0452123104537  0.0442686129765  0.0429026420129  0.0410046344771  0.0384626373465  0.0351775239279  0.0310807317529  0.0261521566082  0.020434623417  0.0140411182854  0.00715183010409  
0.00338064666878  0.006638209939  0.00966320458549  0.0123707982195  0.0147074547098  0.0166524133208  0.0182144343739  0.0194251447715  0.0203307316447  0.0209836441294  0.0214355113628  0.0217318803437  0.0219088177899  0.0219910353271  0.0219910353271  0.0219088177899  0.0217318803437  0.0214355113628  0.0209836441294  0.0203307316447  0.0194251447715  0.0182144343739  0.0166524133208  0.0147074547098  0.0123707982195  0.00966320458549  0.006638209939  0.00338064666878  
0.00155882497064  0.00306130651526  0.00445727118423  0.00570774376093  0.00678799134797  0.00768823619854  0.00841221967465  0.00897420799391  0.0093952238042  0.00969925583987  0.00991000127031  0.010048424981  0.010131166088  0.0101696446578  0.0101696446578  0.010131166088  0.010048424981  0.00991000127031  0.00969925583987  0.0093952238042  0.00897420799391  0.00841221967465  0.00768823619854  0.00678799134797  0.00570774376093  0.00445727118423  0.00306130651526  0.00155882497064  
0.000699279677539  0.00137344403644  0.00200010701743  0.00256184070477  0.00304753311374  0.00345271939185  0.00377896221774  0.00403253722121  0.00422276662092  0.00436033330424  0.00445582299929  0.00451862417176  0.00455620302984  0.0045736916133  0.0045736916133  0.00455620302984  0.00451862417176  0.00445582299929  0.00436033330424  0.00422276662092  0.00403253722121  0.00377896221774  0.00345271939185  0.00304753311374  0.00256184070477  0.00200010701743  0.00137344403644  0.000699279677539  
0.000300043011031  0.000589367071377  0.000858410597068  0.00109971617579  0.00130851029005  0.00148284936018  0.00162336254893  0.00173269789285  0.00181481599035  0.00187427189294  0.00191559099393  0.00194279524653  0.00195908850275  0.00196667577257  0.00196667577257  0.00195908850275  0.00194279524653  0.00191559099393  0.00187427189294  0.00181481599035  0.00173269789285  0.00162336254893  0.00148284936018  0.00130851029005  0.00109971617579  0.000858410597068  0.000589367071377  0.000300043011031  
0.000109990740886  0.000216067176435  0.000314735701403  0.000403267992  0.000479912753768  0.000543950261034  0.000595600318122  0.000635821880691  0.000666056419474  0.00068796608055  0.000703205291971  0.000713246643656  0.000719264608328  0.00072206823681  0.00072206823681  0.000719264608328  0.000713246643656  0.000703205291971  0.00068796608055  0.000666056419474  0.000635821880691  0.000595600318122  0.000543950261034  0.000479912753768  0.000403267992  0.000314735701403  0.000216067176435  0.000109990740886  
