1000.0  1000.0  1000.0  1000.0  1000.0  1000.0  1000.0  1000.0  1000.0  1000.0  1000.0  1000.0  1000.0  1000.0  1000.0  1000.0  1000.0  1000.0  1000.0  1000.0  1000.0  1000.0  1000.0  1000.0  1000.0  1000.0  1000.0  1000.0  
279.259670901  454.250942653  555.69638527  614.259794591  648.477439926  668.690433576  680.68873481  687.797787728  691.977370763  694.403064704  695.784946289  696.549600964  696.947370015  697.115889209  697.115889209  696.947370015  696.549600964  695.784946289  694.403064704  691.977370763  687.797787728  680.68873481  668.690433576  648.477439926  614.259794591  555.69638527  454.250942653  279.259670901  
176.335016046  311.20598026  403.194916908  462.851124264  500.614666315  524.174952952  538.69468502  547.525874928  552.815754246  555.927862487  557.71874729  558.717175772  559.239350121  559.461313151  559.461313151  559.239350121  558.717175772  557.71874729  555.927862487  552.815754246  547.525874928  538.69468502  524.174952952  500.614666315  462.851124264  403.194916908  311.20598026  176.335016046  
117.15293887  215.515242477  289.531804624  341.655722932  376.835883666  399.87251302  414.592060482  423.79009092  429.413081579  432.772841932  434.729352668  435.830045644  436.409521786  436.656865413  436.656865413  436.409521786  435.830045644  434.729352668  432.772841932  429.413081579  423.79009092  414.592060482  399.87251302  376.835883666  341.655722932  289.531804624  215.515242477  117.15293887  
79.419177816  149.38662063  205.349475881  247.10915285  276.725361431  296.918477552  310.244013159  318.785999532  324.114101789  327.348737731  329.256238579  330.339958635  330.914677823  331.16112854  331.16112854  330.914677823  330.339958635  329.256238579  327.348737731  324.114101789  318.785999532  310.244013159  296.918477552  276.725361431  247.10915285  205.349475881  149.38662063  79.419177816  
53.9352750233  102.754597953  143.359389106  174.923832945  198.171407975  214.551560069  225.664131661  232.95264178  237.585226151  240.441218744  242.146625056  243.125251763  243.648163673  243.873483521  243.873483521  243.648163673  243.125251763  242.146625056  240.441218744  237.585226151  232.95264178  225.664131661  214.551560069  198.171407975  174.923832945  143.359389106  102.754597953  53.9352750233  
36.290960324  69.6828990724  98.185966038  121.000988766  138.295042118  150.806053874  159.493351931  165.306405612  169.064580352  171.414922471  172.835239849  173.65823411  174.101273231  174.293097709  174.293097709  174.101273231  173.65823411  172.835239849  171.414922471  169.064580352  165.306405612  159.493351931  150.806053874  138.295042118  121.000988766  98.185966038  69.6828990724  36.290960324  
24.0286119192  46.3734281501  65.7896202553  81.6656296267  93.9678680823  103.057476659  109.492231928  113.872796731  116.747861092  118.56947236  119.682551316  120.333475889  120.686394945  120.839912444  120.839912444  120.686394945  120.333475889  119.682551316  118.56947236  116.747861092  113.872796731  109.492231928  103.057476659  93.9678680823  81.6656296267  65.7896202553  46.3734281501  24.0286119192  
15.586752893  30.1863185399  43.0338332923  53.7060335069  62.1177862232  68.4388801642  72.9859346266  76.1271935896  78.2162329885  79.5553367438  80.3819046969  80.8694162748  81.1355109533  81.2517704524  81.2517704524  81.1355109533  80.8694162748  80.3819046969  79.5553367438  78.2162329885  76.1271935896  72.9859346266  68.4388801642  62.1177862232  53.7060335069  43.0338332923  30.1863185399  15.586752893  
9.87689440809  19.1758253622  27.4348250719  34.3777856762  39.9233747961  44.1477909484  47.2271416076  49.3811399011  50.8301114999  51.7685578179  52.3531243062  52.7005994213  52.8914351415  52.9751547195  52.9751547195  52.8914351415  52.7005994213  52.3531243062  51.7685578179  50.8301114999  49.3811399011  47.2271416076  44.1477909484  39.9233747961  34.3777856762  27.4348250719  19.1758253622  9.87689440809  
6.10207976656  11.8688046223  17.026275765  21.4019235429  24.933789818  27.6540784477  29.6589307318  31.0762203833  32.0391027029  32.6684179012  33.0636319934  33.3002154918  33.4308845429  33.4884246762  33.4884246762  33.4308845429  33.3002154918  33.0636319934  32.6684179012  32.0391027029  31.0762203833  29.6589307318  27.6540784477  24.933789818  21.4019235429  17.026275765  11.8688046223  6.10207976656  
3.67078084852  7.14974114421  10.2777654447  12.9507549623  15.1264769046  16.8174082219  18.0750900406  18.9721944308  19.5869054179  19.9918787963  20.2480542966  20.4023814521  20.4880562564  20.5259124213  20.5259124213  20.4880562564  20.4023814521  20.2480542966  19.9918787963  19.5869054179  18.9721944308  18.0750900406  16.8174082219  15.1264769046  12.9507549623  10.2777654447  7.14974114421  3.67078084852  
2.14824026719  4.18872748689  6.03104924764  7.61438769323  8.91194402867  9.92788233225  10.6893318781  11.236634516  11.6144349707  11.8650734312  12.0246419557  12.1213171736  12.1752345779  12.1991323327  12.1991323327  12.1752345779  12.1213171736  12.0246419557  11.8650734312  11.6144349707  11.236634516  10.6893318781  9.92788233225  8.91194402867  7.61438769323  6.03104924764  4.18872748689  2.14824026719  
1.22238331018  2.38548223499  3.43911805108  4.34881865433  5.09846889961  5.68903522145  6.13453083996  6.45682898946  6.6807348857  6.83018702916  6.92587731445  6.9841457472  7.01677788939  7.0312818185  7.0312818185  7.01677788939  6.9841457472  6.92587731445  6.83018702916  6.6807348857  6.45682898946  6.13453083996  5.68903522145  5.09846889961  4.34881865433  3.43911805108  2.38548223499  1.22238331018  
0.676063722085  1.32024158773  1.90536233857  2.41245266437  2.83224338871  3.16465239628  3.41677809447  3.60020081935  3.72833435719  3.81431897868  3.86964966305  3.90349420791  3.92251863627  3.93099561011  3.93099561011  3.92251863627  3.90349420791  3.86964966305  3.81431897868  3.72833435719  3.60020081935  3.41677809447  3.16465239628  2.83224338871  2.41245266437  1.90536233857  1.32024158773  0.676063722085  
0.363373281513  0.710004145431  1.02554936683  1.29986342788  1.52781940718  1.70910683176  1.84724940687  1.94823169369  2.01911443907  2.06690401008  2.09779306808  2.11676313357  2.12746186092  2.13223977379  2.13223977379  2.12746186092  2.11676313357  2.09779306808  2.06690401008  2.01911443907  1.94823169369  1.84724940687  1.70910683176  1.52781940718  1.29986342788  1.02554936683  0.710004145431  0.363373281513  
0.189796867095  0.371019501001  0.536290825929  0.680338534024  0.800426590482  0.896279821964  0.969611244328  1.0234387285  1.0613802888  1.08706613278  1.10373356719  1.11400621131  1.11981696582  1.12241720801  1.12241720801  1.11981696582  1.11400621131  1.10373356719  1.08706613278  1.0613802888  1.0234387285  0.969611244328  0.896279821964  0.800426590482  0.680338534024  0.536290825929  0.371019501001  0.189796867095  
0.0963439252191  0.188407715953  0.272495976218  0.345945339472  0.407343944306  0.456505031744  0.494243653345  0.522044377385  0.541712024309  0.555074954243  0.563776257301  0.569156185  0.572207425037  0.573575283703  0.573575283703  0.572207425037  0.569156185  0.563776257301  0.555074954243  0.541712024309  0.522044377385  0.494243653345  0.456505031744  0.407343944306  0.345945339472  0.272495976218  0.188407715953  0.0963439252191  
0.0475357872113  0.0929898051356  0.134559515902  0.170936749053  0.201415930391  0.225885670353  0.244725325967  0.258647148063  0.268527675307  0.275262297924  0.279661074547  0.282388491412  0.283939015515  0.284635232835  0.284635232835  0.283939015515  0.282388491412  0.279661074547  0.275262297924  0.268527675307  0.258647148063  0.244725325967  0.225885670353  0.201415930391  0.170936749053  0.134559515902  0.0929898051356  0.0475357872113  
0.0228016213937  0.0446169070034  0.0645897729736  0.0820953304062  0.0967916957205  0.108617724194  0.117746066736  0.124509944155  0.129323854251  0.132614285435  0.134769333366  0.136108918241  0.136872077383  0.137215247457  0.137215247457  0.136872077383  0.136108918241  0.134769333366  0.132614285435  0.129323854251  0.124509944155  0.117746066736  0.108617724194  0.0967916957205  0.0820953304062  0.0645897729736  0.0446169070034  0.0228016213937  
0.0106357256389  0.0208162579051  0.0301457185675  0.0383337353285  0.0452195409888  0.0507715835986  0.0550666709935  0.0582568093552  0.0605328706115  0.0620924928385  0.0631164383502  0.0637543572716  0.0641184659861  0.0642824070569  0.0642824070569  0.0641184659861  0.0637543572716  0.0631164383502  0.0620924928385  0.0605328706115  0.0582568093552  0.0550666709935  0.0507715835986  0.0452195409888  0.0383337353285  0.0301457185675  0.0208162579051  0.0106357256389  
0.00482556162463  0.00944650124465  0.0136845567307  0.017408435987  0.0205447162463  0.0230779149858  0.0250414250485  0.026502856637  0.02754781478  0.0282654306078  0.0287375877595  0.0290323323136  0.029200850062  0.0292768137759  0.0292768137759  0.029200850062  0.0290323323136  0.0287375877595  0.0282654306078  0.02754781478  0.026502856637  0.0250414250485  0.0230779149858  0.0205447162463  0.017408435987  0.0136845567307  0.00944650124465  0.00482556162463  
0.00213030201503  0.0041709988571  0.00604391467405  0.00769126955238  0.00908047516854  0.0102042565537  0.0110767990614  0.0117274251795  0.0121935351636  0.012514259295  0.0127256865724  0.0128579068253  0.0129336171576  0.0129677810441  0.0129677810441  0.0129336171576  0.0128579068253  0.0127256865724  0.012514259295  0.0121935351636  0.0117274251795  0.0110767990614  0.0102042565537  0.00908047516854  0.00769126955238  0.00604391467405  0.0041709988571  0.00213030201503  
0.000915328400145  0.00179242789822  0.00259790398391  0.00330700015309  0.00390565165141  0.00439057022814  0.00476764314139  0.00504927129766  0.00525137491518  0.0053906819518  0.00548267327053  0.00554029404272  0.00557333289005  0.00558825539827  0.00558825539827  0.00557333289005  0.00554029404272  0.00548267327053  0.0053906819518  0.00525137491518  0.00504927129766  0.00476764314139  0.00439057022814  0.00390565165141  0.00330700015309  0.00259790398391  0.00179242789822  0.000915328400145  
0.000382826988159  0.000749764275811  0.00108691655043  0.00138395588317  0.00163497794463  0.00183854885707  0.00199705515456  0.00211561049187  0.00220081767073  0.0022596406729  0.00229854381804  0.00232294653648  0.00233695565549  0.00234328837677  0.00234328837677  0.00233695565549  0.00232294653648  0.00229854381804  0.0022596406729  0.00220081767073  0.00211561049187  0.00199705515456  0.00183854885707  0.00163497794463  0.00138395588317  0.00108691655043  0.000749764275811  0.000382826988159  
0.000155642522869  0.000304859994612  0.000442028561657  0.000562958803265  0.000665242788589  0.000748277030102  0.000813005018654  0.000861479786992  0.000896365742425  0.000920482346113  0.000936453717092  0.00094648479429  0.000952249654147  0.000954857554904  0.000954857554904  0.000952249654147  0.00094648479429  0.000936453717092  0.000920482346113  0.000896365742425  0.000861479786992  0.000813005018654  0.000748277030102  0.000665242788589  0.000562958803265  0.000442028561657  0.000304859994612  0.000155642522869  
6.07694197975e-05  0.000119041816853  0.000172629832667  0.000219900945991  0.000259912612176  0.000292422479853  0.000317790088234  0.00033680839568  0.000350510988618  0.000359994690899  0.000366282644775  0.000370236213676  0.00037251044074  0.000373539911686  0.000373539911686  0.00037251044074  0.000370236213676  0.000366282644775  0.000359994690899  0.000350510988618  0.00033680839568  0.000317790088234  0.000292422479853  0.000259912612176  0.000219900945991  0.000172629832667  0.000119041816853  6.07694197975e-05  
2.06509131204e-05  4.04561806813e-05  5.86746028038e-05  7.47522240497e-05  8.83681615432e-05  9.94383846919e-05  0.000108082860905  0.00011456888514  0.000119245996976  0.000122485898455  0.000124635903094  0.000125988825531  0.000126767611332  0.000127120311383  0.000127120311383  0.000126767611332  0.000125988825531  0.000124635903094  0.000122485898455  0.000119245996976  0.00011456888514  0.000108082860905  9.94383846919e-05  8.83681615432e-05  7.47522240497e-05  5.86746028038e-05  4.04561806813e-05  2.06509131204e-05  
