1000.0  1000.0  1000.0  1000.0  1000.0  1000.0  1000.0  1000.0  1000.0  1000.0  1000.0  1000.0  1000.0  1000.0  1000.0  1000.0  1000.0  1000.0  1000.0  1000.0  1000.0  1000.0  1000.0  1000.0  1000.0  1000.0  1000.0  1000.0  
254.670343892  406.500536881  487.382182055  528.71091771  549.265455433  559.206454884  563.859760808  565.957884423  566.865758431  567.241804325  567.390663575  567.446891445  567.466995951  567.473276741  567.473276741  567.466995951  567.446891445  567.390663575  567.241804325  566.865758431  565.957884423  563.859760808  559.206454884  549.265455433  528.71091771  487.382182055  406.500536881  254.670343892  
144.625602311  249.616729098  315.054946368  352.431910339  372.505193872  382.740155986  387.71024192  390.01013936  391.024143127  391.449987318  391.620317761  391.685167807  391.708495965  391.71581468  391.71581468  391.708495965  391.685167807  391.620317761  391.449987318  391.024143127  390.01013936  387.71024192  382.740155986  372.505193872  352.431910339  315.054946368  249.616729098  144.625602311  
82.8461538458  148.862818692  194.105285608  222.044072088  237.978809977  246.480234359  250.751107012  252.778586345  253.689986657  254.078480645  254.235678117  254.29607281  254.317952184  254.32485073  254.32485073  254.317952184  254.29607281  254.235678117  254.078480645  253.689986657  252.778586345  250.751107012  246.480234359  237.978809977  222.044072088  194.105285608  148.862818692  82.8461538458  
46.4939791951  85.396250685  113.684983916  132.135395742  143.152494072  149.251991062  152.407584351  153.940774689  154.642732137  154.946335013  155.070618574  155.118814998  155.136404861  155.141980377  155.141980377  155.136404861  155.118814998  155.070618574  154.946335013  154.642732137  153.940774689  152.407584351  149.251991062  143.152494072  132.135395742  113.684983916  85.396250685  46.4939791951  
25.1467766068  46.7809128686  63.1273556575  74.20892233  81.0599373328  84.9670486773  87.038823158  88.0659875074  88.544097624  88.7536914654  88.8404423236  88.8743885593  88.8868680342  88.8908445677  88.8908445677  88.8868680342  88.8743885593  88.8404423236  88.7536914654  88.544097624  88.0659875074  87.038823158  84.9670486773  81.0599373328  74.20892233  63.1273556575  46.7809128686  25.1467766068  
12.9903344166  24.358104933  33.1706933639  39.3130935653  43.2121007025  45.4887050946  46.7206994858  47.3421343258  47.635609733  47.7658296936  47.8202745261  47.8417588766  47.8497114465  47.8522582416  47.8522582416  47.8497114465  47.8417588766  47.8202745261  47.7658296936  47.635609733  47.3421343258  46.7206994858  45.4887050946  43.2121007025  39.3130935653  33.1706933639  24.358104933  12.9903344166  
6.37884072677  12.023116199  16.4771429644  19.6452771246  21.6973332884  22.9181574063  23.5899278957  23.9337392972  24.0981466281  24.1718779884  24.2029848481  24.2153538613  24.2199612971  24.2214436894  24.2214436894  24.2199612971  24.2153538613  24.2029848481  24.1718779884  24.0981466281  23.9337392972  23.5899278957  22.9181574063  21.6973332884  19.6452771246  16.4771429644  12.023116199  6.37884072677  
2.97061401274  5.61911249126  7.73578633495  9.26430471745  10.2699207288  10.8771854282  11.2159362195  11.3914330839  11.476254768  11.514648383  11.5309760878  11.5375128542  11.5399616768  11.5407528879  11.5407528879  11.5399616768  11.5375128542  11.5309760878  11.514648383  11.476254768  11.3914330839  11.2159362195  10.8771854282  10.2699207288  9.26430471745  7.73578633495  5.61911249126  2.97061401274  
1.31090675365  2.48597257782  3.43386465686  4.12625822667  4.58736988525  4.86917424988  5.0281443646  5.11134503378  5.15192451177  5.17043965926  5.17836863417  5.18156212762  5.18276455282  5.18315452263  5.18315452263  5.18276455282  5.18156212762  5.17836863417  5.17043965926  5.15192451177  5.11134503378  5.0281443646  4.86917424988  4.58736988525  4.12625822667  3.43386465686  2.48597257782  1.31090675365  
0.548210085493  1.04155795902  1.44232030283  1.73765631476  1.93624125136  2.05878150192  2.12854789398  2.16537381137  2.18347367508  2.19178888108  2.19537137334  2.19682187585  2.19737046336  2.19754897528  2.19754897528  2.19737046336  2.19682187585  2.19537137334  2.19178888108  2.18347367508  2.16537381137  2.12854789398  2.05878150192  1.93624125136  1.73765631476  1.44232030283  1.04155795902  0.548210085493  
0.217391289734  0.413610556876  0.573862546047  0.692776276728  0.773349796117  0.823460076124  0.852207133741  0.86748955187  0.875049923285  0.878543636208  0.880056716796  0.880672148791  0.880905816145  0.88098207466  0.88098207466  0.880905816145  0.880672148791  0.880056716796  0.878543636208  0.875049923285  0.86748955187  0.852207133741  0.823460076124  0.773349796117  0.692776276728  0.573862546047  0.413610556876  0.217391289734  
0.0818232261337  0.155847112527  0.216555576827  0.261850905516  0.292732085882  0.31206098055  0.323219440658  0.329186932345  0.332155427511  0.333534074341  0.334133826727  0.334378735795  0.334472037404  0.334502564275  0.334502564275  0.334472037404  0.334378735795  0.334133826727  0.333534074341  0.332155427511  0.329186932345  0.323219440658  0.31206098055  0.292732085882  0.261850905516  0.216555576827  0.155847112527  0.0818232261337  
0.0292657577021  0.0557895250243  0.0776142582482  0.0939694588121  0.10517597934  0.112227226643  0.116319180912  0.11851850452  0.119617655512  0.120130308752  0.120354184441  0.120445914948  0.120480962809  0.120492455078  0.120492455078  0.120480962809  0.120445914948  0.120354184441  0.120130308752  0.119617655512  0.11851850452  0.116319180912  0.112227226643  0.10517597934  0.0939694588121  0.0776142582482  0.0557895250243  0.0292657577021  
0.00995983596233  0.0189994011381  0.0264572101492  0.0320658375471  0.0359245990618  0.0383631180696  0.0397843964792  0.0405515097669  0.040936400616  0.0411165675683  0.0411955040397  0.0412279413496  0.0412403657068  0.0412444473205  0.0412444473205  0.0412403657068  0.0412279413496  0.0411955040397  0.0411165675683  0.040936400616  0.0405515097669  0.0397843964792  0.0383631180696  0.0359245990618  0.0320658375471  0.0264572101492  0.0189994011381  0.00995983596233  
0.00322953350758  0.00616402854606  0.00859022955131  0.0104201218826  0.0116833344111  0.0124844853304  0.0129531290415  0.0132069648704  0.0133347481369  0.0133947469377  0.0134211072463  0.0134319662225  0.0134361343081  0.0134375057729  0.0134375057729  0.0134361343081  0.0134319662225  0.0134211072463  0.0133947469377  0.0133347481369  0.0132069648704  0.0129531290415  0.0124844853304  0.0116833344111  0.0104201218826  0.00859022955131  0.00616402854606  0.00322953350758  
0.000999118077671  0.00190780535363  0.00266040713286  0.00322937987421  0.00362324430926  0.00387378602566  0.00402078843509  0.00410064644036  0.00414096034764  0.00415993820215  0.00416829564453  0.00417174562104  0.00417307221348  0.00417350929719  0.00417350929719  0.00417307221348  0.00417174562104  0.00416829564453  0.00415993820215  0.00414096034764  0.00410064644036  0.00402078843509  0.00387378602566  0.00362324430926  0.00322937987421  0.00266040713286  0.00190780535363  0.000999118077671  
0.000295307364963  0.000564090382045  0.000787022815594  0.000955890084401  0.00107305501958  0.00114777011899  0.00119171941999  0.00121565378201  0.00122776474947  0.0012334784197  0.0012359995556  0.00123704210335  0.00123744358139  0.00123757600596  0.00123757600596  0.00123744358139  0.00123704210335  0.0012359995556  0.0012334784197  0.00122776474947  0.00121565378201  0.00119171941999  0.00114777011899  0.00107305501958  0.000955890084401  0.000787022815594  0.000564090382045  0.000295307364963  
8.3501149531e-05  0.000159549657653  0.00022269956923  0.000270611485921  0.000303917454661  0.000325200270353  0.00033774581732  0.000344592157913  0.000348063269682  0.000349703833792  0.000350428913543  0.000350729183669  0.000350844956699  0.000350883177944  0.000350883177944  0.000350844956699  0.000350729183669  0.000350428913543  0.000349703833792  0.000348063269682  0.000344592157913  0.00033774581732  0.000325200270353  0.000303917454661  0.000270611485921  0.00022269956923  0.000159549657653  8.3501149531e-05  
2.26170513342e-05  4.32260544825e-05  6.03561604463e-05  7.33700869498e-05  8.24309969244e-05  8.82309350395e-05  9.16558242783e-05  9.35280717569e-05  9.4478855969e-05  9.49289042609e-05  9.51280803867e-05  9.52106603938e-05  9.52425314947e-05  9.5253060937e-05  9.5253060937e-05  9.52425314947e-05  9.52106603938e-05  9.51280803867e-05  9.49289042609e-05  9.4478855969e-05  9.35280717569e-05  9.16558242783e-05  8.82309350395e-05  8.24309969244e-05  7.33700869498e-05  6.03561604463e-05  4.32260544825e-05  2.26170513342e-05  
5.87558127088e-06  1.12317631724e-05  1.56873572172e-05  1.90760406083e-05  2.1438482383e-05  2.29528422449e-05  2.38483791976e-05  2.43386297773e-05  2.45879285637e-05  2.47060778874e-05  2.475842396e-05  2.47801475038e-05  2.47885380094e-05  2.4791311558e-05  2.4791311558e-05  2.47885380094e-05  2.47801475038e-05  2.475842396e-05  2.47060778874e-05  2.45879285637e-05  2.43386297773e-05  2.38483791976e-05  2.29528422449e-05  2.1438482383e-05  1.90760406083e-05  1.56873572172e-05  1.12317631724e-05  5.87558127088e-06  
1.46575902216e-06  2.80240993659e-06  3.91504861597e-06  4.76202743197e-06  5.35313914565e-06  5.73249350362e-06  5.95709783462e-06  6.08019791785e-06  6.14286430543e-06  6.17259298278e-06  6.18577570742e-06  6.19125052506e-06  6.19336635387e-06  6.19406603991e-06  6.19406603991e-06  6.19336635387e-06  6.19125052506e-06  6.18577570742e-06  6.17259298278e-06  6.14286430543e-06  6.08019791785e-06  5.95709783462e-06  5.73249350362e-06  5.35313914565e-06  4.76202743197e-06  3.91504861597e-06  2.80240993659e-06  1.46575902216e-06  
3.51540606743e-07  6.72207888556e-07  9.39277900919e-07  1.14273158862e-06  1.28484815563e-06  1.3761405407e-06  1.43024451075e-06  1.45992543863e-06  1.4750482542e-06  1.48222804509e-06  1.48541393883e-06  1.48673776971e-06  1.4872495969e-06  1.48741889935e-06  1.48741889935e-06  1.4872495969e-06  1.48673776971e-06  1.48541393883e-06  1.48222804509e-06  1.4750482542e-06  1.45992543863e-06  1.43024451075e-06  1.3761405407e-06  1.28484815563e-06  1.14273158862e-06  9.39277900919e-07  6.72207888556e-07  3.51540606743e-07  
8.11469853989e-08  1.55184579717e-07  2.16874392875e-07  2.63897957383e-07  2.96768301778e-07  3.17899695935e-07  3.30432841219e-07  3.37313522486e-07  3.40821701057e-07  3.4248824989e-07  3.43228111043e-07  3.43535660958e-07  3.43654598909e-07  3.43693947149e-07  3.43693947149e-07  3.43654598909e-07  3.43535660958e-07  3.43228111043e-07  3.4248824989e-07  3.40821701057e-07  3.37313522486e-07  3.30432841219e-07  3.17899695935e-07  2.96768301778e-07  2.63897957383e-07  2.16874392875e-07  1.55184579717e-07  8.11469853989e-08  
1.80473770235e-08  3.45166793362e-08  4.82441265897e-08  5.87130435729e-08  6.60351747437e-08  7.07452286335e-08  7.35404856457e-08  7.50759562624e-08  7.5859228804e-08  7.62314787132e-08  7.63967930778e-08  7.64655276235e-08  7.64921124884e-08  7.65009079188e-08  7.65009079188e-08  7.64921124884e-08  7.64655276235e-08  7.63967930778e-08  7.62314787132e-08  7.5859228804e-08  7.50759562624e-08  7.35404856457e-08  7.07452286335e-08  6.60351747437e-08  5.87130435729e-08  4.82441265897e-08  3.45166793362e-08  1.80473770235e-08  
3.87099564904e-09  7.40403291041e-09  1.03497035166e-08  1.25970049741e-08  1.41695022067e-08  1.51815058551e-08  1.57823717639e-08  1.6112573966e-08  1.62810767228e-08  1.63611799596e-08  1.63967601476e-08  1.64115550907e-08  1.64172774296e-08  1.64191705196e-08  1.64191705196e-08  1.64172774296e-08  1.64115550907e-08  1.63967601476e-08  1.63611799596e-08  1.62810767228e-08  1.6112573966e-08  1.57823717639e-08  1.51815058551e-08  1.41695022067e-08  1.25970049741e-08  1.03497035166e-08  7.40403291041e-09  3.87099564904e-09  
8.00583988007e-10  1.53135660694e-09  2.14076957025e-09  2.60583596715e-09  2.93136428769e-09  3.14093539893e-09  3.2654068426e-09  3.33382896218e-09  3.36875272757e-09  3.38535733128e-09  3.39273321252e-09  3.39580016707e-09  3.39698626507e-09  3.3973785983e-09  3.3973785983e-09  3.39698626507e-09  3.39580016707e-09  3.39273321252e-09  3.38535733128e-09  3.36875272757e-09  3.33382896218e-09  3.2654068426e-09  3.14093539893e-09  2.93136428769e-09  2.60583596715e-09  2.14076957025e-09  1.53135660694e-09  8.00583988007e-10  
1.54591692944e-10  2.9571455119e-10  4.13419183788e-10  5.0326251004e-10  5.66163878596e-10  6.06668401405e-10  6.30730455519e-10  6.43959601033e-10  6.50712702394e-10  6.53923606605e-10  6.55349857331e-10  6.55942834422e-10  6.56172116297e-10  6.5624794178e-10  6.5624794178e-10  6.56172116297e-10  6.55942834422e-10  6.55349857331e-10  6.53923606605e-10  6.50712702394e-10  6.43959601033e-10  6.30730455519e-10  6.06668401405e-10  5.66163878596e-10  5.0326251004e-10  4.13419183788e-10  2.9571455119e-10  1.54591692944e-10  
