1000.0  1000.0  1000.0  1000.0  1000.0  1000.0  1000.0  1000.0  1000.0  1000.0  1000.0  1000.0  1000.0  1000.0  1000.0  1000.0  1000.0  1000.0  1000.0  1000.0  1000.0  1000.0  1000.0  1000.0  1000.0  1000.0  1000.0  1000.0  
286.938508067  469.371067781  577.804983938  642.729804981  682.560996162  707.577019873  723.560460873  733.875634755  740.554503972  744.863749461  747.609705393  749.308678876  750.285240777  750.729584373  750.729584373  750.285240777  749.308678876  747.609705393  744.863749461  740.554503972  733.875634755  723.560460873  707.577019873  682.560996162  642.729804981  577.804983938  469.371067781  286.938508067  
186.977508405  332.162080544  433.837676099  502.312263036  547.858506115  578.078880471  598.125655774  611.404446238  620.162239529  625.888571778  629.573183566  631.86903466  633.195103307  633.800216116  633.800216116  633.195103307  631.86903466  629.573183566  625.888571778  620.162239529  611.404446238  598.125655774  578.078880471  547.858506115  502.312263036  433.837676099  332.162080544  186.977508405  
129.859143392  240.535570906  326.118784191  388.774033817  433.250395002  464.244126506  485.568873245  500.083742281  509.853831731  516.340940182  520.563710108  523.217586169  524.759703696  525.465946992  525.465946992  524.759703696  523.217586169  520.563710108  516.340940182  509.853831731  500.083742281  485.568873245  464.244126506  433.250395002  388.774033817  326.118784191  240.535570906  129.859143392  
93.2055312846  176.534720373  245.04976521  298.240147847  337.948849638  366.783198086  387.284325011  401.604575245  411.44165266  418.078103109  422.451908012  425.226651758  426.849826729  427.596208173  427.596208173  426.849826729  425.226651758  422.451908012  418.078103109  411.44165266  401.604575245  387.284325011  366.783198086  337.948849638  298.240147847  245.04976521  176.534720373  93.2055312846  
67.8599898035  130.176146296  183.461880655  226.576798298  260.025558478  285.143126441  303.514222431  316.650590635  325.848872358  332.151405079  336.35695306  339.05071162  340.63749603  341.370247984  341.370247984  340.63749603  339.05071162  336.35695306  332.151405079  325.848872358  316.650590635  303.514222431  285.143126441  260.025558478  226.576798298  183.461880655  130.176146296  67.8599898035  
49.5554610842  95.8054106358  136.391284934  170.214783356  197.234631392  218.079371923  233.693259745  245.08988921  253.210123236  258.855441778  262.66753252  265.132329761  266.594280477  267.272259924  267.272259924  266.594280477  265.132329761  262.66753252  258.855441778  253.210123236  245.08988921  233.693259745  218.079371923  197.234631392  170.214783356  136.391284934  95.8054106358  49.5554610842  
36.0412500995  70.0317216996  100.393602393  126.2449917  147.363714573  164.011507224  176.731804285  186.182445303  193.02120254  197.839109296  201.128785497  203.274856274  204.556212781  205.152890557  205.152890557  204.556212781  203.274856274  201.128785497  197.839109296  193.02120254  186.182445303  176.731804285  164.011507224  147.363714573  126.2449917  100.393602393  70.0317216996  36.0412500995  
25.985061022  50.6663796392  72.991760987  92.304469446  108.356225659  121.230439749  131.230645989  138.773711375  144.306713629  148.251396624  150.972315815  152.762109046  153.837403298  154.340076504  154.340076504  153.837403298  152.762109046  150.972315815  148.251396624  144.306713629  138.773711375  131.230645989  121.230439749  108.356225659  92.304469446  72.991760987  50.6663796392  25.985061022  
18.5135713886  36.1872707795  52.321306328  66.4461470043  78.3450432548  88.0221451788  95.6420783746  101.464144559  105.785485865  108.899046937  111.066448421  112.502980493  113.371003895  113.778251464  113.778251464  113.371003895  112.502980493  111.066448421  108.899046937  105.785485865  101.464144559  95.6420783746  88.0221451788  78.3450432548  66.4461470043  52.321306328  36.1872707795  18.5135713886  
13.0056853948  25.4675477722  36.9223081195  47.0432178302  55.6601538146  62.7474658208  68.3915842374  72.7513344254  76.020538734  78.3980485129  80.0666834801  81.1802400288  81.8566366986  82.1750324427  82.1750324427  81.8566366986  81.1802400288  80.0666834801  78.3980485129  76.020538734  72.7513344254  68.3915842374  62.7474658208  55.6601538146  47.0432178302  36.9223081195  25.4675477722  13.0056853948  
8.99407029414  17.6363060257  25.6221607133  32.7290077766  38.8312757736  43.8966136534  47.9686333799  51.1432993234  53.5449654749  55.3058781142  56.5507871718  57.3866968466  57.896854433  58.1377215051  58.1377215051  57.896854433  57.3866968466  56.5507871718  55.3058781142  53.5449654749  51.1432993234  47.9686333799  43.8966136534  38.8312757736  32.7290077766  25.6221607133  17.6363060257  8.99407029414  
6.11572614419  12.0050206653  17.4695541882  22.3604531441  26.5888588229  30.1253531151  32.9908065689  35.242466163  36.9589039879  38.2264265086  39.1283160031  39.737236286  40.1104464464  40.2871342085  40.2871342085  40.1104464464  39.737236286  39.1283160031  38.2264265086  36.9589039879  35.242466163  32.9908065689  30.1253531151  26.5888588229  22.3604531441  17.4695541882  12.0050206653  6.11572614419  
4.08534736133  8.02621229754  11.6949024409  14.993620029  17.8615078131  20.2751693763  22.2438369448  23.8012373554  24.9962906193  25.884321488  26.5197941805  26.9509432592  27.2162051452  27.3420941709  27.3420941709  27.2162051452  26.9509432592  26.5197941805  25.884321488  24.9962906193  23.8012373554  22.2438369448  20.2751693763  17.8615078131  14.993620029  11.6949024409  8.02621229754  4.08534736133  
2.67926731674  5.26735784644  7.68312698454  9.86345047037  11.7677833822  13.3789028477  14.7003693423  15.751805407  16.5632296524  17.1694945803  17.6055201938  17.9026384066  18.0860614055  18.1733015019  18.1733015019  18.0860614055  17.9026384066  17.6055201938  17.1694945803  16.5632296524  15.751805407  14.7003693423  13.3789028477  11.7677833822  9.86345047037  7.68312698454  5.26735784644  2.67926731674  
1.72424264584  3.3916895576  4.95151524951  6.36369128559  7.60186510176  8.65401595594  9.52112911084  10.21447602  10.7522095035  11.1559112163  11.4475428676  11.6470355117  11.7705643425  11.8294323432  11.8294323432  11.7705643425  11.6470355117  11.4475428676  11.1559112163  10.7522095035  10.21447602  9.52112911084  8.65401595594  7.60186510176  6.36369128559  4.95151524951  3.3916895576  1.72424264584  
1.08848019976  2.14208861891  3.12948091664  4.02572597264  4.8140855792  5.48650717557  6.04293638333  6.48976308248  6.83780273789  7.10019220101  7.29048402739  7.42110091091  7.50219966692  7.54091500133  7.54091500133  7.50219966692  7.42110091091  7.29048402739  7.10019220101  6.83780273789  6.48976308248  6.04293638333  5.48650717557  4.8140855792  4.02572597264  3.12948091664  2.14208861891  1.08848019976  
0.673860790417  1.32664154059  1.93932625307  2.49666739505  2.98826468642  3.40890473025  3.75820751598  4.03974674617  4.25986926693  4.42643514329  4.54765193893  4.63110894908  4.6830515125  4.707886783  4.707886783  4.6830515125  4.63110894908  4.54765193893  4.42643514329  4.25986926693  4.03974674617  3.75820751598  3.40890473025  2.98826468642  2.49666739505  1.93932625307  1.32664154059  0.673860790417  
0.409043153124  0.805551071616  1.17818230995  1.51778240505  1.81802554792  2.07563585745  2.29020733558  2.46371095472  2.59981390501  2.70313825539  2.77856246066  2.83063218534  2.86310936157  2.87865928331  2.87865928331  2.86310936157  2.83063218534  2.77856246066  2.70313825539  2.59981390501  2.46371095472  2.29020733558  2.07563585745  1.81802554792  1.51778240505  1.17818230995  0.805551071616  0.409043153124  
0.243425549876  0.479523371757  0.701647177977  0.904402508342  1.08402137271  1.23850048476  1.36751052917  1.47212305327  1.55442361667  1.61708312146  1.6629475964  1.69468685675  1.71452139305  1.72402989937  1.72402989937  1.71452139305  1.69468685675  1.6629475964  1.61708312146  1.55442361667  1.47212305327  1.36751052917  1.23850048476  1.08402137271  0.904402508342  0.701647177977  0.479523371757  0.243425549876  
0.142013816032  0.279818802731  0.40958957576  0.5282067548  0.633471695759  0.724189949176  0.800126063218  0.861854097169  0.910541085813  0.947703463535  0.97497084766  0.993881067496  1.00571872131  1.01139991205  1.01139991205  1.00571872131  0.993881067496  0.97497084766  0.947703463535  0.910541085813  0.861854097169  0.800126063218  0.724189949176  0.633471695759  0.5282067548  0.40958957576  0.279818802731  0.142013816032  
0.081216212476  0.160058126498  0.234363936209  0.302363820623  0.362800766742  0.414979493226  0.458744215568  0.494397887224  0.522582874735  0.544144971651  0.559999998196  0.571016742492  0.577923718813  0.581241859959  0.581241859959  0.577923718813  0.571016742492  0.559999998196  0.544144971651  0.522582874735  0.494397887224  0.458744215568  0.414979493226  0.362800766742  0.302363820623  0.234363936209  0.160058126498  0.081216212476  
0.0455269021013  0.0897387807166  0.131436491034  0.169634989052  0.203630062416  0.23302625624  0.257726078846  0.277886974992  0.29385662255  0.30609835408  0.315117266267  0.321394751581  0.325335844899  0.327230857121  0.327230857121  0.325335844899  0.321394751581  0.315117266267  0.30609835408  0.29385662255  0.277886974992  0.257726078846  0.23302625624  0.203630062416  0.169634989052  0.131436491034  0.0897387807166  0.0455269021013  
0.0250070484678  0.0492994097783  0.0722245259791  0.0932447848971  0.111973682614  0.128191369491  0.141839483205  0.152998563174  0.161853551151  0.168653631446  0.173672097391  0.177170493995  0.179369538838  0.18042776258  0.18042776258  0.179369538838  0.177170493995  0.173672097391  0.168653631446  0.161853551151  0.152998563174  0.141839483205  0.128191369491  0.111973682614  0.0932447848971  0.0722245259791  0.0492994097783  0.0250070484678  
0.0134396767867  0.0264988281488  0.038829619221  0.050144764956  0.0602367299679  0.0689861672357  0.0763594825755  0.0823971757657  0.0871957833922  0.0908866774327  0.0936147191191  0.0955190491399  0.0967173973621  0.0972944783978  0.0972944783978  0.0967173973621  0.0955190491399  0.0936147191191  0.0908866774327  0.0871957833922  0.0823971757657  0.0763594825755  0.0689861672357  0.0602367299679  0.050144764956  0.038829619221  0.0264988281488  0.0134396767867  
0.00702308352132  0.0138489194785  0.0202970341576  0.0262180521114  0.0315036221227  0.0360908595767  0.0399612208378  0.0431346211107  0.045660213847  0.0476054845117  0.0490451998846  0.0500514021411  0.0506851864909  0.0509905846247  0.0509905846247  0.0506851864909  0.0500514021411  0.0490451998846  0.0476054845117  0.045660213847  0.0431346211107  0.0399612208378  0.0360908595767  0.0315036221227  0.0262180521114  0.0202970341576  0.0138489194785  0.00702308352132  
0.00347298471416  0.00684906946923  0.010039526885  0.0129707927802  0.0155893312147  0.017863842808  0.0197847651158  0.0213614466016  0.0226176726585  0.0235863420576  0.0243040451739  0.0248061305446  0.0251226310785  0.0252752195429  0.0252752195429  0.0251226310785  0.0248061305446  0.0243040451739  0.0235863420576  0.0226176726585  0.0213614466016  0.0197847651158  0.017863842808  0.0155893312147  0.0129707927802  0.010039526885  0.00684906946923  0.00347298471416  
0.001418987012  0.00279856101762  0.00410261443125  0.00530117558414  0.00637238429268  0.00730339704082  0.00809019833619  0.00873646877994  0.00925178081614  0.00964944311183  0.00994429751112  0.0101507077062  0.010280892923  0.0103436787289  0.0103436787289  0.010280892923  0.0101507077062  0.00994429751112  0.00964944311183  0.00925178081614  0.00873646877994  0.00809019833619  0.00730339704082  0.00637238429268  0.00530117558414  0.00410261443125  0.00279856101762  0.001418987012  
