1000.0  1000.0  1000.0  1000.0  1000.0  1000.0  1000.0  1000.0  1000.0  1000.0  1000.0  1000.0  1000.0  1000.0  1000.0  1000.0  1000.0  1000.0  1000.0  1000.0  1000.0  1000.0  1000.0  1000.0  1000.0  1000.0  1000.0  1000.0  
285.172704444  465.885551672  572.688351813  636.10646187  674.582212389  698.41084514  713.381657882  722.856680014  728.858457282  732.639476647  734.989614508  736.408849528  737.207618797  737.565785238  737.565785238  737.207618797  736.408849528  734.989614508  732.639476647  728.858457282  722.856680014  713.381657882  698.41084514  674.582212389  636.10646187  572.688351813  465.885551672  285.172704444  
184.499110658  327.269974773  426.656209142  493.016040034  536.659838751  565.213631462  583.839110717  595.938683143  603.746120987  608.731039835  611.860082253  613.763291299  614.839808562  615.323962026  615.323962026  614.839808562  613.763291299  611.860082253  608.731039835  603.746120987  595.938683143  583.839110717  565.213631462  536.659838751  493.016040034  426.656209142  327.269974773  184.499110658  
126.847989677  234.591856175  317.39357986  377.479471618  419.64441809  448.613292109  468.211188412  481.293319038  489.908728302  495.495014589  499.042759465  501.219566602  502.458472029  503.017745747  503.017745747  502.458472029  501.219566602  499.042759465  495.495014589  489.908728302  481.293319038  468.211188412  448.613292109  419.64441809  377.479471618  317.39357986  234.591856175  126.847989677  
89.8652532947  169.941343544  235.370866205  285.71103551  322.855650768  349.443781851  368.029263892  380.760123896  389.316260651  394.953378178  398.578333102  400.823828447  402.110625238  402.693960503  402.693960503  402.110625238  400.823828447  398.578333102  394.953378178  389.316260651  380.760123896  368.029263892  349.443781851  322.855650768  285.71103551  235.370866205  169.941343544  89.8652532947  
64.3953422452  123.337271407  173.42258553  213.581141399  244.370307422  267.157974005  283.542040229  295.029775392  302.89935711  308.16528604  311.594046832  313.738807032  314.976657839  315.540276967  315.540276967  314.976657839  313.738807032  311.594046832  308.16528604  302.89935711  295.029775392  283.542040229  267.157974005  244.370307422  213.581141399  173.42258553  123.337271407  64.3953422452  
46.1521333969  89.0875695043  126.529650865  157.449081735  181.856362807  200.412380455  214.074337997  223.851438392  230.666412667  235.293401751  238.342389729  240.267853913  241.387010883  241.898832537  241.898832537  241.387010883  240.267853913  238.342389729  235.293401751  230.666412667  223.851438392  214.074337997  200.412380455  181.856362807  157.449081735  126.529650865  89.0875695043  46.1521333969  
32.8508045107  63.734083227  91.1488015407  114.277744143  132.94727144  147.449441163  158.339829688  166.272164484  171.887225502  175.75042262  178.324660331  179.965078698  180.925044989  181.3659385  181.3659385  180.925044989  179.965078698  178.324660331  175.75042262  171.887225502  166.272164484  158.339829688  147.449441163  132.94727144  114.277744143  91.1488015407  63.734083227  32.8508045107  
23.1163970134  45.003901439  64.6793473558  81.5441568819  95.3936897634  106.33862065  114.693404181  120.871214708  125.303856944  128.390041261  130.467609861  131.802693631  132.588973215  132.951554099  132.951554099  132.588973215  131.802693631  130.467609861  128.390041261  125.303856944  120.871214708  114.693404181  106.33862065  95.3936897634  81.5441568819  64.6793473558  45.003901439  23.1163970134  
16.0309942661  31.2868865198  45.1276183968  57.1339859923  67.1270044475  75.1344200446  81.3303120991  85.9707911943  89.3397872974  91.7103169697  93.3208878313  94.3638547553  94.9817235876  95.2677141615  95.2677141615  94.9817235876  94.3638547553  93.3208878313  91.7103169697  89.3397872974  85.9707911943  81.3303120991  75.1344200446  67.1270044475  57.1339859923  45.1276183968  31.2868865198  16.0309942661  
10.9325532252  21.3753655944  30.9150352816  39.2668374583  46.292184267  51.9851310188  56.4400054866  59.8129723597  62.2868257248  64.0437804824  65.2473598414  66.0322113552  66.4996761685  66.7167957319  66.7167957319  66.4996761685  66.0322113552  65.2473598414  64.0437804824  62.2868257248  59.8129723597  56.4400054866  51.9851310188  46.292184267  39.2668374583  30.9150352816  21.3753655944  10.9325532252  
7.3203012049  14.3324269364  20.7720956315  26.4506064702  31.2678474694  35.2073780217  38.3191886448  40.697099237  42.4565642518  43.7164026736  44.5857891498  45.1562711672  45.497714587  45.6567994438  45.6567994438  45.497714587  45.1562711672  44.5857891498  43.7164026736  42.4565642518  40.697099237  38.3191886448  35.2073780217  31.2678474694  26.4506064702  20.7720956315  14.3324269364  7.3203012049  
4.8072244499  9.42214455544  13.6779054094  17.4521533237  20.6759322554  23.332263166  25.4470052762  27.0757321675  28.2900621452  29.1658082946  29.774079982  30.1754602545  30.4167491412  30.5294888703  30.5294888703  30.4167491412  30.1754602545  29.774079982  29.1658082946  28.2900621452  27.0757321675  25.4470052762  23.332263166  20.6759322554  17.4521533237  13.6779054094  9.42214455544  4.8072244499  
3.09358924459  6.06855898862  8.82106966011  11.2734219958  13.3798430391  15.1263649974  16.5260029  17.6112177666  18.4256620245  19.0167101161  19.4296027323  19.7034202981  19.8686736907  19.9460836073  19.9460836073  19.8686736907  19.7034202981  19.4296027323  19.0167101161  18.4256620245  17.6112177666  16.5260029  15.1263649974  13.3798430391  11.2734219958  8.82106966011  6.06855898862  3.09358924459  
1.94973549488  3.82731623749  5.56914143156  7.12686973295  8.47105165791  9.59140047078  10.4942606032  11.1983254338  11.7297410612  12.1175141195  12.3897819788  12.5711446123  12.6809855776  12.7325563182  12.7325563182  12.6809855776  12.5711446123  12.3897819788  12.1175141195  11.7297410612  11.1983254338  10.4942606032  9.59140047078  8.47105165791  7.12686973295  5.56914143156  3.82731623749  1.94973549488  
1.20295273579  2.36270004829  3.44095080285  4.40823867469  5.24613902357  5.9475877254  6.51556035015  6.9606659028  7.2982918205  7.54584433745  7.72044022686  7.83720156308  7.90813969634  7.94151366792  7.94151366792  7.90813969634  7.83720156308  7.72044022686  7.54584433745  7.2982918205  6.9606659028  6.51556035015  5.9475877254  5.24613902357  4.40823867469  3.44095080285  2.36270004829  1.20295273579  
0.726360464486  1.42728837058  2.080145295  2.66733641186  3.17763046479  3.60641833575  3.95502898232  4.22939319715  4.43840671251  4.59230717186  4.70128272952  4.77441646033  4.81897347063  4.83997445513  4.83997445513  4.81897347063  4.77441646033  4.70128272952  4.59230717186  4.43840671251  4.22939319715  3.95502898232  3.60641833575  3.17763046479  2.66733641186  2.080145295  1.42728837058  0.726360464486  
0.429142116003  0.843582152206  1.23018667065  1.57866540798  1.8823394643  2.13832269823  2.34717048076  2.5121470382  2.63830277203  2.73153939404  2.79779166323  2.84239267939  2.86963411049  2.88249482346  2.88249482346  2.86963411049  2.84239267939  2.79779166323  2.73153939404  2.63830277203  2.5121470382  2.34717048076  2.13832269823  1.8823394643  1.57866540798  1.23018667065  0.843582152206  0.429142116003  
0.248052936024  0.487765732341  0.71166624652  0.913860811105  1.09047162807  1.23975395465  1.36191750574  1.45873019328  1.53300694946  1.58808215385  1.62733965491  1.65384134215  1.67006427372  1.67773437408  1.67773437408  1.67006427372  1.65384134215  1.62733965491  1.58808215385  1.53300694946  1.45873019328  1.36191750574  1.23975395465  1.09047162807  0.913860811105  0.71166624652  0.487765732341  0.248052936024  
0.140267912005  0.27589571911  0.402716073801  0.517423677836  0.617819065619  0.702880147172  0.772672380371  0.828137551583  0.870815531925  0.902552530771  0.925237262935  0.940589106616  0.950005486813  0.954463338447  0.954463338447  0.950005486813  0.940589106616  0.925237262935  0.902552530771  0.870815531925  0.828137551583  0.772672380371  0.702880147172  0.617819065619  0.517423677836  0.402716073801  0.27589571911  0.140267912005  
0.0775963079546  0.152661789941  0.222918799737  0.286552382734  0.34234331511  0.389709920282  0.428663422676  0.459697080526  0.483637436467  0.50148621104  0.51427546868  0.522949738964  0.528279807908  0.530806109252  0.530806109252  0.528279807908  0.522949738964  0.51427546868  0.50148621104  0.483637436467  0.459697080526  0.428663422676  0.389709920282  0.34234331511  0.286552382734  0.222918799737  0.152661789941  0.0775963079546  
0.0419957613799  0.0826386832457  0.120709137328  0.155231394926  0.185544725781  0.211326970413  0.232572631512  0.249535610971  0.262651135098  0.272451785466  0.279489719585  0.284272626517  0.287216285464  0.288612968798  0.288612968798  0.287216285464  0.284272626517  0.279489719585  0.272451785466  0.262651135098  0.249535610971  0.232572631512  0.211326970413  0.185544725781  0.155231394926  0.120709137328  0.0826386832457  0.0419957613799  
0.0222363684223  0.0437641773273  0.0639436842298  0.0822613424969  0.0983670128862  0.112086836179  0.12341262709  0.132472789578  0.139492096305  0.144747986975  0.148529697135  0.151104264711  0.15269107096  0.153444679379  0.153444679379  0.15269107096  0.151104264711  0.148529697135  0.144747986975  0.139492096305  0.132472789578  0.12341262709  0.112086836179  0.0983670128862  0.0822613424969  0.0639436842298  0.0437641773273  0.0222363684223  
0.0115177647533  0.0226720225886  0.0331341498261  0.0426395760377  0.051006854869  0.058144492445  0.0640458860955  0.0687748073978  0.0724450748653  0.0751982696719  0.0771827199322  0.0785358686836  0.0793709429402  0.0797678751932  0.0797678751932  0.0793709429402  0.0785358686836  0.0771827199322  0.0751982696719  0.0724450748653  0.0687748073978  0.0640458860955  0.058144492445  0.051006854869  0.0426395760377  0.0331341498261  0.0226720225886  0.0115177647533  
0.00583094324581  0.0114794083158  0.0167802454962  0.0216001597821  0.0258472729737  0.0294746455904  0.0324778990877  0.0348881045868  0.0367617152281  0.0381694432964  0.0391856941565  0.0398796342559  0.0403083825324  0.0405123328515  0.0405123328515  0.0403083825324  0.0398796342559  0.0391856941565  0.0381694432964  0.0367617152281  0.0348881045868  0.0324778990877  0.0294746455904  0.0258472729737  0.0216001597821  0.0167802454962  0.0114794083158  0.00583094324581  
0.00287200142083  0.00565478309579  0.00826752133872  0.0106448415258  0.0127414875607  0.0145340820403  0.0160200311443  0.017214121637  0.0181436567833  0.018843046386  0.0193486355113  0.0196943045782  0.0199080919397  0.0200098562422  0.0200098562422  0.0199080919397  0.0196943045782  0.0193486355113  0.018843046386  0.0181436567833  0.017214121637  0.0160200311443  0.0145340820403  0.0127414875607  0.0106448415258  0.00826752133872  0.00565478309579  0.00287200142083  
0.00134523719377  0.00264893763043  0.00387344437019  0.00498824496455  0.00597214284768  0.00681409092598  0.0075127071416  0.00807471833108  0.00851271823634  0.00884266018106  0.0090814481128  0.00924487610922  0.00934603770812  0.00939421830283  0.00939421830283  0.00934603770812  0.00924487610922  0.0090814481128  0.00884266018106  0.00851271823634  0.00807471833108  0.0075127071416  0.00681409092598  0.00597214284768  0.00498824496455  0.00387344437019  0.00264893763043  0.00134523719377  
0.000527759424912  0.00103929242446  0.00151988038401  0.00195758271459  0.00234408437413  0.00267502526382  0.00294981780761  0.00317104666479  0.00334359904906  0.00347368839983  0.00356791302888  0.0036324479836  0.00367241872565  0.00369146320978  0.00369146320978  0.00367241872565  0.0036324479836  0.00356791302888  0.00347368839983  0.00334359904906  0.00317104666479  0.00294981780761  0.00267502526382  0.00234408437413  0.00195758271459  0.00151988038401  0.00103929242446  0.000527759424912  
