1000.0  1000.0  1000.0  1000.0  1000.0  1000.0  1000.0  1000.0  1000.0  1000.0  1000.0  1000.0  1000.0  1000.0  1000.0  1000.0  1000.0  1000.0  1000.0  1000.0  1000.0  1000.0  1000.0  1000.0  1000.0  1000.0  1000.0  1000.0  
289.755797738  474.942439438  586.008193672  653.391428915  695.467072754  722.4853017  740.212989134  752.01040958  759.915227688  765.206922468  768.708701575  770.954769685  772.285836929  772.904200615  772.904200615  772.285836929  770.954769685  768.708701575  765.206922468  759.915227688  752.01040958  740.212989134  722.4853017  695.467072754  653.391428915  586.008193672  474.942439438  289.755797738  
190.970096143  340.057694456  445.463102664  517.421766617  566.148905966  599.206908255  621.725770761  637.105370063  647.600761372  654.71960325  659.475534558  662.546866176  664.375438125  665.227223306  665.227223306  664.375438125  662.546866176  659.475534558  654.71960325  647.600761372  637.105370063  621.725770761  599.206908255  566.148905966  517.421766617  445.463102664  340.057694456  190.970096143  
134.775951719  250.2589192  340.435409732  407.381379153  455.775166469  490.263660462  514.633066498  531.735407351  543.645693011  551.848014323  557.390419356  560.99955015  563.160678114  564.170790503  564.170790503  563.160678114  560.99955015  557.390419356  551.848014323  543.645693011  531.735407351  514.633066498  490.263660462  455.775166469  407.381379153  340.435409732  250.2589192  134.775951719  
98.7552023116  187.509637596  261.209284041  319.242857353  363.373507376  396.152833035  420.090978168  437.332264682  449.585550545  458.158506643  464.02226905  467.875603037  470.197732736  471.287234581  471.287234581  470.197732736  467.875603037  464.02226905  458.158506643  449.585550545  437.332264682  420.090978168  396.152833035  363.373507376  319.242857353  261.209284041  187.509637596  98.7552023116  
73.7394689936  141.803332794  200.581916679  248.828099601  286.961977262  316.259469321  338.272445052  354.504114323  366.262892023  374.617686578  380.402340898  384.23928053  386.566904879  387.663348015  387.663348015  386.566904879  384.23928053  380.402340898  374.617686578  366.262892023  354.504114323  338.272445052  316.259469321  286.961977262  248.828099601  200.581916679  141.803332794  73.7394689936  
55.4769626371  107.515756219  153.6338996  192.625636445  224.364538794  249.419675818  268.70219112  283.217042659  293.91689959  301.62994666  307.033145919  310.649878842  312.858376943  313.902860277  313.902860277  312.858376943  310.649878842  307.033145919  301.62994666  293.91689959  283.217042659  268.70219112  249.419675818  224.364538794  192.625636445  153.6338996  107.515756219  55.4769626371  
41.7543506423  81.3299963336  117.029621878  147.867690108  173.53988551  194.25055692  210.511164882  222.971170918  232.299680876  239.11343079  243.939012471  247.197125777  249.199213403  250.149733042  250.149733042  249.199213403  247.197125777  243.939012471  239.11343079  232.299680876  222.971170918  210.511164882  194.25055692  173.53988551  147.867690108  117.029621878  81.3299963336  41.7543506423  
31.291788238  61.1610724029  88.4447111835  112.389743007  132.671607589  149.320402545  162.609932791  172.949235433  180.795855694  186.595346699  190.743755354  193.567171034  195.312410736  196.144005238  196.144005238  195.312410736  193.567171034  190.743755354  186.595346699  180.795855694  172.949235433  162.609932791  149.320402545  132.671607589  112.389743007  88.4447111835  61.1610724029  31.291788238  
23.275681817  45.6049834598  66.1886088193  84.4707153446  100.166117942  113.231118447  123.80363462  132.135894128  138.534372512  143.313315036  146.762537986  149.1272929  150.596986144  151.299646473  151.299646473  150.596986144  149.1272929  146.762537986  143.313315036  138.534372512  132.135894128  123.80363462  113.231118447  100.166117942  84.4707153446  66.1886088193  45.6049834598  23.275681817  
17.1445813453  33.6528325282  48.9750458648  62.7094940282  74.6265906177  84.6590922191  92.8701883943  99.412510624  104.487936025  108.313766703  111.097266978  113.018218992  114.218003432  114.793388356  114.793388356  114.218003432  113.018218992  111.097266978  108.313766703  104.487936025  99.412510624  92.8701883943  84.6590922191  74.6265906177  62.7094940282  48.9750458648  33.6528325282  17.1445813453  
12.4847689405  24.5397410999  35.7875261774  45.9422955976  54.8283420244  62.3782289808  68.6159414607  73.6321781054  77.5580336941  80.5412584898  82.7271626247  84.2446162492  85.1966139336  85.6544403799  85.6544403799  85.1966139336  84.2446162492  82.7271626247  80.5412584898  77.5580336941  73.6321781054  68.6159414607  62.3782289808  54.8283420244  45.9422955976  35.7875261774  24.5397410999  12.4847689405  
8.97684265  17.6634034049  25.8016906788  33.1910583011  39.7015672721  45.2750365616  49.9162267339  53.6780317042  56.6445021098  58.9146014973  60.5884144547  61.7564826309  62.4922149808  62.8469239011  62.8469239011  62.4922149808  61.7564826309  60.5884144547  58.9146014973  56.6445021098  53.6780317042  49.9162267339  45.2750365616  39.7015672721  33.1910583011  25.8016906788  17.6634034049  8.97684265  
6.36717413155  12.5389866483  18.3401999577  23.6317519762  28.3200338835  32.3587052672  35.7441305526  38.5065331967  40.6991627886  42.3873952223  43.6390526138  44.5165896973  45.0712922963  45.3393231962  45.3393231962  45.0712922963  44.5165896973  43.6390526138  42.3873952223  40.6991627886  38.5065331967  35.7441305526  32.3587052672  28.3200338835  23.6317519762  18.3401999577  12.5389866483  6.36717413155  
4.4517972928  8.77293053532  12.8453526146  16.5739064408  19.8926148388  22.7664280861  25.1888946966  27.1768895669  28.7637616691  29.9921354698  30.9072723027  31.5515189609  31.9600437629  32.1578363102  32.1578363102  31.9600437629  31.5515189609  30.9072723027  29.9921354698  28.7637616691  27.1768895669  25.1888946966  22.7664280861  19.8926148388  16.5739064408  12.8453526146  8.77293053532  4.4517972928  
3.06652232883  6.04637523803  8.86081283517  11.4455664353  13.7550318828  15.7636856252  17.4649181898  18.8678993137  19.9932774362  20.8684909676  21.5233046038  21.9859654348  22.2801678019  22.4228628356  22.4228628356  22.2801678019  21.9859654348  21.5233046038  20.8684909676  19.9932774362  18.8678993137  17.4649181898  15.7636856252  13.7550318828  11.4455664353  8.86081283517  6.04637523803  3.06652232883  
2.08012654575  4.10333366427  6.01766923833  7.78030735933  9.3602929576  10.7395954757  11.912539599  12.8839461537  13.6664538029  14.2775039006  14.7363917524  15.0616641586  15.269017105  15.3697469992  15.3697469992  15.269017105  15.0616641586  14.7363917524  14.2775039006  13.6664538029  12.8839461537  11.912539599  10.7395954757  9.3602929576  7.78030735933  6.01766923833  4.10333366427  2.08012654575  
1.38905384044  2.74114339391  4.02240448105  5.20469363521  6.26736149633  7.19799652929  7.99215715801  8.65227309361  9.18599059924  9.60425733514  9.91940606268  10.1434280745  10.2865517041  10.3561772624  10.3561772624  10.2865517041  10.1434280745  9.91940606268  9.60425733514  9.18599059924  8.65227309361  7.99215715801  7.19799652929  6.26736149633  5.20469363521  4.02240448105  2.74114339391  1.38905384044  
0.912892528108  1.80207189204  2.64574685781  3.42568528178  4.12834415407  4.74537520339  5.27350546241  5.71389088112  6.0711026824  6.35192571164  6.56413241426  6.71535874177  6.81216383329  6.85931551461  6.85931551461  6.81216383329  6.71535874177  6.56413241426  6.35192571164  6.0711026824  5.71389088112  5.27350546241  4.74537520339  4.12834415407  3.42568528178  2.64574685781  1.80207189204  0.912892528108  
0.590339059812  1.1656629855  1.71213816832  2.21812524224  2.67488928664  3.07693358136  3.42195080833  3.71044485094  3.94511556502  4.13011409864  4.27027035004  4.37037408337  4.43456545049  4.46586640756  4.46586640756  4.43456545049  4.37037408337  4.27027035004  4.13011409864  3.94511556502  3.71044485094  3.42195080833  3.07693358136  2.67488928664  2.21812524224  1.71213816832  1.1656629855  0.590339059812  
0.375568214842  0.741758358582  1.08991160338  1.41270797945  1.70460653315  1.96206024424  2.18349920179  2.36911076841  2.52046986715  2.640083301  2.73091022633  2.79591026824  2.83765602852  2.85803221  2.85803221  2.83765602852  2.79591026824  2.73091022633  2.640083301  2.52046986715  2.36911076841  2.18349920179  1.96206024424  1.70460653315  1.41270797945  1.08991160338  0.741758358582  0.375568214842  
0.235016532359  0.464258910234  0.682386007835  0.884864338656  1.0682369974  1.23025903482  1.36989400248  1.48718714015  1.58304556999  1.65896307209  1.7167268804  1.75813838541  1.78477130918  1.79778235653  1.79778235653  1.78477130918  1.75813838541  1.7167268804  1.65896307209  1.58304556999  1.48718714015  1.36989400248  1.23025903482  1.0682369974  0.884864338656  0.682386007835  0.464258910234  0.235016532359  
0.144603682724  0.285704946384  0.42005892711  0.544901903433  0.65811322757  0.758298865139  0.844792761272  0.917584325857  0.977189257659  1.02448555725  1.06053696928  1.08642323809  1.10309191915  1.11124151852  1.11124151852  1.10309191915  1.08642323809  1.06053696928  1.02448555725  0.977189257659  0.917584325857  0.844792761272  0.758298865139  0.65811322757  0.544901903433  0.42005892711  0.285704946384  0.144603682724  
0.0874021981778  0.172713918753  0.253995787781  0.329591093315  0.398221764241  0.459038890907  0.511625256202  0.555954293519  0.592315147743  0.62121639182  0.643281413158  0.659147037253  0.669374398934  0.674378228674  0.674378228674  0.669374398934  0.659147037253  0.643281413158  0.62121639182  0.592315147743  0.555954293519  0.511625256202  0.459038890907  0.398221764241  0.329591093315  0.253995787781  0.172713918753  0.0874021981778  
0.0517410639878  0.102258135298  0.150414378317  0.195236182969  0.235968999531  0.27210721678  0.303396476059  0.329810751966  0.35150957005  0.368782464589  0.381988158049  0.391495223526  0.397629602677  0.400632752883  0.400632752883  0.397629602677  0.391495223526  0.381988158049  0.368782464589  0.35150957005  0.329810751966  0.303396476059  0.27210721678  0.235968999531  0.195236182969  0.150414378317  0.102258135298  0.0517410639878  
0.0297049125971  0.0587136762901  0.0863790866212  0.112145686498  0.135581340563  0.156394357222  0.174435189159  0.189683921413  0.202226463867  0.212223370489  0.219875471796  0.225390156504  0.228951400307  0.230695763117  0.230695763117  0.228951400307  0.225390156504  0.219875471796  0.212223370489  0.202226463867  0.189683921413  0.174435189159  0.156394357222  0.135581340563  0.112145686498  0.0863790866212  0.0587136762901  0.0297049125971  
0.0159731697706  0.031574770672  0.0464590962457  0.0603289544845  0.0729524415379  0.0841721300518  0.0939061334112  0.102141644178  0.108922447149  0.114332451519  0.118477447134  0.121467126948  0.123399045649  0.124345730475  0.124345730475  0.123399045649  0.121467126948  0.118477447134  0.114332451519  0.108922447149  0.102141644178  0.0939061334112  0.0841721300518  0.0729524415379  0.0603289544845  0.0464590962457  0.031574770672  0.0159731697706  
0.00693350074989  0.0137065030611  0.0201696056972  0.0261942340016  0.0316798622859  0.0365579958709  0.040792674294  0.0443777411259  0.0473315127405  0.0496897152979  0.051497633856  0.0528023539557  0.0536458213975  0.0540592538984  0.0540592538984  0.0536458213975  0.0528023539557  0.051497633856  0.0496897152979  0.0473315127405  0.0443777411259  0.040792674294  0.0365579958709  0.0316798622859  0.0261942340016  0.0201696056972  0.0137065030611  0.00693350074989  
