1000.0  1000.0  1000.0  1000.0  1000.0  1000.0  1000.0  1000.0  1000.0  1000.0  1000.0  1000.0  1000.0  1000.0  1000.0  1000.0  1000.0  1000.0  1000.0  1000.0  1000.0  1000.0  1000.0  1000.0  1000.0  1000.0  1000.0  1000.0  
287.390788896  470.264633072  579.118633137  644.433619405  684.618338591  709.946814302  726.199501637  736.74069193  743.604037983  748.059111353  750.915768196  752.693909494  753.721273988  754.19039794  754.19039794  753.721273988  752.693909494  750.915768196  748.059111353  743.604037983  736.74069193  726.199501637  709.946814302  684.618338591  644.433619405  579.118633137  470.264633072  287.390788896  
187.61529073  333.422138198  435.690112258  504.714886744  550.759652181  581.42062444  601.847070308  615.444570161  624.462495763  630.394459924  634.235170193  636.642654627  638.040358941  638.680413914  638.680413914  638.040358941  636.642654627  634.235170193  630.394459924  624.462495763  615.444570161  601.847070308  581.42062444  550.759652181  504.714886744  435.690112258  333.422138198  187.61529073  
130.639109378  242.076537976  328.384188893  391.712277285  436.79829181  468.330836692  490.119884929  505.024502852  515.112704949  521.851276138  526.264933947  529.055321897  530.68503927  531.434011512  531.434011512  530.68503927  529.055321897  526.264933947  521.851276138  515.112704949  505.024502852  490.119884929  468.330836692  436.79829181  391.712277285  328.384188893  242.076537976  130.639109378  
94.0780275423  178.258496871  247.583918548  301.526954797  341.917625573  371.354695944  392.375190805  407.131410345  417.324321903  424.242050386  428.829374093  431.756812634  433.477971311  434.272146445  434.272146445  433.477971311  431.756812634  428.829374093  424.242050386  417.324321903  407.131410345  392.375190805  371.354695944  341.917625573  301.526954797  247.583918548  178.258496871  94.0780275423  
68.7742383806  131.982410583  186.117296945  230.02087725  264.184228751  289.933344748  308.848642799  322.441821489  332.012943185  338.610192901  343.039458461  345.893203519  347.582649761  348.365476965  348.365476965  347.582649761  345.893203519  343.039458461  338.610192901  332.012943185  322.441821489  308.848642799  289.933344748  264.184228751  230.02087725  186.117296945  131.982410583  68.7742383806  
50.4643403583  97.6010650386  139.03109907  173.638618648  201.368846617  222.84140688  238.996277717  250.847009527  259.337867867  265.276147642  269.310619933  271.934446133  273.498443146  274.226197254  274.226197254  273.498443146  271.934446133  269.310619933  265.276147642  259.337867867  250.847009527  238.996277717  222.84140688  201.368846617  173.638618648  139.03109907  97.6010650386  50.4643403583  
36.9050412004  71.7382942891  102.902451425  129.498957085  151.292802974  168.537249084  181.77166667  191.653855013  198.844822034  203.941129434  207.442130963  209.739321899  211.11764856  211.761624649  211.761624649  211.11764856  209.739321899  207.442130963  203.941129434  198.844822034  191.653855013  181.77166667  168.537249084  151.292802974  129.498957085  102.902451425  71.7382942891  36.9050412004  
26.7737988153  52.2246690201  75.2826124719  95.2756844394  111.943886913  125.362890594  135.832520449  143.769608261  149.62418815  153.823054011  156.736911913  158.664674541  159.828499189  160.374353727  160.374353727  159.828499189  158.664674541  156.736911913  153.823054011  149.62418815  143.769608261  135.832520449  125.362890594  111.943886913  95.2756844394  75.2826124719  52.2246690201  26.7737988153  
19.2079127651  37.5590615003  54.3379800545  69.0617473468  81.5032972103  91.6599668853  99.6931175884  105.862021558  110.466425338  113.803721145  116.140945968  117.698915443  118.644860004  119.090113789  119.090113789  118.644860004  117.698915443  116.140945968  113.803721145  110.466425338  105.862021558  99.6931175884  91.6599668853  81.5032972103  69.0617473468  54.3379800545  37.5590615003  19.2079127651  
13.5964519149  26.6347066572  38.6381474239  49.2686318559  58.3472587547  65.8425815695  71.8382541833  76.4930782973  80.0030938917  82.5709382539  84.3840412092  85.6009018665  86.3435832148  86.6943090964  86.6943090964  86.3435832148  85.6009018665  84.3840412092  82.5709382539  80.0030938917  76.4930782973  71.8382541833  65.8425815695  58.3472587547  49.2686318559  38.6381474239  26.6347066572  13.5964519149  
9.48079383199  18.597908744  27.0358080004  34.5624768993  41.045111469  46.4465854329  50.8082240673  54.2259735248  56.8260164105  58.7437198039  60.1076333749  61.0286371538  61.5933940305  61.8608914074  61.8608914074  61.5933940305  61.0286371538  60.1076333749  58.7437198039  56.8260164105  54.2259735248  50.8082240673  46.4465854329  41.045111469  34.5624768993  27.0358080004  18.597908744  9.48079383199  
6.50460575883  12.7733150817  18.5990164094  23.8253344577  28.3576315834  32.1626746156  35.259507817  37.7053647114  39.5802797346  40.9730541915  41.9700075847  42.6469015709  43.0637251151  43.2616846283  43.2616846283  43.0637251151  42.6469015709  41.9700075847  40.9730541915  39.5802797346  37.7053647114  35.259507817  32.1626746156  28.3576315834  23.8253344577  18.5990164094  12.7733150817  6.50460575883  
4.38701772573  8.62220954314  12.5710693304  16.1299792222  19.2335987346  21.8555721306  24.0037155078  25.7117461812  27.0297196717  28.0148972489  28.7241003422  29.2079675994  29.507053873  29.6494399873  29.6494399873  29.507053873  29.2079675994  28.7241003422  28.0148972489  27.0297196717  25.7117461812  24.0037155078  21.8555721306  19.2335987346  16.1299792222  12.5710693304  8.62220954314  4.38701772573  
2.90670576939  5.71669728987  8.34369202261  10.720177188  12.8022275981  14.5703894076  16.0271559107  17.1921432056  18.0962268879  18.7757203957  19.2673217943  19.6041762806  19.8130937945  19.9127680845  19.9127680845  19.8130937945  19.6041762806  19.2673217943  18.7757203957  18.0962268879  17.1921432056  16.0271559107  14.5703894076  12.8022275981  10.720177188  8.34369202261  5.71669728987  2.90670576939  
1.89103365759  3.72120993959  5.43593482636  6.99196113973  8.36045724151  9.5277664309  10.494091732  11.2707004462  11.8763745517  12.3337678036  12.666146537  12.8947721687  13.0369920674  13.1049759373  13.1049759373  13.0369920674  12.8947721687  12.666146537  12.3337678036  11.8763745517  11.2707004462  10.494091732  9.5277664309  8.36045724151  6.99196113973  5.43593482636  3.72120993959  1.89103365759  
1.20754233433  2.37731294631  3.47527687267  4.47420499325  5.35558930921  6.11020953379  6.73745317734  7.24370758762  7.64023786943  7.94094673139  8.16031854501  8.31172612173  8.40616337603  8.45138395503  8.45138395503  8.40616337603  8.31172612173  8.16031854501  7.94094673139  7.64023786943  7.24370758762  6.73745317734  6.11020953379  5.35558930921  4.47420499325  3.47527687267  2.37731294631  1.20754233433  
0.75664439412  1.49019200265  2.1797556858  2.80848987437  3.36476366312  3.84255180194  4.24108643329  4.56393981477  4.81777180734  5.01097537607  5.15240635513  5.25031498402  5.31152889291  5.34088575983  5.34088575983  5.31152889291  5.25031498402  5.15240635513  5.01097537607  4.81777180734  4.56393981477  4.24108643329  3.84255180194  3.36476366312  2.80848987437  2.1797556858  1.49019200265  0.75664439412  
0.465139265572  0.916376402093  1.34110177896  1.72907789371  2.07314497031  2.36947704222  2.61740544372  2.81890039225  2.97784145497  3.09921209139  3.18833031018  3.25018988145  3.2889474951  3.30756030329  3.30756030329  3.2889474951  3.25018988145  3.18833031018  3.09921209139  2.97784145497  2.81890039225  2.61740544372  2.36947704222  2.07314497031  1.72907789371  1.34110177896  0.916376402093  0.465139265572  
0.280490472882  0.55274984916  0.809293725017  1.04401191425  1.25258534577  1.43264730134  1.58369501186  1.70679968054  1.80418737975  1.87876799331  1.9336781673  1.97188395968  1.99586681959  2.00739836952  2.00739836952  1.99586681959  1.97188395968  1.9336781673  1.87876799331  1.80418737975  1.70679968054  1.58369501186  1.43264730134  1.25258534577  1.04401191425  0.809293725017  0.55274984916  0.280490472882  
0.165904948498  0.327018639464  0.478975341486  0.618194255126  0.742121492356  0.849328365508  0.939467686654  1.01311339709  1.07152322803  1.11636778752  1.14946414289  1.17254118253  1.18705179705  1.19403650407  1.19403650407  1.18705179705  1.17254118253  1.14946414289  1.11636778752  1.07152322803  1.01311339709  0.939467686654  0.849328365508  0.742121492356  0.618194255126  0.478975341486  0.327018639464  0.165904948498  
0.0962450036637  0.189749239785  0.278010918393  0.358969909262  0.431145712002  0.49369571074  0.546393877359  0.589543158872  0.623843056521  0.650236433404  0.669757107472  0.683394123873  0.691981917087  0.696119721026  0.696119721026  0.691981917087  0.683394123873  0.669757107472  0.650236433404  0.623843056521  0.589543158872  0.546393877359  0.49369571074  0.431145712002  0.358969909262  0.278010918393  0.189749239785  0.0962450036637  
0.0547552826102  0.107970454975  0.15823755723  0.204393248885  0.245596073141  0.281360113537  0.311544773664  0.33630753731  0.356031217633  0.371238807045  0.382507910177  0.390393807772  0.395366609775  0.397764731519  0.397764731519  0.395366609775  0.390393807772  0.382507910177  0.371238807045  0.356031217633  0.33630753731  0.311544773664  0.281360113537  0.245596073141  0.204393248885  0.15823755723  0.107970454975  0.0547552826102  
0.0305370604852  0.0602245175145  0.0882846528331  0.114072991642  0.137120779885  0.157153965119  0.174088372227  0.18800459042  0.199108647779  0.207685512701  0.214051959974  0.218513838916  0.221330884221  0.222690467297  0.222690467297  0.221330884221  0.218513838916  0.214051959974  0.207685512701  0.199108647779  0.18800459042  0.174088372227  0.157153965119  0.137120779885  0.114072991642  0.0882846528331  0.0602245175145  0.0305370604852  
0.0166672003268  0.0328751121899  0.0482028347941  0.0623007021051  0.0749131698626  0.0858892593981  0.0951803213687  0.102826900139  0.10893785781  0.113665471015  0.117179997104  0.11964645061  0.121205345922  0.121958238816  0.121958238816  0.121205345922  0.11964645061  0.117179997104  0.113665471015  0.10893785781  0.102826900139  0.0951803213687  0.0858892593981  0.0749131698626  0.0623007021051  0.0482028347941  0.0328751121899  0.0166672003268  
0.00884292053996  0.0174441716694  0.0255820718548  0.0330720656573  0.0397787295803  0.0456213452492  0.0505728857368  0.0546532998661  0.0579187010561  0.0604483726109  0.0623314111065  0.063654456499  0.0644914579488  0.0648959477286  0.0648959477286  0.0644914579488  0.063654456499  0.0623314111065  0.0604483726109  0.0579187010561  0.0546532998661  0.0505728857368  0.0456213452492  0.0397787295803  0.0330720656573  0.0255820718548  0.0174441716694  0.00884292053996  
0.00443341932461  0.00874648937441  0.0128287304854  0.0165880088921  0.0199564998558  0.022893492882  0.0253849509886  0.0274402443414  0.0290868362951  0.0303638570577  0.0313154644449  0.0319847152213  0.0324084293058  0.0326132956746  0.0326132956746  0.0324084293058  0.0319847152213  0.0313154644449  0.0303638570577  0.0290868362951  0.0274402443414  0.0253849509886  0.022893492882  0.0199564998558  0.0165880088921  0.0128287304854  0.00874648937441  0.00443341932461  
0.0018298132848  0.00361018148218  0.0052956910775  0.00684842632222  0.00824041463478  0.00945478713871  0.0104856151517  0.0113365897728  0.0120188581613  0.0125483960256  0.0129432836476  0.0132211831813  0.0133972179883  0.0134823599948  0.0134823599948  0.0133972179883  0.0132211831813  0.0129432836476  0.0125483960256  0.0120188581613  0.0113365897728  0.0104856151517  0.00945478713871  0.00824041463478  0.00684842632222  0.0052956910775  0.00361018148218  0.0018298132848  
