1000.0  1000.0  1000.0  1000.0  1000.0  1000.0  1000.0  1000.0  1000.0  1000.0  1000.0  1000.0  1000.0  1000.0  1000.0  1000.0  1000.0  1000.0  1000.0  1000.0  1000.0  1000.0  1000.0  1000.0  1000.0  1000.0  1000.0  1000.0  
287.564351555  470.60762557  579.623080812  645.088252256  685.409328107  710.858615973  727.215711663  737.844832438  744.780201134  749.292415414  752.192603655  754.001976991  755.049435546  755.528377614  755.528377614  755.049435546  754.001976991  752.192603655  749.292415414  744.780201134  737.844832438  727.215711663  710.858615973  685.409328107  645.088252256  579.623080812  470.60762557  287.564351555  
187.860362367  333.906445697  436.402394967  505.63923085  551.876531191  582.708088887  603.281957499  617.003612963  626.123232121  632.135876844  636.038051256  638.48963352  639.915709365  640.569626853  640.569626853  639.915709365  638.48963352  636.038051256  632.135876844  626.123232121  617.003612963  603.281957499  582.708088887  551.876531191  505.63923085  436.402394967  333.906445697  187.860362367  
130.939368416  242.669905778  329.256868387  392.844770196  438.166673567  469.90821417  491.877878742  506.934605911  517.147396854  523.9848122  528.473770941  531.31818361  532.98265904  533.748614227  533.748614227  532.98265904  531.31818361  528.473770941  523.9848122  517.147396854  506.934605911  491.877878742  469.90821417  438.166673567  392.844770196  329.256868387  242.669905778  130.939368416  
94.4147016241  178.923827082  248.562433597  302.796790459  343.451954399  373.123361977  394.346371813  409.273141279  419.605744523  426.634297999  431.306048926  434.294059275  436.05418793  436.867403878  436.867403878  436.05418793  434.294059275  431.306048926  426.634297999  419.605744523  409.273141279  394.346371813  373.123361977  343.451954399  302.796790459  248.562433597  178.923827082  94.4147016241  
69.1280400964  132.681587522  187.145589553  231.35530744  265.796602567  291.791970484  310.920078013  324.692474131  334.410384905  341.124088833  345.642068853  348.559460832  350.2898551  351.092689474  351.092689474  350.2898551  348.559460832  345.642068853  341.124088833  334.410384905  324.692474131  310.920078013  291.791970484  265.796602567  231.35530744  187.145589553  132.681587522  69.1280400964  
50.8172575547  98.29849325  140.056817993  174.969705805  202.977176525  224.695365156  241.062503979  253.091994722  261.729264412  267.783696935  271.906652694  274.593959227  276.198796637  276.946505185  276.946505185  276.198796637  274.593959227  271.906652694  267.783696935  261.729264412  253.091994722  241.062503979  224.695365156  202.977176525  174.969705805  140.056817993  98.29849325  50.8172575547  
37.241758162  72.4037070782  103.881082778  130.768934738  152.827290303  170.306080832  183.743012127  193.795742234  201.126387984  206.33350496  209.91891814  212.27666723  213.693953795  214.356965366  214.356965366  213.693953795  212.27666723  209.91891814  206.33350496  201.126387984  193.795742234  183.743012127  170.306080832  152.827290303  130.768934738  103.881082778  72.4037070782  37.241758162  
27.0826107633  52.8349356665  76.1801376253  96.4404063882  113.351190801  126.98510891  137.640458658  145.733942934  151.716613646  156.017094156  159.008357752  160.991651372  162.191201205  162.754510604  162.754510604  162.191201205  160.991651372  159.008357752  156.017094156  151.716613646  145.733942934  137.640458658  126.98510891  113.351190801  96.4404063882  76.1801376253  52.8349356665  27.0826107633  
19.4810945358  38.0989158149  55.131947091  70.0920780264  82.7482144481  93.0949932671  101.292425266  107.599669287  112.317372993  115.744547802  118.150237112  119.75732217  120.734864139  121.195555847  121.195555847  120.734864139  119.75732217  118.150237112  115.744547802  112.317372993  107.599669287  101.292425266  93.0949932671  82.7482144481  70.0920780264  55.131947091  38.0989158149  19.4810945358  
13.8301311025  27.0964962584  39.3173023207  50.1499675887  59.412145131  67.0700786502  73.206267249  77.9794162195  81.5863370759  84.2310529299  86.1027106196  87.3615768138  88.1312810078  88.4952096132  88.4952096132  88.1312810078  87.3615768138  86.1027106196  84.2310529299  81.5863370759  77.9794162195  73.206267249  67.0700786502  59.412145131  50.1499675887  39.3173023207  27.0964962584  13.8301311025  
9.67444324987  18.9805920332  27.5986193799  35.2928313  41.9275681844  47.4637897741  51.941864724  55.4576598238  58.1379976958  60.1193945385  61.5318235669  62.4876301622  63.0747758303  63.3532117055  63.3532117055  63.0747758303  62.4876301622  61.5318235669  60.1193945385  58.1379976958  55.4576598238  51.941864724  47.4637897741  41.9275681844  35.2928313  27.5986193799  18.9805920332  9.67444324987  
6.66030216696  13.0809963223  19.0515209782  24.4125422985  29.0671265296  32.9805017228  36.1709433033  38.6956214476  40.6350857363  42.0790619781  43.1150147967  43.8198845094  44.25470458  44.4614565432  44.4614565432  44.25470458  43.8198845094  43.1150147967  42.0790619781  40.6350857363  38.6956214476  36.1709433033  32.9805017228  29.0671265296  24.4125422985  19.0515209782  13.0809963223  6.66030216696  
4.50861419867  8.86250328502  12.9244663527  16.5885746508  19.7876943479  22.4942680184  24.7155115585  26.4850931968  27.8534712465  28.8786295019  29.618284195  30.1239949092  30.4371325664  30.5863835779  30.5863835779  30.4371325664  30.1239949092  29.618284195  28.8786295019  27.8534712465  26.4850931968  24.7155115585  22.4942680184  19.7876943479  16.5885746508  12.9244663527  8.86250328502  4.50861419867  
2.99904106688  5.89916592791  8.61204537761  11.0684116011  13.2229775191  15.0553768328  16.5676472703  17.7793679691  18.7217207706  19.4315681745  19.9462881113  20.2997254382  20.5193100531  20.6241957461  20.6241957461  20.5193100531  20.2997254382  19.9462881113  19.4315681745  18.7217207706  17.7793679691  16.5676472703  15.0553768328  13.2229775191  11.0684116011  8.61204537761  5.89916592791  2.99904106688  
1.9592640328  3.8560432418  5.6342309587  7.24928294487  8.67136112772  9.88613460266  10.8934699156  11.7046073017  12.3385553369  12.818373819  13.1678317689  13.4087078782  13.5588078389  13.6306414434  13.6306414434  13.5588078389  13.4087078782  13.1678317689  12.818373819  12.3385553369  11.7046073017  10.8934699156  9.88613460266  8.67136112772  7.24928294487  5.6342309587  3.8560432418  1.9592640328  
1.25663998697  2.47433691031  3.61796711094  4.65936797556  5.57930723053  6.36807947626  7.02483021831  7.55592751478  7.97279975489  8.28964207238  8.52130079662  8.68152116557  8.78162705698  8.82961695069  8.82961695069  8.78162705698  8.68152116557  8.52130079662  8.28964207238  7.97279975489  7.55592751478  7.02483021831  6.36807947626  5.57930723053  4.65936797556  3.61796711094  2.47433691031  1.25663998697  
0.791070576789  1.55822286386  2.27980619405  2.93832034577  3.52162652542  4.02335935846  4.44258138782  4.78285148337  5.05094416563  5.25545762028  5.40550164938  5.50958777911  5.57477512061  5.60607310409  5.60607310409  5.57477512061  5.50958777911  5.40550164938  5.25545762028  5.05094416563  4.78285148337  4.44258138782  4.02335935846  3.52162652542  2.93832034577  2.27980619405  1.55822286386  0.791070576789  
0.488673765918  0.962883671333  1.40949800813  1.8178316618  2.18037762179  2.49307742356  2.75514652305  2.96854608436  3.13723417889  3.26633468752  3.36133935959  3.42742069364  3.46889370965  3.48883303135  3.48883303135  3.46889370965  3.42742069364  3.36133935959  3.26633468752  3.13723417889  2.96854608436  2.75514652305  2.49307742356  2.18037762179  1.8178316618  1.40949800813  0.962883671333  0.488673765918  
0.296184252716  0.58376273032  0.854902807142  1.10319575694  1.32409093682  1.51506660222  1.67554275592  1.80658463281  1.91047073909  1.9902046865  2.04903906405  2.09005918775  2.11585214673  2.12826793874  2.12826793874  2.11585214673  2.09005918775  2.04903906405  1.9902046865  1.91047073909  1.80658463281  1.67554275592  1.51506660222  1.32409093682  1.10319575694  0.854902807142  0.58376273032  0.296184252716  
0.176117906176  0.347200664447  0.508655879414  0.656708435873  0.788653732532  0.902962204842  0.999236437638  1.07804653488  1.14068440676  1.18888171658  1.22453104108  1.24943892813  1.265127055  1.27268697051  1.27268697051  1.265127055  1.24943892813  1.22453104108  1.18888171658  1.14068440676  1.07804653488  0.999236437638  0.902962204842  0.788653732532  0.656708435873  0.508655879414  0.347200664447  0.176117906176  
0.102733417399  0.202571079364  0.296867158312  0.383438048867  0.460707491135  0.527768786763  0.584364017508  0.630793723239  0.667779157028  0.696302010931  0.717444113078  0.732243879916  0.74157947321  0.746082565621  0.746082565621  0.74157947321  0.732243879916  0.717444113078  0.696302010931  0.667779157028  0.630793723239  0.584364017508  0.527768786763  0.460707491135  0.383438048867  0.296867158312  0.202571079364  0.102733417399  
0.0587803551142  0.115924427051  0.169934879942  0.219571760373  0.263934201228  0.302496536351  0.335098399082  0.361895799658  0.38328506897  0.399813312406  0.412087942042  0.420694887325  0.426131401165  0.428756033738  0.428756033738  0.426131401165  0.420694887325  0.412087942042  0.399813312406  0.38328506897  0.361895799658  0.335098399082  0.302496536351  0.263934201228  0.219571760373  0.169934879942  0.115924427051  0.0587803551142  
0.0329743602795  0.0650408650968  0.0953676623753  0.12326387639  0.148224774591  0.169952237233  0.188350125625  0.203498148925  0.215610535507  0.224986870713  0.231961993768  0.236860325911  0.23995804814  0.241454731259  0.241454731259  0.23995804814  0.236860325911  0.231961993768  0.224986870713  0.215610535507  0.203498148925  0.188350125625  0.169952237233  0.148224774591  0.12326387639  0.0953676623753  0.0650408650968  0.0329743602795  
0.0181047065788  0.0357157582042  0.0523803179263  0.0677213470304  0.0814620790812  0.0934373420192  0.103591435131  0.111964390988  0.118669917025  0.123868920258  0.127742321337  0.130466096255  0.132190465538  0.133024184341  0.133024184341  0.132190465538  0.130466096255  0.127742321337  0.123868920258  0.118669917025  0.111964390988  0.103591435131  0.0934373420192  0.0814620790812  0.0677213470304  0.0523803179263  0.0357157582042  0.0181047065788  
0.00966171304086  0.0190621764077  0.0279615134027  0.0361595742029  0.0435088460848  0.0499205269833  0.0553635761417  0.059857654861  0.0634616412909  0.0662597397004  0.0683471253417  0.06981668605  0.0707479029307  0.0711984113013  0.0711984113013  0.0707479029307  0.06981668605  0.0683471253417  0.0662597397004  0.0634616412909  0.059857654861  0.0553635761417  0.0499205269833  0.0435088460848  0.0361595742029  0.0279615134027  0.0190621764077  0.00966171304086  
0.00486942322814  0.00960806824326  0.0140957643782  0.0182320724549  0.0219427296863  0.0251827213981  0.0279358744684  0.0302114078316  0.0320382593339  0.0334581820017  0.0345185728417  0.0352658176142  0.035739683575  0.0359690456504  0.0359690456504  0.035739683575  0.0352658176142  0.0345185728417  0.0334581820017  0.0320382593339  0.0302114078316  0.0279358744684  0.0251827213981  0.0219427296863  0.0182320724549  0.0140957643782  0.00960806824326  0.00486942322814  
0.00201750919504  0.00398108296008  0.00584113522774  0.00755617439213  0.00909545616899  0.0104402588788  0.011583734621  0.0125295099664  0.0132893675315  0.0138804128695  0.0143221214186  0.0146335890583  0.0148312084438  0.0149268928696  0.0149268928696  0.0148312084438  0.0146335890583  0.0143221214186  0.0138804128695  0.0132893675315  0.0125295099664  0.011583734621  0.0104402588788  0.00909545616899  0.00755617439213  0.00584113522774  0.00398108296008  0.00201750919504  
