1000.0  1000.0  1000.0  1000.0  1000.0  1000.0  1000.0  1000.0  1000.0  1000.0  1000.0  1000.0  1000.0  1000.0  1000.0  1000.0  1000.0  1000.0  1000.0  1000.0  1000.0  1000.0  1000.0  1000.0  1000.0  1000.0  1000.0  1000.0  
286.749841834  468.998419521  577.257376868  642.019954571  681.70444167  706.591137136  722.463466404  732.685682586  739.288955618  743.538668928  746.239600735  747.906484108  748.862509989  749.296854585  749.296854585  748.862509989  747.906484108  746.239600735  743.538668928  739.288955618  732.685682586  722.463466404  706.591137136  681.70444167  642.019954571  577.257376868  468.998419521  286.749841834  
186.711820763  331.637302005  433.066514  501.31262444  546.652274713  576.69052626  596.580832505  609.728719481  618.380058573  624.02255847  627.643768375  629.894431239  631.191581887  631.782614554  631.782614554  631.191581887  629.894431239  627.643768375  624.02255847  618.380058573  609.728719481  596.580832505  576.69052626  546.652274713  501.31262444  433.066514  331.637302005  186.711820763  
129.534838225  239.895013158  325.177485557  387.553853157  431.778045241  462.549477415  483.683239296  498.038329991  507.678484671  514.063270897  518.20865591  520.807378143  522.314200484  523.003258674  523.003258674  522.314200484  520.807378143  518.20865591  514.063270897  507.678484671  498.038329991  483.683239296  462.549477415  431.778045241  387.553853157  325.177485557  239.895013158  129.534838225  
92.8436310606  175.819906621  243.999348955  296.878523423  336.30582828  364.892113732  385.180123476  399.32208141  409.014169907  415.536444588  419.823900972  422.537103038  424.120895336  424.848101604  424.848101604  424.120895336  422.537103038  419.823900972  415.536444588  409.014169907  399.32208141  385.180123476  364.892113732  336.30582828  296.878523423  243.999348955  175.819906621  92.8436310606  
67.4818903694  129.429337166  182.364449168  225.154232609  258.309006276  283.167415674  301.315864686  314.265970562  323.312784305  329.496040959  333.61138454  336.240854167  337.7864983  338.499219459  338.499219459  337.7864983  336.240854167  333.61138454  329.496040959  323.312784305  314.265970562  301.315864686  283.167415674  258.309006276  225.154232609  182.364449168  129.429337166  67.4818903694  
49.1808887145  95.0655689572  135.304094247  168.805496259  195.534107417  216.122116384  231.515445431  242.727562478  250.69775415  256.224921393  259.947659944  262.348776654  263.769976962  264.428115608  264.428115608  263.769976962  262.348776654  259.947659944  256.224921393  250.69775415  242.727562478  231.515445431  216.122116384  195.534107417  168.805496259  135.304094247  95.0655689572  49.1808887145  
35.6866819663  69.3313926533  99.3644775273  124.910977384  145.754024883  162.158807149  174.670336746  183.946332793  190.643074552  195.349153115  198.554260715  200.640061304  201.882850329  202.460750325  202.460750325  201.882850329  200.640061304  198.554260715  195.349153115  190.643074552  183.946332793  174.670336746  162.158807149  145.754024883  124.910977384  99.3644775273  69.3313926533  35.6866819663  
25.6627603042  50.0297849435  72.0562953844  91.0918661724  106.893042845  119.546372226  129.356822414  136.74115017  142.145075176  145.988120391  148.632179116  150.367196728  151.407440121  151.893047917  151.893047917  151.407440121  150.367196728  148.632179116  145.988120391  142.145075176  136.74115017  129.356822414  119.546372226  106.893042845  91.0918661724  72.0562953844  50.0297849435  25.6627603042  
18.2312665167  35.6296751736  51.5019309697  65.384030545  77.0634507073  86.5470888467  94.0008259647  99.6838664804  103.892162117  106.916711284  109.016801956  110.405365214  111.242694006  111.634997301  111.634997301  111.242694006  110.405365214  109.016801956  106.916711284  103.892162117  99.6838664804  94.0008259647  86.5470888467  77.0634507073  65.384030545  51.5019309697  35.6296751736  18.2312665167  
12.7668162447  24.9957453305  36.229006259  46.1445281251  54.5757641235  61.4993884432  67.0028932592  71.2450209128  74.418585674  76.7207912427  78.3324827594  79.405459798  80.0558907159  80.3616446965  80.3616446965  80.0558907159  79.405459798  78.3324827594  76.7207912427  74.418585674  71.2450209128  67.0028932592  61.4993884432  54.5757641235  46.1445281251  36.229006259  24.9957453305  12.7668162447  
8.79845136353  17.2499300853  25.0543929117  31.9930444746  37.9432422609  42.8745386583  46.8314147589  49.9097663277  52.2331210635  53.9323751539  55.1306607487  55.9333461553  56.4222448953  56.6527619759  56.6527619759  56.4222448953  55.9333461553  55.1306607487  53.9323751539  52.2331210635  49.9097663277  46.8314147589  42.8745386583  37.9432422609  31.9930444746  25.0543929117  17.2499300853  8.79845136353  
5.9604455975  11.6983196264  17.0188679303  21.7762585229  25.883957801  29.3140584732  32.0881206432  34.2633363029  35.9176210065  37.1362088678  38.0010973645  38.5836512228  38.9399910021  39.1084654542  39.1084654542  38.9399910021  38.5836512228  38.0010973645  37.1362088678  35.9176210065  34.2633363029  32.0881206432  29.3140584732  25.883957801  21.7762585229  17.0188679303  11.6983196264  5.9604455975  
3.96572825333  7.7899482259  11.3477221841  14.5435957548  17.3185029397  19.6502110742  21.5484832881  23.0470036227  24.1941858091  25.0445279766  25.6515040961  26.0623475478  26.3146173548  26.4341813225  26.4341813225  26.3146173548  26.0623475478  25.6515040961  25.0445279766  24.1941858091  23.0470036227  21.5484832881  19.6502110742  17.3185029397  14.5435957548  11.3477221841  7.7899482259  3.96572825333  
2.5897526125  5.09055454772  7.42332297323  9.52668752343  11.3614438235  12.9112397977  14.1800329823  15.1874135443  15.9630208123  16.5410882661  16.9557944663  17.2377217601  17.4114254776  17.4939339303  17.4939339303  17.4114254776  17.2377217601  16.9557944663  16.5410882661  15.9630208123  15.1874135443  14.1800329823  12.9112397977  11.3614438235  9.52668752343  7.42332297323  5.09055454772  2.5897526125  
1.65911487428  3.2630540129  4.76249230718  6.11867759751  7.30623273079  8.31377046799  9.142564781  9.80386330012  10.3155425714  10.6987335356  10.9748581387  11.1633018061  11.2797616159  11.3351882677  11.3351882677  11.2797616159  11.1633018061  10.9748581387  10.6987335356  10.3155425714  9.80386330012  9.142564781  8.31377046799  7.30623273079  6.11867759751  4.76249230718  3.2630540129  1.65911487428  
1.04237659205  2.05102845998  2.99567359901  3.85228451033  4.60481353123  5.24565651091  5.77496331334  6.19910675313  6.52870648176  6.77658004175  6.9558976574  7.07869557273  7.15479199043  7.19107213095  7.19107213095  7.15479199043  7.07869557273  6.9558976574  6.77658004175  6.52870648176  6.19910675313  5.77496331334  5.24565651091  4.60481353123  3.85228451033  2.99567359901  2.05102845998  1.04237659205  
0.642086050249  1.26388280921  1.84710660898  2.37713280558  2.84403708555  3.24291506582  3.57352740367  3.83943589439  4.04685225471  4.20341629939  4.31707191753  4.39514191559  4.44363814592  4.46679573944  4.46679573944  4.44363814592  4.39514191559  4.31707191753  4.20341629939  4.04685225471  3.83943589439  3.57352740367  3.24291506582  2.84403708555  2.37713280558  1.84710660898  1.26388280921  0.642086050249  
0.387709759555  0.763415325837  1.11626705124  1.4375287545  1.72119421698  1.96419500565  2.16621949807  2.32923056968  2.45680456293  2.55341554411  2.62376481822  2.6722190277  2.70238326325  2.71680726965  2.71680726965  2.70238326325  2.6722190277  2.62376481822  2.55341554411  2.45680456293  2.32923056968  2.16621949807  1.96419500565  1.72119421698  1.4375287545  1.11626705124  0.763415325837  0.387709759555  
0.229465163872  0.45195020196  0.661130733909  0.851886072447  1.02065738429  1.16557712013  1.28637767672  1.38412523276  1.4608458142  1.51911338421  1.56165796422  1.59103214874  1.60935373806  1.61812577504  1.61812577504  1.60935373806  1.59103214874  1.56165796422  1.51911338421  1.4608458142  1.38412523276  1.28637767672  1.16557712013  1.02065738429  0.851886072447  0.661130733909  0.45195020196  0.229465163872  
0.133105386202  0.262223817737  0.383735378929  0.494695425174  0.59303879307  0.677657639808  0.74835586253  0.805704048127  0.850831186018  0.885191793775  0.910341407418  0.927743008415  0.938615629924  0.943827075734  0.943827075734  0.938615629924  0.927743008415  0.910341407418  0.885191793775  0.850831186018  0.805704048127  0.74835586253  0.677657639808  0.59303879307  0.494695425174  0.383735378929  0.262223817737  0.133105386202  
0.0756706060801  0.149105073466  0.218269536973  0.281502973451  0.337631471708  0.386013657569  0.42651822179  0.459445926161  0.485415417593  0.505233908237  0.519771066621  0.529849057039  0.536155555306  0.539181411622  0.539181411622  0.536155555306  0.529849057039  0.519771066621  0.505233908237  0.485415417593  0.459445926161  0.42651822179  0.386013657569  0.337631471708  0.281502973451  0.218269536973  0.149105073466  0.0756706060801  
0.0421582558849  0.0830854377716  0.121660138946  0.156963418275  0.188341548409  0.215431815947  0.238151584041  0.256656947267  0.271281152605  0.28246407308  0.290682748735  0.296390231762  0.299966735296  0.301684286838  0.301684286838  0.299966735296  0.296390231762  0.290682748735  0.28246407308  0.271281152605  0.256656947267  0.238151584041  0.215431815947  0.188341548409  0.156963418275  0.121660138946  0.0830854377716  0.0421582558849  
0.0230106968545  0.0453564725911  0.0664308519098  0.0857354056638  0.102913551942  0.117764842105  0.130239709593  0.140417882201  0.148475735841  0.154648537795  0.159192940855  0.162353683328  0.164336763846  0.165289871818  0.165289871818  0.164336763846  0.162353683328  0.159192940855  0.154648537795  0.148475735841  0.140417882201  0.130239709593  0.117764842105  0.102913551942  0.0857354056638  0.0664308519098  0.0453564725911  0.0230106968545  
0.012287508461  0.0242232222197  0.0354859099466  0.0458109056124  0.0550079448002  0.0629688760664  0.0696651771515  0.0751368727372  0.079475547769  0.0828045338825  0.0852590806343  0.0869686222596  0.0880423885931  0.0885588338619  0.0885588338619  0.0880423885931  0.0869686222596  0.0852590806343  0.0828045338825  0.079475547769  0.0751368727372  0.0696651771515  0.0629688760664  0.0550079448002  0.0458109056124  0.0354859099466  0.0242232222197  0.012287508461  
0.00638046204257  0.0125797058948  0.0184321000372  0.0238008875054  0.028587350973  0.0327348493645  0.0362276655044  0.0390854459924  0.0413545781819  0.0430980585379  0.0443852887036  0.045282893463  0.0458472243289  0.04611881937  0.04611881937  0.0458472243289  0.045282893463  0.0443852887036  0.0430980585379  0.0413545781819  0.0390854459924  0.0362276655044  0.0327348493645  0.028587350973  0.0238008875054  0.0184321000372  0.0125797058948  0.00638046204257  
0.00313709491603  0.00618567045742  0.00906475896086  0.0117073930302  0.0140650727043  0.0161097616512  0.0178333736627  0.0192451151236  0.0203673236152  0.0212305494754  0.0218685768285  0.0223139209307  0.0225941339188  0.02272906161  0.02272906161  0.0225941339188  0.0223139209307  0.0218685768285  0.0212305494754  0.0203673236152  0.0192451151236  0.0178333736627  0.0161097616512  0.0140650727043  0.0117073930302  0.00906475896086  0.00618567045742  0.00313709491603  
0.00127630477182  0.00251675720254  0.0036885465287  0.00476450371115  0.00572490793821  0.0065583016879  0.00726129621409  0.00783751124941  0.00829590360839  0.00864878372935  0.00890980079088  0.00909211442413  0.00920688965152  0.00926217570309  0.00926217570309  0.00920688965152  0.00909211442413  0.00890980079088  0.00864878372935  0.00829590360839  0.00783751124941  0.00726129621409  0.0065583016879  0.00572490793821  0.00476450371115  0.0036885465287  0.00251675720254  0.00127630477182  
