1000.0  1000.0  1000.0  1000.0  1000.0  1000.0  1000.0  1000.0  1000.0  1000.0  1000.0  1000.0  1000.0  1000.0  1000.0  1000.0  1000.0  1000.0  1000.0  1000.0  1000.0  1000.0  1000.0  1000.0  1000.0  1000.0  1000.0  1000.0  
280.260057349  456.215275256  558.555760948  617.920078762  652.8284878  673.615804815  686.074506513  693.539438148  697.984208511  700.60017153  702.112974016  702.962960277  703.411375333  703.603327369  703.603327369  703.411375333  702.962960277  702.112974016  700.60017153  697.984208511  693.539438148  686.074506513  673.615804815  652.8284878  617.920078762  558.555760948  456.215275256  280.260057349  
177.701600897  313.889366965  407.100973733  467.851250404  506.558390223  530.903204493  546.051835433  555.369140739  561.021247644  564.39324473  566.362950607  567.477928493  568.069275935  568.323243476  568.323243476  568.069275935  567.477928493  566.362950607  564.39324473  561.021247644  555.369140739  546.051835433  530.903204493  506.558390223  467.851250404  407.100973733  313.889366965  177.701600897  
118.751696371  218.654511041  294.101450117  347.505283812  383.789312169  407.743704381  423.198939911  432.965615762  439.012319318  442.676073516  444.841746024  446.078759279  446.739140559  447.023916105  447.023916105  446.739140559  446.078759279  444.841746024  442.676073516  439.012319318  432.965615762  423.198939911  407.743704381  383.789312169  347.505283812  294.101450117  218.654511041  118.751696371  
81.1088677947  152.704433596  210.178999933  253.29135188  284.074158106  305.237168801  319.340160422  328.483057483  334.258898536  337.814753458  339.943258955  341.171012235  341.831211245  342.117209491  342.117209491  341.831211245  341.171012235  339.943258955  337.814753458  334.258898536  328.483057483  319.340160422  305.237168801  284.074158106  253.29135188  210.178999933  152.704433596  81.1088677947  
55.5876465864  105.999124743  148.082214063  180.969412516  205.357754929  222.686300006  234.559066828  242.435123896  247.50547096  250.675510824  252.596977061  253.716407769  254.32287961  254.586857634  254.586857634  254.32287961  253.716407769  252.596977061  250.675510824  247.50547096  242.435123896  234.559066828  222.686300006  205.357754929  180.969412516  148.082214063  105.999124743  55.5876465864  
37.805553537  72.656880343  102.514954516  126.54238907  144.882020453  158.262259569  167.646269491  173.997780268  178.157122228  180.795242644  182.413536046  183.365542079  183.885139359  184.112381522  184.112381522  183.885139359  183.365542079  182.413536046  180.795242644  178.157122228  173.997780268  167.646269491  158.262259569  144.882020453  126.54238907  102.514954516  72.656880343  37.805553537  
25.3401665433  48.9487230707  69.5382501177  86.4640934773  99.6716761667  109.513902271  116.551876139  121.398617344  124.6209776  126.691706911  127.976154592  128.738745133  129.157925351  129.342095711  129.342095711  129.157925351  128.738745133  127.976154592  126.691706911  124.6209776  121.398617344  116.551876139  109.513902271  99.6716761667  86.4640934773  69.5382501177  48.9487230707  25.3401665433  
16.6653156155  32.3041147211  46.1165017642  57.6519931821  66.808196092  73.7481293463  78.7911550596  82.3156859467  84.690239973  86.2341312674  87.2015626672  87.780856083  88.1014095661  88.24286099  88.24286099  88.1014095661  87.780856083  87.2015626672  86.2341312674  84.690239973  82.3156859467  78.7911550596  73.7481293463  66.808196092  57.6519931821  46.1165017642  32.3041147211  16.6653156155  
10.7223353751  20.8358709587  29.8511728397  37.4707934577  43.5998713605  48.3093017552  51.7773474736  54.231698669  55.9043992431  57.0033044709  57.6982340088  58.1176122979  58.3511088905  58.4545618845  58.4545618845  58.3511088905  58.1176122979  57.6982340088  57.0033044709  55.9043992431  54.231698669  51.7773474736  48.3093017552  43.5998713605  37.4707934577  29.8511728397  20.8358709587  10.7223353751  
6.7355250232  13.1125847241  18.836696405  23.7192991241  27.6882983301  30.7719270959  33.0679460176  34.7102106311  35.8406608361  36.5901459473  37.0680052068  37.3584286524  37.5210390987  37.5933534264  37.5933534264  37.5210390987  37.3584286524  37.0680052068  36.5901459473  35.8406608361  34.7102106311  33.0679460176  30.7719270959  27.6882983301  23.7192991241  18.836696405  13.1125847241  6.7355250232  
4.12542714587  8.04244165447  11.5771504455  14.6139752293  17.1034081211  19.0550782024  20.5216922397  21.5802195888  22.3151529683  22.8063349691  23.1217936078  23.314737727  23.4233208032  23.4717723789  23.4717723789  23.4233208032  23.314737727  23.1217936078  22.8063349691  22.3151529683  21.5802195888  20.5216922397  19.0550782024  17.1034081211  14.6139752293  11.5771504455  8.04244165447  4.12542714587  
2.46139179146  4.80359860017  6.92602662954  8.75994970293  10.2735582124  11.469056235  12.374378436  13.0328294449  13.4934020027  13.8033885677  14.0037648868  14.1270196121  14.1967030901  14.2278924442  14.2278924442  14.1967030901  14.1270196121  14.0037648868  13.8033885677  13.4934020027  13.0328294449  12.374378436  11.469056235  10.2735582124  8.75994970293  6.92602662954  4.80359860017  2.46139179146  
1.42968779144  2.79252076488  4.03157818139  5.10715164452  5.99980897184  6.70922018512  7.24993344556  7.64578536901  7.92446144252  8.11318004976  8.2358670548  8.31171751197  8.35477776137  8.37410424127  8.37410424127  8.35477776137  8.31171751197  8.2358670548  8.11318004976  7.92446144252  7.64578536901  7.24993344556  6.70922018512  5.99980897184  5.10715164452  4.03157818139  2.79252076488  1.42968779144  
0.808134468216  1.57955834034  2.2828037688  2.89556078158  3.40644702699  3.81455520318  4.12732571891  4.35759112686  4.52060148036  4.63158763417  4.7041055542  4.74914229538  4.77480430087  4.7863506596  4.7863506596  4.77480430087  4.74914229538  4.7041055542  4.63158763417  4.52060148036  4.35759112686  4.12732571891  3.81455520318  3.40644702699  2.89556078158  2.2828037688  1.57955834034  0.808134468216  
0.444442313587  0.869179524011  1.25723015963  1.59640011011  1.88026536343  2.1080094002  2.28336663057  2.41309115196  2.50537169885  2.56849855883  2.60992992207  2.63576424754  2.65053343409  2.65719349624  2.65719349624  2.65053343409  2.63576424754  2.60992992207  2.56849855883  2.50537169885  2.41309115196  2.28336663057  2.1080094002  1.88026536343  1.59640011011  1.25723015963  0.869179524011  0.444442313587  
0.237793632433  0.465258288468  0.67345438395  0.855896467879  1.00908059075  1.13243227213  1.22778975556  1.29862706495  1.34923055289  1.38399097652  1.40689516453  1.42122815545  1.42944640887  1.43315977661  1.43315977661  1.42944640887  1.42122815545  1.40689516453  1.38399097652  1.34923055289  1.29862706495  1.22778975556  1.13243227213  1.00908059075  0.855896467879  0.67345438395  0.465258288468  0.237793632433  
0.12377849232  0.24227344096  0.350896010989  0.446289247326  0.52660236988  0.591477715226  0.641802200518  0.679321455734  0.706222625371  0.724769036118  0.737032358396  0.744730987761  0.749156899824  0.751160298831  0.751160298831  0.749156899824  0.744730987761  0.737032358396  0.724769036118  0.706222625371  0.679321455734  0.641802200518  0.591477715226  0.52660236988  0.446289247326  0.350896010989  0.24227344096  0.12377849232  
0.0626889711218  0.122741714252  0.177862025583  0.226358543545  0.267283270805  0.300430522348  0.326219513912  0.345506879423  0.359380506425  0.368976173313  0.375340751878  0.379347639082  0.381656625049  0.382703466974  0.382703466974  0.381656625049  0.379347639082  0.375340751878  0.368976173313  0.359380506425  0.345506879423  0.326219513912  0.300430522348  0.267283270805  0.226358543545  0.177862025583  0.122741714252  0.0626889711218  
0.0308962183482  0.0605097866695  0.0877208101655  0.111699652575  0.131974936541  0.148435202536  0.161274484484  0.170903234764  0.177848948075  0.182666601436  0.185870843013  0.187893215826  0.189061078334  0.189591320399  0.189591320399  0.189061078334  0.187893215826  0.185870843013  0.182666601436  0.177848948075  0.170903234764  0.161274484484  0.148435202536  0.131974936541  0.111699652575  0.0877208101655  0.0605097866695  0.0308962183482  
0.014820937025  0.0290334050891  0.0421050711655  0.0536396727825  0.0634094922354  0.0713569930671  0.077570087625  0.0822407694715  0.0856183863064  0.0879670507352  0.0895329844627  0.0905235646263  0.0910966772413  0.0913572208238  0.0913572208238  0.0910966772413  0.0905235646263  0.0895329844627  0.0879670507352  0.0856183863064  0.0822407694715  0.077570087625  0.0713569930671  0.0634094922354  0.0536396727825  0.0421050711655  0.0290334050891  0.014820937025  
0.00692159164458  0.0135617619644  0.0196738816021  0.0250736122512  0.0296540024947  0.033386571866  0.0363102996901  0.038512851354  0.040109144511  0.0412216231335  0.041964968018  0.0424361430881  0.0427092085066  0.0428334902573  0.0428334902573  0.0427092085066  0.0424361430881  0.041964968018  0.0412216231335  0.040109144511  0.038512851354  0.0363102996901  0.033386571866  0.0296540024947  0.0250736122512  0.0196738816021  0.0135617619644  0.00692159164458  
0.00314782300729  0.00616874046651  0.00895137348431  0.0114121835571  0.013502306523  0.0152081653195  0.0165466698187  0.0175568926921  0.0182904774724  0.0188027367781  0.0191456879662  0.0193634626143  0.0194898633067  0.0195474522188  0.0195474522188  0.0194898633067  0.0193634626143  0.0191456879662  0.0188027367781  0.0182904774724  0.0175568926921  0.0165466698187  0.0152081653195  0.013502306523  0.0114121835571  0.00895137348431  0.00616874046651  0.00314782300729  
0.0013944271826  0.00273305391343  0.0039668452719  0.00505891286011  0.00598752879997  0.00674644126469  0.00734282641185  0.00779368294726  0.0081216439988  0.0083510620594  0.00850492118388  0.00860277978833  0.00865965601662  0.00868559320688  0.00868559320688  0.00865965601662  0.00860277978833  0.00850492118388  0.0083510620594  0.0081216439988  0.00779368294726  0.00734282641185  0.00674644126469  0.00598752879997  0.00505891286011  0.0039668452719  0.00273305391343  0.0013944271826  
0.000601679559428  0.00117943866816  0.00171223430145  0.00218419505096  0.00258591622807  0.00291461194544  0.00317326033399  0.00336907855806  0.00351173889761  0.00361169059984  0.00367882700027  0.00372158925312  0.00374647327292  0.00375783053756  0.00375783053756  0.00374647327292  0.00372158925312  0.00367882700027  0.00361169059984  0.00351173889761  0.00336907855806  0.00317326033399  0.00291461194544  0.00258591622807  0.00218419505096  0.00171223430145  0.00117943866816  0.000601679559428  
0.000252448931322  0.00049491871579  0.000718622400848  0.000916917762406  0.00108584860574  0.0012242141811  0.00133322092168  0.00141585375618  0.00147613617473  0.00151843035233  0.00154687787569  0.00156502065182  0.00157558964205  0.00158041698426  0.00158041698426  0.00157558964205  0.00156502065182  0.00154687787569  0.00151843035233  0.00147613617473  0.00141585375618  0.00133322092168  0.0012242141811  0.00108584860574  0.000916917762406  0.000718622400848  0.00049491871579  0.000252448931322  
0.000101609785378  0.000199222431974  0.000289315577482  0.000369221629881  0.000437344897165  0.000493191371215  0.000537232026602  0.000570653545223  0.000595063418391  0.000612209728976  0.000623756080615  0.000631128012873  0.000635426485914  0.00063739104326  0.00063739104326  0.000635426485914  0.000631128012873  0.000623756080615  0.000612209728976  0.000595063418391  0.000570653545223  0.000537232026602  0.000493191371215  0.000437344897165  0.000369221629881  0.000289315577482  0.000199222431974  0.000101609785378  
3.53938868492e-05  6.94003922498e-05  0.000100796230289  0.000128653711696  0.000152416182168  0.000171908855843  0.00018729207269  0.000198975424228  0.00020751577912  0.000213520059352  0.00021756685831  0.000220152692997  0.000221661492649  0.000222351392513  0.000222351392513  0.000221661492649  0.000220152692997  0.00021756685831  0.000213520059352  0.00020751577912  0.000198975424228  0.00018729207269  0.000171908855843  0.000152416182168  0.000128653711696  0.000100796230289  6.94003922498e-05  3.53938868492e-05  
