1000.0  1000.0  1000.0  1000.0  1000.0  1000.0  1000.0  1000.0  1000.0  1000.0  1000.0  1000.0  1000.0  1000.0  1000.0  1000.0  1000.0  1000.0  1000.0  1000.0  1000.0  1000.0  1000.0  1000.0  1000.0  1000.0  1000.0  1000.0  
287.213101133  469.913538555  578.60238855  643.763884027  683.809402486  709.01471724  725.161139106  735.612998127  742.403318318  746.800572806  749.613269435  751.359927921  752.367066487  752.82631729  752.82631729  752.367066487  751.359927921  749.613269435  746.800572806  742.403318318  735.612998127  725.161139106  709.01471724  683.809402486  643.763884027  578.60238855  469.913538555  287.213101133  
187.3645799  332.9267571  434.961711166  503.769916992  549.618277093  580.105476078  600.381988015  613.853447739  622.768339622  628.618726421  632.397413074  634.760478546  636.129646315  636.755771411  636.755771411  636.129646315  634.760478546  632.397413074  628.618726421  622.768339622  613.853447739  600.381988015  580.105476078  549.618277093  503.769916992  434.961711166  332.9267571  187.3645799  
130.332258583  241.470229938  327.492683337  390.55571028  435.401342698  466.721206306  488.326751544  503.077111122  513.039213091  519.677944873  524.015695006  526.75172118  528.346514561  529.078439016  529.078439016  528.346514561  526.75172118  524.015695006  519.677944873  513.039213091  503.077111122  488.326751544  466.721206306  435.401342698  390.55571028  327.492683337  241.470229938  130.332258583  
93.7344181403  177.579557848  246.58561883  300.231843903  340.353340673  369.552257573  390.367273671  404.950763092  415.00247611  421.80841232  426.31074155  429.177311352  430.859366041  431.634453067  431.634453067  430.859366041  429.177311352  426.31074155  421.80841232  415.00247611  404.950763092  390.367273671  369.552257573  340.353340673  300.231843903  246.58561883  177.579557848  93.7344181403  
68.4137315319  131.270084516  185.069907135  228.662083771  262.543029669  288.042287781  306.742010856  320.153974542  329.576963679  336.056932803  340.397032373  343.186922043  344.835345983  345.598148807  345.598148807  344.835345983  343.186922043  340.397032373  336.056932803  329.576963679  320.153974542  306.742010856  288.042287781  262.543029669  228.662083771  185.069907135  131.270084516  68.4137315319  
50.1054185487  96.8918716495  137.988317384  172.285806647  199.734876988  220.958686239  236.898939856  248.569264372  256.912652711  262.734178346  266.679886302  269.240145666  270.763306222  271.471126819  271.471126819  270.763306222  269.240145666  266.679886302  262.734178346  256.912652711  248.569264372  236.898939856  220.958686239  199.734876988  172.285806647  137.988317384  96.8918716495  50.1054185487  
36.5633435139  71.0631349068  101.909714638  128.211072479  149.737259995  166.744901392  179.775011794  189.485462314  196.536048526  201.521216465  204.93772385  207.174406962  208.513862847  209.138865098  209.138865098  208.513862847  207.174406962  204.93772385  201.521216465  196.536048526  189.485462314  179.775011794  166.744901392  149.737259995  128.211072479  101.909714638  71.0631349068  36.5633435139  
26.4611914068  51.6069899267  74.3743953489  94.0974515263  110.520789743  123.723158375  134.005885873  141.785869066  147.512032124  151.609232535  154.445800527  156.318215446  157.446484758  157.974983981  157.974983981  157.446484758  156.318215446  154.445800527  151.609232535  147.512032124  141.785869066  134.005885873  123.723158375  110.520789743  94.0974515263  74.3743953489  51.6069899267  26.4611914068  
18.9321314576  37.0141477613  53.5367570653  68.0223219095  80.2478602769  90.2134243933  98.081701419  104.112020318  108.603147642  111.85076647  114.119817026  115.628967562  116.54355139  116.973497501  116.973497501  116.54355139  115.628967562  114.119817026  111.85076647  108.603147642  104.112020318  98.081701419  90.2134243933  80.2478602769  68.0223219095  53.5367570653  37.0141477613  18.9321314576  
13.3612598036  26.1699935644  37.9548507616  48.3821954973  57.2766098099  64.6089624253  70.4640376189  75.0006848523  78.4141075998  80.9054847683  82.6604572631  83.8356922024  84.5516341514  84.8893082638  84.8893082638  84.5516341514  83.8356922024  82.6604572631  80.9054847683  78.4141075998  75.0006848523  70.4640376189  64.6089624253  57.2766098099  48.3821954973  37.9548507616  26.1699935644  13.3612598036  
9.2865298992  18.2140658621  26.4714216294  33.8303051749  40.1607897789  45.4276614285  49.6731787217  52.9933267055  55.5135963748  57.3681495048  58.6840574746  59.5706865369  60.113362332  60.3700818524  60.3700818524  60.113362332  59.5706865369  58.6840574746  57.3681495048  55.5135963748  52.9933267055  49.6731787217  45.4276614285  40.1607897789  33.8303051749  26.4714216294  18.2140658621  9.2865298992  
6.3489684865  12.4657946221  18.1468528409  23.2387507045  27.6491558666  31.3463670994  34.3501760979  36.7178470667  38.5288597662  39.8710492388  40.8295500463  41.4789105507  41.8780479587  42.0673749264  42.0673749264  41.8780479587  41.4789105507  40.8295500463  39.8710492388  38.5288597662  36.7178470667  34.3501760979  31.3463670994  27.6491558666  23.2387507045  18.1468528409  12.4657946221  6.3489684865  
4.26592919012  8.38295375428  12.2192801923  15.673611656  18.6824013447  21.220485322  23.2962609407  24.9434689857  26.2117329445  27.1575618033  27.8368545968  28.2993055817  28.5846354287  28.7203071779  28.7203071779  28.5846354287  28.2993055817  27.8368545968  27.1575618033  26.2117329445  24.9434689857  23.2962609407  21.220485322  18.6824013447  15.673611656  12.2192801923  8.38295375428  4.26592919012  
2.81512861441  5.53575272903  8.07764168271  10.3750382913  12.3853739963  14.0900962275  15.4921376625  16.6111318264  17.4776271832  18.1273678177  18.5963538088  18.9170157831  19.1155325333  19.2101304035  19.2101304035  19.1155325333  18.9170157831  18.5963538088  18.1273678177  17.4776271832  16.6111318264  15.4921376625  14.0900962275  12.3853739963  10.3750382913  8.07764168271  5.53575272903  2.81512861441  
1.8236542464  3.58807731563  5.24018517922  6.73802256292  8.05375606791  9.17439207212  10.1004567194  10.8432298811  11.421252537  11.8567592072  12.1725023633  12.3892173971  12.5237870892  12.5880370994  12.5880370994  12.5237870892  12.3892173971  12.1725023633  11.8567592072  11.421252537  10.8432298811  10.1004567194  9.17439207212  8.05375606791  6.73802256292  5.24018517922  3.58807731563  1.8236542464  
1.15927698871  2.28194739293  3.33505810705  4.29230557783  5.1358969251  5.85708680252  6.45549405426  6.93751484132  7.31424140441  7.59927590043  7.80673437567  7.94961263559  8.03857164052  8.0811184821  8.0811184821  8.03857164052  7.94961263559  7.80673437567  7.59927590043  7.31424140441  6.93751484132  6.45549405426  5.85708680252  5.1358969251  4.29230557783  3.33505810705  2.28194739293  1.15927698871  
0.722963274462  1.42364302243  2.08190721941  2.68155629527  3.21145842025  3.6659197456  4.04433375498  4.35027871604  4.59029368962  4.77256172641  4.90568146001  4.99763989416  5.05503219579  5.08252390862  5.08252390862  5.05503219579  4.99763989416  4.90568146001  4.77256172641  4.59029368962  4.35027871604  4.04433375498  3.6659197456  3.21145842025  2.68155629527  2.08190721941  1.42364302243  0.722963274462  
0.442229220509  0.871109628546  1.27454534032  1.64273834215  1.96886836162  2.24933483329  2.48357877149  2.67357438185  2.82311894157  2.93705299738  3.02051948696  3.07833302019  3.11449208105  3.13183667825  3.13183667825  3.11449208105  3.07833302019  3.02051948696  2.93705299738  2.82311894157  2.67357438185  2.48357877149  2.24933483329  1.96886836162  1.64273834215  1.27454534032  0.871109628546  0.442229220509  
0.265292873635  0.522721791541  0.765143227855  0.986738589123  1.18341403824  1.35295236537  1.49492351375  1.61040126297  1.70155701355  1.77120575803  1.82236792287  1.85789064486  1.88015036797  1.890840967  1.890840967  1.88015036797  1.85789064486  1.82236792287  1.77120575803  1.70155701355  1.61040126297  1.49492351375  1.35295236537  1.18341403824  0.986738589123  0.765143227855  0.522721791541  0.265292873635  
0.156068645622  0.307583720028  0.450400170644  0.58112596099  0.697352994787  0.797749341137  0.882014843201  0.950725063101  1.00510229035  1.04675565694  1.07742695269  1.09876804744  1.11216383066  1.11860447294  1.11860447294  1.11216383066  1.09876804744  1.07742695269  1.04675565694  1.00510229035  0.950725063101  0.882014843201  0.797749341137  0.697352994787  0.58112596099  0.450400170644  0.307583720028  0.156068645622  
0.0900311224642  0.177471671898  0.259959302561  0.335553155017  0.402864839067  0.461112856915  0.510100871471  0.550132823074  0.581885786302  0.606263748819  0.62425293621  0.6367937063  0.644677509745  0.648471757361  0.648471757361  0.644677509745  0.6367937063  0.62425293621  0.606263748819  0.581885786302  0.550132823074  0.510100871471  0.461112856915  0.402864839067  0.335553155017  0.259959302561  0.177471671898  0.0900311224642  
0.0509229620939  0.100398470395  0.14710458749  0.189951546493  0.228154704123  0.261265833766  0.28916263784  0.31200319326  0.330156458225  0.34412142432  0.354446320488  0.36165637961  0.366195185748  0.368381516717  0.368381516717  0.366195185748  0.36165637961  0.354446320488  0.34412142432  0.330156458225  0.31200319326  0.28916263784  0.261265833766  0.228154704123  0.189951546493  0.14710458749  0.100398470395  0.0509229620939  
0.0282303163691  0.055666817051  0.0815835760092  0.105380413056  0.126622774872  0.145059292855  0.160616798471  0.173376225916  0.18353524914  0.191364374601  0.19716268065  0.201217917509  0.20377384344  0.205006002839  0.205006002839  0.20377384344  0.201217917509  0.19716268065  0.191364374601  0.18353524914  0.173376225916  0.160616798471  0.145059292855  0.126622774872  0.105380413056  0.0815835760092  0.055666817051  0.0282303163691  
0.0153148584304  0.030203143827  0.0442743269804  0.0572047153179  0.0687588171011  0.0787989507941  0.0872829151072  0.0942514495555  0.0998085099778  0.104097885523  0.107279450249  0.10950760047  0.110913478397  0.111591702119  0.111591702119  0.110913478397  0.10950760047  0.107279450249  0.104097885523  0.0998085099778  0.0942514495555  0.0872829151072  0.0787989507941  0.0687588171011  0.0572047153179  0.0442743269804  0.030203143827  0.0153148584304  
0.00807710397416  0.0159310701537  0.0233574205442  0.0301863112055  0.0362936753419  0.0416063238335  0.0461008786852  0.0497973953421  0.0527492041449  0.0550307770491  0.0567253259428  0.0579134736831  0.0586638588324  0.0590260827202  0.0590260827202  0.0586638588324  0.0579134736831  0.0567253259428  0.0550307770491  0.0527492041449  0.0497973953421  0.0461008786852  0.0416063238335  0.0362936753419  0.0301863112055  0.0233574205442  0.0159310701537  0.00807710397416  
0.00402771156268  0.00794489381585  0.0116501831169  0.0150592408404  0.0181102592535  0.0207665162864  0.0230159068727  0.0248678558431  0.0263483499502  0.0274939681577  0.0283457485227  0.0289435581964  0.0293214021813  0.0295038859197  0.0295038859197  0.0293214021813  0.0289435581964  0.0283457485227  0.0274939681577  0.0263483499502  0.0248678558431  0.0230159068727  0.0207665162864  0.0181102592535  0.0150592408404  0.0116501831169  0.00794489381585  0.00402771156268  
0.00165579866759  0.00326636493986  0.00479019594876  0.00619271983953  0.00744854499027  0.00854251311404  0.00946952379466  0.010233291019  0.0108443279307  0.0113175152531  0.0116695944723  0.0119168590744  0.0120732245937  0.0121487689777  0.0121487689777  0.0120732245937  0.0119168590744  0.0116695944723  0.0113175152531  0.0108443279307  0.010233291019  0.00946952379466  0.00854251311404  0.00744854499027  0.00619271983953  0.00479019594876  0.00326636493986  0.00165579866759  
