1000.0  1000.0  1000.0  1000.0  1000.0  1000.0  1000.0  1000.0  1000.0  1000.0  1000.0  1000.0  1000.0  1000.0  1000.0  1000.0  1000.0  1000.0  1000.0  1000.0  1000.0  1000.0  1000.0  1000.0  1000.0  1000.0  1000.0  1000.0  
288.375030269  472.210315341  581.98171262  648.151738224  689.114783508  715.135059425  731.987849927  743.036556734  750.317486603  755.105409619  758.216796844  760.178450635  761.324275114  761.85140474  761.85140474  761.324275114  760.178450635  758.216796844  755.105409619  750.317486603  743.036556734  731.987849927  715.135059425  689.114783508  648.151738224  581.98171262  472.210315341  288.375030269  
189.00741698  336.174141021  439.739694976  509.973848602  557.119487901  588.758949614  610.034186533  624.349520995  633.958078858  640.360826132  644.561826906  647.228870921  648.794124525  649.516222411  649.516222411  648.794124525  647.228870921  644.561826906  640.360826132  633.958078858  624.349520995  610.034186533  588.758949614  557.119487901  509.973848602  439.739694976  336.174141021  189.00741698  
132.348799219  245.456310809  333.357536242  398.17087718  444.608885871  477.343121456  500.174574781  515.960767573  526.774325295  534.091063986  538.947192607  542.056343615  543.891826601  544.741554817  544.741554817  543.891826601  542.056343615  538.947192607  534.091063986  526.774325295  515.960767573  500.174574781  477.343121456  444.608885871  398.17087718  333.357536242  245.456310809  132.348799219  
96.0009481049  182.059790607  253.177533412  308.791057019  350.70233474  381.490960813  403.683858118  419.431590202  430.440311197  438.008304281  443.093273161  446.379222309  448.33180366  449.239297947  449.239297947  448.33180366  446.379222309  443.093273161  438.008304281  430.440311197  419.431590202  403.683858118  381.490960813  350.70233474  308.791057019  253.177533412  182.059790607  96.0009481049  
70.8025557163  135.99205514  192.017498151  237.683120972  273.450416697  300.62515716  320.777104696  335.416126834  345.847757982  353.130899233  358.085073262  361.316968579  363.250514485  364.152868097  364.152868097  363.250514485  361.316968579  358.085073262  353.130899233  345.847757982  335.416126834  320.777104696  300.62515716  273.450416697  237.683120972  192.017498151  135.99205514  70.8025557163  
52.4965380794  101.618379232  144.942583216  181.315509732  210.652740566  233.553639627  250.947510162  263.846068928  273.199065113  279.824531416  284.384901022  287.387588427  289.196143286  290.043647921  290.043647921  289.196143286  287.387588427  284.384901022  279.824531416  273.199065113  263.846068928  250.947510162  233.553639627  210.652740566  181.315509732  144.942583216  101.618379232  52.4965380794  
38.853839872  75.5907411813  108.571329832  136.86078495  160.195673285  178.809826455  193.232379409  204.119374039  212.137078101  217.89235175  221.897651457  224.558141809  226.170980244  226.929787427  226.929787427  226.170980244  224.558141809  221.897651457  217.89235175  212.137078101  204.119374039  193.232379409  178.809826455  160.195673285  136.86078495  108.571329832  75.5907411813  38.853839872  
28.5714078383  55.7782380127  80.5116884555  102.066361751  120.156039826  134.838472457  146.40404311  155.267963563  161.885120997  166.691810187  170.070824738  172.333687354  173.713820042  174.365591758  174.365591758  173.713820042  172.333687354  170.070824738  166.691810187  161.885120997  155.267963563  146.40404311  134.838472457  120.156039826  102.066361751  80.5116884555  55.7782380127  28.5714078383  
20.8083581328  40.7228698925  58.9935200601  75.1076031723  88.814708501  100.096218125  109.105087969  116.099148985  121.382469764  125.260902708  128.012247897  129.868549075  131.007066799  131.546615499  131.546615499  131.007066799  129.868549075  128.012247897  125.260902708  121.382469764  116.099148985  109.105087969  100.096218125  88.814708501  75.1076031723  58.9935200601  40.7228698925  20.8083581328  
14.9751982593  29.3602524457  42.6487814069  54.476983453  64.6458462683  73.1101784697  79.9463935967  85.3120526946  89.4069202954  92.4409232336  94.6107647448  96.0846177998  96.9931869881  97.4251408598  97.4251408598  96.9931869881  96.0846177998  94.6107647448  92.4409232336  89.4069202954  85.3120526946  79.9463935967  73.1101784697  64.6458462683  54.476983453  42.6487814069  29.3602524457  14.9751982593  
10.632233543  20.8741069772  30.3852252787  38.9121440248  46.305263447  52.5159786262  57.5795687355  61.5909447008  64.6794007294  66.986392838  68.6482163898  69.7838314062  70.487118486  70.8224477895  70.8224477895  70.487118486  69.7838314062  68.6482163898  66.986392838  64.6794007294  61.5909447008  57.5795687355  52.5159786262  46.305263447  38.9121440248  30.3852252787  20.8741069772  10.632233543  
7.43817790724  14.6188255674  21.3146757472  27.351977607  32.6224754362  37.0836294646  40.7495823465  43.6767290357  45.9476277744  47.6560177292  48.8944995079  49.7453867994  50.274521295  50.5274741609  50.5274741609  50.274521295  49.7453867994  48.8944995079  47.6560177292  45.9476277744  43.6767290357  40.7495823465  37.0836294646  32.6224754362  27.351977607  21.3146757472  14.6188255674  7.43817790724  
5.12274394299  10.0766119897  14.711213045  18.9092354539  22.5946064373  25.7336360588  28.33027799  30.4175893456  32.0476154105  33.2815097381  34.1810445931  34.8020228703  35.1896124123  35.3753342145  35.3753342145  35.1896124123  34.8020228703  34.1810445931  33.2815097381  32.0476154105  30.4175893456  28.33027799  25.7336360588  22.5946064373  18.9092354539  14.711213045  10.0766119897  5.12274394299  
3.47082203061  6.83185604807  9.9846391273  12.8511583812  15.3792594837  17.5438652019  19.3445076643  20.800297299  21.9436360112  22.8138223504  23.4513511123  23.8933277761  24.1700997663  24.3029989094  24.3029989094  24.1700997663  23.8933277761  23.4513511123  22.8138223504  21.9436360112  20.800297299  19.3445076643  17.5438652019  15.3792594837  12.8511583812  9.9846391273  6.83185604807  3.47082203061  
2.31220788575  4.55379683069  6.66107833771  8.58296541591  10.284482339  11.7477740072  12.9708328811  13.9645491493  14.7488448713  15.3486030764  15.7899253188  16.0970302795  16.2899068288  16.3826945496  16.3826945496  16.2899068288  16.0970302795  15.7899253188  15.3486030764  14.7488448713  13.9645491493  12.9708328811  11.7477740072  10.284482339  8.58296541591  6.66107833771  4.55379683069  2.31220788575  
1.51395259043  2.98303133805  4.36658453931  5.63167923828  6.75533741665  7.72528444814  8.53929983322  9.20349689108  9.72997055489  10.1342457953  10.4328700653  10.6413679986  10.772655535  10.8359196405  10.8359196405  10.772655535  10.6413679986  10.4328700653  10.1342457953  9.72997055489  9.20349689108  8.53929983322  7.72528444814  6.75533741665  5.63167923828  4.36658453931  2.98303133805  1.51395259043  
0.973996112737  1.91985722983  2.81200235324  3.62953971111  4.35766751528  4.98819396529  5.51921071799  5.95409589251  6.30009828816  6.56676194244  6.76440644661  6.90280870858  6.99015996512  7.03231476926  7.03231476926  6.99015996512  6.90280870858  6.76440644661  6.56676194244  6.30009828816  5.95409589251  5.51921071799  4.98819396529  4.35766751528  3.62953971111  2.81200235324  1.91985722983  0.973996112737  
0.615550909457  1.21371291054  1.77862792631  2.2972582621  2.7602497705  3.16227721977  3.50188281751  3.78090261004  4.00362393934  4.17582706379  4.30384316751  4.39372270532  4.45056616935  4.4780345196  4.4780345196  4.45056616935  4.39372270532  4.30384316751  4.17582706379  4.00362393934  3.78090261004  3.50188281751  3.16227721977  2.7602497705  2.2972582621  1.77862792631  1.21371291054  0.615550909457  
0.382085845999  0.753585285433  1.10481961081  1.42778715001  1.71668660513  1.96813860215  2.18110743604  2.35657380879  2.49703937757  2.60595238832  2.68713399543  2.74426413464  2.78046185798  2.79797425206  2.79797425206  2.78046185798  2.74426413464  2.68713399543  2.60595238832  2.49703937757  2.35657380879  2.18110743604  1.96813860215  1.71668660513  1.42778715001  1.10481961081  0.753585285433  0.382085845999  
0.232913619468  0.459482387321  0.673893188902  0.871317600165  1.04822408108  1.20251604701  1.33349485866  1.44167485145  1.52849562809  1.59598299449  1.64640560508  1.68196329357  1.70452956808  1.71545859883  1.71545859883  1.70452956808  1.68196329357  1.64640560508  1.59598299449  1.52849562809  1.44167485145  1.33349485866  1.20251604701  1.04822408108  0.871317600165  0.673893188902  0.459482387321  0.232913619468  
0.139417365817  0.275092936618  0.403592335766  0.522051567564  0.628360230861  0.721245406673  0.800254669884  0.865652621756  0.918256010351  0.959236621604  0.989919295625  1.01159656323  1.02537390623  1.03205267452  1.03205267452  1.02537390623  1.01159656323  0.989919295625  0.959236621604  0.918256010351  0.865652621756  0.800254669884  0.721245406673  0.628360230861  0.522051567564  0.403592335766  0.275092936618  0.139417365817  
0.0819299251061  0.161689597503  0.23728400193  0.307043778879  0.369730971158  0.42458881632  0.471334236917  0.510100617321  0.541344617043  0.565733372228  0.584027717834  0.596974004446  0.605212985153  0.609210319526  0.609210319526  0.605212985153  0.596974004446  0.584027717834  0.565733372228  0.541344617043  0.510100617321  0.471334236917  0.42458881632  0.369730971158  0.307043778879  0.23728400193  0.161689597503  0.0819299251061  
0.0472405813826  0.0932441960222  0.13687225144  0.177169217934  0.213422615603  0.24519191423  0.272305374222  0.294828794882  0.313013624519  0.327233463821  0.337917744383  0.345489787554  0.350314238954  0.352656698241  0.352656698241  0.350314238954  0.345489787554  0.337917744383  0.327233463821  0.313013624519  0.294828794882  0.272305374222  0.24519191423  0.213422615603  0.177169217934  0.13687225144  0.0932441960222  0.0472405813826  
0.0266691215999  0.0526469859673  0.0772965877225  0.100081992689  0.120601711067  0.138605081144  0.153991029618  0.166791258825  0.177141845444  0.185248156989  0.191347926785  0.195676526537  0.198437303108  0.199778663464  0.199778663464  0.198437303108  0.195676526537  0.191347926785  0.185248156989  0.177141845444  0.166791258825  0.153991029618  0.138605081144  0.120601711067  0.100081992689  0.0772965877225  0.0526469859673  0.0266691215999  
0.014624056736  0.0288723549323  0.0423982950031  0.0549096518162  0.0661866423938  0.0760909326283  0.0845651993438  0.0916242884502  0.0973400531056  0.101822473644  0.105199657972  0.107598921545  0.109130537935  0.109875124415  0.109875124415  0.109130537935  0.107598921545  0.105199657972  0.101822473644  0.0973400531056  0.0916242884502  0.0845651993438  0.0760909326283  0.0661866423938  0.0549096518162  0.0423982950031  0.0288723549323  0.014624056736  
0.00755189169452  0.0149110984816  0.0218997528716  0.0283676387502  0.034201424793  0.0393293219326  0.0437209530525  0.0473829393794  0.0503512391844  0.052681546226  0.0544390666368  0.0556888026333  0.056487171667  0.0568754752736  0.0568754752736  0.056487171667  0.0556888026333  0.0544390666368  0.052681546226  0.0503512391844  0.0473829393794  0.0437209530525  0.0393293219326  0.034201424793  0.0283676387502  0.0218997528716  0.0149110984816  0.00755189169452  
0.00318471543892  0.00628855613748  0.00923682885622  0.0119663815402  0.0144294697015  0.0165957217544  0.0184521103337  0.0200011333243  0.0212576301272  0.0222447744269  0.0229897929603  0.023519883949  0.023858686447  0.0240235219021  0.0240235219021  0.023858686447  0.023519883949  0.0229897929603  0.0222447744269  0.0212576301272  0.0200011333243  0.0184521103337  0.0165957217544  0.0144294697015  0.0119663815402  0.00923682885622  0.00628855613748  0.00318471543892  
