1000.0  1000.0  1000.0  1000.0  1000.0  1000.0  1000.0  1000.0  1000.0  1000.0  1000.0  1000.0  1000.0  1000.0  1000.0  1000.0  1000.0  1000.0  1000.0  1000.0  1000.0  1000.0  1000.0  1000.0  1000.0  1000.0  1000.0  1000.0  
289.032141376  473.510169274  583.896490862  650.641903856  692.131433758  718.622644759  735.88697955  747.286620361  754.858863718  759.881101039  763.173388381  765.266394527  766.497543306  767.066623892  767.066623892  766.497543306  765.266394527  763.173388381  759.881101039  754.858863718  747.286620361  735.88697955  718.622644759  692.131433758  650.641903856  583.896490862  473.510169274  289.032141376  
189.940049227  338.019012359  442.457322113  513.508116192  561.400987619  593.708839482  615.568172868  630.381579576  640.403590588  647.138892726  651.596638613  654.450105917  656.136456752  656.918093817  656.918093817  656.136456752  654.450105917  651.596638613  647.138892726  640.403590588  630.381579576  615.568172868  593.708839482  561.400987619  513.508116192  442.457322113  338.019012359  189.940049227  
133.499699908  247.732945669  336.711180301  402.53228054  449.892394459  483.451439806  507.003680122  523.404502067  534.728265672  542.45537925  547.628331843  550.967528784  552.952445091  553.875644204  553.875644204  552.952445091  550.967528784  547.628331843  542.45537925  534.728265672  523.404502067  507.003680122  483.451439806  449.892394459  402.53228054  336.711180301  247.732945669  133.499699908  
97.3033978219  184.636208683  256.972777076  313.726755309  356.681552184  388.403587717  411.41217206  427.85545324  439.441549235  447.473941158  452.917440692  456.463717888  458.585402649  459.576038711  459.576038711  458.585402649  456.463717888  452.917440692  447.473941158  439.441549235  427.85545324  411.41217206  388.403587717  356.681552184  313.726755309  256.972777076  184.636208683  97.3033978219  
72.1867603509  138.730194046  196.050964957  242.928622338  279.804929147  307.971656172  328.99047571  344.368689039  355.413918816  363.190591584  368.525785389  372.03433659  374.147591366  375.138300819  375.138300819  374.147591366  372.03433659  368.525785389  363.190591584  355.413918816  344.368689039  328.99047571  307.971656172  279.804929147  242.928622338  196.050964957  138.730194046  72.1867603509  
53.895722985  104.386149624  149.019695748  186.617766037  217.075998225  240.979603795  259.249709051  272.89543779  282.868651393  289.992969285  294.93846325  298.220785127  300.210982781  301.14779381  301.14779381  300.210982781  298.220785127  294.93846325  289.992969285  282.868651393  272.89543779  259.249709051  240.979603795  217.075998225  186.617766037  149.019695748  104.386149624  53.895722985  
40.2093233947  78.272062905  112.521093755  141.9974185  166.418282324  186.003806605  201.275205468  212.886010016  221.504535725  227.74305663  232.121430846  235.052804491  236.841600206  237.68691813  237.68691813  236.841600206  235.052804491  232.121430846  227.74305663  221.504535725  212.886010016  201.275205468  186.003806605  166.418282324  141.9974185  112.521093755  78.272062905  40.2093233947  
29.8361630799  58.2800857467  84.1970712472  106.859162802  125.962113586  141.55088099  153.908458591  163.447716682  170.625454683  175.883020606  179.610115995  182.125712384  183.670011948  184.402497232  184.402497232  183.670011948  182.125712384  179.610115995  175.883020606  170.625454683  163.447716682  153.908458591  141.55088099  125.962113586  106.859162802  84.1970712472  58.2800857467  29.8361630799  
21.9488537673  42.9789144992  62.3168149099  79.4295055447  94.0503177519  106.149098217  115.872139782  123.475163211  129.263963046  133.548950195  136.614155707  138.698341873  139.984884536  140.597210195  140.597210195  139.984884536  138.698341873  136.614155707  133.548950195  129.263963046  123.475163211  115.872139782  106.149098217  94.0503177519  79.4295055447  62.3168149099  42.9789144992  21.9488537673  
15.9715831456  31.3312261123  45.5521449774  58.2527636878  69.2198658803  78.3981825299  85.8583067598  91.755957272  96.2924079826  99.6815699029  102.125591556  103.798517006  104.836394621  105.331923095  105.331923095  104.836394621  103.798517006  102.125591556  99.6815699029  96.2924079826  91.755957272  85.8583067598  78.3981825299  69.2198658803  58.2527636878  45.5521449774  31.3312261123  15.9715831456  
11.4771477587  22.5454512233  32.8472129182  42.1139151982  50.1839131409  57.0000563406  62.5926890535  67.0551610473  70.5180478641  73.1261855665  75.0204885391  76.3248967467  77.1378233193  77.5270566801  77.5270566801  77.1378233193  76.3248967467  75.0204885391  73.1261855665  70.5180478641  67.0551610473  62.5926890535  57.0000563406  50.1839131409  42.1139151982  32.8472129182  22.5454512233  11.4771477587  
8.13460587855  15.9964443956  23.3439854483  29.9910531386  35.8194630678  40.7796319066  44.881635265  48.1805822889  50.7600886262  52.7166808526  54.1467682056  55.1367703614  55.7562659841  56.0536444697  56.0536444697  55.7562659841  55.1367703614  54.1467682056  52.7166808526  50.7600886262  48.1805822889  44.881635265  40.7796319066  35.8194630678  29.9910531386  23.3439854483  15.9964443956  8.13460587855  
5.68136680958  11.1816344669  16.338970251  21.0260953393  25.1589725813  28.6982623353  31.6446565116  34.0301816987  35.9077324337  37.3406993084  38.3939107598  39.1264642559  39.5865260179  39.807878216  39.807878216  39.5865260179  39.1264642559  38.3939107598  37.3406993084  35.9077324337  34.0301816987  31.6446565116  28.6982623353  25.1589725813  21.0260953393  16.338970251  11.1816344669  5.68136680958  
3.90728861601  7.69523789256  11.2564444228  14.5051071219  17.3828486315  19.8601775527  21.9340779492  23.6228557838  24.959577405  25.9852902074  26.7428778309  27.2720207703  27.6054098751  27.7661441868  27.7661441868  27.6054098751  27.2720207703  26.7428778309  25.9852902074  24.959577405  23.6228557838  21.9340779492  19.8601775527  17.3828486315  14.5051071219  11.2564444228  7.69523789256  3.90728861601  
2.64465139918  5.21140810737  7.62977124967  9.84272132102  11.8105424865  13.5120175859  14.9431986464  16.114363695  17.0459416064  17.7641482523  18.2969054885  18.6703940193  18.9063882094  19.0203740807  19.0203740807  18.9063882094  18.6703940193  18.2969054885  17.7641482523  17.0459416064  16.114363695  14.9431986464  13.5120175859  11.8105424865  9.84272132102  7.62977124967  5.21140810737  2.64465139918  
1.76096255259  3.47164466148  5.08633388679  6.56768896055  7.88920973431  9.0361235871  10.0047685273  10.8008034821  11.4367005272  11.9289755809  12.2955292257  12.5533444633  12.7166643333  12.7956765412  12.7956765412  12.7166643333  12.5533444633  12.2955292257  11.9289755809  11.4367005272  10.8008034821  10.0047685273  9.0361235871  7.88920973431  6.56768896055  5.08633388679  3.47164466148  1.76096255259  
1.15313831417  2.27422005959  3.33399356714  4.30836968201  5.17999208951  5.93885738308  6.58201199842  7.11250485539  7.5378587102  7.86833675764  8.11524041032  8.28940467401  8.39998360099  8.4535577664  8.4535577664  8.39998360099  8.28940467401  8.11524041032  7.86833675764  7.5378587102  7.11250485539  6.58201199842  5.93885738308  5.17999208951  4.30836968201  3.33399356714  2.27422005959  1.15313831417  
0.742431438383  1.46469609448  2.14833577231  2.77804796326  3.34266913855  3.83559100006  4.25461561614  4.60134612868  4.88026423899  5.09765991723  5.26056009155  5.37576494964  5.44905717145  5.48461211478  5.48461211478  5.44905717145  5.37576494964  5.26056009155  5.09765991723  4.88026423899  4.60134612868  4.25461561614  3.83559100006  3.34266913855  2.77804796326  2.14833577231  1.46469609448  0.742431438383  
0.469888219222  0.927267465046  1.36065950657  1.76049524783  2.11972121588  2.43407016922  2.70199433366  2.92431342499  3.10366383357  3.24384678789  3.34916515779  3.42381792967  3.47139642124  3.49450381703  3.49450381703  3.47139642124  3.42381792967  3.34916515779  3.24384678789  3.10366383357  2.92431342499  2.70199433366  2.43407016922  2.11972121588  1.76049524783  1.36065950657  0.927267465046  0.469888219222  
0.292302318816  0.576959200071  0.846940193659  1.09635657633  1.32082980057  1.51766275421  1.68581051902  1.8256786717  1.93879811275  2.02743358387  2.09417974685  2.14158767798  2.17185045257  2.18656319399  2.18656319399  2.17185045257  2.14158767798  2.09417974685  2.02743358387  1.93879811275  1.8256786717  1.68581051902  1.51766275421  1.32082980057  1.09635657633  0.846940193659  0.576959200071  0.292302318816  
0.178692095964  0.352782174486  0.518030708654  0.670872434925  0.808636779089  0.929653695512  1.03324181386  1.11959390125  1.1895871961  1.24455162118  1.2860277339  1.31554045851  1.33440670184  1.34358722315  1.34358722315  1.33440670184  1.31554045851  1.2860277339  1.24455162118  1.1895871961  1.11959390125  1.03324181386  0.929653695512  0.808636779089  0.670872434925  0.518030708654  0.352782174486  0.178692095964  
0.107324951009  0.211923347497  0.311279493516  0.403270540383  0.486296301226  0.559343239753  0.621980279168  0.674294415804  0.716781497972  0.750210996191  0.775483310332  0.793495130416  0.805023976894  0.810638625397  0.810638625397  0.805023976894  0.793495130416  0.775483310332  0.750210996191  0.716781497972  0.674294415804  0.621980279168  0.559343239753  0.486296301226  0.403270540383  0.311279493516  0.211923347497  0.107324951009  
0.0632842301507  0.124979989358  0.18361969247  0.237961279908  0.28706341413  0.330323349819  0.367475870364  0.398557507406  0.423844516149  0.443775201988  0.4588672215  0.469638922652  0.476541394355  0.479905408313  0.479905408313  0.476541394355  0.469638922652  0.4588672215  0.443775201988  0.423844516149  0.398557507406  0.367475870364  0.330323349819  0.28706341413  0.237961279908  0.18361969247  0.124979989358  0.0632842301507  
0.0365427558043  0.072177897938  0.106065923248  0.137494540763  0.165921407671  0.190996034527  0.212559834572  0.230626521853  0.245347469785  0.256967899577  0.265779872786  0.272077271976  0.276116666965  0.278086589749  0.278086589749  0.276116666965  0.272077271976  0.265779872786  0.256967899577  0.245347469785  0.230626521853  0.212559834572  0.190996034527  0.165921407671  0.137494540763  0.106065923248  0.072177897938  0.0365427558043  
0.0204824126865  0.0404606769362  0.0594680286443  0.0771075932138  0.0930760099649  0.107175715488  0.119315270137  0.129498860174  0.137807431772  0.144374630391  0.149360817075  0.152928040257  0.155218165882  0.156335628142  0.156335628142  0.155218165882  0.152928040257  0.149360817075  0.144374630391  0.137807431772  0.129498860174  0.119315270137  0.107175715488  0.0930760099649  0.0771075932138  0.0594680286443  0.0404606769362  0.0204824126865  
0.0107847013027  0.0213058596688  0.0313192898066  0.0406170217146  0.0490396011385  0.0564825554413  0.0628966849579  0.0682827350051  0.0726816897282  0.0761623108568  0.0788076115009  0.0807017684245  0.0819186390606  0.08251267229  0.08251267229  0.0819186390606  0.0807017684245  0.0788076115009  0.0761623108568  0.0726816897282  0.0682827350051  0.0628966849579  0.0564825554413  0.0490396011385  0.0406170217146  0.0313192898066  0.0213058596688  0.0107847013027  
0.00461193409143  0.00911170837483  0.013395349338  0.0173742061428  0.0209801712568  0.0241684442406  0.0269176891674  0.0292278118023  0.0311158728621  0.0326108180094  0.0337477381001  0.0345622989574  0.0350858410023  0.0353414913479  0.0353414913479  0.0350858410023  0.0345622989574  0.0337477381001  0.0326108180094  0.0311158728621  0.0292278118023  0.0269176891674  0.0241684442406  0.0209801712568  0.0173742061428  0.013395349338  0.00911170837483  0.00461193409143  
