1000.0  1000.0  1000.0  1000.0  1000.0  1000.0  1000.0  1000.0  1000.0  1000.0  1000.0  1000.0  1000.0  1000.0  1000.0  1000.0  1000.0  1000.0  1000.0  1000.0  1000.0  1000.0  1000.0  1000.0  1000.0  1000.0  1000.0  1000.0  
275.058222292  446.019260174  543.755942849  599.044695475  630.487450279  648.44307608  658.677826749  664.463301655  667.688427831  669.453152742  670.396686662  670.885747518  671.125029559  671.221828409  671.221828409  671.125029559  670.885747518  670.396686662  669.453152742  667.688427831  664.463301655  658.677826749  648.44307608  630.487450279  599.044695475  543.755942849  446.019260174  275.058222292  
170.660807551  300.088758771  387.068780996  442.302269997  476.31797416  496.829302557  508.966967779  516.010291415  520.0108421  522.230030908  523.42870677  524.054785866  524.362820609  524.487875226  524.487875226  524.362820609  524.054785866  523.42870677  522.230030908  520.0108421  516.010291415  508.966967779  496.829302557  476.31797416  442.302269997  387.068780996  300.088758771  170.660807551  
110.619274844  202.714070304  270.962872376  317.993893908  348.858145163  368.383516078  380.359665671  387.498503377  391.636392964  393.967573824  395.241847203  395.913551484  396.246297006  396.381977581  396.381977581  396.246297006  395.913551484  395.241847203  393.967573824  391.636392964  387.498503377  380.359665671  368.383516078  348.858145163  317.993893908  270.962872376  202.714070304  110.619274844  
72.6520203276  136.127896168  186.116656774  222.601058229  247.74659309  264.3023287  274.785728633  281.194239596  284.983530063  287.152282484  288.352730296  288.991812345  289.310777122  289.441473417  289.441473417  289.310777122  288.991812345  288.352730296  287.152282484  284.983530063  281.194239596  274.785728633  264.3023287  247.74659309  222.601058229  186.116656774  136.127896168  72.6520203276  
47.4770161355  90.1010017293  125.00415032  151.533684584  170.514047572  183.422112148  191.821475054  197.073093061  200.236368996  202.074500352  203.104625174  203.658541382  203.937134333  204.051866812  204.051866812  203.937134333  203.658541382  203.104625174  202.074500352  200.236368996  197.073093061  191.821475054  183.422112148  170.514047572  151.533684584  125.00415032  90.1010017293  47.4770161355  
30.5369520159  58.4090402485  81.8319522541  100.160652542  113.652181685  123.068950899  129.338063656  133.335503242  135.783821934  137.226637728  138.044785753  138.488997974  138.714111034  138.80728551  138.80728551  138.714111034  138.488997974  138.044785753  137.226637728  135.783821934  133.335503242  129.338063656  123.068950899  113.652181685  100.160652542  81.8319522541  58.4090402485  30.5369520159  
19.2039159593  36.9202867568  52.0765584765  64.1903846153  73.3036231686  79.797989653  84.2043065918  87.0616892999  88.837710765  89.8977364024  90.5053980845  90.8383483373  91.0082994001  91.0789830048  91.0789830048  91.0082994001  90.8383483373  90.5053980845  89.8977364024  88.837710765  87.0616892999  84.2043065918  79.797989653  73.3036231686  64.1903846153  52.0765584765  36.9202867568  19.2039159593  
11.7587520899  22.6859464055  32.1533450596  39.8401763838  45.7211771797  49.9825006028  52.9194387108  54.8514647723  56.0678484196  56.8021358513  57.2272504029  57.4621484553  57.5828612595  57.6332953731  57.6332953731  57.5828612595  57.4621484553  57.2272504029  56.8021358513  56.0678484196  54.8514647723  52.9194387108  49.9825006028  45.7211771797  39.8401763838  32.1533450596  22.6859464055  11.7587520899  
6.99163892442  13.5225501793  19.2336942436  23.9261912758  27.5638420008  30.2352126891  32.1003846727  33.3423631337  34.1330489273  34.6151651714  34.8967760777  35.0535788488  35.1346609531  35.1686804558  35.1686804558  35.1346609531  35.0535788488  34.8967760777  34.6151651714  34.1330489273  33.3423631337  32.1003846727  30.2352126891  27.5638420008  23.9261912758  19.2336942436  13.5225501793  6.99163892442  
4.02994882963  7.80868757913  11.1361994568  13.8953607035  16.0566329897  17.6611286373  18.7935173889  19.5553504862  20.0450402053  20.3462648361  20.5236130192  20.6230475289  20.6747564902  20.6965359703  20.6965359703  20.6747564902  20.6230475289  20.5236130192  20.3462648361  20.0450402053  19.5553504862  18.7935173889  17.6611286373  16.0566329897  13.8953607035  11.1361994568  7.80868757913  4.02994882963  
2.24935078228  4.36456423316  6.23717736093  7.80111282936  9.03638157707  9.96159090238  10.6204408678  11.0675768343  11.3573755812  11.5370185951  11.643529933  11.7036198648  11.7350287294  11.7483044957  11.7483044957  11.7350287294  11.7036198648  11.643529933  11.5370185951  11.3573755812  11.0675768343  10.6204408678  9.96159090238  9.03638157707  7.80111282936  6.23717736093  4.36456423316  2.24935078228  
1.21500412592  2.36010034114  3.37811182951  4.23317449056  4.91309678987  5.42608123757  5.794128785  6.0457667918  6.21002731435  6.31253792997  6.37369544424  6.40839005165  6.42660846739  6.43433342712  6.43433342712  6.42660846739  6.40839005165  6.37369544424  6.31253792997  6.21002731435  6.0457667918  5.794128785  5.42608123757  4.91309678987  4.23317449056  3.37811182951  2.36010034114  1.21500412592  
0.634925311588  1.23437145086  1.76906759516  2.22024358056  2.58098144703  2.85479879949  3.05249377853  3.18851648565  3.27785611806  3.33393913618  3.36758183897  3.38676167685  3.39687476352  3.40117516581  3.40117516581  3.39687476352  3.38676167685  3.36758183897  3.33393913618  3.27785611806  3.18851648565  3.05249377853  2.85479879949  2.58098144703  2.22024358056  1.76906759516  1.23437145086  0.634925311588  
0.320960360915  0.624413263698  0.895817241494  1.12568655856  1.31031286201  1.4511618923  1.55339694969  1.62412009857  1.67081914926  1.70028536798  1.71804692601  1.72821733114  1.73359974171  1.73589437843  1.73589437843  1.73359974171  1.72821733114  1.71804692601  1.70028536798  1.67081914926  1.62412009857  1.55339694969  1.4511618923  1.31031286201  1.12568655856  0.895817241494  0.624413263698  0.320960360915  
0.156962416417  0.305533332327  0.43870569101  0.551846486959  0.643061964558  0.712944851609  0.763899079183  0.799311467889  0.822802748157  0.83769198137  0.846705156685  0.851886284355  0.85463728108  0.855812779563  0.855812779563  0.85463728108  0.851886284355  0.846705156685  0.83769198137  0.822802748157  0.799311467889  0.763899079183  0.712944851609  0.643061964558  0.551846486959  0.43870569101  0.305533332327  0.156962416417  
0.0742746498938  0.144644887187  0.207836495451  0.261661013418  0.305192397128  0.338662986385  0.363162016064  0.380256572468  0.391642040771  0.398886789059  0.403288882365  0.405828126561  0.407180330344  0.407759309789  0.407759309789  0.407180330344  0.405828126561  0.403288882365  0.398886789059  0.391642040771  0.380256572468  0.363162016064  0.338662986385  0.305192397128  0.261661013418  0.207836495451  0.144644887187  0.0742746498938  
0.0340181926006  0.0662734879562  0.0952823802144  0.120044530521  0.140124859158  0.155611538276  0.166984705613  0.174947930931  0.180270220987  0.183668566413  0.185740339606  0.186939057533  0.187579068525  0.187853606253  0.187853606253  0.187579068525  0.186939057533  0.185740339606  0.183668566413  0.180270220987  0.174947930931  0.166984705613  0.155611538276  0.140124859158  0.120044530521  0.0952823802144  0.0662734879562  0.0340181926006  
0.0150855892019  0.0293988536631  0.0422880052006  0.0533103391405  0.0622689909323  0.0691963130717  0.0742981534812  0.077881047607  0.0802830149157  0.0818213478906  0.0827619275302  0.0833076225359  0.0835996534772  0.0837251268093  0.0837251268093  0.0835996534772  0.0833076225359  0.0827619275302  0.0818213478906  0.0802830149157  0.077881047607  0.0742981534812  0.0691963130717  0.0622689909323  0.0533103391405  0.0422880052006  0.0293988536631  0.0150855892019  
0.00647993220165  0.012631551154  0.0181771220011  0.0229268615585  0.0267948290317  0.0297924848242  0.0320056518592  0.0335639539434  0.0346114263513  0.0352840648789  0.0356963995472  0.035936200586  0.036064796612  0.036120129248  0.036120129248  0.036064796612  0.035936200586  0.0356963995472  0.0352840648789  0.0346114263513  0.0335639539434  0.0320056518592  0.0297924848242  0.0267948290317  0.0229268615585  0.0181771220011  0.012631551154  0.00647993220165  
0.00269729570856  0.00525914844152  0.00757075134593  0.00955325588374  0.011170415006  0.0124261408316  0.0133552285425  0.0140108906992  0.0144526502682  0.0147369936368  0.014911698247  0.0150135186319  0.0150682214895  0.0150917896907  0.0150917896907  0.0150682214895  0.0150135186319  0.014911698247  0.0147369936368  0.0144526502682  0.0140108906992  0.0133552285425  0.0124261408316  0.011170415006  0.00955325588374  0.00757075134593  0.00525914844152  0.00269729570856  
0.00108853085187  0.0021228234491  0.00305682535955  0.00385877239398  0.00451387725081  0.00502342377327  0.00540113068936  0.00566821012496  0.00584852748974  0.00596483086447  0.00603643408369  0.00607824481771  0.00610074436541  0.00611044927352  0.00611044927352  0.00610074436541  0.00607824481771  0.00603643408369  0.00596483086447  0.00584852748974  0.00566821012496  0.00540113068936  0.00502342377327  0.00451387725081  0.00385877239398  0.00305682535955  0.0021228234491  0.00108853085187  
0.000426106933728  0.000831124426949  0.00119712007994  0.00151168003528  0.0017689634285  0.00196937397876  0.00211817232442  0.00222357194536  0.0022948605355  0.0023409251101  0.00236933604874  0.0023859538339  0.00239490936379  0.00239877619498  0.00239877619498  0.00239490936379  0.0023859538339  0.00236933604874  0.0023409251101  0.0022948605355  0.00222357194536  0.00211817232442  0.00196937397876  0.0017689634285  0.00151168003528  0.00119712007994  0.000831124426949  0.000426106933728  
0.000161873218995  0.000315781535581  0.00045494400099  0.000574651769153  0.000672669148905  0.000749117211773  0.000805958262502  0.000846282497627  0.00087359977228  0.000891279850078  0.000902201593364  0.000908599376638  0.000912051685514  0.000913543691778  0.000913543691778  0.000912051685514  0.000908599376638  0.000902201593364  0.000891279850078  0.00087359977228  0.000846282497627  0.000805958262502  0.000749117211773  0.000672669148905  0.000574651769153  0.00045494400099  0.000315781535581  0.000161873218995  
5.97022488708e-05  0.000116481835677  0.000167847894242  0.000212066059013  0.00024830648836  0.000276603552557  0.000297669382873  0.000312633987087  0.00032278582278  0.000329365573619  0.00033343588301  0.000335823372374  0.000337113167047  0.000337671038836  0.000337671038836  0.000337113167047  0.000335823372374  0.00033343588301  0.000329365573619  0.00032278582278  0.000312633987087  0.000297669382873  0.000276603552557  0.00024830648836  0.000212066059013  0.000167847894242  0.000116481835677  5.97022488708e-05  
2.13706934222e-05  4.16998544879e-05  6.00990139109e-05  7.59481068261e-05  8.89484794969e-05  9.91092555068e-05  0.000106681730605  0.000112067345892  0.000115725390874  0.000118099267564  0.000119569596187  0.000120433047188  0.000120899983964  0.000121102092202  0.000121102092202  0.000120899983964  0.000120433047188  0.000119569596187  0.000118099267564  0.000115725390874  0.000112067345892  0.000106681730605  9.91092555068e-05  8.89484794969e-05  7.59481068261e-05  6.00990139109e-05  4.16998544879e-05  2.13706934222e-05  
7.36855663579e-06  1.4379361403e-05  2.07270005182e-05  2.61979070438e-05  3.06886407451e-05  3.42014170494e-05  3.68218178846e-05  3.8687355465e-05  3.9955817676e-05  4.07798717284e-05  4.12908194687e-05  4.15911778025e-05  4.17537481951e-05  4.1824158661e-05  4.1824158661e-05  4.17537481951e-05  4.15911778025e-05  4.12908194687e-05  4.07798717284e-05  3.9955817676e-05  3.8687355465e-05  3.68218178846e-05  3.42014170494e-05  3.06886407451e-05  2.61979070438e-05  2.07270005182e-05  1.4379361403e-05  7.36855663579e-06  
2.25708613011e-06  4.40490534713e-06  6.35012147078e-06  8.02737063431e-06  9.404860915e-06  1.04830554926e-05  1.12879217232e-05  1.18613702769e-05  1.22515986737e-05  1.25053190186e-05  1.26627648406e-05  1.27553903817e-05  1.28055580866e-05  1.28272964263e-05  1.28272964263e-05  1.28055580866e-05  1.27553903817e-05  1.26627648406e-05  1.25053190186e-05  1.22515986737e-05  1.18613702769e-05  1.12879217232e-05  1.04830554926e-05  9.404860915e-06  8.02737063431e-06  6.35012147078e-06  4.40490534713e-06  2.25708613011e-06  
