1000.0  1000.0  1000.0  1000.0  1000.0  1000.0  1000.0  1000.0  1000.0  1000.0  1000.0  1000.0  1000.0  1000.0  1000.0  1000.0  1000.0  1000.0  1000.0  1000.0  1000.0  1000.0  1000.0  1000.0  1000.0  1000.0  1000.0  1000.0  
287.733930815  470.942792617  580.116130144  645.728285746  686.182958759  711.750773873  728.210465236  738.926143284  745.932545632  750.501227543  753.444517217  755.284868025  756.35228484  756.840987601  756.840987601  756.35228484  755.284868025  753.444517217  750.501227543  745.932545632  738.926143284  728.210465236  711.750773873  686.182958759  645.728285746  580.116130144  470.942792617  287.733930815  
188.099982333  334.380045383  437.099085939  506.543613297  552.969688424  583.968726231  604.687562821  618.531523325  627.751512155  633.843944485  637.807019998  640.302372329  641.75664837  642.424357278  642.424357278  641.75664837  640.302372329  637.807019998  633.843944485  627.751512155  618.531523325  604.687562821  583.968726231  552.969688424  506.543613297  437.099085939  334.380045383  188.099982333  
131.233244486  243.250740244  330.111306786  393.953925004  439.507343991  471.454283038  493.601735915  508.808456545  519.144338712  526.07960309  530.643248456  533.541338569  535.240397126  536.023265269  536.023265269  535.240397126  533.541338569  530.643248456  526.07960309  519.144338712  508.808456545  493.601735915  471.454283038  439.507343991  393.953925004  330.111306786  243.250740244  131.233244486  
94.7446453984  179.575947471  249.521736252  304.042068616  344.957158541  374.85916834  396.281780658  411.376945841  421.847740625  428.986145712  433.741743801  436.790014743  438.588967612  439.421170538  439.421170538  438.588967612  436.790014743  433.741743801  428.986145712  421.847740625  411.376945841  396.281780658  374.85916834  344.957158541  304.042068616  249.521736252  179.575947471  94.7446453984  
69.4753165354  133.367964607  188.155284121  232.66599721  267.380867955  293.61894574  312.957133655  326.906763228  336.770116333  343.599434236  348.205658613  351.18647073  352.957724453  353.780541024  353.780541024  352.957724453  351.18647073  348.205658613  343.599434236  336.770116333  326.906763228  312.957133655  293.61894574  267.380867955  232.66599721  188.155284121  133.367964607  69.4753165354  
51.1643100975  98.9844270973  141.065858832  176.279544001  204.560408257  226.521142754  243.098217517  255.304817491  264.087425485  270.25738758  274.468522001  277.219200629  278.864866115  279.632541376  279.632541376  278.864866115  277.219200629  274.468522001  270.25738758  264.087425485  255.304817491  243.098217517  226.521142754  204.560408257  176.279544001  141.065858832  98.9844270973  51.1643100975  
37.5735876881  73.0595525263  104.845860297  132.021311358  154.341062133  172.051751296  185.689400062  195.911459788  203.381057488  208.698625635  212.368339957  214.786673545  216.242991778  216.925091391  216.925091391  216.242991778  214.786673545  212.368339957  208.698625635  203.381057488  195.911459788  185.689400062  172.051751296  154.341062133  132.021311358  104.845860297  73.0595525263  37.5735876881  
27.3876747075  53.4378793845  77.0670924265  97.5917580432  114.742846858  128.589949929  139.42981688  147.678961187  153.789364197  158.191375567  161.260130484  163.29911366  164.534541098  165.115395921  165.115395921  164.534541098  163.29911366  161.260130484  158.191375567  153.789364197  147.678961187  139.42981688  128.589949929  114.742846858  97.5917580432  77.0670924265  53.4378793845  27.3876747075  
19.7516851695  38.6337239432  55.9186697415  71.1133154839  83.9825946389  94.5184592964  102.879547266  109.324849978  114.155840237  117.673061458  120.14747539  121.803948839  122.813308448  123.289559959  123.289559959  122.813308448  121.803948839  120.14747539  117.673061458  114.155840237  109.324849978  102.879547266  94.5184592964  83.9825946389  71.1133154839  55.9186697415  38.6337239432  19.7516851695  
14.062277031  27.5553196924  39.992246849  51.0261037431  60.471135285  68.2912819084  74.567865171  79.4594472995  83.1635484075  85.8855066795  87.8161154599  89.1173454988  89.9143414326  90.2916163914  90.2916163914  89.9143414326  89.1173454988  87.8161154599  85.8855066795  83.1635484075  79.4594472995  74.567865171  68.2912819084  60.471135285  51.0261037431  39.992246849  27.5553196924  14.062277031  
9.86744047134  19.3620395509  28.159739723  36.0212110037  42.8079602088  48.4790323214  53.0738173557  56.6880636722  59.4491836199  61.4947873664  62.9562176119  63.9472370093  64.5570671433  64.8465961665  64.8465961665  64.5570671433  63.9472370093  62.9562176119  61.4947873664  59.4491836199  56.6880636722  53.0738173557  48.4790323214  42.8079602088  36.0212110037  28.159739723  19.3620395509  9.86744047134  
6.81601309275  13.3887490965  19.5042327907  25.0001964543  29.7774200519  33.7995868802  37.0841830769  39.6882837133  41.6929147089  43.1886850729  44.264164895  44.9974384455  45.4505562148  45.6662559964  45.6662559964  45.4505562148  44.9974384455  44.264164895  43.1886850729  41.6929147089  39.6882837133  37.0841830769  33.7995868802  29.7774200519  25.0001964543  19.5042327907  13.3887490965  6.81601309275  
4.63067515937  9.10374853159  13.2793427729  17.0492289812  20.3444810013  23.1363305496  25.4313750432  27.2632085317  28.6826631859  29.7484156256  30.5190491235  31.0470204148  31.3744979918  31.5307613188  31.5307613188  31.3744979918  31.0470204148  30.5190491235  29.7484156256  28.6826631859  27.2632085317  25.4313750432  23.1363305496  20.3444810013  17.0492289812  13.2793427729  9.10374853159  4.63067515937  
3.09209748485  6.08308524382  8.88259326807  11.4195999216  13.6474516022  15.544858936  17.1133883312  18.3725626768  19.3538492073  20.0946390145  20.6329714233  21.0033755952  21.2338897437  21.3441199725  21.3441199725  21.2338897437  21.0033755952  20.6329714233  20.0946390145  19.3538492073  18.3725626768  17.1133883312  15.544858936  13.6474516022  11.4195999216  8.88259326807  6.08308524382  3.09209748485  
2.02831730603  3.99252174555  5.83499197969  7.50988214387  8.98634004929  10.2493498592  11.2984285257  12.1447747836  12.8076092807  13.3103843741  13.6773601799  13.9308234479  14.0890314859  14.1648298741  14.1648298741  14.0890314859  13.9308234479  13.6773601799  13.3103843741  12.8076092807  12.1447747836  11.2984285257  10.2493498592  8.98634004929  7.50988214387  5.83499197969  3.99252174555  2.02831730603  
1.30655118086  2.57298231397  3.76307473702  4.84772488698  5.80696743606  6.63060195371  7.31752137854  7.8740639552  8.31181158106  8.64524336822  8.8895608364  9.05887664653  9.16484126135  9.21569597582  9.21569597582  9.16484126135  9.05887664653  8.8895608364  8.64524336822  8.31181158106  7.8740639552  7.31752137854  6.63060195371  5.80696743606  4.84772488698  3.76307473702  2.57298231397  1.30655118086  
0.826231248483  1.62771488051  2.38202868172  3.07100945787  3.68200196129  4.20829211007  4.64876460929  5.00695746179  5.28975349533  5.5059511257  5.66491054479  5.77540226515  5.84471558439  5.87803106916  5.87803106916  5.84471558439  5.77540226515  5.66491054479  5.5059511257  5.28975349533  5.00695746179  4.64876460929  4.20829211007  3.68200196129  3.07100945787  2.38202868172  1.62771488051  0.826231248483  
0.512828493756  1.01062326311  1.47972244892  1.90898540983  2.29055030974  2.62011914626  2.89678526646  3.12249559674  3.30128273329  3.4384082391  3.53953599968  3.61001654028  3.65432310032  3.67564792998  3.67564792998  3.65432310032  3.61001654028  3.53953599968  3.4384082391  3.30128273329  3.12249559674  2.89678526646  2.62011914626  2.29055030974  1.90898540983  1.47972244892  1.01062326311  0.512828493756  
0.312374320436  0.615760813603  0.901971433412  1.16429207605  1.39793424965  1.60021566815  1.77047453279  1.90976660379  2.02042042252  2.10553197373  2.16846930936  2.21243714609  2.2401286819  2.25347279665  2.25347279665  2.2401286819  2.21243714609  2.16846930936  2.10553197373  2.02042042252  1.90976660379  1.77047453279  1.60021566815  1.39793424965  1.16429207605  0.901971433412  0.615760813603  0.312374320436  
0.186710160675  0.368135155181  0.53945000277  0.696679760076  0.836964199668  0.958668732112  1.06134245388  1.14554931678  1.21261402336  1.26432873237  1.30266162015  1.32949740321  1.34642722076  1.35459425781  1.35459425781  1.34642722076  1.32949740321  1.30266162015  1.26432873237  1.21261402336  1.14554931678  1.06134245388  0.958668732112  0.836964199668  0.696679760076  0.53945000277  0.368135155181  0.186710160675  
0.109500138937  0.215944759849  0.316539415494  0.408972818573  0.491569279631  0.563355012149  0.624037947325  0.67391472571  0.713727587209  0.744496911015  0.767352859977  0.783383821656  0.793512359701  0.798403152503  0.798403152503  0.793512359701  0.783383821656  0.767352859977  0.744496911015  0.713727587209  0.67391472571  0.624037947325  0.563355012149  0.491569279631  0.408972818573  0.316539415494  0.215944759849  0.109500138937  
0.0630021274444  0.124268268589  0.1822083405  0.235502713043  0.283188478436  0.324698117671  0.359849970228  0.388797633462  0.411950556405  0.429880007482  0.443223579966  0.45259840237  0.458529447467  0.461395869768  0.461395869768  0.458529447467  0.45259840237  0.443223579966  0.429880007482  0.411950556405  0.388797633462  0.359849970228  0.324698117671  0.283188478436  0.235502713043  0.1822083405  0.124268268589  0.0630021274444  
0.0355457652166  0.070122930835  0.102843139921  0.132966977323  0.159951918686  0.183474354705  0.203425184935  0.21988266131  0.23306901745  0.243298572204  0.250924563242  0.256290428292  0.259689242883  0.261333135014  0.261333135014  0.259689242883  0.256290428292  0.250924563242  0.243298572204  0.23306901745  0.21988266131  0.203425184935  0.183474354705  0.159951918686  0.132966977323  0.102843139921  0.070122930835  0.0355457652166  
0.0196302517652  0.0387308007181  0.0568152785728  0.0734778436494  0.0884193062936  0.101459373522  0.112534659505  0.121684339688  0.129026879878  0.134731937768  0.138991358622  0.141992408574  0.143895337691  0.14481635543  0.14481635543  0.143895337691  0.141992408574  0.138991358622  0.134731937768  0.129026879878  0.121684339688  0.112534659505  0.101459373522  0.0884193062936  0.0734778436494  0.0568152785728  0.0387308007181  0.0196302517652  
0.0105355953915  0.0207892861884  0.0305019831329  0.0394570338972  0.0474940796993  0.0545156574558  0.0604863267422  0.0654252619609  0.0693940720262  0.0724819792285  0.0747904219425  0.0764187598746  0.077452222958  0.0779527190349  0.0779527190349  0.077452222958  0.0764187598746  0.0747904219425  0.0724819792285  0.0693940720262  0.0654252619609  0.0604863267422  0.0545156574558  0.0474940796993  0.0394570338972  0.0305019831329  0.0207892861884  0.0105355953915  
0.00533709074791  0.0105323469821  0.0154553140122  0.0199967196528  0.024075425798  0.0276417830863  0.0306772650989  0.0331908321255  0.0352128857678  0.0367878670151  0.0379665270702  0.0387987173055  0.0393272832047  0.0395833873372  0.0395833873372  0.0393272832047  0.0387987173055  0.0379665270702  0.0367878670151  0.0352128857678  0.0331908321255  0.0306772650989  0.0276417830863  0.024075425798  0.0199967196528  0.0154553140122  0.0105323469821  0.00533709074791  
0.0022195533491  0.00438039386878  0.00642849185332  0.00831853914926  0.0100168209731  0.0115026134512  0.0127680523784  0.0138166531761  0.0146608315651  0.0153188551394  0.015811649178  0.0161598074442  0.0163810529818  0.0164882877603  0.0164882877603  0.0163810529818  0.0161598074442  0.015811649178  0.0153188551394  0.0146608315651  0.0138166531761  0.0127680523784  0.0115026134512  0.0100168209731  0.00831853914926  0.00642849185332  0.00438039386878  0.0022195533491  
