1000.0  1000.0  1000.0  1000.0  1000.0  1000.0  1000.0  1000.0  1000.0  1000.0  1000.0  1000.0  1000.0  1000.0  1000.0  1000.0  1000.0  1000.0  1000.0  1000.0  1000.0  1000.0  1000.0  1000.0  1000.0  1000.0  1000.0  1000.0  
210.28214986  323.071074478  373.607363912  393.918903036  401.368745847  403.873759331  404.647500808  404.867469605  404.925168259  404.939171841  404.942326137  404.942987581  404.943117008  404.9431401  404.9431401  404.943117008  404.942987581  404.942326137  404.939171841  404.925168259  404.867469605  404.647500808  403.873759331  401.368745847  393.918903036  373.607363912  323.071074478  210.28214986  
96.5139866747  159.113516491  191.488295998  205.85238547  211.488362379  213.473556994  214.107007977  214.291318611  214.340484301  214.352565626  214.355312136  214.35589206  214.356006125  214.356026552  214.356026552  214.356006125  214.35589206  214.355312136  214.352565626  214.340484301  214.291318611  214.107007977  213.473556994  211.488362379  205.85238547  191.488295998  159.113516491  96.5139866747  
41.4658429427  70.9363641259  87.5451889956  95.4259013018  98.6768485239  99.8650872363  100.254756142  100.370469635  100.401812531  100.40960383  100.411390655  100.411770458  100.411845536  100.41185903  100.41185903  100.411845536  100.411770458  100.411390655  100.40960383  100.401812531  100.370469635  100.254756142  99.8650872363  98.6768485239  95.4259013018  87.5451889956  70.9363641259  41.4658429427  
16.3455062888  28.5472064023  35.8040771895  39.4101656827  40.9535456661  41.5340200089  41.7286143719  41.7873846994  41.803511674  41.8075607585  41.8084964885  41.8086965473  41.8087362679  41.8087434294  41.8087434294  41.8087362679  41.8086965473  41.8084964885  41.8075607585  41.803511674  41.7873846994  41.7286143719  41.5340200089  40.9535456661  39.4101656827  35.8040771895  28.5472064023  16.3455062888  
5.86889343701  10.3773501813  13.1545349191  14.5799760256  15.2068473254  15.4478386454  15.5300414223  15.5552085457  15.5621884472  15.5639554581  15.5643664117  15.5644546987  15.5644722906  15.5644754704  15.5644754704  15.5644722906  15.5644546987  15.5643664117  15.5639554581  15.5621884472  15.5552085457  15.5300414223  15.4478386454  15.2068473254  14.5799760256  13.1545349191  10.3773501813  5.86889343701  
1.91784630377  3.4177175909  4.363816197  4.86077445279  5.08377729619  5.17095610409  5.20109925858  5.21042824441  5.21303771918  5.21370272722  5.21385817802  5.21389170217  5.21389840069  5.21389961371  5.21389961371  5.21389840069  5.21389170217  5.21385817802  5.21370272722  5.21303771918  5.21042824441  5.20109925858  5.17095610409  5.08377729619  4.86077445279  4.363816197  3.4177175909  1.91784630377  
0.571688491208  1.02407329312  1.31418795187  1.46915766818  1.53975678638  1.56771255168  1.57748109497  1.58053012721  1.58138873656  1.58160869058  1.58166031  1.58167147438  1.58167370964  1.58167411492  1.58167411492  1.58167370964  1.58167147438  1.58166031  1.58160869058  1.58138873656  1.58053012721  1.57748109497  1.56771255168  1.53975678638  1.46915766818  1.31418795187  1.02407329312  0.571688491208  
0.156017387535  0.28047448023  0.361236502244  0.404914158056  0.425040218601  0.433088389084  0.435923669064  0.436814482319  0.437066640237  0.43713149415  0.437146759099  0.437150067452  0.437150730696  0.437150851031  0.437150851031  0.437150730696  0.437150067452  0.437146759099  0.43713149415  0.437066640237  0.436814482319  0.435923669064  0.433088389084  0.425040218601  0.404914158056  0.361236502244  0.28047448023  0.156017387535  
0.0391426909497  0.070545391543  0.0910988075603  0.102317410778  0.107531540238  0.109632315901  0.110377034566  0.110612196087  0.110679023049  0.110696261055  0.110700326848  0.110701209194  0.110701386204  0.110701418325  0.110701418325  0.110701386204  0.110701209194  0.110700326848  0.110696261055  0.110679023049  0.110612196087  0.110377034566  0.109632315901  0.107531540238  0.102317410778  0.0910988075603  0.070545391543  0.0391426909497  
0.00906605761816  0.0163693229355  0.0211797488536  0.0238236006356  0.02506043789  0.0255616078551  0.025740112903  0.0257966919834  0.0258128162527  0.025816983994  0.0258179683044  0.0258181820636  0.0258182249526  0.0258182327332  0.0258182327332  0.0258182249526  0.0258181820636  0.0258179683044  0.025816983994  0.0258128162527  0.0257966919834  0.025740112903  0.0255616078551  0.02506043789  0.0238236006356  0.0211797488536  0.0163693229355  0.00906605761816  
0.00194644294991  0.00351913965649  0.00455990593709  0.00513488967148  0.00540519994647  0.00551519941254  0.00555451603299  0.00556701169721  0.00557057979723  0.00557150325132  0.00557172149382  0.00557176889507  0.00557177840251  0.00557178012607  0.00557178012607  0.00557177840251  0.00557176889507  0.00557172149382  0.00557150325132  0.00557057979723  0.00556701169721  0.00555451603299  0.00551519941254  0.00540519994647  0.00513488967148  0.00455990593709  0.00351913965649  0.00194644294991  
0.000388851680723  0.000703734487226  0.000912844497036  0.00102881682635  0.00108353673533  0.00110587424363  0.00111387824195  0.00111642678881  0.00111715540745  0.00111734410102  0.00111738870075  0.00111739838421  0.00111740032497  0.00111740067643  0.00111740067643  0.00111740032497  0.00111739838421  0.00111738870075  0.00111734410102  0.00111715540745  0.00111642678881  0.00111387824195  0.00110587424363  0.00108353673533  0.00102881682635  0.000912844497036  0.000703734487226  0.000388851680723  
7.25424554961e-05  0.000131381463896  0.000170556705444  0.000192345082068  0.000202652876474  0.000206870008385  0.000208383639373  0.000208866136985  0.000209004162512  0.000209039910871  0.000209048357308  0.000209050189774  0.000209050556622  0.000209050622965  0.000209050622965  0.000209050556622  0.000209050189774  0.000209048357308  0.000209039910871  0.000209004162512  0.000208866136985  0.000208383639373  0.000206870008385  0.000202652876474  0.000192345082068  0.000170556705444  0.000131381463896  7.25424554961e-05  
1.26792781936e-05  2.29756355552e-05  2.98438400923e-05  3.36715582928e-05  3.5485744e-05  3.62290522477e-05  3.64961111017e-05  3.65812854128e-05  3.66056521237e-05  3.66119606553e-05  3.66134500397e-05  3.66137727946e-05  3.66138373134e-05  3.66138489623e-05  3.66138489623e-05  3.66138373134e-05  3.66137727946e-05  3.66134500397e-05  3.66119606553e-05  3.66056521237e-05  3.65812854128e-05  3.64961111017e-05  3.62290522477e-05  3.5485744e-05  3.36715582928e-05  2.98438400923e-05  2.29756355552e-05  1.26792781936e-05  
2.08259376832e-06  3.77521888891e-06  4.9057737899e-06  5.53671854414e-06  5.83611716517e-06  5.95889023817e-06  6.0030197432e-06  6.01709428682e-06  6.02111911598e-06  6.02216032042e-06  6.02240585765e-06  6.02245898836e-06  6.02246959058e-06  6.02247150118e-06  6.02247150118e-06  6.02246959058e-06  6.02245898836e-06  6.02240585765e-06  6.02216032042e-06  6.02111911598e-06  6.01709428682e-06  6.0030197432e-06  5.95889023817e-06  5.83611716517e-06  5.53671854414e-06  4.9057737899e-06  3.77521888891e-06  2.08259376832e-06  
3.22351265852e-07  5.84492397752e-07  7.59736508334e-07  8.57621904444e-07  9.0410110978e-07  9.23166817982e-07  9.30019456082e-07  9.32204078154e-07  9.3282830507e-07  9.32989604846e-07  9.33027586958e-07  9.33035791318e-07  9.330374252e-07  9.33037719013e-07  9.33037719013e-07  9.330374252e-07  9.33035791318e-07  9.33027586958e-07  9.32989604846e-07  9.3282830507e-07  9.32204078154e-07  9.30019456082e-07  9.23166817982e-07  9.0410110978e-07  8.57621904444e-07  7.59736508334e-07  5.84492397752e-07  3.22351265852e-07  
4.71387405693e-08  8.54863982437e-08  1.11135183171e-07  1.25467886377e-07  1.32274886865e-07  1.35066794002e-07  1.36069807075e-07  1.36389309754e-07  1.36480499184e-07  1.3650402817e-07  1.36509558997e-07  1.36510751287e-07  1.36510988197e-07  1.365110307e-07  1.365110307e-07  1.36510988197e-07  1.36510751287e-07  1.36509558997e-07  1.3650402817e-07  1.36480499184e-07  1.36389309754e-07  1.36069807075e-07  1.35066794002e-07  1.32274886865e-07  1.25467886377e-07  1.11135183171e-07  8.54863982437e-08  4.71387405693e-08  
6.52784956474e-09  1.18392485308e-08  1.53925046344e-08  1.73782242163e-08  1.8321128714e-08  1.8707675475e-08  1.88464325893e-08  1.88905825606e-08  1.89031652582e-08  1.89064062708e-08  1.89071665977e-08  1.8907330136e-08  1.89073625515e-08  1.89073683525e-08  1.89073683525e-08  1.89073625515e-08  1.8907330136e-08  1.89071665977e-08  1.89064062708e-08  1.89031652582e-08  1.88905825606e-08  1.88464325893e-08  1.8707675475e-08  1.8321128714e-08  1.73782242163e-08  1.53925046344e-08  1.18392485308e-08  6.52784956474e-09  
8.57916228102e-10  1.55598415694e-09  2.02296197369e-09  2.28386885937e-09  2.40769636643e-09  2.45841897248e-09  2.47660633013e-09  2.48238499936e-09  2.48402910466e-09  2.484451753e-09  2.48455068451e-09  2.48457191165e-09  2.48457610806e-09  2.48457685703e-09  2.48457685703e-09  2.48457610806e-09  2.48457191165e-09  2.48455068451e-09  2.484451753e-09  2.48402910466e-09  2.48238499936e-09  2.47660633013e-09  2.45841897248e-09  2.40769636643e-09  2.28386885937e-09  2.02296197369e-09  1.55598415694e-09  8.57916228102e-10  
1.07218142253e-10  1.94451274911e-10  2.52791642377e-10  2.85371082879e-10  3.00821363631e-10  3.07143303751e-10  3.09406995421e-10  3.10125036477e-10  3.10328932021e-10  3.10381232494e-10  3.10393445142e-10  3.10396058654e-10  3.10396573869e-10  3.10396665564e-10  3.10396665564e-10  3.10396573869e-10  3.10396058654e-10  3.10393445142e-10  3.10381232494e-10  3.10328932021e-10  3.10125036477e-10  3.09406995421e-10  3.07143303751e-10  3.00821363631e-10  2.85371082879e-10  2.52791642377e-10  1.94451274911e-10  1.07218142253e-10  
1.27655803151e-11  2.31496738232e-11  3.00913907397e-11  3.39651219623e-11  3.5800302313e-11  3.65502258754e-11  3.68183159075e-11  3.69031928281e-11  3.69272427668e-11  3.69333970242e-11  3.69348303672e-11  3.69351362462e-11  3.69351963669e-11  3.69352070351e-11  3.69352070351e-11  3.69351963669e-11  3.69351362462e-11  3.69348303672e-11  3.69333970242e-11  3.69272427668e-11  3.69031928281e-11  3.68183159075e-11  3.65502258754e-11  3.5800302313e-11  3.39651219623e-11  3.00913907397e-11  2.31496738232e-11  1.27655803151e-11  
1.45044932932e-12  2.62997201867e-12  3.41801050064e-12  3.85736369418e-12  4.06525101572e-12  4.15007091155e-12  4.18033779461e-12  4.18990020174e-12  4.19260338859e-12  4.19329335075e-12  4.19345360103e-12  4.19348769806e-12  4.19349437903e-12  4.19349556088e-12  4.19349556088e-12  4.19349437903e-12  4.19348769806e-12  4.19345360103e-12  4.19329335075e-12  4.19260338859e-12  4.18990020174e-12  4.18033779461e-12  4.15007091155e-12  4.06525101572e-12  3.85736369418e-12  3.41801050064e-12  2.62997201867e-12  1.45044932932e-12  
1.57522075965e-13  2.85574236708e-13  3.71063531469e-13  4.18674598519e-13  4.41170651204e-13  4.50333388343e-13  4.53596415902e-13  4.54624984705e-13  4.54915021552e-13  4.54988849487e-13  4.55005946819e-13  4.55009573452e-13  4.55010281753e-13  4.55010406648e-13  4.55010406648e-13  4.55010281753e-13  4.55009573452e-13  4.55005946819e-13  4.54988849487e-13  4.54915021552e-13  4.54624984705e-13  4.53596415902e-13  4.50333388343e-13  4.41170651204e-13  4.18674598519e-13  3.71063531469e-13  2.85574236708e-13  1.57522075965e-13  
1.63755445199e-14  2.96817188528e-14  3.85575637766e-14  4.34946454477e-14  4.58237078557e-14  4.67705458212e-14  4.71069986563e-14  4.72127972464e-14  4.7242551154e-14  4.72501032376e-14  4.72518468464e-14  4.72522155061e-14  4.72522872655e-14  4.72522998769e-14  4.72522998769e-14  4.72522872655e-14  4.72522155061e-14  4.72518468464e-14  4.72501032376e-14  4.7242551154e-14  4.72127972464e-14  4.71069986563e-14  4.67705458212e-14  4.58237078557e-14  4.34946454477e-14  3.85575637766e-14  2.96817188528e-14  1.63755445199e-14  
1.63177374508e-15  2.95703968137e-15  3.84021115425e-15  4.33079335261e-15  4.56182461079e-15  4.65555377655e-15  4.68878227581e-15  4.69920415241e-15  4.70212691473e-15  4.70286654329e-15  4.70303676532e-15  4.70307263621e-15  4.70307959421e-15  4.70308081286e-15  4.70308081286e-15  4.70307959421e-15  4.70307263621e-15  4.70303676532e-15  4.70286654329e-15  4.70212691473e-15  4.69920415241e-15  4.68878227581e-15  4.65555377655e-15  4.56182461079e-15  4.33079335261e-15  3.84021115425e-15  2.95703968137e-15  1.63177374508e-15  
1.5605027814e-16  2.82719129285e-16  3.6704408692e-16  4.13815109248e-16  4.35800096928e-16  4.44699892504e-16  4.47847235531e-16  4.48831702148e-16  4.49106983293e-16  4.49176428302e-16  4.49192358186e-16  4.4919570353e-16  4.49196350118e-16  4.49196462966e-16  4.49196462966e-16  4.49196350118e-16  4.4919570353e-16  4.49192358186e-16  4.49176428302e-16  4.49106983293e-16  4.48831702148e-16  4.47847235531e-16  4.44699892504e-16  4.35800096928e-16  4.13815109248e-16  3.6704408692e-16  2.82719129285e-16  1.5605027814e-16  
1.4233780287e-17  2.57808237039e-17  3.3459247983e-17  3.77114173595e-17  3.97062723653e-17  4.05119772685e-17  4.07961817441e-17  4.08848309674e-17  4.09095451764e-17  4.09157599775e-17  4.09171808099e-17  4.0917478148e-17  4.09175354094e-17  4.09175453676e-17  4.09175453676e-17  4.09175354094e-17  4.0917478148e-17  4.09171808099e-17  4.09157599775e-17  4.09095451764e-17  4.08848309674e-17  4.07961817441e-17  4.05119772685e-17  3.97062723653e-17  3.77114173595e-17  3.3459247983e-17  2.57808237039e-17  1.4233780287e-17  
