1000.0  1000.0  1000.0  1000.0  1000.0  1000.0  1000.0  1000.0  1000.0  1000.0  1000.0  1000.0  1000.0  1000.0  1000.0  1000.0  1000.0  1000.0  1000.0  1000.0  1000.0  1000.0  1000.0  1000.0  1000.0  1000.0  1000.0  1000.0  
283.931345229  463.438267709  569.102988152  631.477660819  669.02399396  692.048364017  706.34314355  715.266429657  720.831500799  724.278234463  726.382584862  727.631139014  728.322989278  728.629828124  728.629828124  728.322989278  727.631139014  726.382584862  724.278234463  720.831500799  715.266429657  706.34314355  692.048364017  669.02399396  631.477660819  569.102988152  463.438267709  283.931345229  
182.767902141  323.856975948  421.656039114  486.560690094  528.908324619  556.34049709  574.023187603  585.353317958  592.551735285  597.07046904  599.856745062  601.521929736  602.449342794  602.861917391  602.861917391  602.449342794  601.521929736  599.856745062  597.07046904  592.551735285  585.353317958  574.023187603  556.34049709  528.908324619  486.560690094  421.656039114  323.856975948  182.767902141  
124.763349928  230.482085513  311.372617361  369.706259094  410.310439128  437.928728223  456.391382984  468.547009514  476.429086806  481.454035399  484.589054897  486.479258416  487.538629349  488.011716152  488.011716152  487.538629349  486.479258416  484.589054897  481.454035399  476.429086806  468.547009514  456.391382984  437.928728223  410.310439128  369.706259094  311.372617361  230.482085513  124.763349928  
87.5791081525  165.434316803  228.767915024  277.186471108  312.619472024  337.726492332  355.067026586  366.781855401  374.533805554  379.555354085  382.72771374  384.658921623  385.748843483  386.237667838  386.237667838  385.748843483  384.658921623  382.72771374  379.555354085  374.533805554  366.781855401  355.067026586  337.726492332  312.619472024  277.186471108  228.767915024  165.434316803  87.5791081525  
62.0569597403  118.727264251  166.668771701  204.86182224  233.900287789  255.173031198  270.283738543  280.732264776  287.779322779  292.415652962  295.381507949  297.204824035  298.24131848  298.708275881  298.708275881  298.24131848  297.204824035  295.381507949  292.415652962  287.779322779  280.732264776  270.283738543  255.173031198  233.900287789  204.86182224  166.668771701  118.727264251  62.0569597403  
43.8926023327  84.6330176065  120.00359239  149.023813781  171.739455534  188.831668392  201.26324555  210.036222934  216.056452768  220.075114053  222.67684091  224.291728257  225.216338088  225.634767393  225.634767393  225.216338088  224.291728257  222.67684091  220.075114053  216.056452768  210.036222934  201.26324555  188.831668392  171.739455534  149.023813781  120.00359239  84.6330176065  43.8926023327  
30.7722622104  59.6363452534  85.1454953544  106.527374432  123.640791066  136.796443261  146.555047432  153.563735248  158.447756694  161.751395933  163.914235397  165.268983724  166.050006575  166.404998913  166.404998913  166.050006575  165.268983724  163.914235397  161.751395933  158.447756694  153.563735248  146.555047432  136.796443261  123.640791066  106.527374432  85.1454953544  59.6363452534  30.7722622104  
21.2869125248  41.3971716194  59.3953910966  74.7224948446  87.2024032213  96.9621966995  104.320851995  109.68573517  113.474978697  116.068695575  117.784197861  118.867870784  119.49666877  119.783651778  119.783651778  119.49666877  118.867870784  117.784197861  116.068695575  113.474978697  109.68573517  104.320851995  96.9621966995  87.2024032213  74.7224948446  59.3953910966  41.3971716194  21.2869125248  
14.4848257825  28.2387023068  40.6619545392  51.3687648193  60.2042864267  67.2101299897  72.5641946712  76.517679597  79.3429568675  81.2973228548  82.6019319124  83.4324491757  83.9172431595  84.1393527137  84.1393527137  83.9172431595  83.4324491757  82.6019319124  81.2973228548  79.3429568675  76.517679597  72.5641946712  67.2101299897  60.2042864267  51.3687648193  40.6619545392  28.2387023068  14.4848257825  
9.67459651913  18.8953777329  27.2818000511  34.5763031357  40.6599382309  45.5380398657  49.3080419007  52.1221107245  54.1536343789  55.5720353611  56.5267161509  57.1387438894  57.4979564354  57.6631112821  57.6631112821  57.4979564354  57.1387438894  56.5267161509  55.5720353611  54.1536343789  52.1221107245  49.3080419007  45.5380398657  40.6599382309  34.5763031357  27.2818000511  18.8953777329  9.67459651913  
6.33307738865  12.3861756768  17.9208020472  22.7695752652  26.847796138  30.1478751564  32.7222389752  34.6615676843  36.0739318051  37.068108909  37.7421900717  38.1770636412  38.4335668605  38.5518780119  38.5518780119  38.4335668605  38.1770636412  37.7421900717  37.068108909  36.0739318051  34.6615676843  32.7222389752  30.1478751564  26.847796138  22.7695752652  17.9208020472  12.3861756768  6.33307738865  
4.05872676318  7.94652934468  11.5161072085  14.6612719353  17.324753501  19.4962831031  21.2035658045  22.4997929946  23.4509827835  24.1253332639  24.5855488971  24.8841299517  25.06103026  25.1428620028  25.1428620028  25.06103026  24.8841299517  24.5855488971  24.1253332639  23.4509827835  22.4997929946  21.2035658045  19.4962831031  17.324753501  14.6612719353  11.5161072085  7.94652934468  4.05872676318  
2.54461570138  4.9862944937  7.23554001217  9.22651000493  10.9220026581  12.3129712794  13.4137837609  14.2551526581  14.876621604  15.3199785755  15.624298635  15.8227330941  15.9407709398  15.9955165971  15.9955165971  15.9407709398  15.8227330941  15.624298635  15.3199785755  14.876621604  14.2551526581  13.4137837609  12.3129712794  10.9220026581  9.22651000493  7.23554001217  4.9862944937  2.54461570138  
1.55981867112  3.0586226395  4.44299962382  5.67303054893  6.72535388253  7.59317786296  8.28380710399  8.81469214168  9.20905966801  9.49194740962  9.68711260934  9.81494329523  9.89125565443  9.92673230993  9.92673230993  9.89125565443  9.81494329523  9.68711260934  9.49194740962  9.20905966801  8.81469214168  8.28380710399  7.59317786296  6.72535388253  5.67303054893  4.44299962382  3.0586226395  1.55981867112  
0.934503997587  1.83347314869  2.66563162824  3.40731211951  4.04428151778  4.57188168053  4.99374872477  5.31963528172  5.56291806374  5.73827005027  5.85979174591  5.93970488738  5.98756441101  6.00986056022  6.00986056022  5.98756441101  5.93970488738  5.85979174591  5.73827005027  5.56291806374  5.31963528172  4.99374872477  4.57188168053  4.04428151778  3.40731211951  2.66563162824  1.83347314869  0.934503997587  
0.547060293782  1.07381193989  1.56230265407  1.99881116877  2.37490589036  2.68758452534  2.93861685584  3.13336119638  3.27936974299  3.3850540355  3.45858716757  3.50711468428  3.53626076924  3.54986455795  3.54986455795  3.53626076924  3.50711468428  3.45858716757  3.3850540355  3.27936974299  3.13336119638  2.93861685584  2.68758452534  2.37490589036  1.99881116877  1.56230265407  1.07381193989  0.547060293782  
0.312875686381  0.614372305532  0.89439548561  1.14516698021  1.36182337679  1.54252036388  1.68809891667  1.80145170359  1.88675754281  1.94873365701  1.99200783627  2.02065655343  2.03790725438  2.04597252189  2.04597252189  2.03790725438  2.02065655343  1.99200783627  1.94873365701  1.88675754281  1.80145170359  1.68809891667  1.54252036388  1.36182337679  1.14516698021  0.89439548561  0.614372305532  0.312875686381  
0.174807938129  0.34336943888  0.500127133322  0.640770010843  0.762564024078  0.864420686107  0.946729473208  1.01102400327  1.05956988697  1.09495506792  1.11973983125  1.13619426171  1.14612486999  1.15077476977  1.15077476977  1.14612486999  1.13619426171  1.11973983125  1.09495506792  1.05956988697  1.01102400327  0.946729473208  0.864420686107  0.762564024078  0.640770010843  0.500127133322  0.34336943888  0.174807938129  
0.0954115153262  0.187465324564  0.273166868578  0.350180187498  0.417006291097  0.47302494531  0.518411593274  0.553964394602  0.580886650707  0.600567290678  0.614390535391  0.62359074683  0.629154623608  0.631763374691  0.631763374691  0.629154623608  0.62359074683  0.614390535391  0.600567290678  0.580886650707  0.553964394602  0.518411593274  0.47302494531  0.417006291097  0.350180187498  0.273166868578  0.187465324564  0.0954115153262  
0.0508756683  0.0999845393665  0.145747682013  0.18692762798  0.222722436756  0.252789786321  0.277206354553  0.296379754797  0.310935940671  0.321604140619  0.329115814722  0.334126508441  0.337162296122  0.338587421798  0.338587421798  0.337162296122  0.334126508441  0.329115814722  0.321604140619  0.310935940671  0.296379754797  0.277206354553  0.252789786321  0.222722436756  0.18692762798  0.145747682013  0.0999845393665  0.0508756683  
0.0265048027818  0.0520997699281  0.0759704005166  0.0974757913825  0.116197136128  0.13195102119  0.144769856666  0.154857840386  0.162533851545  0.168172441699  0.172151448165  0.174810987004  0.176424941932  0.177183424812  0.177183424812  0.176424941932  0.174810987004  0.172151448165  0.168172441699  0.162533851545  0.154857840386  0.144769856666  0.13195102119  0.116197136128  0.0974757913825  0.0759704005166  0.0520997699281  0.0265048027818  
0.0134922509854  0.0265260424938  0.0386903452354  0.0496606305704  0.0592233222931  0.0672828686645  0.0738524594439  0.0790324117465  0.0829817903786  0.0858887997864  0.0879442494157  0.0893205657678  0.0901570192398  0.0905504974615  0.0905504974615  0.0901570192398  0.0893205657678  0.0879442494157  0.0858887997864  0.0829817903786  0.0790324117465  0.0738524594439  0.0672828686645  0.0592233222931  0.0496606305704  0.0386903452354  0.0265260424938  0.0134922509854  
0.00671106818096  0.0131961333138  0.0192523152439  0.0247189594555  0.0294896921385  0.0335160599668  0.0368031976182  0.0393994198672  0.0413824060643  0.0428446657196  0.0438804055072  0.0445750474333  0.044997772193  0.0451968019821  0.0451968019821  0.044997772193  0.0445750474333  0.0438804055072  0.0428446657196  0.0413824060643  0.0393994198672  0.0368031976182  0.0335160599668  0.0294896921385  0.0247189594555  0.0192523152439  0.0131961333138  0.00671106818096  
0.00325986334889  0.00641081083797  0.00935496241501  0.0120146134892  0.0143380434412  0.0163013319545  0.0179063718584  0.0191759570994  0.0201471997347  0.0208645537911  0.0213734666251  0.0217152720556  0.0219235240199  0.0220216516962  0.0220216516962  0.0219235240199  0.0217152720556  0.0213734666251  0.0208645537911  0.0201471997347  0.0191759570994  0.0179063718584  0.0163013319545  0.0143380434412  0.0120146134892  0.00935496241501  0.00641081083797  0.00325986334889  
0.00154072947204  0.00303033502057  0.004422829452  0.00568162534924  0.0067822605221  0.00771327504424  0.00847531881182  0.00907888796418  0.00954126587646  0.00988326102147  0.0101262199317  0.0102896081618  0.0103892599416  0.0104362482885  0.0104362482885  0.0103892599416  0.0102896081618  0.0101262199317  0.00988326102147  0.00954126587646  0.00907888796418  0.00847531881182  0.00771327504424  0.0067822605221  0.00568162534924  0.004422829452  0.00303033502057  0.00154072947204  
0.000694460830532  0.0013660103661  0.00199402336416  0.00256206109272  0.00305909220936  0.00347989464384  0.00382467041616  0.00409804679081  0.00430771702417  0.00446298329242  0.00457341569865  0.00464776022594  0.00469314346775  0.00471455538177  0.00471455538177  0.00469314346775  0.00464776022594  0.00457341569865  0.00446298329242  0.00430771702417  0.00409804679081  0.00382467041616  0.00347989464384  0.00305909220936  0.00256206109272  0.00199402336416  0.0013660103661  0.000694460830532  
0.000264551418923  0.000520410361618  0.000759747415631  0.000976314572413  0.00116590825013  0.00132652408504  0.00145821470983  0.0015627149575  0.00164292930974  0.00170238043953  0.00174469986721  0.00177321155082  0.00179062727398  0.00179884748544  0.00179884748544  0.00179062727398  0.00177321155082  0.00174469986721  0.00170238043953  0.00164292930974  0.0015627149575  0.00145821470983  0.00132652408504  0.00116590825013  0.000976314572413  0.000759747415631  0.000520410361618  0.000264551418923  
