1000.0  1000.0  1000.0  1000.0  1000.0  1000.0  1000.0  1000.0  1000.0  1000.0  1000.0  1000.0  1000.0  1000.0  1000.0  1000.0  1000.0  1000.0  1000.0  1000.0  1000.0  1000.0  1000.0  1000.0  1000.0  1000.0  1000.0  1000.0  
288.820089133  473.090627296  583.278298226  649.837636383  691.156669702  717.495114457  734.625685735  745.911013224  753.388142399  758.333693892  761.56664124  763.616472525  764.819530196  765.374784917  765.374784917  764.819530196  763.616472525  761.56664124  758.333693892  753.388142399  745.911013224  734.625685735  717.495114457  691.156669702  649.837636383  583.278298226  473.090627296  288.820089133  
189.638804952  337.423005544  441.579109999  512.365564592  560.016227696  592.107059656  613.776369068  628.427383268  638.314276427  644.940640203  649.314089196  652.106223593  653.752669152  654.514665698  654.514665698  653.752669152  652.106223593  649.314089196  644.940640203  638.314276427  628.427383268  613.776369068  592.107059656  560.016227696  512.365564592  441.579109999  337.423005544  189.638804952  
133.127470181  246.996495615  335.626026728  401.120499923  448.181333801  481.472223753  504.789666619  520.989834135  532.146645161  539.739154472  544.807950355  548.071365103  550.006975125  550.905906802  550.905906802  550.006975125  548.071365103  544.807950355  539.739154472  532.146645161  520.989834135  504.789666619  481.472223753  448.181333801  401.120499923  335.626026728  246.996495615  133.127470181  
96.8814504188  183.801393512  255.742684303  312.126411194  354.741957604  386.160025722  408.902457102  425.118289384  436.515140044  444.394955416  449.720392106  453.180769826  455.246565948  456.209694976  456.209694976  455.246565948  453.180769826  449.720392106  444.394955416  436.515140044  425.118289384  408.902457102  386.160025722  354.741957604  312.126411194  255.742684303  183.801393512  96.8814504188  
71.7374156795  137.841174458  194.741003825  241.224372309  277.739405575  305.582434576  326.317827126  341.453831464  352.297536717  359.911734409  365.121206996  368.538287367  370.592028973  371.553447598  371.553447598  370.592028973  368.538287367  365.121206996  359.911734409  352.297536717  341.453831464  326.317827126  305.582434576  277.739405575  241.224372309  194.741003825  137.841174458  71.7374156795  
53.4404285865  103.485359303  147.692392201  184.890956508  214.983137102  238.558765948  256.541700262  269.942022838  279.711053835  286.670755307  291.488872362  294.67851959  296.60842126  297.515556313  297.515556313  296.60842126  294.67851959  291.488872362  286.670755307  279.711053835  269.942022838  256.541700262  238.558765948  214.983137102  184.890956508  147.692392201  103.485359303  53.4404285865  
39.7670374406  77.3970102818  111.231716221  140.319953553  164.385230611  183.652157173  198.644599912  210.017020975  218.437209371  224.515828339  228.770475018  231.611830066  233.342058346  234.158551186  234.158551186  233.342058346  231.611830066  228.770475018  224.515828339  218.437209371  210.017020975  198.644599912  183.652157173  164.385230611  140.319953553  111.231716221  77.3970102818  39.7670374406  
29.4222029844  57.461075995  82.9902740177  105.289137231  124.059281064  139.349863777  151.44636126  160.762514638  167.75462983  172.86254639  176.473848868  178.905200499  180.394689667  181.100199123  181.100199123  180.394689667  178.905200499  176.473848868  172.86254639  167.75462983  160.762514638  151.44636126  139.349863777  124.059281064  105.289137231  82.9902740177  57.461075995  29.4222029844  
21.574279987  42.2378304081  61.2248417917  78.008867866  92.328544692  104.157520058  113.64433258  121.045490411  126.666340791  130.815928863  133.776369276  135.784334896  137.021288289  137.60920794  137.60920794  137.021288289  135.784334896  133.776369276  130.815928863  126.666340791  121.045490411  113.64433258  104.157520058  92.328544692  78.008867866  61.2248417917  42.2378304081  21.574279987  
15.6431035907  30.6813389863  44.5945507092  57.0069537941  67.7099840195  76.651705636  83.9046808392  89.6253182509  94.0144988054  97.2849350136  99.6370940289  101.243186892  102.237583546  102.711712449  102.711712449  102.237583546  101.243186892  99.6370940289  97.2849350136  94.0144988054  89.6253182509  83.9046808392  76.651705636  67.7099840195  57.0069537941  44.5945507092  30.6813389863  15.6431035907  
11.1974597762  21.9920975173  32.0318602491  41.0531616635  48.898318162  55.5130174313  60.9292799987  65.2410425435  68.5785453235  71.0856031789  72.9016981312  74.1492087248  74.9251184299  75.2961337276  75.2961337276  74.9251184299  74.1492087248  72.9016981312  71.0856031789  68.5785453235  65.2410425435  60.9292799987  55.5130174313  48.898318162  41.0531616635  32.0318602491  21.9920975173  11.1974597762  
7.90304964999  15.5383184759  22.6689500729  29.1128516396  34.7551185722  39.5485171647  43.5045105408  46.6786932817  49.1544028463  51.0273196641  52.3926664439  53.3355695481  53.9244235244  54.2067216757  54.2067216757  53.9244235244  53.3355695481  52.3926664439  51.0273196641  49.1544028463  46.6786932817  43.5045105408  39.5485171647  34.7551185722  29.1128516396  22.6689500729  15.5383184759  7.90304964999  
5.49474881153  10.8124178349  15.7949415089  20.3183320425  24.3011957244  27.7060864916  30.5348142452  32.8197963894  34.6137027377  35.9792413706  36.980283893  37.6748849345  38.1102559791  38.3194567123  38.3194567123  38.1102559791  37.6748849345  36.980283893  35.9792413706  34.6137027377  32.8197963894  30.5348142452  27.7060864916  24.3011957244  20.3183320425  15.7949415089  10.8124178349  5.49474881153  
3.7607432587  7.40530393569  10.8292372679  13.9493268047  16.7092711288  19.0810657673  21.0625724993  22.6724038391  23.9434492281  24.9162196215  25.6328468077  26.1321919377  26.446195781  26.5973897848  26.5973897848  26.446195781  26.1321919377  25.6328468077  24.9162196215  23.9434492281  22.6724038391  21.0625724993  19.0810657673  16.7092711288  13.9493268047  10.8292372679  7.40530393569  3.7607432587  
2.53243588397  4.98939471645  7.30264350503  9.41714213499  11.2947645064  12.9154320214  14.2758686389  15.3865868443  16.2678796906  16.9455518833  17.4469491646  17.7976244815  18.0187775448  18.1254595443  18.1254595443  18.0187775448  17.7976244815  17.4469491646  16.9455518833  16.2678796906  15.3865868443  14.2758686389  12.9154320214  11.2947645064  9.41714213499  7.30264350503  4.98939471645  2.53243588397  
1.67711563179  3.30575757458  4.8419067089  6.2497009437  7.50382805684  8.59036612806  9.50615509643  10.2570288537  10.8553577085  11.3173500462  11.6604756707  11.9012482468  12.0534812072  12.1270371932  12.1270371932  12.0534812072  11.9012482468  11.6604756707  11.3173500462  10.8553577085  10.2570288537  9.50615509643  8.59036612806  7.50382805684  6.2497009437  4.8419067089  3.30575757458  1.67711563179  
1.09196986047  2.15320146035  3.15567865307  4.07639152341  4.89885044327  5.6136725924  6.21827047482  6.71582048133  7.11377090963  7.42216036234  7.65197575052  7.81370947187  7.91620199465  7.96579662816  7.96579662816  7.91620199465  7.81370947187  7.65197575052  7.42216036234  7.11377090963  6.71582048133  6.21827047482  5.6136725924  4.89885044327  4.07639152341  3.15567865307  2.15320146035  1.09196986047  
0.698840488508  1.37845384655  2.02126250957  2.6127331825  3.14232001814  3.60385695559  3.99540686041  4.31866358773  4.57805561478  4.77971267999  4.93043740806  5.03678567058  5.10431654474  5.13703621173  5.13703621173  5.10431654474  5.03678567058  4.93043740806  4.77971267999  4.57805561478  4.31866358773  3.99540686041  3.60385695559  3.14232001814  2.6127331825  2.02126250957  1.37845384655  0.698840488508  
0.439529100571  0.867203780569  1.27215923923  1.64536218059  1.98018935388  2.2726815041  2.52147243438  2.72744494542  2.89319824132  3.02242182608  3.11926222292  3.1877481461  3.23131508881  3.25244834471  3.25244834471  3.23131508881  3.1877481461  3.11926222292  3.02242182608  2.89319824132  2.72744494542  2.52147243438  2.2726815041  1.98018935388  1.64536218059  1.27215923923  0.867203780569  0.439529100571  
0.271630822739  0.536061983164  0.786680793483  1.01796341131  1.22582425182  1.40777590227  1.5628970405  1.69163613179  1.79549867272  1.87667323938  1.93764794543  1.98085784596  2.00838984781  2.02175875505  2.02175875505  2.00838984781  1.98085784596  1.93764794543  1.87667323938  1.79549867272  1.69163613179  1.5628970405  1.40777590227  1.22582425182  1.01796341131  0.786680793483  0.536061983164  0.271630822739  
0.164927573993  0.325550021535  0.477906045075  0.618673382266  0.745376551023  0.856485132446  0.95140002756  1.03034251618  1.09417286307  1.14417021071  1.18180410585  1.20852216034  1.22557053991  1.23385648873  1.23385648873  1.22557053991  1.20852216034  1.18180410585  1.14417021071  1.09417286307  1.03034251618  0.95140002756  0.856485132446  0.745376551023  0.618673382266  0.477906045075  0.325550021535  0.164927573993  
0.098361917379  0.194190648697  0.285151708758  0.369280509384  0.445103913215  0.511699300735  0.568689149248  0.6161789911  0.654653582962  0.684849285858  0.707620217046  0.72381268455  0.734158112988  0.739190408549  0.739190408549  0.734158112988  0.72381268455  0.707620217046  0.684849285858  0.654653582962  0.6161789911  0.568689149248  0.511699300735  0.445103913215  0.369280509384  0.285151708758  0.194190648697  0.098361917379  
0.0575810914805  0.113696778879  0.166994804233  0.216333825029  0.26085335224  0.300008487981  0.333568079885  0.361580434134  0.384314723112  0.402188156931  0.415688915073  0.425303262661  0.431452937657  0.434446510178  0.434446510178  0.431452937657  0.425303262661  0.415688915073  0.402188156931  0.384314723112  0.361580434134  0.333568079885  0.300008487981  0.26085335224  0.216333825029  0.166994804233  0.113696778879  0.0575810914805  
0.033007920092  0.0651845209158  0.0957617942947  0.12408988449  0.149676563643  0.172207194905  0.191544297307  0.207708870557  0.2208478825  0.231193462166  0.239019383963  0.244599629889  0.248172565308  0.24991295271  0.24991295271  0.248172565308  0.244599629889  0.239019383963  0.231193462166  0.2208478825  0.207708870557  0.191544297307  0.172207194905  0.149676563643  0.12408988449  0.0957617942947  0.0651845209158  0.033007920092  
0.0183709304601  0.0362832954234  0.0533130455323  0.0691006067829  0.0833725565473  0.0959527465562  0.106762340189  0.11580986873  0.123173637892  0.128979462946  0.133376771669  0.136515716421  0.138527281838  0.139507672084  0.139507672084  0.138527281838  0.136515716421  0.133376771669  0.128979462946  0.123173637892  0.11580986873  0.106762340189  0.0959527465562  0.0833725565473  0.0691006067829  0.0533130455323  0.0362832954234  0.0183709304601  
0.00961276924864  0.0189872999656  0.0279031187022  0.0361729611206  0.0436539906807  0.0502536203291  0.055929643421  0.060685213555  0.0645598451095  0.0676179491664  0.0699364659278  0.071592965307  0.0726552618919  0.0731732342653  0.0731732342653  0.0726552618919  0.071592965307  0.0699364659278  0.0676179491664  0.0645598451095  0.060685213555  0.055929643421  0.0502536203291  0.0436539906807  0.0361729611206  0.0279031187022  0.0189872999656  0.00961276924864  
0.00409246327274  0.00808398459083  0.0118811021803  0.0154043440597  0.0185929690544  0.0214074450009  0.0238295350777  0.0258602115171  0.0275158822378  0.0288235629903  0.0298156513188  0.0305248831978  0.0309799194407  0.0312018605882  0.0312018605882  0.0309799194407  0.0305248831978  0.0298156513188  0.0288235629903  0.0275158822378  0.0258602115171  0.0238295350777  0.0214074450009  0.0185929690544  0.0154043440597  0.0118811021803  0.00808398459083  0.00409246327274  
