1000.0  1000.0  1000.0  1000.0  1000.0  1000.0  1000.0  1000.0  1000.0  1000.0  1000.0  1000.0  1000.0  1000.0  1000.0  1000.0  1000.0  1000.0  1000.0  1000.0  1000.0  1000.0  1000.0  1000.0  1000.0  1000.0  1000.0  1000.0  
268.095908698  432.443659709  524.21246178  574.383099217  601.652319805  616.369915153  624.212601014  628.314047738  630.408391151  631.448495632  631.94920847  632.181744743  632.284032529  632.322082158  632.322082158  632.284032529  632.181744743  631.94920847  631.448495632  630.408391151  628.314047738  624.212601014  616.369915153  601.652319805  574.383099217  524.21246178  432.443659709  268.095908698  
161.490180503  282.207028887  361.325712704  409.816761058  438.333870864  454.578629022  463.563973046  468.387693938  470.89757411  472.161337327  472.776025396  473.063732011  473.191027713  473.23856233  473.23856233  473.191027713  473.063732011  472.776025396  472.161337327  470.89757411  468.387693938  463.563973046  454.578629022  438.333870864  409.816761058  361.325712704  282.207028887  161.490180503  
100.419553941  182.825398478  242.329826481  281.860316247  306.606939526  321.384644917  329.85235187  334.520295692  336.998343202  338.265385401  338.889036774  339.183650646  339.314922569  339.364172886  339.364172886  339.314922569  339.183650646  338.889036774  338.265385401  336.998343202  334.520295692  329.85235187  321.384644917  306.606939526  281.860316247  242.329826481  182.825398478  100.419553941  
62.5429790067  116.415638121  157.736673128  186.785357846  205.865125809  217.712480041  224.715624779  228.672412319  230.814226525  231.92640911  232.480629189  232.745030462  232.863741473  232.908509295  232.908509295  232.863741473  232.745030462  232.480629189  231.92640911  230.814226525  228.672412319  224.715624779  217.712480041  205.865125809  186.785357846  157.736673128  116.415638121  62.5429790067  
38.3276421714  72.2596174842  99.3166870076  119.114347034  132.602013287  141.24547351  146.491683467  149.521266817  151.190850648  152.070646237  152.514371498  152.728145505  152.824870684  152.861540648  152.861540648  152.824870684  152.728145505  152.514371498  152.070646237  151.190850648  149.521266817  146.491683467  141.24547351  132.602013287  119.114347034  99.3166870076  72.2596174842  38.3276421714  
22.8720215051  43.461906175  60.3105631784  72.997611594  81.8849121032  87.7258689368  91.350208303  93.4831445292  94.6775654973  95.3155133513  95.6409200442  95.7991711599  95.8713144541  95.8988074361  95.8988074361  95.8713144541  95.7991711599  95.6409200442  95.3155133513  94.6775654973  93.4831445292  91.350208303  87.7258689368  81.8849121032  72.997611594  60.3105631784  43.461906175  22.8720215051  
13.2092286873  25.2298572518  35.2434167531  42.9431790275  48.4530909136  52.1480717802  54.483087118  55.8796083552  56.6727031491  57.1014575918  57.3224349912  57.4308454121  57.4806196418  57.4996821312  57.4996821312  57.4806196418  57.4308454121  57.3224349912  57.1014575918  56.6727031491  55.8796083552  54.483087118  52.1480717802  48.4530909136  42.9431790275  35.2434167531  25.2298572518  13.2092286873  
7.35579957884  14.0992966812  19.78865352  24.2320186267  27.4645107217  29.6674939337  31.0807908766  31.9376897575  32.4302916352  32.6994653692  32.8394969624  32.908748483  32.940753574  32.9530675895  32.9530675895  32.940753574  32.908748483  32.8394969624  32.6994653692  32.4302916352  31.9376897575  31.0807908766  29.6674939337  27.4645107217  24.2320186267  19.78865352  14.0992966812  7.35579957884  
3.9411161495  7.57317587033  10.6661183774  13.110333489  14.9115245922  16.1550933457  16.9628758977  17.4583330317  17.7461598256  17.9049235111  17.9882069699  18.0296934309  18.0489821729  18.0564351181  18.0564351181  18.0489821729  18.0296934309  17.9882069699  17.9049235111  17.7461598256  17.4583330317  16.9628758977  16.1550933457  14.9115245922  13.110333489  10.6661183774  7.57317587033  3.9411161495  
2.02918659574  3.90647328599  5.5163200054  6.80011683346  7.75585637062  8.42268376146  8.86031613388  9.13136951119  9.29025956155  9.37862464345  9.42532141973  9.44873405986  9.45967878306  9.46392404602  9.46392404602  9.45967878306  9.44873405986  9.42532141973  9.37862464345  9.29025956155  9.13136951119  8.86031613388  8.42268376146  7.75585637062  6.80011683346  5.5163200054  3.90647328599  2.02918659574  
1.00343887725  1.93447189459  2.73716361078  3.38185055849  3.86571953553  4.20622469982  4.43161477096  4.57236792604  4.65551775302  4.70209206257  4.72686456919  4.73935678677  4.74522503562  4.74750915874  4.74750915874  4.74522503562  4.73935678677  4.72686456919  4.70209206257  4.65551775302  4.57236792604  4.43161477096  4.20622469982  3.86571953553  3.38185055849  2.73716361078  1.93447189459  1.00343887725  
0.476503328618  0.919620261311  1.30326065565  1.61312950502  1.84723595486  2.01314384663  2.12374987016  2.19330552035  2.23466934833  2.25798243799  2.27045332146  2.27677434775  2.27975659538  2.28092101431  2.28092101431  2.27975659538  2.27677434775  2.27045332146  2.25798243799  2.23466934833  2.19330552035  2.12374987016  2.01314384663  1.84723595486  1.61312950502  1.30326065565  0.919620261311  0.476503328618  
0.217328135149  0.419788025309  0.595658749101  0.738357998303  0.846747672218  0.924010663553  0.975828996008  1.00860911024  1.0282145902  1.03932411972  1.04529668929  1.04833766954  1.04977795049  1.05034187565  1.05034187565  1.04977795049  1.04833766954  1.04529668929  1.03932411972  1.0282145902  1.00860911024  0.975828996008  0.924010663553  0.846747672218  0.738357998303  0.595658749101  0.419788025309  0.217328135149  
0.0952356934365  0.184082047143  0.261467937583  0.324490682575  0.372572675454  0.407013492888  0.430228892879  0.444989189205  0.453860640542  0.458911251038  0.461638391596  0.463032477543  0.463695014207  0.463955065434  0.463955065434  0.463695014207  0.463032477543  0.461638391596  0.458911251038  0.453860640542  0.444989189205  0.430228892879  0.407013492888  0.372572675454  0.324490682575  0.261467937583  0.184082047143  0.0952356934365  
0.0401179519954  0.0775875457238  0.110295519  0.137013947122  0.157473151162  0.172187670075  0.182148671753  0.188509218023  0.192348338894  0.194542887673  0.195732401372  0.196342603671  0.196633480278  0.196747902584  0.196747902584  0.196633480278  0.196342603671  0.195732401372  0.194542887673  0.192348338894  0.188509218023  0.182148671753  0.172187670075  0.157473151162  0.137013947122  0.110295519  0.0775875457238  0.0401179519954  
0.0162554018526  0.0314520735495  0.0447415572418  0.055624887509  0.0639842099816  0.0700169868161  0.0741157244703  0.076742637742  0.07833400134  0.0792468867038  0.079743356225  0.0799988234473  0.080120927534  0.0801690529982  0.0801690529982  0.080120927534  0.0799988234473  0.079743356225  0.0792468867038  0.07833400134  0.076742637742  0.0741157244703  0.0700169868161  0.0639842099816  0.055624887509  0.0447415572418  0.0314520735495  0.0162554018526  
0.00633972858526  0.0122711875362  0.0174660468045  0.0217293277257  0.0250123460254  0.0273885335574  0.0290079478935  0.0300491415451  0.0306818833579  0.0310459716977  0.0312445594772  0.0313470231821  0.0313961124889  0.0314154934545  0.0314154934545  0.0313961124889  0.0313470231821  0.0312445594772  0.0310459716977  0.0306818833579  0.0300491415451  0.0290079478935  0.0273885335574  0.0250123460254  0.0217293277257  0.0174660468045  0.0122711875362  0.00633972858526  
0.00238161038651  0.00461130614297  0.00656656615297  0.00817404668549  0.00941462015503  0.0103147454141  0.0109298243628  0.011326367638  0.0115680097451  0.0117074258057  0.0117836631398  0.0118230921232  0.0118420212612  0.0118495059585  0.0118495059585  0.0118420212612  0.0118230921232  0.0117836631398  0.0117074258057  0.0115680097451  0.011326367638  0.0109298243628  0.0103147454141  0.00941462015503  0.00817404668549  0.00656656615297  0.00461130614297  0.00238161038651  
0.000862427126295  0.00167028715763  0.00237946603944  0.00296338054949  0.00341485283628  0.00374312031088  0.00396794461893  0.00411323136077  0.00420197483202  0.00425329472854  0.00428142080286  0.00429599750444  0.00430300822793  0.00430578398492  0.00430578398492  0.00430300822793  0.00429599750444  0.00428142080286  0.00425329472854  0.00420197483202  0.00411323136077  0.00396794461893  0.00374312031088  0.00341485283628  0.00296338054949  0.00237946603944  0.00167028715763  0.000862427126295  
0.0003012701408  0.000583609709028  0.000831684024674  0.00103620110387  0.00119458028967  0.00130994676803  0.00138911379608  0.00144037755738  0.00147175462434  0.00148993653173  0.00149992059963  0.00150510437775  0.00150760150149  0.00150859133577  0.00150859133577  0.00150760150149  0.00150510437775  0.00149992059963  0.00148993653173  0.00147175462434  0.00144037755738  0.00138911379608  0.00130994676803  0.00119458028967  0.00103620110387  0.000831684024674  0.000583609709028  0.0003012701408  
0.000101602336891  0.000196858017588  0.000280617324997  0.000349745267354  0.000403350802315  0.000442458730871  0.000469340698936  0.0004867784564  0.000497470611338  0.000503677231825  0.000507091196303  0.000508866553908  0.000509722964222  0.000510062780487  0.000510062780487  0.000509722964222  0.000508866553908  0.000507091196303  0.000503677231825  0.000497470611338  0.0004867784564  0.000469340698936  0.000442458730871  0.000403350802315  0.000349745267354  0.000280617324997  0.000196858017588  0.000101602336891  
3.31051513801e-05  6.41528189894e-05  9.1471181403e-05  0.000114038478913  0.000131558686642  0.000144357613988  0.000153168112179  0.00015889198399  0.000162407053661  0.000164450607099  0.000165576324153  0.00016616253584  0.000166445658424  0.000166558098014  0.000166558098014  0.000166445658424  0.00016616253584  0.000165576324153  0.000164450607099  0.000162407053661  0.00015889198399  0.000153168112179  0.000144357613988  0.000131558686642  0.000114038478913  9.1471181403e-05  6.41528189894e-05  3.31051513801e-05  
1.04293599008e-05  2.02133500193e-05  2.88269401346e-05  3.59481788927e-05  4.14822874588e-05  4.5529726013e-05  4.8319383436e-05  5.01341062627e-05  5.12500274356e-05  5.18996469728e-05  5.22579549714e-05  5.24447650501e-05  5.25350830196e-05  5.2570979332e-05  5.2570979332e-05  5.25350830196e-05  5.24447650501e-05  5.22579549714e-05  5.18996469728e-05  5.12500274356e-05  5.01341062627e-05  4.8319383436e-05  4.5529726013e-05  4.14822874588e-05  3.59481788927e-05  2.88269401346e-05  2.02133500193e-05  1.04293599008e-05  
3.17908611443e-06  6.16218449982e-06  8.78968914552e-06  1.09634509285e-05  1.26541856572e-05  1.38919463135e-05  1.47459813409e-05  1.53021759241e-05  1.56445886988e-05  1.58441474492e-05  1.59543385815e-05  1.60118478357e-05  1.60396771472e-05  1.60507449828e-05  1.60507449828e-05  1.60396771472e-05  1.60118478357e-05  1.59543385815e-05  1.58441474492e-05  1.56445886988e-05  1.53021759241e-05  1.47459813409e-05  1.38919463135e-05  1.26541856572e-05  1.09634509285e-05  8.78968914552e-06  6.16218449982e-06  3.17908611443e-06  
9.38041377849e-07  1.8184387999e-06  2.59420791631e-06  3.23638602329e-06  3.73623354665e-06  4.10247433849e-06  4.35540891055e-06  4.52029420956e-06  4.6219038742e-06  4.68118022045e-06  4.71394203462e-06  4.73105566693e-06  4.73934349871e-06  4.74264144627e-06  4.74264144627e-06  4.73934349871e-06  4.73105566693e-06  4.71394203462e-06  4.68118022045e-06  4.6219038742e-06  4.52029420956e-06  4.35540891055e-06  4.10247433849e-06  3.73623354665e-06  3.23638602329e-06  2.59420791631e-06  1.8184387999e-06  9.38041377849e-07  
2.67049977615e-07  5.17734058653e-07  7.38702911924e-07  9.21710779765e-07  1.06424589114e-06  1.1687571654e-06  1.24099189876e-06  1.2881198257e-06  1.31718652954e-06  1.33415733344e-06  1.34354452608e-06  1.34845171287e-06  1.35082971114e-06  1.35177642162e-06  1.35177642162e-06  1.35082971114e-06  1.34845171287e-06  1.34354452608e-06  1.33415733344e-06  1.31718652954e-06  1.2881198257e-06  1.24099189876e-06  1.1687571654e-06  1.06424589114e-06  9.21710779765e-07  7.38702911924e-07  5.17734058653e-07  2.67049977615e-07  
6.91949152171e-08  1.34158272753e-07  1.91436502657e-07  2.38892996652e-07  2.75872180059e-07  3.03001618135e-07  3.2176402706e-07  3.34012973765e-07  3.41572563413e-07  3.45989112736e-07  3.48433575801e-07  3.49712155641e-07  3.50332054541e-07  3.50578931676e-07  3.50578931676e-07  3.50332054541e-07  3.49712155641e-07  3.48433575801e-07  3.45989112736e-07  3.41572563413e-07  3.34012973765e-07  3.2176402706e-07  3.03001618135e-07  2.75872180059e-07  2.38892996652e-07  1.91436502657e-07  1.34158272753e-07  6.91949152171e-08  
