1000.0  1000.0  1000.0  1000.0  1000.0  1000.0  1000.0  1000.0  1000.0  1000.0  1000.0  1000.0  1000.0  1000.0  1000.0  1000.0  1000.0  1000.0  1000.0  1000.0  1000.0  1000.0  1000.0  1000.0  1000.0  1000.0  1000.0  1000.0  
263.977083686  424.451345884  512.793527142  560.111358997  585.143803661  598.208286336  604.898133229  608.240069908  609.861106789  610.621883841  610.96639313  611.116389054  611.178280292  611.200126583  611.200126583  611.178280292  611.116389054  610.96639313  610.621883841  609.861106789  608.240069908  604.898133229  598.208286336  585.143803661  560.111358997  512.793527142  424.451345884  263.977083686  
156.201497073  271.944695332  346.663544201  391.491577676  417.136690534  431.258899201  438.764055288  442.612621247  444.514823275  445.419966135  445.834113819  446.015854445  446.091289947  446.118023459  446.118023459  446.091289947  446.015854445  445.834113819  445.419966135  444.514823275  442.612621247  438.764055288  431.258899201  417.136690534  391.491577676  346.663544201  271.944695332  156.201497073  
94.7421280114  171.808758395  226.590001657  262.18832437  283.851970171  296.351245138  303.2300946  306.851318405  308.67710983  309.559236003  309.967649582  310.148535208  310.224149872  310.251076653  310.251076653  310.224149872  310.148535208  309.967649582  309.559236003  308.67710983  306.851318405  303.2300946  296.351245138  283.851970171  262.18832437  226.590001657  171.808758395  94.7421280114  
57.164250109  105.978624624  142.825037421  168.148546349  184.30768471  193.996642148  199.494677567  202.459949526  203.983930115  204.731524682  205.081882523  205.238570867  205.304570624  205.328197206  205.328197206  205.304570624  205.238570867  205.081882523  204.731524682  203.983930115  202.459949526  199.494677567  193.996642148  184.30768471  168.148546349  142.825037421  105.978624624  57.164250109  
33.7178106032  63.3146174883  86.5367895599  103.141910248  114.126606614  120.920381831  124.87679966  127.056744075  128.196923269  128.764328033  129.033386259  129.154877732  129.206445039  129.225003947  129.225003947  129.206445039  129.154877732  129.033386259  128.764328033  128.196923269  127.056744075  124.87679966  120.920381831  114.126606614  103.141910248  86.5367895599  63.3146174883  33.7178106032  
19.2480664956  36.4299429702  50.2639125458  60.4412961143  67.3610582345  71.7480605417  74.3585918605  75.823720939  76.6020561041  76.9944935086  77.1826359117  77.2683699757  77.3050295496  77.3182920384  77.3182920384  77.3050295496  77.2683699757  77.1826359117  76.9944935086  76.6020561041  75.823720939  74.3585918605  71.7480605417  67.3610582345  60.4412961143  50.2639125458  36.4299429702  19.2480664956  
10.5727367183  20.1139981569  27.934370695  33.8083928623  37.8869965806  40.5243213564  42.1218905782  43.0326717727  43.5231368352  43.7733361588  43.8944903235  43.9501674513  43.9741401349  43.982855623  43.982855623  43.9741401349  43.9501674513  43.8944903235  43.7733361588  43.5231368352  43.0326717727  42.1218905782  40.5243213564  37.8869965806  33.8083928623  27.934370695  20.1139981569  10.5727367183  
5.56954011095  10.6332465981  14.8367277885  18.0431927371  20.3060365193  21.7925337754  22.706288148  23.2341670948  23.521792849  23.6700363536  23.7424654135  23.7760074348  23.7905417028  23.7958499193  23.7958499193  23.7905417028  23.7760074348  23.7424654135  23.6700363536  23.521792849  23.2341670948  22.706288148  21.7925337754  20.3060365193  18.0431927371  14.8367277885  10.6332465981  5.56954011095  
2.80866125646  5.37577534518  7.52672709214  9.18681450037  10.3733234434  11.1627156861  11.6538575456  11.9407741464  12.0986909349  12.1808169137  12.2212616489  12.2401213772  12.2483408927  12.2513553525  12.2513553525  12.2483408927  12.2401213772  12.2212616489  12.1808169137  12.0986909349  11.9407741464  11.6538575456  11.1627156861  10.3733234434  9.18681450037  7.52672709214  5.37577534518  2.80866125646  
1.35475115633  2.59781403478  3.64667338779  4.46350947124  5.05321007636  5.44959145793  5.69868612793  5.84557596766  5.9271240792  5.96986648205  5.99106338537  6.00100858768  6.00536546572  6.00696934278  6.00696934278  6.00536546572  6.00100858768  5.99106338537  5.96986648205  5.9271240792  5.84557596766  5.69868612793  5.44959145793  5.05321007636  4.46350947124  3.64667338779  2.59781403478  1.35475115633  
0.624888303961  1.19994472794  1.68777260519  2.07037801555  2.34881627634  2.53754771253  2.65713715876  2.72821894075  2.76797352847  2.7889518875  2.79941935449  2.80435726142  2.80653051886  2.80733324782  2.80733324782  2.80653051886  2.80435726142  2.79941935449  2.7889518875  2.76797352847  2.72821894075  2.65713715876  2.53754771253  2.34881627634  2.07037801555  1.68777260519  1.19994472794  0.624888303961  
0.275683153275  0.529957473279  0.746568956508  0.917413450927  1.04255142371  1.12795692744  1.18244873915  1.21505498159  1.23340651761  1.24314741023  1.24803381163  1.2503499744  1.25137354093  1.25175274694  1.25175274694  1.25137354093  1.2503499744  1.24803381163  1.24314741023  1.23340651761  1.21505498159  1.18244873915  1.12795692744  1.04255142371  0.917413450927  0.746568956508  0.529957473279  0.275683153275  
0.116382013573  0.223917653014  0.315831041357  0.388651923033  0.442272850598  0.479076752475  0.502694950396  0.516907604426  0.524950164327  0.529240758389  0.53140312841  0.532432410931  0.532888922344  0.533058497951  0.533058497951  0.532888922344  0.532432410931  0.53140312841  0.529240758389  0.524950164327  0.516907604426  0.502694950396  0.479076752475  0.442272850598  0.388651923033  0.315831041357  0.223917653014  0.116382013573  
0.0470449466208  0.0905758982274  0.127882810131  0.157548716434  0.179487794248  0.194617312105  0.204373611325  0.210272916695  0.213626670662  0.215423687201  0.216333023041  0.216767459595  0.216960756249  0.21703272644  0.21703272644  0.216960756249  0.216767459595  0.216333023041  0.215423687201  0.213626670662  0.210272916695  0.204373611325  0.194617312105  0.179487794248  0.157548716434  0.127882810131  0.0905758982274  0.0470449466208  
0.0182233685947  0.0351050047008  0.0496045303658  0.0611690535062  0.0697522143006  0.0756946612552  0.0795423776328  0.0818784971989  0.0832118662485  0.0839290169324  0.0842931934057  0.0844677391692  0.0845456177596  0.0845746740156  0.0845746740156  0.0845456177596  0.0844677391692  0.0842931934057  0.0839290169324  0.0832118662485  0.0818784971989  0.0795423776328  0.0756946612552  0.0697522143006  0.0611690535062  0.0496045303658  0.0351050047008  0.0182233685947  
0.00677024179534  0.0130479293606  0.0184494767994  0.0227683672877  0.0259834412985  0.0282167397547  0.0296678137993  0.0305519036326  0.0310582323866  0.0313314496896  0.0314706169316  0.0315375053029  0.0315674222867  0.0315786043369  0.0315786043369  0.0315674222867  0.0315375053029  0.0314706169316  0.0313314496896  0.0310582323866  0.0305519036326  0.0296678137993  0.0282167397547  0.0259834412985  0.0227683672877  0.0184494767994  0.0130479293606  0.00677024179534  
0.00241452275335  0.00465512614833  0.00658588981902  0.00813286289519  0.00928735381906  0.0100915449504  0.0106156038481  0.0109358478832  0.0111197934859  0.0112193310438  0.0112701664516  0.0112946591948  0.0113056372879  0.0113097470123  0.0113097470123  0.0113056372879  0.0112946591948  0.0112701664516  0.0112193310438  0.0111197934859  0.0109358478832  0.0106156038481  0.0100915449504  0.00928735381906  0.00813286289519  0.00658588981902  0.00465512614833  0.00241452275335  
0.00082739416082  0.00159568803601  0.00225856055263  0.00279059197057  0.00318848100894  0.00346629722961  0.00364779284958  0.00375898498607  0.00382301381058  0.0038577455965  0.00387552437534  0.0038841083839  0.00388796299432  0.00388940796427  0.00388940796427  0.00388796299432  0.0038841083839  0.00387552437534  0.0038577455965  0.00382301381058  0.00375898498607  0.00364779284958  0.00346629722961  0.00318848100894  0.00279059197057  0.00225856055263  0.00159568803601  0.00082739416082  
0.000272680220864  0.000526020258406  0.000744825669283  0.000920698811689  0.00105246350856  0.00114464978879  0.00120500324095  0.00124205915442  0.00126344359407  0.00127506764261  0.0012810296376  0.00128391348695  0.00128521053324  0.00128569732816  0.00128569732816  0.00128521053324  0.00128391348695  0.0012810296376  0.00127506764261  0.00126344359407  0.00124205915442  0.00120500324095  0.00114464978879  0.00105246350856  0.000920698811689  0.000744825669283  0.000526020258406  0.000272680220864  
8.65086162486e-05  0.000166918104048  0.000236427223022  0.000292366750396  0.000334340217922  0.000363756188017  0.000383049649199  0.00039491761906  0.000401779171582  0.0004055156501  0.000407435363224  0.000408365399312  0.000408784268697  0.000408941634165  0.000408941634165  0.000408784268697  0.000408365399312  0.000407435363224  0.0004055156501  0.000401779171582  0.00039491761906  0.000383049649199  0.000363756188017  0.000334340217922  0.000292366750396  0.000236427223022  0.000166918104048  8.65086162486e-05  
2.64441128018e-05  5.10332720436e-05  7.23048309374e-05  8.94416270109e-05  0.000102316496611  0.000111352613137  0.000117288474635  0.000120945629589  0.000123063401793  0.000124218418941  0.000124812706118  0.000125101005976  0.000125231002824  0.000125279883742  0.000125279883742  0.000125231002824  0.000125101005976  0.000124812706118  0.000124218418941  0.000123063401793  0.000120945629589  0.000117288474635  0.000111352613137  0.000102316496611  8.94416270109e-05  7.23048309374e-05  5.10332720436e-05  2.64441128018e-05  
7.79568331659e-06  1.50468816155e-05  2.13236648563e-05  2.63848427771e-05  3.01914486653e-05  3.28663850605e-05  3.4625890609e-05  3.57114207226e-05  3.63408788943e-05  3.6684632533e-05  3.68617233278e-05  3.69477318622e-05  3.6986552465e-05  3.70011603231e-05  3.70011603231e-05  3.6986552465e-05  3.69477318622e-05  3.68617233278e-05  3.6684632533e-05  3.63408788943e-05  3.57114207226e-05  3.4625890609e-05  3.28663850605e-05  3.01914486653e-05  2.63848427771e-05  2.13236648563e-05  1.50468816155e-05  7.79568331659e-06  
2.21828266609e-06  4.28219699764e-06  6.06970922963e-06  7.51212041312e-06  8.5979880203e-06  9.36183842065e-06  9.86484616097e-06  1.01755375191e-05  1.03559036923e-05  1.04545136039e-05  1.05053678561e-05  1.05300903705e-05  1.05412583981e-05  1.05454634015e-05  1.05454634015e-05  1.05412583981e-05  1.05300903705e-05  1.05053678561e-05  1.04545136039e-05  1.03559036923e-05  1.01755375191e-05  9.86484616097e-06  9.36183842065e-06  8.5979880203e-06  7.51212041312e-06  6.06970922963e-06  4.28219699764e-06  2.21828266609e-06  
6.09796373536e-07  1.17728920421e-06  1.66900287483e-06  2.06603708135e-06  2.36516419405e-06  2.57577153776e-06  2.71459227777e-06  2.80042146042e-06  2.85029662229e-06  2.87759008635e-06  2.89167810171e-06  2.89853244006e-06  2.90163093159e-06  2.90279816806e-06  2.90279816806e-06  2.90163093159e-06  2.89853244006e-06  2.89167810171e-06  2.87759008635e-06  2.85029662229e-06  2.80042146042e-06  2.71459227777e-06  2.57577153776e-06  2.36516419405e-06  2.06603708135e-06  1.66900287483e-06  1.17728920421e-06  6.09796373536e-07  
1.62051127723e-07  3.12889757155e-07  4.43635810923e-07  5.49263248463e-07  6.28895960646e-07  6.85005283664e-07  7.22019202462e-07  7.44922814805e-07  7.58242938365e-07  7.65537912341e-07  7.69306109667e-07  7.71140692694e-07  7.71970480501e-07  7.72283197719e-07  7.72283197719e-07  7.71970480501e-07  7.71140692694e-07  7.69306109667e-07  7.65537912341e-07  7.58242938365e-07  7.44922814805e-07  7.22019202462e-07  6.85005283664e-07  6.28895960646e-07  5.49263248463e-07  4.43635810923e-07  3.12889757155e-07  1.62051127723e-07  
4.15527024249e-08  8.02366461266e-08  1.13778244562e-07  1.40888021993e-07  1.61337394396e-07  1.75755056365e-07  1.85272385108e-07  1.91165579315e-07  1.94595211789e-07  1.96474712028e-07  1.97446140509e-07  1.97919341227e-07  1.98133466797e-07  1.98214188537e-07  1.98214188537e-07  1.98133466797e-07  1.97919341227e-07  1.97446140509e-07  1.96474712028e-07  1.94595211789e-07  1.91165579315e-07  1.85272385108e-07  1.75755056365e-07  1.61337394396e-07  1.40888021993e-07  1.13778244562e-07  8.02366461266e-08  4.15527024249e-08  
9.79587990246e-09  1.89166155144e-08  2.682684235e-08  3.322244149e-08  3.80488058923e-08  4.14532338072e-08  4.37017053844e-08  4.50947023031e-08  4.590579307e-08  4.635050098e-08  4.65804523524e-08  4.66925096121e-08  4.67432323291e-08  4.67623582132e-08  4.67623582132e-08  4.67432323291e-08  4.66925096121e-08  4.65804523524e-08  4.635050098e-08  4.590579307e-08  4.50947023031e-08  4.37017053844e-08  4.14532338072e-08  3.80488058923e-08  3.322244149e-08  2.682684235e-08  1.89166155144e-08  9.79587990246e-09  
