1000.0  1000.0  1000.0  1000.0  1000.0  1000.0  1000.0  1000.0  1000.0  1000.0  1000.0  1000.0  1000.0  1000.0  1000.0  1000.0  1000.0  1000.0  1000.0  1000.0  1000.0  1000.0  1000.0  1000.0  1000.0  1000.0  1000.0  1000.0  
288.674923603  472.803460307  582.855256542  649.287429504  690.490073581  716.724374512  733.763900551  744.971558169  752.384183445  757.277827993  760.470683249  762.491391971  763.675526166  764.221474993  764.221474993  763.675526166  762.491391971  760.470683249  757.277827993  752.384183445  744.971558169  733.763900551  716.724374512  690.490073581  649.287429504  582.855256542  472.803460307  288.674923603  
189.432734861  337.015357055  440.978580614  511.58451822  559.069961719  591.012957429  612.553025  627.093784588  636.889112992  643.441793991  647.758331824  650.509126577  652.128710234  652.877497072  652.877497072  652.128710234  650.509126577  647.758331824  643.441793991  636.889112992  627.093784588  612.553025  591.012957429  559.069961719  511.58451822  440.978580614  337.015357055  189.432734861  
132.873107404  246.493314608  334.88476367  400.156416765  447.013313483  480.121724017  503.279639977  519.343717813  530.387509121  537.889071242  542.887621669  546.10001115  548.002465826  548.885092953  548.885092953  548.002465826  546.10001115  542.887621669  537.889071242  530.387509121  519.343717813  503.279639977  480.121724017  447.013313483  400.156416765  334.88476367  246.493314608  132.873107404  
96.5934994266  183.231768545  254.903539837  311.035025289  353.419707547  384.631203566  407.19304691  423.254823708  434.523735374  442.300598776  447.546518388  450.949136451  452.977401533  453.922074271  453.922074271  452.977401533  450.949136451  447.546518388  442.300598776  434.523735374  423.254823708  407.19304691  384.631203566  353.419707547  311.035025289  254.903539837  183.231768545  96.5934994266  
71.4312688324  137.235554848  193.848834758  240.064024688  276.333608678  303.957016593  324.500414992  339.472634956  350.180322878  357.685069017  362.810005202  366.165680469  368.179522554  369.121320244  369.121320244  368.179522554  366.165680469  362.810005202  357.685069017  350.180322878  339.472634956  324.500414992  303.957016593  276.333608678  240.064024688  193.848834758  137.235554848  71.4312688324  
53.1308253204  102.872902704  146.790152406  183.717513057  213.561477249  236.9150108  254.703789755  267.938485974  277.56997142  284.418992819  289.151625514  292.279179654  294.168735071  295.056029603  295.056029603  294.168735071  292.279179654  289.151625514  284.418992819  277.56997142  267.938485974  254.703789755  236.9150108  213.561477249  183.717513057  146.790152406  102.872902704  53.1308253204  
39.4669460232  76.8033705591  110.357197813  139.182566555  163.007257565  182.058918138  196.863177654  208.075068824  216.361945719  222.333293026  226.505088861  229.286264379  230.977390119  231.774654148  231.774654148  230.977390119  229.286264379  226.505088861  222.333293026  216.361945719  208.075068824  196.863177654  182.058918138  163.007257565  139.182566555  110.357197813  76.8033705591  39.4669460232  
29.1420330726  56.9068455057  82.1738125897  104.227260808  122.772794564  137.862407938  149.783222249  158.949510885  165.81717316  170.824947722  174.358906991  176.734080305  178.18706714  178.874626559  178.874626559  178.18706714  176.734080305  174.358906991  170.824947722  165.81717316  158.949510885  149.783222249  137.862407938  122.772794564  104.227260808  82.1738125897  56.9068455057  29.1420330726  
21.3214726252  41.737728944  60.4881216269  77.0507040787  91.1677119142  102.815351727  112.143646603  119.409584546  124.918145362  128.977380211  131.868038702  133.825318851  135.029339291  135.601064264  135.601064264  135.029339291  133.825318851  131.868038702  128.977380211  124.918145362  119.409584546  112.143646603  102.815351727  91.1677119142  77.0507040787  60.4881216269  41.737728944  21.3214726252  
15.4220852904  30.2441229504  43.950471022  56.1692787502  66.6951289963  75.4783230069  82.5927205338  88.1951492998  92.4861684878  95.6776210389  97.9687801467  99.5305669426  100.496176016  100.956148826  100.956148826  100.496176016  99.5305669426  97.9687801467  95.6776210389  92.4861684878  88.1951492998  82.5927205338  75.4783230069  66.6951289963  56.1692787502  43.950471022  30.2441229504  15.4220852904  
11.0098994124  21.6210681365  31.4852839079  40.3422993808  48.0371017722  54.5172770761  59.8159467195  64.0274026584  67.2816116243  69.7216499937  71.4859860467  72.6959032133  73.4473871517  73.806391349  73.806391349  73.4473871517  72.6959032133  71.4859860467  69.7216499937  67.2816116243  64.0274026584  59.8159467195  54.5172770761  48.0371017722  40.3422993808  31.4852839079  21.6210681365  11.0098994124  
7.74832745234  15.2322495791  22.2180704044  28.5264517838  34.0446924472  38.7271245938  42.5861192948  45.6775638667  48.084569701  49.9022075818  51.2248634946  52.1367599994  52.7054681866  52.9778599599  52.9778599599  52.7054681866  52.1367599994  51.2248634946  49.9022075818  48.084569701  45.6775638667  42.5861192948  38.7271245938  34.0446924472  28.5264517838  22.2180704044  15.2322495791  7.74832745234  
5.37053727954  10.5667050357  15.4329752572  19.8475718451  23.73087004  27.0466808547  29.7975429155  32.0161083432  33.7548650927  35.0760314112  36.0428067761  36.7125198777  37.1317208303  37.3329702506  37.3329702506  37.1317208303  36.7125198777  36.0428067761  35.0760314112  33.7548650927  32.0161083432  29.7975429155  27.0466808547  23.73087004  19.8475718451  15.4329752572  10.5667050357  5.37053727954  
3.66360777101  7.21315276863  10.5461749256  13.5811875742  16.2632727376  18.5654089645  20.4860277608  22.0439249485  23.2718474429  24.2099228014  24.8997568603  25.3796427709  25.6810038537  25.8259811033  25.8259811033  25.6810038537  25.3796427709  24.8997568603  24.2099228014  23.2718474429  22.0439249485  20.4860277608  18.5654089645  16.2632727376  13.5811875742  10.5461749256  7.21315276863  3.66360777101  
2.45838274793  4.84290479389  7.08684645142  9.13648650412  10.954753618  12.5223185947  13.836339615  14.9074687145  15.755890038  16.4071157245  16.8880902737  17.2239333611  17.4354500106  17.537393603  17.537393603  17.4354500106  17.2239333611  16.8880902737  16.4071157245  15.755890038  14.9074687145  13.836339615  12.5223185947  10.954753618  9.13648650412  7.08684645142  4.84290479389  2.45838274793  
1.62204099536  3.1968106238  4.68141542279  6.04097431879  7.25095959542  8.29800665355  9.17927827588  9.90071198463  10.4745968941  10.9169235861  11.2448632386  11.4746070914  11.6196748849  11.6897076642  11.6897076642  11.6196748849  11.4746070914  11.2448632386  10.9169235861  10.4745968941  9.90071198463  9.17927827588  8.29800665355  7.25095959542  6.04097431879  4.68141542279  3.1968106238  1.62204099536  
1.0519885099  2.07411174689  3.03917087434  3.92486824419  4.7152837831  5.40143924142  5.98098141856  6.45716181665  6.83736963967  7.13148521022  7.35027848846  7.50400766034  7.60129986857  7.64833747085  7.64833747085  7.60129986857  7.50400766034  7.35027848846  7.13148521022  6.83736963967  6.45716181665  5.98098141856  5.40143924142  4.7152837831  3.92486824419  3.03917087434  2.07411174689  1.0519885099  
0.670494894877  1.32238170356  1.93866241493  2.50530878383  3.01217879326  3.45339319908  3.82718092142  4.13528897853  4.3821038397  4.57364290417  4.71655486287  4.81722942829  4.88107434683  4.91198162718  4.91198162718  4.88107434683  4.81722942829  4.71655486287  4.57364290417  4.3821038397  4.13528897853  3.82718092142  3.45339319908  3.01217879326  2.50530878383  1.93866241493  1.32238170356  0.670494894877  
0.419893949549  0.828362382239  1.21494203321  1.57094951071  1.8900413231  2.16845688641  2.40494499162  2.6004252016  2.75746754  2.87968360353  2.97111319618  3.03566985326  3.07668417565  3.0965623237  3.0965623237  3.07668417565  3.03566985326  2.97111319618  2.87968360353  2.75746754  2.6004252016  2.40494499162  2.16845688641  1.8900413231  1.57094951071  1.21494203321  0.828362382239  0.419893949549  
0.258336285387  0.509763372227  0.747940497664  0.967580769531  1.16478803862  1.33720940202  1.48400136572  1.60563724063  1.70360270845  1.78003353289  1.83734550794  1.87789564731  1.90369979192  1.91621913439  1.91621913439  1.90369979192  1.87789564731  1.83734550794  1.78003353289  1.70360270845  1.60563724063  1.48400136572  1.33720940202  1.16478803862  0.967580769531  0.747940497664  0.509763372227  0.258336285387  
0.156126708902  0.308140618597  0.45226048027  0.585320916364  0.704971860972  0.809771935332  0.899173543072  0.973414380432  1.03334155547  1.08019920602  1.11540896101  1.14036673097  1.15627160529  1.16399531588  1.16399531588  1.15627160529  1.14036673097  1.11540896101  1.08019920602  1.03334155547  0.973414380432  0.899173543072  0.809771935332  0.704971860972  0.585320916364  0.45226048027  0.308140618597  0.156126708902  
0.0926655047969  0.18292233709  0.268552573922  0.347693189001  0.418952229008  0.481464703412  0.534886412215  0.579333492595  0.615282159137  0.643446086955  0.664648349588  0.679701765321  0.689307267381  0.69397576177  0.69397576177  0.689307267381  0.679701765321  0.664648349588  0.643446086955  0.615282159137  0.579333492595  0.534886412215  0.481464703412  0.418952229008  0.347693189001  0.268552573922  0.18292233709  0.0926655047969  
0.0539787138365  0.106570783687  0.156497680746  0.20268230078  0.24431550002  0.280888823016  0.312192182298  0.338280577061  0.359417760722  0.376006578289  0.388515558913  0.397409772371  0.403091660549  0.405855238916  0.405855238916  0.403091660549  0.397409772371  0.388515558913  0.376006578289  0.359417760722  0.338280577061  0.312192182298  0.280888823016  0.24431550002  0.20268230078  0.156497680746  0.106570783687  0.0539787138365  
0.0307888038064  0.0607948170418  0.0892954595151  0.115680454041  0.139489205217  0.160429524153  0.178376901128  0.193356450591  0.205511791775  0.215066193119  0.222281312793  0.227418065938  0.230702922956  0.23230167465  0.23230167465  0.230702922956  0.227418065938  0.222281312793  0.215066193119  0.205511791775  0.193356450591  0.178376901128  0.160429524153  0.139489205217  0.115680454041  0.0892954595151  0.0607948170418  0.0307888038064  
0.0170530904273  0.0336764409343  0.0494729854629  0.0641066579263  0.0773228226059  0.0889586615064  0.098943038243  0.107286923002  0.114066626983  0.119402697034  0.123437359186  0.126313000156  0.12815353597  0.129049839593  0.129049839593  0.12815353597  0.126313000156  0.123437359186  0.119402697034  0.114066626983  0.107286923002  0.098943038243  0.0889586615064  0.0773228226059  0.0641066579263  0.0494729854629  0.0336764409343  0.0170530904273  
0.00888500698909  0.0175476971091  0.0257825007701  0.0334151374651  0.0403131463331  0.0463913015152  0.0516116473764  0.0559786821434  0.0595308159265  0.0623295472817  0.0644478362634  0.0659589615395  0.0669268318974  0.0673983802559  0.0673983802559  0.0669268318974  0.0659589615395  0.0644478362634  0.0623295472817  0.0595308159265  0.0559786821434  0.0516116473764  0.0463913015152  0.0403131463331  0.0334151374651  0.0257825007701  0.0175476971091  0.00888500698909  
0.00377100783423  0.00744810732051  0.0109444205918  0.0141862112465  0.0171173213416  0.0197014700897  0.0219222979376  0.0237813703569  0.0252946066358  0.0264877350941  0.0273913942831  0.0280364238658  0.0284497587567  0.0286511979006  0.0286511979006  0.0284497587567  0.0280364238658  0.0273913942831  0.0264877350941  0.0252946066358  0.0237813703569  0.0219222979376  0.0197014700897  0.0171173213416  0.0141862112465  0.0109444205918  0.00744810732051  0.00377100783423  
