1000.0  1000.0  1000.0  1000.0  1000.0  1000.0  1000.0  1000.0  1000.0  1000.0  1000.0  1000.0  1000.0  1000.0  1000.0  1000.0  1000.0  1000.0  1000.0  1000.0  1000.0  1000.0  1000.0  1000.0  1000.0  1000.0  1000.0  1000.0  
273.837826307  443.633732944  540.308315374  594.672461792  625.346312176  642.690894777  652.461403042  657.90951746  660.900063804  662.508719262  663.353070517  663.782394934  663.988633919  664.070894862  664.070894862  663.988633919  663.782394934  663.353070517  662.508719262  660.900063804  657.90951746  652.461403042  642.690894777  625.346312176  594.672461792  540.308315374  443.633732944  273.837826307  
169.032376489  296.90564739  382.468482926  436.468266846  469.458041242  489.154091676  500.672365785  507.265600101  510.953198898  512.964185395  514.030554222  514.576950291  514.840910486  514.946574303  514.946574303  514.840910486  514.576950291  514.030554222  512.964185395  510.953198898  507.265600101  500.672365785  489.154091676  469.458041242  436.468266846  382.468482926  296.90564739  169.032376489  
108.775483706  199.110005586  265.754234205  311.388456  341.091185033  359.693560367  370.968513137  377.597841818  381.381484315  383.477004312  384.601531296  385.183055517  385.465923347  385.579660968  385.579660968  385.465923347  385.183055517  384.601531296  383.477004312  381.381484315  377.597841818  370.968513137  359.693560367  341.091185033  311.388456  265.754234205  199.110005586  108.775483706  
70.7830473505  132.474625585  180.836944869  215.905550852  239.87381198  255.494079037  265.266845994  271.159024392  274.589349324  276.519320745  277.568052209  278.115775564  278.384214644  278.492684156  278.492684156  278.384214644  278.115775564  277.568052209  276.519320745  274.589349324  271.159024392  265.266845994  255.494079037  239.87381198  215.905550852  180.836944869  132.474625585  70.7830473505  
45.7394850177  86.7046790727  120.095823982  145.309224744  163.195235834  175.233771336  182.972636918  187.744387108  190.574077547  192.190331606  193.079494582  193.548536771  193.780194724  193.87428141  193.87428141  193.780194724  193.548536771  193.079494582  192.190331606  190.574077547  187.744387108  182.972636918  175.233771336  163.195235834  145.309224744  120.095823982  86.7046790727  45.7394850177  
29.0358213983  55.4748251022  77.5915027863  94.783228773  107.329425638  115.995120632  121.693759576  125.276773102  127.437028061  128.688265662  129.384715659  129.755661455  129.940262872  130.015618477  130.015618477  129.940262872  129.755661455  129.384715659  128.688265662  127.437028061  125.276773102  121.693759576  115.995120632  107.329425638  94.783228773  77.5915027863  55.4748251022  29.0358213983  
17.9888650082  34.545280901  48.6443042741  59.8379211145  68.1861022268  74.0726700954  78.0173785648  80.5394559187  82.0824365937  82.9874968931  83.4967316922  83.770433585  83.9076281453  83.9639052468  83.9639052468  83.9076281453  83.770433585  83.4967316922  82.9874968931  82.0824365937  80.5394559187  78.0173785648  74.0726700954  68.1861022268  59.8379211145  48.6443042741  34.545280901  17.9888650082  
10.8322284725  20.874927297  29.5361745613  36.521382687  41.8190970276  45.6170684352  48.2021368809  49.8785994894  50.9173866682  51.5335942677  51.8837211557  52.0734869836  52.1692510818  52.2087137136  52.2087137136  52.1692510818  52.0734869836  51.8837211557  51.5335942677  50.9173866682  49.8785994894  48.2021368809  45.6170684352  41.8190970276  36.521382687  29.5361745613  20.874927297  10.8322284725  
6.32336972412  12.2163372891  17.3460654253  21.5325633135  24.74958879  27.0868533908  28.6983329064  29.7560773734  30.4187531564  30.8157716563  31.0433493699  31.167637022  31.2307477727  31.2568650411  31.2568650411  31.2307477727  31.167637022  31.0433493699  30.8157716563  30.4187531564  29.7560773734  28.6983329064  27.0868533908  24.74958879  21.5325633135  17.3460654253  12.2163372891  6.32336972412  
3.57261838245  6.91478894746  9.84443297077  12.2573558948  14.1308316726  15.5067511139  16.4655986851  17.1014216916  17.5035701451  17.7466093946  17.8870191142  17.9642294739  18.0036570005  18.0200368265  18.0200368265  18.0036570005  17.9642294739  17.8870191142  17.7466093946  17.5035701451  17.1014216916  16.4655986851  15.5067511139  14.1308316726  12.2573558948  9.84443297077  6.91478894746  3.57261838245  
1.95164462412  3.78267370826  5.39630589156  6.7348820349  7.78284632269  8.55930912859  9.10524118706  9.47039831897  9.70325442785  9.8450566565  9.92754972921  9.97319179459  9.99661794075  10.0063844802  10.0063844802  9.99661794075  9.97319179459  9.92754972921  9.8450566565  9.70325442785  9.47039831897  9.10524118706  8.55930912859  7.78284632269  6.7348820349  5.39630589156  3.78267370826  1.95164462412  
1.03026992069  1.99902669966  2.85634529331  3.57158645383  4.13530871837  4.55602432441  4.8540373921  5.05483806407  5.18379309552  5.26284624252  5.30911790433  5.33485997743  5.34813288218  5.35368408045  5.35368408045  5.34813288218  5.33485997743  5.30911790433  5.26284624252  5.18379309552  5.05483806407  4.8540373921  4.55602432441  4.13530871837  3.57158645383  2.85634529331  1.99902669966  1.03026992069  
0.52545158443  1.02040135308  1.45987778961  1.82820770373  2.12010228489  2.33926114959  2.49547487823  2.6013917491  2.66982738255  2.71202431863  2.73685697523  2.75073950247  2.75792686134  2.76094147019  2.76094147019  2.75792686134  2.75073950247  2.73685697523  2.71202431863  2.66982738255  2.6013917491  2.49547487823  2.33926114959  2.12010228489  1.82820770373  1.45987778961  1.02040135308  0.52545158443  
0.258903752288  0.503123079414  0.720554762891  0.903469055148  1.04908078139  1.15895794298  1.23769148947  1.29136092732  1.32622104414  1.34782459687  1.36059881116  1.36777111296  1.37149800568  1.37306519025  1.37306519025  1.37149800568  1.36777111296  1.36059881116  1.34782459687  1.32622104414  1.29136092732  1.23769148947  1.15895794298  1.04908078139  0.903469055148  0.720554762891  0.503123079414  0.258903752288  
0.123262654903  0.239667736475  0.343532917896  0.431179023832  0.501213443416  0.554283916994  0.592482878171  0.618641183617  0.635709460116  0.646333900132  0.652642532503  0.656198236518  0.658051890428  0.65883315034  0.65883315034  0.658051890428  0.656198236518  0.652642532503  0.646333900132  0.635709460116  0.618641183617  0.592482878171  0.554283916994  0.501213443416  0.431179023832  0.343532917896  0.239667736475  0.123262654903  
0.0567189325673  0.110333023009  0.158258514557  0.198803970572  0.231304314749  0.256020262975  0.273878406363  0.286155843832  0.294198595797  0.299224341352  0.302219590935  0.30391353763  0.304799187378  0.30517322533  0.30517322533  0.304799187378  0.30391353763  0.302219590935  0.299224341352  0.294198595797  0.286155843832  0.273878406363  0.256020262975  0.231304314749  0.198803970572  0.158258514557  0.110333023009  0.0567189325673  
0.0252337769417  0.0491049891966  0.0704757994811  0.0885946351746  0.103156945233  0.114264953721  0.122317223229  0.127872034247  0.131523436623  0.133812861905  0.135181762918  0.135958272309  0.136365304629  0.136537520462  0.136537520462  0.136365304629  0.135958272309  0.135181762918  0.133812861905  0.131523436623  0.127872034247  0.122317223229  0.114264953721  0.103156945233  0.0885946351746  0.0704757994811  0.0491049891966  0.0252337769417  
0.0108586720131  0.0211377764992  0.0303519453012  0.0381782099147  0.0444824878049  0.0493038199628  0.0528087058797  0.0552336770316  0.0568324948856  0.0578379342555  0.0584408373945  0.0587837479898  0.0589639080716  0.0590402576839  0.0590402576839  0.0589639080716  0.0587837479898  0.0584408373945  0.0578379342555  0.0568324948856  0.0552336770316  0.0528087058797  0.0493038199628  0.0444824878049  0.0381782099147  0.0303519453012  0.0211377764992  0.0108586720131  
0.00452183242514  0.00880470457586  0.0126480178535  0.0159174724753  0.0185561985579  0.0205787200043  0.0220525859983  0.0230749468631  0.0237507715894  0.0241768837781  0.0244330460322  0.0245790870945  0.0246559713002  0.0246886009224  0.0246886009224  0.0246559713002  0.0245790870945  0.0244330460322  0.0241768837781  0.0237507715894  0.0230749468631  0.0220525859983  0.0205787200043  0.0185561985579  0.0159174724753  0.0126480178535  0.00880470457586  0.00452183242514  
0.00182311088624  0.00355069715387  0.00510240879572  0.00642417500283  0.00749272152023  0.00831331211297  0.00891256272477  0.00932916787039  0.00960519388757  0.00977962985669  0.0098847286991  0.00994477235631  0.00997643993114  0.00998989689414  0.00998989689414  0.00997643993114  0.00994477235631  0.0098847286991  0.00977962985669  0.00960519388757  0.00932916787039  0.00891256272477  0.00831331211297  0.00749272152023  0.00642417500283  0.00510240879572  0.00355069715387  0.00182311088624  
0.000712032909952  0.00138703177  0.00199379288691  0.00251122672818  0.00293013061311  0.00325236342652  0.00348811194087  0.00365232657162  0.00376134751521  0.00383038304035  0.00387205959817  0.00389591389078  0.00390851507856  0.00391387599518  0.00391387599518  0.00390851507856  0.00389591389078  0.00387205959817  0.00383038304035  0.00376134751521  0.00365232657162  0.00348811194087  0.00325236342652  0.00293013061311  0.00251122672818  0.00199379288691  0.00138703177  0.000712032909952  
0.000269531171391  0.000525132787583  0.000755051360782  0.000951313737338  0.00111040045877  0.00123295136783  0.00132275430099  0.00138541481971  0.00142708813701  0.00145352396027  0.00146951104759  0.00147867657215  0.00148352522161  0.0014855900699  0.0014855900699  0.00148352522161  0.00147867657215  0.00146951104759  0.00145352396027  0.00142708813701  0.00138541481971  0.00132275430099  0.00123295136783  0.00111040045877  0.000951313737338  0.000755051360782  0.000525132787583  0.000269531171391  
9.89405664892e-05  0.000192796105099  0.000277270684334  0.000349440884425  0.000408003608993  0.000453173593316  0.000486319553961  0.00050948191009  0.000524910270128  0.000534712722183  0.000540649900412  0.000544058683071  0.000545864238879  0.000546633844641  0.000546633844641  0.000545864238879  0.000544058683071  0.000540649900412  0.000534712722183  0.000524910270128  0.00050948191009  0.000486319553961  0.000453173593316  0.000408003608993  0.000349440884425  0.000277270684334  0.000192796105099  9.89405664892e-05  
3.52375283598e-05  6.86727597173e-05  9.87814669809e-05  0.000124523584529  0.000145431632946  0.000161575901507  0.000173437124131  0.000181736590129  0.000187272366145  0.000190794392182  0.00019293052481  0.000194158544772  0.000194809726282  0.000195087508693  0.000195087508693  0.000194809726282  0.000194158544772  0.00019293052481  0.000190794392182  0.000187272366145  0.000181736590129  0.000173437124131  0.000161575901507  0.000145431632946  0.000124523584529  9.87814669809e-05  6.86727597173e-05  3.52375283598e-05  
1.2174177351e-05  2.37282935629e-05  3.41374769953e-05  4.30427421395e-05  5.02815823813e-05  5.58764362257e-05  5.99913703337e-05  6.28739477674e-05  6.47989343204e-05  6.60251528533e-05  6.67697523255e-05  6.71982922442e-05  6.74257576232e-05  6.75228583133e-05  6.75228583133e-05  6.74257576232e-05  6.71982922442e-05  6.67697523255e-05  6.60251528533e-05  6.47989343204e-05  6.28739477674e-05  5.99913703337e-05  5.58764362257e-05  5.02815823813e-05  4.30427421395e-05  3.41374769953e-05  2.37282935629e-05  1.2174177351e-05  
4.05351456165e-06  7.90131511687e-06  1.13691336693e-05  1.43375439499e-05  1.67521581668e-05  1.86199251879e-05  1.99948973857e-05  2.09590354277e-05  2.16035486051e-05  2.20145327899e-05  2.22643530106e-05  2.24082726467e-05  2.24847288818e-05  2.25173863527e-05  2.25173863527e-05  2.24847288818e-05  2.24082726467e-05  2.22643530106e-05  2.20145327899e-05  2.16035486051e-05  2.09590354277e-05  1.99948973857e-05  1.86199251879e-05  1.67521581668e-05  1.43375439499e-05  1.13691336693e-05  7.90131511687e-06  4.05351456165e-06  
1.20506980354e-06  2.34915107643e-06  3.38054783463e-06  4.26377944072e-06  4.98261412717e-06  5.53899953686e-06  5.94887417951e-06  6.23649733769e-06  6.42892102347e-06  6.55172141555e-06  6.62642579802e-06  6.66949474282e-06  6.69238973179e-06  6.70217362687e-06  6.70217362687e-06  6.69238973179e-06  6.66949474282e-06  6.62642579802e-06  6.55172141555e-06  6.42892102347e-06  6.23649733769e-06  5.94887417951e-06  5.53899953686e-06  4.98261412717e-06  4.26377944072e-06  3.38054783463e-06  2.34915107643e-06  1.20506980354e-06  
