1000.0  1000.0  1000.0  1000.0  1000.0  1000.0  1000.0  1000.0  1000.0  1000.0  1000.0  1000.0  1000.0  1000.0  1000.0  1000.0  1000.0  1000.0  1000.0  1000.0  1000.0  1000.0  1000.0  1000.0  1000.0  1000.0  1000.0  1000.0  
281.000087409  457.669444244  560.675000515  620.637096702  656.064127457  677.285812978  690.095763191  697.834928473  702.486339748  705.252365725  706.869725085  707.788693501  708.278485018  708.489721868  708.489721868  708.278485018  707.788693501  706.869725085  705.252365725  702.486339748  697.834928473  690.095763191  677.285812978  656.064127457  620.637096702  560.675000515  457.669444244  281.000087409  
178.716364014  315.883387598  410.006962651  471.576927923  510.995207595  535.935625328  551.565878945  561.259199756  567.194636977  570.772384749  572.885445055  574.095000112  574.743075249  575.023482208  575.023482208  574.743075249  574.095000112  572.885445055  570.772384749  567.194636977  561.259199756  551.565878945  535.935625328  510.995207595  471.576927923  410.006962651  315.883387598  178.716364014  
119.945151404  220.999659155  297.519145641  351.886988265  389.007353162  413.662193034  429.683819638  439.892681381  446.272566245  450.1782653  452.512505097  453.860726341  454.587808876  454.90367174  454.90367174  454.587808876  453.860726341  452.512505097  450.1782653  446.272566245  439.892681381  429.683819638  413.662193034  389.007353162  351.886988265  297.519145641  220.999659155  119.945151404  
82.3787554374  155.199766792  213.815554304  257.953625462  289.626289654  311.534556578  326.240156085  335.853499445  341.9838036  345.797048028  348.104874551  349.450925964  350.182076556  350.501142331  350.501142331  350.182076556  349.450925964  348.104874551  345.797048028  341.9838036  335.853499445  326.240156085  311.534556578  289.626289654  257.953625462  213.815554304  155.199766792  82.3787554374  
56.8397158438  108.459438085  151.667716962  185.566208896  210.831875129  228.89515916  241.362010551  249.701842735  255.121611988  258.545369626  260.643590652  261.879621325  262.556023531  262.852592267  262.852592267  262.556023531  261.879621325  260.643590652  258.545369626  255.121611988  249.701842735  241.362010551  228.89515916  210.831875129  185.566208896  151.667716962  108.459438085  56.8397158438  
38.9643111691  74.9338293025  105.833217027  130.796541224  149.948060793  164.00821636  173.941962491  180.722608975  185.205259076  188.078123387  189.859944381  190.919819115  191.504107285  191.761497379  191.761497379  191.504107285  190.919819115  189.859944381  188.078123387  185.205259076  180.722608975  173.941962491  164.00821636  149.948060793  130.796541224  105.833217027  74.9338293025  38.9643111691  
26.3546773555  50.9422209913  72.4434144376  90.1886078127  104.106959222  114.544397527  122.063600447  127.285980558  130.791329107  133.067515019  134.495079258  135.352068969  135.827859203  136.038410613  136.038410613  135.827859203  135.352068969  134.495079258  133.067515019  130.791329107  127.285980558  122.063600447  114.544397527  104.106959222  90.1886078127  72.4434144376  50.9422209913  26.3546773555  
17.5099517901  33.9638048459  48.5351854971  60.7527970248  70.5007051403  77.9361241312  83.3797306041  87.2169303161  89.8270193378  91.5419034397  92.6284363743  93.2862834329  93.6539418178  93.8173438895  93.8173438895  93.6539418178  93.2862834329  92.6284363743  91.5419034397  89.8270193378  87.2169303161  83.3797306041  77.9361241312  70.5007051403  60.7527970248  48.5351854971  33.9638048459  17.5099517901  
11.3934907038  22.1546693582  31.7730575983  39.9346670165  46.5338760683  51.6369699703  55.4232600822  58.1259980432  59.9857967269  61.2205206221  62.0100445749  62.4918081296  62.7627117991  62.8835955242  62.8835955242  62.7627117991  62.4918081296  62.0100445749  61.2205206221  59.9857967269  58.1259980432  55.4232600822  51.6369699703  46.5338760683  39.9346670165  31.7730575983  22.1546693582  11.3934907038  
7.24591957316  14.1154884647  20.298216354  25.5929613528  29.9194461894  33.3024001394  35.8403845172  37.6714881613  38.9441712493  39.7968979629  40.3466564402  40.6844937378  40.8755321864  40.9610925816  40.9610925816  40.8755321864  40.6844937378  40.3466564402  39.7968979629  38.9441712493  37.6714881613  35.8403845172  33.3024001394  29.9194461894  25.5929613528  20.298216354  14.1154884647  7.24591957316  
4.49768933001  8.77391721695  12.6431121461  15.9805181098  18.7306590808  20.9006101609  22.5436647689  23.7398829871  24.5785161877  25.1449634337  25.5128332959  25.7403368787  25.8696392479  25.9277444966  25.9277444966  25.8696392479  25.7403368787  25.5128332959  25.1449634337  24.5785161877  23.7398829871  22.5436647689  20.9006101609  18.7306590808  15.9805181098  12.6431121461  8.77391721695  4.49768933001  
2.72225220647  5.31617261878  7.67298152697  9.71752027844  11.4137971419  12.7622276793  13.7911596343  14.5460657887  15.0792757463  15.4419774935  15.6790586252  15.8265138601  15.9107049807  15.94865345  15.94865345  15.9107049807  15.8265138601  15.6790586252  15.4419774935  15.0792757463  14.5460657887  13.7911596343  12.7622276793  11.4137971419  9.71752027844  7.67298152697  5.31617261878  2.72225220647  
1.60556900468  3.1381139776  4.53519328191  5.75276062531  6.76856410316  7.58106869942  8.20510251382  8.66596569137  8.99359517617  9.21783719216  9.36525604808  9.45741125786  9.51024497319  9.53412463842  9.53412463842  9.51024497319  9.45741125786  9.36525604808  9.21783719216  8.99359517617  8.66596569137  8.20510251382  7.58106869942  6.76856410316  5.75276062531  4.53519328191  3.1381139776  1.60556900468  
0.922378053925  1.80403684675  2.60992128534  3.31490310285  3.90576840637  4.38082774145  4.74770433268  5.02018252693  5.21497593016  5.34902323064  5.43759484111  5.49321402598  5.52521881886  5.539719916  5.539719916  5.52521881886  5.49321402598  5.43759484111  5.34902323064  5.21497593016  5.02018252693  4.74770433268  4.38082774145  3.90576840637  3.31490310285  2.60992128534  1.80403684675  0.922378053925  
0.516012253825  1.00980714467  1.46215514896  1.85909617871  2.19305882592  2.46273696036  2.67198016869  2.82813958201  2.94032154226  3.01788684722  3.06936815883  3.10182656933  3.12056563899  3.12907491551  3.12907491551  3.12056563899  3.10182656933  3.06936815883  3.01788684722  2.94032154226  2.82813958201  2.67198016869  2.46273696036  2.19305882592  1.85909617871  1.46215514896  1.00980714467  0.516012253825  
0.281080200255  0.550311363079  0.797393768395  1.01477361796  1.1982530039  1.34696156476  1.46280761584  1.54962676126  1.61226080473  1.65574834887  1.6847263487  1.70306221428  1.71367918665  1.71850982437  1.71850982437  1.71367918665  1.70306221428  1.6847263487  1.65574834887  1.61226080473  1.54962676126  1.46280761584  1.34696156476  1.1982530039  1.01477361796  0.797393768395  0.550311363079  0.281080200255  
0.149077254249  0.291982196063  0.423330768036  0.539141464147  0.637157923975  0.716849705314  0.779144929787  0.826000848609  0.85992952457  0.883573151395  0.899383529237  0.909419515025  0.915245936035  0.91790161267  0.91790161267  0.915245936035  0.909419515025  0.899383529237  0.883573151395  0.85992952457  0.826000848609  0.779144929787  0.716849705314  0.637157923975  0.539141464147  0.423330768036  0.291982196063  0.149077254249  
0.0769890824628  0.150839342268  0.218804904014  0.278841286637  0.32977124027  0.371291504148  0.403844732595  0.42840735261  0.446251079717  0.458725984735  0.467093904199  0.472420736618  0.475520525963  0.476935650851  0.476935650851  0.475520525963  0.472420736618  0.467093904199  0.458725984735  0.446251079717  0.42840735261  0.403844732595  0.371291504148  0.32977124027  0.278841286637  0.218804904014  0.150839342268  0.0769890824628  
0.0387200599186  0.0758823673845  0.110120906484  0.140412790669  0.166161215408  0.187201385395  0.203740242117  0.216253877757  0.225370457897  0.231762280981  0.236061660918  0.238805493364  0.240405545652  0.241137045581  0.241137045581  0.240405545652  0.238805493364  0.236061660918  0.231762280981  0.225370457897  0.216253877757  0.203740242117  0.187201385395  0.166161215408  0.140412790669  0.110120906484  0.0758823673845  0.0387200599186  
0.0189673025164  0.0371802732846  0.0539760899351  0.0688560453057  0.0815259501466  0.0919000291086  0.100073081109  0.106271940762  0.110799360115  0.113981670953  0.11612748373  0.117500026156  0.1183019256  0.118668999551  0.118668999551  0.1183019256  0.117500026156  0.11612748373  0.113981670953  0.110799360115  0.106271940762  0.100073081109  0.0919000291086  0.0815259501466  0.0688560453057  0.0539760899351  0.0371802732846  0.0189673025164  
0.00905164603331  0.0177469026447  0.0257720775745  0.0328901898246  0.0389601407684  0.0439389576107  0.0478691818095  0.0508564058957  0.053043009881  0.0545834234337  0.0556243933143  0.0562915839314  0.0566820437896  0.0568609834264  0.0568609834264  0.0566820437896  0.0562915839314  0.0556243933143  0.0545834234337  0.053043009881  0.0508564058957  0.0478691818095  0.0439389576107  0.0389601407684  0.0328901898246  0.0257720775745  0.0177469026447  0.00905164603331  
0.00420922065741  0.00825416097744  0.0119900103087  0.015306990707  0.0181392227461  0.0204659153062  0.0223057657687  0.023706794566  0.0247343438082  0.0254596760937  0.0259507952444  0.026266138855  0.0264509665446  0.0265357561934  0.0265357561934  0.0264509665446  0.026266138855  0.0259507952444  0.0254596760937  0.0247343438082  0.023706794566  0.0223057657687  0.0204659153062  0.0181392227461  0.015306990707  0.0119900103087  0.00825416097744  0.00420922065741  
0.00190773124562  0.00374157799109  0.00543633010078  0.00694240561646  0.00822984796336  0.00928892019575  0.0101276691423  0.010767428061  0.0112374619091  0.011569842541  0.0117952892729  0.0119402813905  0.0120253787946  0.0120644531901  0.0120644531901  0.0120253787946  0.0119402813905  0.0117952892729  0.011569842541  0.0112374619091  0.010767428061  0.0101276691423  0.00928892019575  0.00822984796336  0.00694240561646  0.00543633010078  0.00374157799109  0.00190773124562  
0.00084263346862  0.0016528531245  0.00240201954947  0.00306830090511  0.0036384298486  0.00410798628199  0.00448036002056  0.00476480644592  0.00497411430581  0.00512235921136  0.00522306748952  0.00528793017775  0.00532604506626  0.00534356084881  0.00534356084881  0.00532604506626  0.00528793017775  0.00522306748952  0.00512235921136  0.00497411430581  0.00476480644592  0.00448036002056  0.00410798628199  0.0036384298486  0.00306830090511  0.00240201954947  0.0016528531245  0.00084263346862  
0.000361984015994  0.000710125888936  0.0010321838464  0.00131880527238  0.00156427806963  0.00176665939964  0.00192734420104  0.0020502455523  0.00214080519391  0.0022050350656  0.00224872914989  0.00227690721923  0.00229348323677  0.00230110638641  0.00230110638641  0.00229348323677  0.00227690721923  0.00224872914989  0.0022050350656  0.00214080519391  0.0020502455523  0.00192734420104  0.00176665939964  0.00156427806963  0.00131880527238  0.0010321838464  0.000710125888936  0.000361984015994  
0.00014903466445  0.00029239882457  0.000425073652738  0.000543217705415  0.000644475053979  0.000728030722823  0.000794437860489  0.000845285661285  0.000882796300361  0.000909432667427  0.000927574155269  0.000939286373732  0.000946182570113  0.000949356060949  0.000949356060949  0.000946182570113  0.000939286373732  0.000927574155269  0.000909432667427  0.000882796300361  0.000845285661285  0.000794437860489  0.000728030722823  0.000644475053979  0.000543217705415  0.000425073652738  0.00029239882457  0.00014903466445  
5.28688143016e-05  0.000103733413373  0.000150818911555  0.000192764983069  0.000228734847104  0.000258435545182  0.000282057858334  0.000300159884632  0.000313525172026  0.00032302418138  0.000329499361363  0.000333683139162  0.000336148235103  0.000337283147161  0.000337283147161  0.000336148235103  0.000333683139162  0.000329499361363  0.00032302418138  0.000313525172026  0.000300159884632  0.000282057858334  0.000258435545182  0.000228734847104  0.000192764983069  0.000150818911555  0.000103733413373  5.28688143016e-05  
