1000.0  1000.0  1000.0  1000.0  1000.0  1000.0  1000.0  1000.0  1000.0  1000.0  1000.0  1000.0  1000.0  1000.0  1000.0  1000.0  1000.0  1000.0  1000.0  1000.0  1000.0  1000.0  1000.0  1000.0  1000.0  1000.0  1000.0  1000.0  
277.69675954  451.185374338  551.241706281  608.570258654  641.732122693  661.076750773  672.387818084  678.973438325  682.769360694  684.924665516  686.123937716  686.771726716  687.10123449  687.238522859  687.238522859  687.10123449  686.771726716  686.123937716  684.924665516  682.769360694  678.973438325  672.387818084  661.076750773  641.732122693  608.570258654  551.241706281  451.185374338  277.69675954  
174.211939485  307.041682209  397.143648414  455.122435621  491.451825828  513.83255592  527.418786922  535.538985627  540.307738607  543.052584304  544.595440479  545.435139654  545.864601778  546.044147731  546.044147731  545.864601778  545.435139654  544.595440479  543.052584304  540.307738607  535.538985627  527.418786922  513.83255592  491.451825828  455.122435621  397.143648414  307.041682209  174.211939485  
114.688511783  210.681411882  282.507635942  332.6844748  366.199953342  387.867442268  401.503472625  409.876271823  414.894417891  417.827926835  419.496579198  420.413058343  420.884939607  421.083057986  421.083057986  420.884939607  420.413058343  419.496579198  417.827926835  414.894417891  409.876271823  401.503472625  387.867442268  366.199953342  332.6844748  282.507635942  210.681411882  114.688511783  
76.8404655145  144.3286366  197.999607861  237.721962553  265.596363392  284.356935495  296.548804947  304.227389602  308.922690447  311.711388206  313.31774645  314.208758254  314.670924659  314.865882985  314.865882985  314.670924659  314.208758254  313.31774645  311.711388206  308.922690447  304.227389602  296.548804947  284.356935495  265.596363392  237.721962553  197.999607861  144.3286366  76.8404655145  
51.4438686067  97.8678711448  136.258406866  165.854564467  187.419387805  202.415600729  212.433002698  218.887458428  222.90877376  225.334019942  226.74855526  227.541054689  227.955261564  228.130850664  228.130850664  227.955261564  227.541054689  226.74855526  225.334019942  222.90877376  218.887458428  212.433002698  202.415600729  187.419387805  165.854564467  136.258406866  97.8678711448  51.4438686067  
34.0394376305  65.2667009757  91.7687464931  112.805061484  128.578475624  139.838910156  147.536607737  152.596035863  155.801911523  157.763080759  158.9206139  159.57546188  159.920301832  160.067203213  160.067203213  159.920301832  159.57546188  158.9206139  157.763080759  155.801911523  152.596035863  147.536607737  139.838910156  128.578475624  112.805061484  91.7687464931  65.2667009757  34.0394376305  
22.110209826  42.6106343998  60.3218977466  74.6824267589  85.6890970337  93.7132627138  99.3049503266  103.043510082  105.448101028  106.938215495  107.82746823  108.335182526  108.604469494  108.719729241  108.719729241  108.604469494  108.335182526  107.82746823  106.938215495  105.448101028  103.043510082  99.3049503266  93.7132627138  85.6890970337  74.6824267589  60.3218977466  42.6106343998  22.110209826  
14.0374701776  27.1475345195  38.6181968354  48.0665654938  55.4321088925  60.8928584354  64.7591664253  67.3820560019  69.0912461404  70.1627236722  70.8086024458  71.1805114055  71.3791001391  71.4644800628  71.4644800628  71.3791001391  71.1805114055  70.8086024458  70.1627236722  69.0912461404  67.3820560019  64.7591664253  60.8928584354  55.4321088925  48.0665654938  38.6181968354  27.1475345195  14.0374701776  
8.68649883522  16.8409770097  24.0420949536  30.0447683199  34.7865664934  38.3500167645  40.9064044497  42.6622033991  43.8194019144  44.5522909084  44.9980842649  45.2567803594  45.3957769418  45.455784526  45.455784526  45.3957769418  45.2567803594  44.9980842649  44.5522909084  43.8194019144  42.6622033991  40.9064044497  38.3500167645  34.7865664934  30.0447683199  24.0420949536  16.8409770097  8.68649883522  
5.22938217654  10.1570984792  14.5390411736  18.2253872817  21.1680352383  23.4038250175  25.0253572092  26.1507935348  26.8998404439  27.3785174702  27.6720426437  27.843576446  27.9362647651  27.9764327744  27.9764327744  27.9362647651  27.843576446  27.6720426437  27.3785174702  26.8998404439  26.1507935348  25.0253572092  23.4038250175  21.1680352383  18.2253872817  14.5390411736  10.1570984792  5.22938217654  
3.05894741559  5.94969888138  8.53402941707  10.7237896968  12.4864610769  13.8377680815  14.8267653368  15.519311409  15.9841574488  16.2835656696  16.4684849678  16.5772337993  16.636298613  16.6619841788  16.6619841788  16.636298613  16.5772337993  16.4684849678  16.2835656696  15.9841574488  15.519311409  14.8267653368  13.8377680815  12.4864610769  10.7237896968  8.53402941707  5.94969888138  3.05894741559  
1.73726849992  3.38265688672  4.85978818221  6.11855941741  7.13869651243  7.92654299627  8.50755495147  8.91749426068  9.19466658065  9.37442848088  9.48615982055  9.55223916847  9.5882951828  9.60402413207  9.60402413207  9.5882951828  9.55223916847  9.48615982055  9.37442848088  9.19466658065  8.91749426068  8.50755495147  7.92654299627  7.13869651243  6.11855941741  4.85978818221  3.38265688672  1.73726849992  
0.957477066291  1.86590405378  2.68415145965  3.38465489602  3.95550472469  4.39907087761  4.72828600843  4.96206891336  5.12113671599  5.22492487708  5.28979781703  5.32835784327  5.34948548141  5.358728199  5.358728199  5.34948548141  5.32835784327  5.28979781703  5.22492487708  5.12113671599  4.96206891336  4.72828600843  4.39907087761  3.95550472469  3.38465489602  2.68415145965  1.86590405378  0.957477066291  
0.511974801249  0.998404971864  1.43772597815  1.81524399901  2.1242946956  2.36566443134  2.54578094379  2.67439304501  2.76238094093  2.82009463476  2.85634798787  2.87799335122  2.88989730418  2.89511816126  2.89511816126  2.88989730418  2.87799335122  2.85634798787  2.82009463476  2.76238094093  2.67439304501  2.54578094379  2.36566443134  2.1242946956  1.81524399901  1.43772597815  0.998404971864  0.511974801249  
0.265578807573  0.518195638114  0.746849685322  0.943946375084  1.10591113593  1.23295054412  1.32818775538  1.39651484534  1.44348175744  1.47443128724  1.49395782678  1.50566278118  1.51212136538  1.51496043255  1.51496043255  1.51212136538  1.50566278118  1.49395782678  1.47443128724  1.44348175744  1.39651484534  1.32818775538  1.23295054412  1.10591113593  0.943946375084  0.746849685322  0.518195638114  0.265578807573  
0.133654672899  0.260906102043  0.376296577451  0.476018506417  0.558226976525  0.622943313137  0.671650078518  0.706737410114  0.730955497696  0.746979150833  0.757127917773  0.763233029604  0.766611718184  0.768099950848  0.768099950848  0.766611718184  0.763233029604  0.757127917773  0.746979150833  0.730955497696  0.706737410114  0.671650078518  0.622943313137  0.558226976525  0.476018506417  0.376296577451  0.260906102043  0.133654672899  
0.0652655784469  0.127453210019  0.183930302648  0.232844454763  0.273277066589  0.305205319641  0.329316403408  0.346747074655  0.358821469999  0.36683886216  0.371934176528  0.375008976494  0.37671513779  0.377468031939  0.377468031939  0.37671513779  0.375008976494  0.371934176528  0.36683886216  0.358821469999  0.346747074655  0.329316403408  0.305205319641  0.273277066589  0.232844454763  0.183930302648  0.127453210019  0.0652655784469  
0.0309306589773  0.0604221003702  0.0872398134733  0.110509008786  0.12978764326  0.145051814721  0.156612402186  0.164995643525  0.170821089611  0.17470132195  0.177174817582  0.178671644557  0.179504174828  0.179872152487  0.179872152487  0.179504174828  0.178671644557  0.177174817582  0.17470132195  0.170821089611  0.164995643525  0.156612402186  0.145051814721  0.12978764326  0.110509008786  0.0872398134733  0.0604221003702  0.0309306589773  
0.0142304739938  0.0278064008598  0.0401649899475  0.0509050970854  0.0598208571571  0.0668962276581  0.072268426633  0.0761745648238  0.0788964045613  0.080714392621  0.0818764039161  0.0825813432145  0.082974255245  0.0831481752411  0.0831481752411  0.082974255245  0.0825813432145  0.0818764039161  0.080714392621  0.0788964045613  0.0761745648238  0.072268426633  0.0668962276581  0.0598208571571  0.0509050970854  0.0401649899475  0.0278064008598  0.0142304739938  
0.00635790215821  0.012426266923  0.0179556448178  0.0227673564712  0.0267685159396  0.0299500524541  0.0323710450247  0.0341354828375  0.0353679464047  0.0361931526458  0.0367218611583  0.0370433162329  0.0372228231014  0.0373023842723  0.0373023842723  0.0372228231014  0.0370433162329  0.0367218611583  0.0361931526458  0.0353679464047  0.0341354828375  0.0323710450247  0.0299500524541  0.0267685159396  0.0227673564712  0.0179556448178  0.012426266923  0.00635790215821  
0.0027594706145  0.00539435793972  0.0077971451348  0.00989049660688  0.0116337721987  0.0130223327846  0.0140809864921  0.0148541281126  0.0153953237098  0.0157584690638  0.015991628597  0.0161336700103  0.0162131221675  0.0162483780798  0.0162483780798  0.0162131221675  0.0161336700103  0.015991628597  0.0157584690638  0.0153953237098  0.0148541281126  0.0140809864921  0.0130223327846  0.0116337721987  0.00989049660688  0.0077971451348  0.00539435793972  0.0027594706145  
0.0011639061505  0.00227565926555  0.00329018529142  0.00417494745513  0.00491269001237  0.00550120292714  0.00595064550768  0.00627946976214  0.00651007956565  0.00666511644463  0.00676484619613  0.00682570892897  0.00685980421491  0.00687494935834  0.00687494935834  0.00685980421491  0.00682570892897  0.00676484619613  0.00666511644463  0.00651007956565  0.00627946976214  0.00595064550768  0.00550120292714  0.00491269001237  0.00417494745513  0.00329018529142  0.00227565926555  0.0011639061505  
0.000477257808893  0.000933270744738  0.00134965471275  0.00171309854827  0.00201648725009  0.00225882527898  0.00244416993763  0.00257998908197  0.00267540017146  0.00273965316479  0.00278105409666  0.00280635984306  0.00282055515129  0.0028268665977  0.0028268665977  0.00282055515129  0.00280635984306  0.00278105409666  0.00273965316479  0.00267540017146  0.00257998908197  0.00244416993763  0.00225882527898  0.00201648725009  0.00171309854827  0.00134965471275  0.000933270744738  0.000477257808893  
0.000190298937401  0.000372175572317  0.000538333891549  0.000683477226619  0.000804755350499  0.000901740556879  0.000976012916402  0.00103051561915  0.00106885954172  0.00109472054369  0.00111140872447  0.00112162344367  0.00112736028097  0.00112991309153  0.00112991309153  0.00112736028097  0.00112162344367  0.00111140872447  0.00109472054369  0.00106885954172  0.00103051561915  0.000976012916402  0.000901740556879  0.000804755350499  0.000683477226619  0.000538333891549  0.000372175572317  0.000190298937401  
7.37185508431e-05  0.00014419087368  0.000208602241029  0.000264904607177  0.000311989505906  0.000349680968475  0.000378578371392  0.000399810133467  0.000414766614134  0.000424867432342  0.000431394126221  0.000435394039482  0.000437642882097  0.000438644326743  0.000438644326743  0.000437642882097  0.000435394039482  0.000431394126221  0.000424867432342  0.000414766614134  0.000399810133467  0.000378578371392  0.000349680968475  0.000311989505906  0.000264904607177  0.000208602241029  0.00014419087368  7.37185508431e-05  
2.74631621109e-05  5.37221697031e-05  7.77321121462e-05  9.87312365656e-05  0.000116305254372  0.000130385378165  0.000141190875652  0.000149138394524  0.000154743191549  0.000158532714006  0.000160984118143  0.000162488084267  0.000163334426166  0.000163711556771  0.000163711556771  0.000163334426166  0.000162488084267  0.000160984118143  0.000158532714006  0.000154743191549  0.000149138394524  0.000141190875652  0.000130385378165  0.000116305254372  9.87312365656e-05  7.77321121462e-05  5.37221697031e-05  2.74631621109e-05  
8.97840575241e-06  1.75644102375e-05  2.54173076638e-05  3.22883659306e-05  3.80418227084e-05  4.26544054657e-05  4.61968168693e-05  4.88043545315e-05  5.06448011087e-05  5.18902387032e-05  5.26965897605e-05  5.31916958944e-05  5.34705051133e-05  5.35948027097e-05  5.35948027097e-05  5.34705051133e-05  5.31916958944e-05  5.26965897605e-05  5.18902387032e-05  5.06448011087e-05  4.88043545315e-05  4.61968168693e-05  4.26544054657e-05  3.80418227084e-05  3.22883659306e-05  2.54173076638e-05  1.75644102375e-05  8.97840575241e-06  
