1000.0  1000.0  1000.0  1000.0  1000.0  1000.0  1000.0  1000.0  1000.0  1000.0  1000.0  1000.0  1000.0  1000.0  1000.0  1000.0  1000.0  1000.0  1000.0  1000.0  1000.0  1000.0  1000.0  1000.0  1000.0  1000.0  1000.0  1000.0  
144.815502695  207.594242356  228.011411404  233.461754585  234.696746522  234.93889606  234.980559314  234.986920673  234.987790751  234.987898215  234.987910284  234.987911524  234.987911641  234.987911651  234.987911651  234.987911641  234.987911524  234.987910284  234.987898215  234.987790751  234.986920673  234.980559314  234.93889606  234.696746522  233.461754585  228.011411404  207.594242356  144.815502695  
45.7668292466  69.359091521  77.9845279275  80.4671059033  81.0578414911  81.1774694588  81.1984987909  81.2017555812  81.2022051263  81.202260958  81.2022672463  81.2022678929  81.2022679539  81.2022679592  81.2022679592  81.2022679539  81.2022678929  81.2022672463  81.202260958  81.2022051263  81.2017555812  81.1984987909  81.1774694588  81.0578414911  80.4671059033  77.9845279275  69.359091521  45.7668292466  
12.3465473024  19.2721069992  21.9823154525  22.8006815178  23.0019369075  23.0436174652  23.0510558113  23.0522191673  23.0523807173  23.0524008447  23.0524031138  23.0524033469  23.0524033689  23.0524033708  23.0524033708  23.0524033689  23.0524033469  23.0524031138  23.0524008447  23.0523807173  23.0522191673  23.0510558113  23.0436174652  23.0019369075  22.8006815178  21.9823154525  19.2721069992  12.3465473024  
2.85458029035  4.53170127724  5.21597986595  5.42915083451  5.48274697105  5.49401690881  5.4960484836  5.49636820284  5.49641274777  5.49641830344  5.49641892934  5.49641899351  5.49641899954  5.49641900006  5.49641900006  5.49641899954  5.49641899351  5.49641892934  5.49641830344  5.49641274777  5.49636820284  5.4960484836  5.49401690881  5.48274697105  5.42915083451  5.21597986595  4.53170127724  2.85458029035  
0.571448093364  0.916504623197  1.06107486829  1.10704647787  1.11877587587  1.1212669109  1.12171876234  1.12179011086  1.12180006236  1.12180130265  1.12180144208  1.12180145633  1.12180145766  1.12180145778  1.12180145778  1.12180145766  1.12180145633  1.12180144208  1.12180130265  1.12180006236  1.12179011086  1.12171876234  1.1212669109  1.11877587587  1.10704647787  1.06107486829  0.916504623197  0.571448093364  
0.100178591728  0.161705032069  0.187929576805  0.196381579654  0.198558592396  0.199023749584  0.199108403842  0.199121785461  0.199123650591  0.199123882552  0.199123908542  0.199123911186  0.199123911432  0.199123911453  0.199123911453  0.199123911432  0.199123911186  0.199123908542  0.199123882552  0.199123650591  0.199121785461  0.199108403842  0.199023749584  0.198558592396  0.196381579654  0.187929576805  0.161705032069  0.100178591728  
0.0155447210331  0.02519530062  0.0293545999666  0.0307066541564  0.0310569023864  0.0311319763047  0.0311456532098  0.0311478136259  0.0311481140971  0.0311481513411  0.031148155496  0.0311481559166  0.0311481559555  0.0311481559588  0.0311481559588  0.0311481559555  0.0311481559166  0.031148155496  0.0311481513411  0.0311481140971  0.0311478136259  0.0311456532098  0.0311319763047  0.0310569023864  0.0307066541564  0.0293545999666  0.02519530062  0.0155447210331  
0.00215549748414  0.00350288668178  0.00408766193361  0.00427872385991  0.00432836307178  0.00433901303214  0.00434095178767  0.00434125737394  0.00434129973294  0.00434130496065  0.00434130554083  0.00434130559921  0.00434130560457  0.00434130560502  0.00434130560502  0.00434130560457  0.00434130559921  0.00434130554083  0.00434130496065  0.00434129973294  0.00434125737394  0.00434095178767  0.00433901303214  0.00432836307178  0.00427872385991  0.00408766193361  0.00350288668178  0.00215549748414  
0.000269336809318  0.000438408698818  0.000512085401362  0.000536218600738  0.000542493599184  0.000543838819274  0.000544083176988  0.000544121564039  0.000544126862033  0.000544127512495  0.000544127584258  0.000544127591432  0.000544127592086  0.000544127592141  0.000544127592141  0.000544127592086  0.000544127591432  0.000544127584258  0.000544127512495  0.000544126862033  0.000544121564039  0.000544083176988  0.000543838819274  0.000542493599184  0.000536218600738  0.000512085401362  0.000438408698818  0.000269336809318  
3.0547893316e-05  4.97692663918e-05  5.8161534318e-05  6.09121022827e-05  6.16266851785e-05  6.17795433252e-05  6.18072175504e-05  6.18115462402e-05  6.18121405792e-05  6.18122131188e-05  6.18122210694e-05  6.18122218586e-05  6.181222193e-05  6.18122219359e-05  6.18122219359e-05  6.181222193e-05  6.18122218586e-05  6.18122210694e-05  6.18122131188e-05  6.18121405792e-05  6.18115462402e-05  6.18072175504e-05  6.17795433252e-05  6.16266851785e-05  6.09121022827e-05  5.8161534318e-05  4.97692663918e-05  3.0547893316e-05  
3.16480927918e-06  5.15820289936e-06  6.02881520875e-06  6.31389940691e-06  6.38780293785e-06  6.4035598046e-06  6.40640030119e-06  6.40684231859e-06  6.4069026519e-06  6.4069099676e-06  6.40691076374e-06  6.40691084216e-06  6.4069108492e-06  6.40691084978e-06  6.40691084978e-06  6.4069108492e-06  6.40691084216e-06  6.40691076374e-06  6.4069099676e-06  6.4069026519e-06  6.40684231859e-06  6.40640030119e-06  6.4035598046e-06  6.38780293785e-06  6.31389940691e-06  6.02881520875e-06  5.15820289936e-06  3.16480927918e-06  
3.01154093864e-07  4.90840187108e-07  5.73608006961e-07  6.00653587424e-07  6.07642150835e-07  6.09125892228e-07  6.09392007501e-07  6.09433176761e-07  6.09438759685e-07  6.09439431853e-07  6.09439504448e-07  6.09439511541e-07  6.09439512173e-07  6.09439512224e-07  6.09439512224e-07  6.09439512173e-07  6.09439511541e-07  6.09439504448e-07  6.09439431853e-07  6.09438759685e-07  6.09433176761e-07  6.09392007501e-07  6.09125892228e-07  6.07642150835e-07  6.00653587424e-07  5.73608006961e-07  4.90840187108e-07  3.01154093864e-07  
2.64486797076e-08  4.30946475032e-08  5.03439775668e-08  5.27055319234e-08  5.33132566835e-08  5.34416386336e-08  5.34645316803e-08  5.34680505247e-08  5.34685243555e-08  5.34685809722e-08  5.34685870378e-08  5.34685876255e-08  5.34685876773e-08  5.34685876815e-08  5.34685876815e-08  5.34685876773e-08  5.34685876255e-08  5.34685870378e-08  5.34685809722e-08  5.34685243555e-08  5.34680505247e-08  5.34645316803e-08  5.34416386336e-08  5.33132566835e-08  5.27055319234e-08  5.03439775668e-08  4.30946475032e-08  2.64486797076e-08  
2.15299343665e-09  3.50610089346e-09  4.09376996929e-09  4.28446944307e-09  4.33330703892e-09  4.34356564973e-09  4.3453833282e-09  4.34566077147e-09  4.34569784995e-09  4.34570224494e-09  4.34570271182e-09  4.34570275666e-09  4.34570276058e-09  4.34570276089e-09  4.34570276089e-09  4.34570276058e-09  4.34570275666e-09  4.34570271182e-09  4.34570224494e-09  4.34569784995e-09  4.34566077147e-09  4.3453833282e-09  4.34356564973e-09  4.33330703892e-09  4.28446944307e-09  4.09376996929e-09  3.50610089346e-09  2.15299343665e-09  
1.63058230398e-10  2.65338699981e-10  3.09609085399e-10  3.23909627453e-10  3.27551946572e-10  3.28312270193e-10  3.28446061608e-10  3.28466330933e-10  3.28469018274e-10  3.28469334138e-10  3.28469367397e-10  3.28469370562e-10  3.28469370836e-10  3.28469370858e-10  3.28469370858e-10  3.28469370836e-10  3.28469370562e-10  3.28469367397e-10  3.28469334138e-10  3.28469018274e-10  3.28466330933e-10  3.28446061608e-10  3.28312270193e-10  3.27551946572e-10  3.23909627453e-10  3.09609085399e-10  2.65338699981e-10  1.63058230398e-10  
1.15282008446e-11  1.87423359522e-11  2.18524607672e-11  2.28519711819e-11  2.31050143187e-11  2.31574806262e-11  2.31666451302e-11  2.31680226184e-11  2.31682037256e-11  2.31682248261e-11  2.31682270276e-11  2.31682272351e-11  2.31682272529e-11  2.31682272543e-11  2.31682272543e-11  2.31682272529e-11  2.31682272351e-11  2.31682270276e-11  2.31682248261e-11  2.31682037256e-11  2.31680226184e-11  2.31666451302e-11  2.31574806262e-11  2.31050143187e-11  2.28519711819e-11  2.18524607672e-11  1.87423359522e-11  1.15282008446e-11  
7.63136299154e-13  1.23938868064e-12  1.44379324021e-12  1.50911389856e-12  1.52554357169e-12  1.52892564928e-12  1.5295118256e-12  1.52959920434e-12  1.52961059266e-12  1.52961190743e-12  1.52961204331e-12  1.52961205599e-12  1.52961205707e-12  1.52961205715e-12  1.52961205715e-12  1.52961205707e-12  1.52961205599e-12  1.52961204331e-12  1.52961190743e-12  1.52961059266e-12  1.52959920434e-12  1.5295118256e-12  1.52892564928e-12  1.52554357169e-12  1.50911389856e-12  1.44379324021e-12  1.23938868064e-12  7.63136299154e-13  
4.74279463128e-14  7.69360873786e-14  8.95389235831e-14  9.35419112857e-14  9.45417860419e-14  9.47460498497e-14  9.47811643176e-14  9.47863535889e-14  9.47870238133e-14  9.47871004622e-14  9.47871083065e-14  9.47871090312e-14  9.47871090921e-14  9.47871090968e-14  9.47871090968e-14  9.47871090921e-14  9.47871090312e-14  9.47871083065e-14  9.47871004622e-14  9.47870238133e-14  9.47863535889e-14  9.47811643176e-14  9.47460498497e-14  9.45417860419e-14  9.35419112857e-14  8.95389235831e-14  7.69360873786e-14  4.74279463128e-14  
2.77403971887e-15  4.49419892378e-15  5.22500426681e-15  5.45562546596e-15  5.51280930732e-15  5.52439836838e-15  5.52637369865e-15  5.52666300506e-15  5.52670002149e-15  5.52670421372e-15  5.52670463845e-15  5.52670467728e-15  5.52670468051e-15  5.52670468075e-15  5.52670468075e-15  5.52670468051e-15  5.52670467728e-15  5.52670463845e-15  5.52670421372e-15  5.52670002149e-15  5.52666300506e-15  5.52637369865e-15  5.52439836838e-15  5.51280930732e-15  5.45562546596e-15  5.22500426681e-15  4.49419892378e-15  2.77403971887e-15  
1.53035146788e-16  2.47589981842e-16  2.87535966853e-16  3.00055660423e-16  3.03136185302e-16  3.03755311495e-16  3.03859909868e-16  3.03875087555e-16  3.03877010801e-16  3.03877226439e-16  3.03877248061e-16  3.03877250017e-16  3.03877250178e-16  3.0387725019e-16  3.0387725019e-16  3.03877250178e-16  3.03877250017e-16  3.03877248061e-16  3.03877226439e-16  3.03877010801e-16  3.03875087555e-16  3.03859909868e-16  3.03755311495e-16  3.03136185302e-16  3.00055660423e-16  2.87535966853e-16  2.47589981842e-16  1.53035146788e-16  
7.97876720292e-18  1.28896839704e-17  1.49520736045e-17  1.55938276296e-17  1.57504711099e-17  1.57816820518e-17  1.57869068925e-17  1.5787657802e-17  1.57877520098e-17  1.57877624641e-17  1.57877635013e-17  1.57877635941e-17  1.57877636016e-17  1.57877636022e-17  1.57877636022e-17  1.57877636016e-17  1.57877635941e-17  1.57877635013e-17  1.57877624641e-17  1.57877520098e-17  1.5787657802e-17  1.57869068925e-17  1.57816820518e-17  1.57504711099e-17  1.55938276296e-17  1.49520736045e-17  1.28896839704e-17  7.97876720292e-18  
3.93853666266e-19  6.35289056585e-19  7.36051890893e-19  7.67171927552e-19  7.74704818735e-19  7.76192346667e-19  7.7643902156e-19  7.76474125101e-19  7.76478484239e-19  7.76478962887e-19  7.76479009859e-19  7.76479014015e-19  7.76479014349e-19  7.76479014373e-19  7.76479014373e-19  7.76479014349e-19  7.76479014015e-19  7.76479009859e-19  7.76478962887e-19  7.76478484239e-19  7.76474125101e-19  7.7643902156e-19  7.76192346667e-19  7.74704818735e-19  7.67171927552e-19  7.36051890893e-19  6.35289056585e-19  3.93853666266e-19  
1.84377627239e-20  2.96922141543e-20  3.43587616922e-20  3.57888077854e-20  3.61319880247e-20  3.61991324657e-20  3.62101590865e-20  3.6211712411e-20  3.62119032857e-20  3.62119240184e-20  3.62119260304e-20  3.62119262064e-20  3.62119262204e-20  3.62119262214e-20  3.62119262214e-20  3.62119262204e-20  3.62119262064e-20  3.62119260304e-20  3.62119240184e-20  3.62119032857e-20  3.6211712411e-20  3.62101590865e-20  3.61991324657e-20  3.61319880247e-20  3.57888077854e-20  3.43587616922e-20  2.96922141543e-20  1.84377627239e-20  
8.19812372389e-22  1.31800346413e-21  1.52317933436e-21  1.58554917884e-21  1.60038379989e-21  1.60325874445e-21  1.60372617592e-21  1.60379134141e-21  1.6037992633e-21  1.60380011428e-21  1.60380019593e-21  1.60380020299e-21  1.60380020354e-21  1.60380020358e-21  1.60380020358e-21  1.60380020354e-21  1.60380020299e-21  1.60380019593e-21  1.60380011428e-21  1.6037992633e-21  1.60379134141e-21  1.60372617592e-21  1.60325874445e-21  1.60038379989e-21  1.58554917884e-21  1.52317933436e-21  1.31800346413e-21  8.19812372389e-22  
3.46703135514e-23  5.56415199568e-23  6.42179165053e-23  6.68033419273e-23  6.74126644489e-23  6.75296011106e-23  6.75484195021e-23  6.75510151841e-23  6.75513272731e-23  6.75513604204e-23  6.7551363564e-23  6.75513638325e-23  6.75513638534e-23  6.75513638548e-23  6.75513638548e-23  6.75513638534e-23  6.75513638325e-23  6.7551363564e-23  6.75513604204e-23  6.75513272731e-23  6.75510151841e-23  6.75484195021e-23  6.75296011106e-23  6.74126644489e-23  6.68033419273e-23  6.42179165053e-23  5.56415199568e-23  3.46703135514e-23  
1.39634456417e-24  2.23689509452e-24  2.57816074005e-24  2.6801577733e-24  2.70397021961e-24  2.70849446983e-24  2.70921493323e-24  2.70931323059e-24  2.70932491691e-24  2.70932614383e-24  2.70932625882e-24  2.70932626852e-24  2.70932626927e-24  2.70932626932e-24  2.70932626932e-24  2.70932626927e-24  2.70932626852e-24  2.70932625882e-24  2.70932614383e-24  2.70932491691e-24  2.70931323059e-24  2.70921493323e-24  2.70849446983e-24  2.70397021961e-24  2.6801577733e-24  2.57816074005e-24  2.23689509452e-24  1.39634456417e-24  
5.35518348168e-26  8.56278445916e-26  9.85538469255e-26  1.023832336e-25  1.03268651827e-25  1.03435158852e-25  1.03461391067e-25  1.03464930475e-25  1.03465346464e-25  1.03465389625e-25  1.03465393622e-25  1.03465393955e-25  1.0346539398e-25  1.03465393982e-25  1.03465393982e-25  1.0346539398e-25  1.03465393955e-25  1.03465393622e-25  1.03465389625e-25  1.03465346464e-25  1.03464930475e-25  1.03461391067e-25  1.03435158852e-25  1.03268651827e-25  1.023832336e-25  9.85538469255e-26  8.56278445916e-26  5.35518348168e-26  
