1000.0  1000.0  1000.0  1000.0  1000.0  1000.0  1000.0  1000.0  1000.0  1000.0  1000.0  1000.0  1000.0  1000.0  1000.0  1000.0  1000.0  1000.0  1000.0  1000.0  1000.0  1000.0  1000.0  1000.0  1000.0  1000.0  1000.0  1000.0  
272.848532106  441.701781638  537.520394597  591.143684894  621.20614301  638.069446744  647.478395884  652.667150179  655.47995659  656.97222954  657.743864153  658.130138533  658.312936379  658.385002513  658.385002513  658.312936379  658.130138533  657.743864153  656.97222954  655.47995659  652.667150179  647.478395884  638.069446744  621.20614301  591.143684894  537.520394597  441.701781638  272.848532106  
167.718847472  294.340519722  378.766869744  431.783025442  463.961080713  483.018178494  494.056459859  500.305392182  503.75705183  505.613555821  506.583408389  507.072667795  507.305518219  507.397652591  507.397652591  507.305518219  507.072667795  506.583408389  505.613555821  503.75705183  500.305392182  494.056459859  483.018178494  463.961080713  431.783025442  378.766869744  294.340519722  167.718847472  
107.29846512  196.225619912  261.59194442  306.120170357  334.910231802  352.79422399  363.529542965  369.771812288  373.290233493  375.212111338  376.228160322  376.745471849  376.993379756  377.091914359  377.091914359  376.993379756  376.745471849  376.228160322  375.212111338  373.290233493  369.771812288  363.529542965  352.79422399  334.910231802  306.120170357  261.59194442  196.225619912  107.29846512  
69.2989624041  129.576456942  176.654803273  210.612199563  233.663532787  248.562104351  257.792785901  263.296176633  266.460119173  268.215704898  269.155504928  269.638753834  269.872093812  269.96530085  269.96530085  269.872093812  269.638753834  269.155504928  268.215704898  266.460119173  263.296176633  257.792785901  248.562104351  233.663532787  210.612199563  176.654803273  129.576456942  69.2989624041  
44.3743647601  84.0388468556  116.248992385  140.440344465  157.483046759  168.857876503  176.098254989  180.512520034  183.097301112  184.553245151  185.342281478  185.752067992  185.951471578  186.03153398  186.03153398  185.951471578  185.752067992  185.342281478  184.553245151  183.097301112  180.512520034  176.098254989  168.857876503  157.483046759  140.440344465  116.248992385  84.0388468556  44.3743647601  
27.870977977  53.2001154948  74.3091079347  90.6288157249  102.455542962  110.555042202  115.828470948  119.10658245  121.057977803  122.172520807  122.783606137  123.104039852  123.261149937  123.324553418  123.324553418  123.261149937  123.104039852  122.783606137  122.172520807  121.057977803  119.10658245  115.828470948  110.555042202  102.455542962  90.6288157249  74.3091079347  53.2001154948  27.870977977  
17.0592303017  32.7299041373  46.0247621925  56.5225191247  64.2966144999  69.7314394769  73.3369279216  75.615793732  76.9921963398  77.7882511533  78.2294239954  78.4628588426  78.5781412897  78.6248929556  78.6248929556  78.5781412897  78.4628588426  78.2294239954  77.7882511533  76.9921963398  75.615793732  73.3369279216  69.7314394769  64.2966144999  56.5225191247  46.0247621925  32.7299041373  17.0592303017  
10.1344252371  19.5122814433  27.5699431273  34.0328893039  38.8997719156  42.3587601539  44.6893120691  46.1833184979  47.0971589866  47.6316177993  47.9307108106  48.0902893664  48.1696292439  48.2019529804  48.2019529804  48.1696292439  48.0902893664  47.9307108106  47.6316177993  47.0971589866  46.1833184979  44.6893120691  42.3587601539  38.8997719156  34.0328893039  27.5699431273  19.5122814433  10.1344252371  
5.82870657262  11.2503871166  15.9522710541  19.7685952156  22.6802792526  24.7773246223  26.2084657354  27.1369500098  27.7111230108  28.0502476822  28.2416908197  28.3446086735  28.3960947575  28.4171599822  28.4171599822  28.3960947575  28.3446086735  28.2416908197  28.0502476822  27.7111230108  27.1369500098  26.2084657354  24.7773246223  22.6802792526  19.7685952156  15.9522710541  11.2503871166  5.82870657262  
3.24039778628  6.26605525891  8.90837632084  11.0727238189  12.7411797487  13.9558247999  14.793617131  15.3426863189  15.6854465375  15.8896450287  16.0058174314  16.0686971136  16.1003306624  16.1133237547  16.1133237547  16.1003306624  16.0686971136  16.0058174314  15.8896450287  15.6854465375  15.3426863189  14.793617131  13.9558247999  12.7411797487  11.0727238189  8.90837632084  6.26605525891  3.24039778628  
1.73970458768  3.36881962079  4.79916883952  5.97919159978  6.89639807029  7.57001644568  8.03876364355  8.34861629787  8.5436206618  8.66067269412  8.7277247912  8.76423929798  8.7827023447  8.79031260319  8.79031260319  8.7827023447  8.76423929798  8.7277247912  8.66067269412  8.5436206618  8.34861629787  8.03876364355  7.57001644568  6.89639807029  5.97919159978  4.79916883952  3.36881962079  1.73970458768  
0.901556165764  1.74769157569  2.49370966531  3.11267574938  3.59700952902  3.95529265272  4.20645774822  4.37369724387  4.47968703382  4.54372733156  4.58063519701  4.60084347647  4.6111080814  4.61535250861  4.61535250861  4.6111080814  4.60084347647  4.58063519701  4.54372733156  4.47968703382  4.37369724387  4.20645774822  3.95529265272  3.59700952902  3.11267574938  2.49370966531  1.74769157569  0.901556165764  
0.450893255993  0.874815885528  1.24982653325  1.5623984357  1.80832035561  1.99133080319  2.12042424549  2.20691642204  2.26206309411  2.29557489112  2.31499187704  2.32567471255  2.33112306821  2.33338241001  2.33338241001  2.33112306821  2.32567471255  2.31499187704  2.29557489112  2.26206309411  2.20691642204  2.12042424549  1.99133080319  1.80832035561  1.5623984357  1.24982653325  0.874815885528  0.450893255993  
0.217639840728  0.422550814554  0.604307618115  0.756368742064  0.876545086531  0.966425414329  1.03015910086  1.07308725231  1.10060068722  1.11740397487  1.12718577579  1.13259058935  1.13535711451  1.1365072805  1.1365072805  1.13535711451  1.13259058935  1.12718577579  1.11740397487  1.10060068722  1.07308725231  1.03015910086  0.966425414329  0.876545086531  0.756368742064  0.604307618115  0.422550814554  0.217639840728  
0.101409066749  0.196996920849  0.281970360072  0.353279677538  0.409847779126  0.452332977292  0.482593308875  0.503068064207  0.516249935101  0.524335710636  0.529062231176  0.531683722617  0.533029906617  0.533590852449  0.533590852449  0.533029906617  0.531683722617  0.529062231176  0.524335710636  0.516249935101  0.503068064207  0.482593308875  0.452332977292  0.409847779126  0.353279677538  0.281970360072  0.196996920849  0.101409066749  
0.0456278468316  0.0886771856613  0.127015765953  0.159271707755  0.184939976355  0.204286429475  0.21811841419  0.227514035605  0.233586707581  0.237325924349  0.239519640135  0.240740436866  0.241369140354  0.241631650087  0.241631650087  0.241369140354  0.240740436866  0.239519640135  0.237325924349  0.233586707581  0.227514035605  0.21811841419  0.204286429475  0.184939976355  0.159271707755  0.127015765953  0.0886771856613  0.0456278468316  
0.0198324451722  0.0385588321352  0.0552613370744  0.0693440561597  0.0805803332862  0.0890747835703  0.0951677549125  0.0993204836206  0.102013641702  0.10367748257  0.104656752156  0.105203332109  0.105485536284  0.105603581698  0.105603581698  0.105485536284  0.105203332109  0.104656752156  0.10367748257  0.102013641702  0.0993204836206  0.0951677549125  0.0890747835703  0.0805803332862  0.0693440561597  0.0552613370744  0.0385588321352  0.0198324451722  
0.00833145520724  0.0162034475924  0.0232336139163  0.029171843121  0.0339204769879  0.0375196205855  0.0401084662709  0.0418780746712  0.0430291113563  0.0437423068793  0.044163250521  0.0443988179408  0.0445207190728  0.0445717922148  0.0445717922148  0.0445207190728  0.0443988179408  0.044163250521  0.0437423068793  0.0430291113563  0.0418780746712  0.0401084662709  0.0375196205855  0.0339204769879  0.029171843121  0.0232336139163  0.0162034475924  0.00833145520724  
0.00338445026498  0.00658403478231  0.00944454199478  0.0118644719974  0.0138033376719  0.0152761164511  0.0163380357737  0.0170657515103  0.0175403145431  0.0178351140563  0.0180095441202  0.0181073851065  0.0181581174698  0.0181794033262  0.0181794033262  0.0181581174698  0.0181073851065  0.0180095441202  0.0178351140563  0.0175403145431  0.0170657515103  0.0163380357737  0.0152761164511  0.0138033376719  0.0118644719974  0.00944454199478  0.00658403478231  0.00338445026498  
0.00133019600733  0.00258832896099  0.00371416497469  0.00466785244891  0.00543321252058  0.0060156942035  0.00643655919931  0.00672560678933  0.00691452792355  0.00703215054877  0.00710189933776  0.00714110309839  0.00716146717683  0.00717002221992  0.00717002221992  0.00716146717683  0.00714110309839  0.00710189933776  0.00703215054877  0.00691452792355  0.00672560678933  0.00643655919931  0.0060156942035  0.00543321252058  0.00466785244891  0.00371416497469  0.00258832896099  0.00133019600733  
0.000506115399078  0.000985005745988  0.00141387654194  0.00177758032239  0.00206987660114  0.00229269680875  0.00245398484017  0.00256496934351  0.00263765194174  0.00268299382104  0.00270993296805  0.0027251021803  0.00273299413381  0.00273631331448  0.00273631331448  0.00273299413381  0.0027251021803  0.00270993296805  0.00268299382104  0.00263765194174  0.00256496934351  0.00245398484017  0.00229269680875  0.00206987660114  0.00177758032239  0.00141387654194  0.000985005745988  0.000506115399078  
0.000186526680735  0.00036308099609  0.000521301473725  0.000655610975344  0.00076368328914  0.000846185502289  0.000905998833879  0.000947226250291  0.000974272371809  0.000991174011823  0.00100123295263  0.00100690614747  0.00100986180983  0.00101110613584  0.00101110613584  0.00100986180983  0.00100690614747  0.00100123295263  0.000991174011823  0.000974272371809  0.000947226250291  0.000905998833879  0.000846185502289  0.00076368328914  0.000655610975344  0.000521301473725  0.00036308099609  0.000186526680735  
6.6625628148e-05  0.000129708105216  0.000186272979578  0.00023432995179  0.000273040155474  0.000302628137574  0.00032410865155  0.00033893619298  0.000348678150012  0.000354775392982  0.000358409586391  0.000360462156493  0.00036153283796  0.000361983989527  0.000361983989527  0.00036153283796  0.000360462156493  0.000358409586391  0.000354775392982  0.000348678150012  0.00033893619298  0.00032410865155  0.000302628137574  0.000273040155474  0.00023432995179  0.000186272979578  0.000129708105216  6.6625628148e-05  
2.30770733076e-05  4.49325653645e-05  6.45398868095e-05  8.12102353282e-05  9.4650703395e-05  0.000104934967536  0.000112410177132  0.000117576772129  0.000120975829381  0.000123106069665  0.00012437745194  0.000125096416757  0.000125471857934  0.000125630180133  0.000125630180133  0.000125471857934  0.000125096416757  0.00012437745194  0.000123106069665  0.000120975829381  0.000117576772129  0.000112410177132  0.000104934967536  9.4650703395e-05  8.12102353282e-05  6.45398868095e-05  4.49325653645e-05  2.30770733076e-05  
7.75095672124e-06  1.50932615545e-05  2.16831817668e-05  2.72895438484e-05  3.18132942943e-05  3.52779912932e-05  3.77989701518e-05  3.95433301034e-05  4.06922632676e-05  4.14131638468e-05  4.18439140396e-05  4.20877693915e-05  4.22152314714e-05  4.22690184904e-05  4.22690184904e-05  4.22152314714e-05  4.20877693915e-05  4.18439140396e-05  4.14131638468e-05  4.06922632676e-05  3.95433301034e-05  3.77989701518e-05  3.52779912932e-05  3.18132942943e-05  2.72895438484e-05  2.16831817668e-05  1.50932615545e-05  7.75095672124e-06  
2.50974927686e-06  4.88763129664e-06  7.02264230281e-06  8.83997929151e-06  1.03073849006e-05  1.14321602196e-05  1.22513011596e-05  1.2818639992e-05  1.3192694394e-05  1.342763306e-05  1.35681527546e-05  1.36477784632e-05  1.36894326718e-05  1.37070204369e-05  1.37070204369e-05  1.36894326718e-05  1.36477784632e-05  1.35681527546e-05  1.342763306e-05  1.3192694394e-05  1.2818639992e-05  1.22513011596e-05  1.14321602196e-05  1.03073849006e-05  8.83997929151e-06  7.02264230281e-06  4.88763129664e-06  2.50974927686e-06  
7.28363773298e-07  1.41855874518e-06  2.03843618279e-06  2.5662988194e-06  2.99274454104e-06  3.31981962747e-06  3.55818290796e-06  3.72339586399e-06  3.83240684361e-06  3.90092856255e-06  3.94194370775e-06  3.96520188547e-06  3.97737652398e-06  3.98251937962e-06  3.98251937962e-06  3.97737652398e-06  3.96520188547e-06  3.94194370775e-06  3.90092856255e-06  3.83240684361e-06  3.72339586399e-06  3.55818290796e-06  3.31981962747e-06  2.99274454104e-06  2.5662988194e-06  2.03843618279e-06  1.41855874518e-06  7.28363773298e-07  
