1000.0  1000.0  1000.0  1000.0  1000.0  1000.0  1000.0  1000.0  1000.0  1000.0  1000.0  1000.0  1000.0  1000.0  1000.0  1000.0  1000.0  1000.0  1000.0  1000.0  1000.0  1000.0  1000.0  1000.0  1000.0  1000.0  1000.0  1000.0  
216.380457382  334.308118858  388.513251884  411.064691052  419.696757105  422.747275289  423.743420971  424.044291156  424.128476219  424.150344924  424.155632147  424.156825018  424.157076598  424.157124852  424.157124852  424.157076598  424.156825018  424.155632147  424.150344924  424.128476219  424.044291156  423.743420971  422.747275289  419.696757105  411.064691052  388.513251884  334.308118858  216.380457382  
102.436246654  170.024782614  205.959624715  222.495597569  229.276857877  231.789961187  232.638394805  232.900810441  232.975513601  232.995167904  232.99996521  233.001055354  233.001286522  233.001331038  233.001331038  233.001286522  233.001055354  232.99996521  232.995167904  232.975513601  232.900810441  232.638394805  231.789961187  229.276857877  222.495597569  205.959624715  170.024782614  102.436246654  
45.8435850166  79.0006774721  98.2383968121  107.721403606  111.816297567  113.393028541  113.940672692  114.113689406  114.163737137  114.177065593  114.180349203  114.181100702  114.18126093  114.181291908  114.181291908  114.18126093  114.181100702  114.180349203  114.177065593  114.163737137  114.113689406  113.940672692  113.393028541  111.816297567  107.721403606  98.2383968121  79.0006774721  45.8435850166  
18.9768311998  33.3934955384  42.2286120082  46.79557148  48.8443679653  49.6571381429  49.9460307925  50.0389435449  50.0661936005  50.0735287564  50.0753509029  50.0757706108  50.0758605386  50.0758779875  50.0758779875  50.0758605386  50.0757706108  50.0753509029  50.0735287564  50.0661936005  50.0389435449  49.9460307925  49.6571381429  48.8443679653  46.79557148  42.2286120082  33.3934955384  18.9768311998  
7.20186830977  12.8318622193  16.407483627  18.3184353422  19.2003002343  19.5582875985  19.6878935283  19.7301888075  19.7427367818  19.7461450622  19.7469977184  19.7471951952  19.7472376848  19.7472459542  19.7472459542  19.7472376848  19.7471951952  19.7469977184  19.7461450622  19.7427367818  19.7301888075  19.6878935283  19.5582875985  19.2003002343  18.3184353422  16.407483627  12.8318622193  7.20186830977  
2.50055461985  4.49046013581  5.78509015453  6.49370219197  6.82768679204  6.96569149485  7.01638554699  7.03312385788  7.03813639327  7.03950802499  7.03985316846  7.03993346447  7.0399508001  7.03995418216  7.03995418216  7.0399508001  7.03993346447  7.03985316846  7.03950802499  7.03813639327  7.03312385788  7.01638554699  6.96569149485  6.82768679204  6.49370219197  5.78509015453  4.49046013581  2.50055461985  
0.795335582558  1.43569930853  1.8593779131  2.09534404181  2.20834118761  2.25567563665  2.27326278082  2.27912414948  2.28089264764  2.28137947262  2.28150254419  2.28153127847  2.28153749852  2.28153871421  2.28153871421  2.28153749852  2.28153127847  2.28150254419  2.28137947262  2.28089264764  2.27912414948  2.27326278082  2.25567563665  2.20834118761  2.09534404181  1.8593779131  1.43569930853  0.795335582558  
0.232397304458  0.42101749795  0.547321333885  0.618576314313  0.653112020116  0.667732826543  0.673213939188  0.675054148236  0.675612684119  0.675767159601  0.675806353806  0.675815529653  0.675817519791  0.675817909244  0.675817909244  0.675817519791  0.675815529653  0.675806353806  0.675767159601  0.675612684119  0.675054148236  0.673213939188  0.667732826543  0.653112020116  0.618576314313  0.547321333885  0.42101749795  0.232397304458  
0.0626059205153  0.113707680525  0.148227963435  0.167891252741  0.177509699675  0.181615139258  0.183164955643  0.183688284164  0.18384785942  0.183892153444  0.183903422728  0.183906066217  0.183906640312  0.183906752741  0.183906752741  0.183906640312  0.183906066217  0.183903422728  0.183892153444  0.18384785942  0.183688284164  0.183164955643  0.181615139258  0.177509699675  0.167891252741  0.148227963435  0.113707680525  0.0626059205153  
0.015607337205  0.0283992396425  0.0370968274148  0.0420872881966  0.0445456625932  0.0456016117481  0.0460023878707  0.046138319167  0.0461799141157  0.0461914910097  0.0461944421932  0.0461951353789  0.0461952860336  0.0461953155454  0.0461953155454  0.0461952860336  0.0461951353789  0.0461944421932  0.0461914910097  0.0461799141157  0.046138319167  0.0460023878707  0.0456016117481  0.0445456625932  0.0420872881966  0.0370968274148  0.0283992396425  0.015607337205  
0.00361393606684  0.00658494287671  0.00861488641647  0.00978606646638  0.0103661230505  0.0106164839059  0.0107118978012  0.0107443678024  0.0107543295171  0.0107571074268  0.0107578164912  0.0107579831631  0.0107580193964  0.0107580264933  0.0107580264933  0.0107580193964  0.0107579831631  0.0107578164912  0.0107571074268  0.0107543295171  0.0107443678024  0.0107118978012  0.0106164839059  0.0103661230505  0.00978606646638  0.00861488641647  0.00658494287671  0.00361393606684  
0.000780030497935  0.00142274178238  0.0018634894378  0.00211884700581  0.00224583840679  0.00230085100871  0.00232188130053  0.00232905560914  0.00233126070325  0.00233187638274  0.00233203364915  0.00233207062513  0.00233207866204  0.00233208023541  0.00233208023541  0.00233207866204  0.00233207062513  0.00233203364915  0.00233187638274  0.00233126070325  0.00232905560914  0.00232188130053  0.00230085100871  0.00224583840679  0.00211884700581  0.0018634894378  0.00142274178238  0.000780030497935  
0.000157460713095  0.00028742093256  0.000376789251219  0.000428730650256  0.000454641109808  0.000465896080111  0.000470208267973  0.000471681844224  0.000472135296743  0.000472261990699  0.000472294360131  0.000472301969288  0.00047230362225  0.000472303945586  0.000472303945586  0.00047230362225  0.000472301969288  0.000472294360131  0.000472261990699  0.000472135296743  0.000471681844224  0.000470208267973  0.000465896080111  0.000454641109808  0.000428730650256  0.000376789251219  0.00028742093256  0.000157460713095  
2.98203833157e-05  5.44636663982e-05  7.14447992681e-05  8.13375257981e-05  8.62835745688e-05  8.84362298634e-05  8.92622559213e-05  8.95448331548e-05  8.96318429263e-05  8.96561580496e-05  8.96623691187e-05  8.96638283357e-05  8.96641450424e-05  8.96642069253e-05  8.96642069253e-05  8.96641450424e-05  8.96638283357e-05  8.96623691187e-05  8.96561580496e-05  8.96318429263e-05  8.95448331548e-05  8.92622559213e-05  8.84362298634e-05  8.62835745688e-05  8.13375257981e-05  7.14447992681e-05  5.44636663982e-05  2.98203833157e-05  
5.31356948671e-06  9.70872915617e-06  1.2741914967e-05  1.45119690169e-05  1.53983526292e-05  1.57846387451e-05  1.59330067381e-05  1.59837902177e-05  1.59994295941e-05  1.60037990673e-05  1.60049145595e-05  1.60051763939e-05  1.60052331543e-05  1.60052442299e-05  1.60052442299e-05  1.60052331543e-05  1.60051763939e-05  1.60049145595e-05  1.60037990673e-05  1.59994295941e-05  1.59837902177e-05  1.59330067381e-05  1.57846387451e-05  1.53983526292e-05  1.45119690169e-05  1.2741914967e-05  9.70872915617e-06  5.31356948671e-06  
8.9319956861e-07  1.63250903697e-06  2.14326851259e-06  2.44167924185e-06  2.59127033429e-06  2.65651349878e-06  2.68158405508e-06  2.69016607264e-06  2.69280833332e-06  2.69354611436e-06  2.69373429273e-06  2.69377840994e-06  2.6937879597e-06  2.6937898202e-06  2.6937898202e-06  2.6937879597e-06  2.69377840994e-06  2.69373429273e-06  2.69354611436e-06  2.69280833332e-06  2.69016607264e-06  2.68158405508e-06  2.65651349878e-06  2.59127033429e-06  2.44167924185e-06  2.14326851259e-06  1.63250903697e-06  8.9319956861e-07  
1.41993271821e-07  2.59576160816e-07  3.40867785097e-07  3.88397747445e-07  4.12238405031e-07  4.22639920179e-07  4.26636988101e-07  4.28004850109e-07  4.28425736329e-07  4.28543150316e-07  4.28573062016e-07  4.28580064368e-07  4.2858157755e-07  4.28581871825e-07  4.28581871825e-07  4.2858157755e-07  4.28580064368e-07  4.28573062016e-07  4.28543150316e-07  4.28425736329e-07  4.28004850109e-07  4.26636988101e-07  4.22639920179e-07  4.12238405031e-07  3.88397747445e-07  3.40867785097e-07  2.59576160816e-07  1.41993271821e-07  
2.13958932171e-08  3.91186576251e-08  5.1376609612e-08  5.85464269638e-08  6.21435325799e-08  6.37128726667e-08  6.43157405681e-08  6.45219237065e-08  6.4585307503e-08  6.46029684784e-08  6.46074611414e-08  6.46085110943e-08  6.46087375524e-08  6.46087815059e-08  6.46087815059e-08  6.46087375524e-08  6.46085110943e-08  6.46074611414e-08  6.46029684784e-08  6.4585307503e-08  6.45219237065e-08  6.43157405681e-08  6.37128726667e-08  6.21435325799e-08  5.85464269638e-08  5.1376609612e-08  3.91186576251e-08  2.13958932171e-08  
3.06230080534e-09  5.59925485289e-09  7.3542600516e-09  8.38087308163e-09  8.89587182589e-09  9.12047481088e-09  9.20670240279e-09  9.23616568639e-09  9.24521242095e-09  9.24772952882e-09  9.24836876299e-09  9.24851787015e-09  9.24854996269e-09  9.24855617827e-09  9.24855617827e-09  9.24854996269e-09  9.24851787015e-09  9.24836876299e-09  9.24772952882e-09  9.24521242095e-09  9.23616568639e-09  9.20670240279e-09  9.12047481088e-09  8.89587182589e-09  8.38087308163e-09  7.3542600516e-09  5.59925485289e-09  3.06230080534e-09  
4.17122107045e-10  7.6269583689e-10  1.00175046562e-09  1.14156525234e-09  1.21167637566e-09  1.24223409109e-09  1.25395497088e-09  1.25795523142e-09  1.25918177005e-09  1.25952246759e-09  1.25960882663e-09  1.25962892853e-09  1.25963324527e-09  1.25963407941e-09  1.25963407941e-09  1.25963324527e-09  1.25962892853e-09  1.25960882663e-09  1.25952246759e-09  1.25918177005e-09  1.25795523142e-09  1.25395497088e-09  1.24223409109e-09  1.21167637566e-09  1.14156525234e-09  1.00175046562e-09  7.6269583689e-10  4.17122107045e-10  
5.41698548191e-11  9.90448964979e-11  1.30081661411e-10  1.48227004257e-10  1.57320479557e-10  1.61280371e-10  1.62797521383e-10  1.63314594762e-10  1.63472878248e-10  1.635167632e-10  1.63527864034e-10  1.6353044215e-10  1.63530994438e-10  1.635311009e-10  1.635311009e-10  1.63530994438e-10  1.6353044215e-10  1.63527864034e-10  1.635167632e-10  1.63472878248e-10  1.63314594762e-10  1.62797521383e-10  1.61280371e-10  1.57320479557e-10  1.48227004257e-10  1.30081661411e-10  9.90448964979e-11  5.41698548191e-11  
6.71824963987e-12  1.22828782418e-11  1.61301958223e-11  1.83782022772e-11  1.9503851298e-11  1.99934988769e-11  2.0180844895e-11  2.0244594389e-11  2.02640734791e-11  2.02694631729e-11  2.02708234692e-11  2.02711386292e-11  2.02712059697e-11  2.02712189175e-11  2.02712189175e-11  2.02712059697e-11  2.02711386292e-11  2.02708234692e-11  2.02694631729e-11  2.02640734791e-11  2.0244594389e-11  2.0180844895e-11  1.99934988769e-11  1.9503851298e-11  1.83782022772e-11  1.61301958223e-11  1.22828782418e-11  6.71824963987e-12  
7.96952450704e-13  1.45690620581e-12  1.91297393871e-12  2.17925979788e-12  2.31246314504e-12  2.37033155484e-12  2.39243894615e-12  2.39994827277e-12  2.40223823211e-12  2.40287045353e-12  2.40302963885e-12  2.40306642549e-12  2.4030742645e-12  2.40307576771e-12  2.40307576771e-12  2.4030742645e-12  2.40306642549e-12  2.40302963885e-12  2.40287045353e-12  2.40223823211e-12  2.39994827277e-12  2.39243894615e-12  2.37033155484e-12  2.31246314504e-12  2.17925979788e-12  1.91297393871e-12  1.45690620581e-12  7.96952450704e-13  
9.05553005231e-14  1.65521982114e-13  2.17298024778e-13  2.47501986902e-13  2.62593144332e-13  2.69139842981e-13  2.71636630061e-13  2.72483090312e-13  2.72740664105e-13  2.72811609814e-13  2.72829428059e-13  2.72833534692e-13  2.72834407323e-13  2.72834574193e-13  2.72834574193e-13  2.72834407323e-13  2.72833534692e-13  2.72829428059e-13  2.72811609814e-13  2.72740664105e-13  2.72483090312e-13  2.71636630061e-13  2.69139842981e-13  2.62593144332e-13  2.47501986902e-13  2.17298024778e-13  1.65521982114e-13  9.05553005231e-14  
9.86927822398e-15  1.80367703776e-14  2.36738027986e-14  2.69588840331e-14  2.85980918131e-14  2.93080657265e-14  2.95783371321e-14  2.96697745115e-14  2.96975349806e-14  2.97051623859e-14  2.97070729704e-14  2.97075120767e-14  2.97076051102e-14  2.97076228495e-14  2.97076228495e-14  2.97076051102e-14  2.97075120767e-14  2.97070729704e-14  2.97051623859e-14  2.96975349806e-14  2.96697745115e-14  2.95783371321e-14  2.93080657265e-14  2.85980918131e-14  2.69588840331e-14  2.36738027986e-14  1.80367703776e-14  9.86927822398e-15  
1.03290187492e-15  1.88735796168e-15  2.47662783538e-15  2.81964882875e-15  2.99056461629e-15  3.06446403884e-15  3.09254028907e-15  3.10201802272e-15  3.10488854332e-15  3.1056751977e-15  3.10587170302e-15  3.10591673418e-15  3.105926246e-15  3.10592805429e-15  3.10592805429e-15  3.105926246e-15  3.10591673418e-15  3.10587170302e-15  3.1056751977e-15  3.10488854332e-15  3.10201802272e-15  3.09254028907e-15  3.06446403884e-15  2.99056461629e-15  2.81964882875e-15  2.47662783538e-15  1.88735796168e-15  1.03290187492e-15  
1.03016711863e-16  1.88199173025e-16  2.46895376881e-16  2.81021971024e-16  2.98000128226e-16  3.0532773563e-16  3.08105941582e-16  3.09041644407e-16  3.09324338473e-16  3.09401604031e-16  3.09420850595e-16  3.09425248102e-16  3.09426174119e-16  3.09426349635e-16  3.09426349635e-16  3.09426174119e-16  3.09425248102e-16  3.09420850595e-16  3.09401604031e-16  3.09324338473e-16  3.09041644407e-16  3.08105941582e-16  3.0532773563e-16  2.98000128226e-16  2.81021971024e-16  2.46895376881e-16  1.88199173025e-16  1.03016711863e-16  
