1000.0  1000.0  1000.0  1000.0  1000.0  1000.0  1000.0  1000.0  1000.0  1000.0  1000.0  1000.0  1000.0  1000.0  1000.0  1000.0  1000.0  1000.0  1000.0  1000.0  1000.0  1000.0  1000.0  1000.0  1000.0  1000.0  1000.0  1000.0  
287.817269184  471.107524593  580.35850009  646.042978873  686.563441171  712.189682416  728.700005382  739.458455577  746.500008313  751.096673107  754.06135202  755.917095036  756.994438917  757.487999794  757.487999794  756.994438917  755.917095036  754.06135202  751.096673107  746.500008313  739.458455577  728.700005382  712.189682416  686.563441171  646.042978873  580.35850009  471.107524593  287.817269184  
188.217804277  334.612939718  437.441742853  506.988518634  553.507604454  584.589242853  605.379660109  619.284089628  628.553771959  634.685764578  638.679078572  641.196191128  642.664501175  643.339078037  643.339078037  642.664501175  641.196191128  638.679078572  634.685764578  628.553771959  619.284089628  605.379660109  584.589242853  553.507604454  506.988518634  437.441742853  334.612939718  188.217804277  
131.37785176  243.536580003  330.531861803  394.499972484  440.167545693  472.21586185  494.451166336  509.732100615  520.128971169  527.112787152  531.713543357  534.638338997  536.354620879  537.145917735  537.145917735  536.354620879  534.638338997  531.713543357  527.112787152  520.128971169  509.732100615  494.451166336  472.21586185  440.167545693  394.499972484  330.531861803  243.536580003  131.37785176  
94.9071553105  179.89717447  249.994355839  304.655715637  345.699090441  375.715025589  397.236362793  412.414926189  422.954256513  430.147220784  434.944521246  438.022801588  439.841108425  440.682782709  440.682782709  439.841108425  438.022801588  434.944521246  430.147220784  422.954256513  412.414926189  397.236362793  375.715025589  345.699090441  304.655715637  249.994355839  179.89717447  94.9071553105  
69.6465622862  133.706459101  188.653308578  233.312628565  268.162677875  294.520802031  313.963018126  328.000524908  337.936093467  344.82289932  349.473064146  352.485495859  354.277141837  355.109937821  355.109937821  354.277141837  352.485495859  349.473064146  344.82289932  337.936093467  328.000524908  313.963018126  294.520802031  268.162677875  233.312628565  188.653308578  133.706459101  69.6465622862  
51.3356797869  99.3231662271  141.564242388  176.926640159  205.342778031  227.423642107  244.104815935  256.399351847  265.254222534  271.481709347  275.736811697  278.519129292  280.185199316  280.962859935  280.962859935  280.185199316  278.519129292  275.736811697  271.481709347  265.254222534  256.399351847  244.104815935  227.423642107  205.342778031  176.926640159  141.564242388  99.3231662271  51.3356797869  
37.7376983702  73.3839427027  105.323131463  132.640993811  155.090285113  172.916011268  186.653344743  196.959610184  204.498404085  209.871054949  213.582870016  216.031498514  217.50735425  218.199014844  218.199014844  217.50735425  216.031498514  213.582870016  209.871054949  204.498404085  196.959610184  186.653344743  172.916011268  155.090285113  132.640993811  105.323131463  73.3839427027  37.7376983702  
27.5388160916  53.7366333356  77.5066443857  98.1624647305  115.43285359  129.385898331  140.317567093  148.644256949  154.818381989  159.271117475  162.378641065  164.445520993  165.698939094  166.288597854  166.288597854  165.698939094  164.445520993  162.378641065  159.271117475  154.818381989  148.644256949  140.317567093  129.385898331  115.43285359  98.1624647305  77.5066443857  53.7366333356  27.5388160916  
19.8860118818  38.899240741  56.309319462  71.6205267102  84.5958304764  95.2258464983  103.668518228  110.182733932  115.070351377  118.632648117  121.141512769  122.822775444  123.848121432  124.332195984  124.332195984  123.848121432  122.822775444  121.141512769  118.632648117  115.070351377  110.182733932  103.668518228  95.2258464983  84.5958304764  71.6205267102  56.309319462  38.899240741  19.8860118818  
14.1777692947  27.7836070178  40.3281206779  51.4621935772  60.9983806454  68.8994733868  75.246196535  80.1970238941  83.9498069021  86.7105153114  88.6707397259  89.9932794429  90.8040175974  91.1880173322  91.1880173322  90.8040175974  89.9932794429  88.6707397259  86.7105153114  83.9498069021  80.1970238941  75.246196535  68.8994733868  60.9983806454  51.4621935772  40.3281206779  27.7836070178  14.1777692947  
9.96368337713  19.55227737  28.439631391  36.3846136525  43.2473225808  48.9858457678  53.639076037  57.3026883139  60.1043713582  62.1822619708  63.66836755  64.6771414816  65.2984209856  65.5935527101  65.5935527101  65.2984209856  64.6771414816  63.66836755  62.1822619708  60.1043713582  57.3026883139  53.639076037  48.9858457678  43.2473225808  36.3846136525  28.439631391  19.55227737  9.96368337713  
6.89386060297  13.5426254984  19.7306261999  25.2941373972  30.1327997863  34.209522302  37.541389061  40.1854159544  42.2228527502  43.7447347217  44.8401698892  45.5878014781  46.0501781405  46.270408666  46.270408666  46.0501781405  45.5878014781  44.8401698892  43.7447347217  42.2228527502  40.1854159544  37.541389061  34.209522302  30.1327997863  25.2941373972  19.7306261999  13.5426254984  6.89386060297  
4.69186663259  9.224701716  13.4572967137  17.2802768492  20.6238203936  23.4585504137  25.7907484381  27.653962183  29.0992000013  30.1854738183  30.9717899784  31.5110447873  31.8457984785  32.0056222491  32.0056222491  31.8457984785  31.5110447873  30.9717899784  30.1854738183  29.0992000013  27.653962183  25.7907484381  23.4585504137  20.6238203936  17.2802768492  13.4572967137  9.224701716  4.69186663259  
3.13888476268  6.17556639296  9.0186568718  11.5962583029  13.8610322751  15.7912240646  17.3881586456  18.6713236311  19.6723211505  20.4287988707  20.9791197914  21.3581493406  21.5942253938  21.7071772077  21.7071772077  21.5942253938  21.3581493406  20.9791197914  20.4287988707  19.6723211505  18.6713236311  17.3881586456  15.7912240646  13.8610322751  11.5962583029  9.0186568718  6.17556639296  3.13888476268  
2.06314383025  4.061360746  5.93627150586  7.64137789866  9.14531795317  10.4327294661  11.5029497517  12.3671514057  13.0446556327  13.5591059311  13.9350034987  14.1948855221  14.3572324714  14.4350561059  14.4350561059  14.3572324714  14.1948855221  13.9350034987  13.5591059311  13.0446556327  12.3671514057  11.5029497517  10.4327294661  9.14531795317  7.64137789866  5.93627150586  4.061360746  2.06314383025  
1.33180595781  2.62290142991  3.83651804851  4.94307912299  5.92224962237  6.76357796113  7.46582686983  8.03531572934  8.48369946916  8.82559592944  9.07638156889  9.25035075736  9.35931586734  9.41163875637  9.41163875637  9.35931586734  9.25035075736  9.07638156889  8.82559592944  8.48369946916  8.03531572934  7.46582686983  6.76357796113  5.92224962237  4.94307912299  3.83651804851  2.62290142991  1.33180595781  
0.844083619475  1.66300215542  2.43394473322  3.13841365523  3.76349231187  4.30228909389  4.75359670668  5.12093988633  5.41125316988  5.63343312827  5.79696370265  5.91074393007  5.98217762126  6.01653060927  6.01653060927  5.98217762126  5.91074393007  5.79696370265  5.63343312827  5.41125316988  5.12093988633  4.75359670668  4.30228909389  3.76349231187  3.13841365523  2.43394473322  1.66300215542  0.844083619475  
0.525137006146  1.03495239422  1.51551628229  1.95545736303  2.34673358557  2.6849245579  2.96906022812  3.20107842479  3.38504745607  3.52629662378  3.63057519625  3.70332236639  3.74909036974  3.7711302745  3.7711302745  3.74909036974  3.70332236639  3.63057519625  3.52629662378  3.38504745607  3.20107842479  2.96906022812  2.6849245579  2.34673358557  1.95545736303  1.51551628229  1.03495239422  0.525137006146  
0.320655385405  0.632129204356  0.926053047371  1.19555759311  1.43573309147  1.64381491972  1.81909864675  1.96263394632  2.07677342902  2.16465869922  2.22971529767  2.27520763458  2.30388208666  2.31770712729  2.31770712729  2.30388208666  2.27520763458  2.22971529767  2.16465869922  2.07677342902  1.96263394632  1.81909864675  1.64381491972  1.43573309147  1.19555759311  0.926053047371  0.632129204356  0.320655385405  
0.192149259855  0.37888607144  0.555266961959  0.71721502065  0.861790368585  0.987304340801  1.09327804736  1.18027146605  1.2496251374  1.3031612148  1.34288566397  1.37072243529  1.38829761741  1.39678041535  1.39678041535  1.38829761741  1.37072243529  1.34288566397  1.3031612148  1.2496251374  1.18027146605  1.09327804736  0.987304340801  0.861790368585  0.71721502065  0.555266961959  0.37888607144  0.192149259855  
0.112988980468  0.222840778132  0.326684922349  0.422144707653  0.50749334803  0.581722373652  0.644521774198  0.696185656846  0.737466439936  0.769403763069  0.793152048623  0.809824867847  0.820367216282  0.82546047218  0.82546047218  0.820367216282  0.809824867847  0.793152048623  0.769403763069  0.737466439936  0.696185656846  0.644521774198  0.581722373652  0.50749334803  0.422144707653  0.326684922349  0.222840778132  0.112988980468  
0.0651879693858  0.128588773779  0.188564688025  0.243755087891  0.293165049079  0.336205324456  0.372683019187  0.402750153588  0.426822566244  0.445483606089  0.459386078515  0.469162901607  0.475353111313  0.478346331249  0.478346331249  0.475353111313  0.469162901607  0.459386078515  0.445483606089  0.426822566244  0.402750153588  0.372683019187  0.336205324456  0.293165049079  0.243755087891  0.188564688025  0.128588773779  0.0651879693858  
0.036882844996  0.0727657757575  0.106731285237  0.138014877135  0.166054440523  0.190513076118  0.211274815499  0.228416952297  0.242165636462  0.252842584889  0.260810348608  0.26642203096  0.269979315592  0.271700738367  0.271700738367  0.269979315592  0.26642203096  0.260810348608  0.252842584889  0.242165636462  0.228416952297  0.211274815499  0.190513076118  0.166054440523  0.138014877135  0.106731285237  0.0727657757575  0.036882844996  
0.0204269288355  0.0403054913853  0.0591319463399  0.076485504807  0.0920553055556  0.105653137657  0.117211525538  0.12676907747  0.134446597432  0.140418156145  0.144881152936  0.148028617302  0.150025931709  0.150993125974  0.150993125974  0.150025931709  0.148028617302  0.144881152936  0.140418156145  0.134446597432  0.12676907747  0.117211525538  0.105653137657  0.0920553055556  0.076485504807  0.0591319463399  0.0403054913853  0.0204269288355  
0.0109938546611  0.0216950663901  0.0318345502946  0.0411870545368  0.049585506003  0.0569278874736  0.0631764073952  0.0683499160353  0.0725113698559  0.0757525323617  0.0781780393829  0.0798905681529  0.0809783027075  0.0815053497057  0.0815053497057  0.0809783027075  0.0798905681529  0.0781780393829  0.0757525323617  0.0725113698559  0.0683499160353  0.0631764073952  0.0569278874736  0.049585506003  0.0411870545368  0.0318345502946  0.0216950663901  0.0109938546611  
0.0055832273192  0.0110188510874  0.0161710466885  0.0209259222481  0.0251987329893  0.0289373836443  0.0321220856087  0.0347616260707  0.0368871316409  0.0385444095361  0.0397859296163  0.0406633262501  0.0412210324906  0.0414913925278  0.0414913925278  0.0412210324906  0.0406633262501  0.0397859296163  0.0385444095361  0.0368871316409  0.0347616260707  0.0321220856087  0.0289373836443  0.0251987329893  0.0209259222481  0.0161710466885  0.0110188510874  0.0055832273192  
0.00232616596242  0.00459111985634  0.00673850567046  0.00872101401747  0.0105033678061  0.0120637837869  0.0133938512412  0.014497010919  0.015385992951  0.016079657108  0.0165996734844  0.01696740848  0.0172012730575  0.0173146811858  0.0173146811858  0.0172012730575  0.01696740848  0.0165996734844  0.016079657108  0.015385992951  0.014497010919  0.0133938512412  0.0120637837869  0.0105033678061  0.00872101401747  0.00673850567046  0.00459111985634  0.00232616596242  
