1000.0  1000.0  1000.0  1000.0  1000.0  1000.0  1000.0  1000.0  1000.0  1000.0  1000.0  1000.0  1000.0  1000.0  1000.0  1000.0  1000.0  1000.0  1000.0  1000.0  1000.0  1000.0  1000.0  1000.0  1000.0  1000.0  1000.0  1000.0  
284.06349466  463.698674745  569.484211913  631.969346227  669.613707653  692.722517784  707.087890216  716.068433573  721.678515268  725.159453497  727.288769192  728.554540865  729.25711486  729.569081941  729.569081941  729.25711486  728.554540865  727.288769192  725.159453497  721.678515268  716.068433573  707.087890216  692.722517784  669.613707653  631.969346227  569.484211913  463.698674745  284.06349466  
182.951762478  324.219281599  422.186436986  487.244772405  529.728792017  557.278443559  575.059347001  586.469136071  593.730173217  598.296492606  601.117500067  602.806637264  603.748968717  604.168677443  604.168677443  603.748968717  602.806637264  601.117500067  598.296492606  593.730173217  586.469136071  575.059347001  557.278443559  529.728792017  487.244772405  422.186436986  324.219281599  182.951762478  
124.984013602  230.916913407  312.009183085  370.527269685  411.295131191  439.054410229  457.634931484  469.886155888  477.843381502  482.925435262  486.102133474  488.021080203  489.098353065  489.580000671  489.580000671  489.098353065  488.021080203  486.102133474  482.925435262  477.843381502  469.886155888  457.634931484  439.054410229  411.295131191  370.527269685  312.009183085  230.916913407  124.984013602  
87.820074855  165.909152042  229.463047784  278.083015679  313.69475287  338.955728568  356.424966079  368.244180048  376.078184289  381.162084216  384.379950517  386.3425408  387.452007973  387.950178891  387.950178891  387.452007973  386.3425408  384.379950517  381.162084216  376.078184289  368.244180048  356.424966079  338.955728568  313.69475287  278.083015679  229.463047784  165.909152042  87.820074855  
62.3021577204  119.210436531  167.376107372  205.774101934  234.994435663  256.423829329  271.665489992  282.220223718  289.350766057  294.05053265  297.062684839  298.917927649  299.974305969  300.450771688  300.450771688  299.974305969  298.917927649  297.062684839  294.05053265  289.350766057  282.220223718  271.665489992  256.423829329  234.994435663  205.774101934  167.376107372  119.210436531  62.3021577204  
44.1280884807  85.0970513519  120.682908051  149.899950938  172.790249925  190.032898787  202.59023125  211.465197452  217.565593009  221.645166983  224.291347675  225.936889578  226.880590476  227.308148821  227.308148821  226.880590476  225.936889578  224.291347675  221.645166983  217.565593009  211.465197452  202.59023125  190.032898787  172.790249925  149.899950938  120.682908051  85.0970513519  44.1280884807  
30.9873682478  60.0602182398  85.7660158011  107.327677168  124.600627509  137.893686156  147.767150428  154.868987888  159.826224602  163.185493197  165.388929165  166.771671084  167.570127273  167.93345578  167.93345578  167.570127273  166.771671084  165.388929165  163.185493197  159.826224602  154.868987888  147.767150428  137.893686156  124.600627509  107.327677168  85.7660158011  60.0602182398  30.9873682478  
21.474746378  41.7673029215  59.9372350744  75.4213222104  88.040530125  97.9202990806  105.379240424  110.825450925  114.678614822  117.32089664  119.071838501  120.179948016  120.823963656  121.118223184  121.118223184  120.823963656  120.179948016  119.071838501  117.32089664  114.678614822  110.825450925  105.379240424  97.9202990806  88.040530125  75.4213222104  59.9372350744  41.7673029215  21.474746378  
14.642174126  28.5487602055  41.1158534118  51.9541637497  60.9063693546  68.0127071067  73.4507706502  77.4723719636  80.3511838586  82.3462220317  83.6805095991  84.5314901054  85.0290268923  85.2572294285  85.2572294285  85.0290268923  84.5314901054  83.6805095991  82.3462220317  80.3511838586  77.4723719636  73.4507706502  68.0127071067  60.9063693546  51.9541637497  41.1158534118  28.5487602055  14.642174126  
9.80137469485  19.1451957009  27.6475107275  35.0479612977  41.2256042953  46.1846676234  50.0223394681  52.891280655  54.9659279386  56.4170897737  57.3956748995  58.0241837823  58.3936589839  58.5637207903  58.5637207903  58.3936589839  58.0241837823  57.3956748995  56.4170897737  54.9659279386  52.891280655  50.0223394681  46.1846676234  41.2256042953  35.0479612977  27.6475107275  19.1451957009  9.80137469485  
6.43152059579  12.580158534  18.2047735644  23.1358113434  27.2870239775  30.6499628537  33.2768642713  35.2587927996  36.7046338818  37.7242418493  38.4168778648  38.8645436163  39.1290120476  39.251131549  39.251131549  39.1290120476  38.8645436163  38.4168778648  37.7242418493  36.7046338818  35.2587927996  33.2768642713  30.6499628537  27.2870239775  23.1358113434  18.2047735644  12.580158534  6.43152059579  
4.13251288262  8.09192471282  11.7289501578  14.9357717017  17.6539584582  19.8725978549  21.6192526091  22.9474027325  23.923677625  24.6170828987  25.091200415  25.3993652174  25.5822326746  25.666917354  25.666917354  25.5822326746  25.3993652174  25.091200415  24.6170828987  23.923677625  22.9474027325  21.6192526091  19.8725978549  17.6539584582  14.9357717017  11.7289501578  8.09192471282  4.13251288262  
2.59806936646  5.09162436998  7.38973041656  9.42536484864  11.1604848263  12.5855774033  13.7149076083  14.5793974299  15.2190337173  15.6761898005  15.9905766642  16.195950592  16.3183089478  16.3751201995  16.3751201995  16.3183089478  16.195950592  15.9905766642  15.6761898005  15.2190337173  14.5793974299  13.7149076083  12.5855774033  11.1604848263  9.42536484864  7.38973041656  5.09162436998  2.59806936646  
1.59728773636  3.13245470444  4.55108020722  5.81241758297  6.89251573348  7.78425615925  8.49487156202  9.04195953893  9.4490577385  9.7416144613  9.94383293053  10.0765254066  10.155864546  10.192788222  10.192788222  10.155864546  10.0765254066  9.94383293053  9.7416144613  9.4490577385  9.04195953893  8.49487156202  7.78425615925  6.89251573348  5.81241758297  4.55108020722  3.13245470444  1.59728773636  
0.959941545908  1.8835971078  2.73900605906  3.50193912013  4.15776290636  4.70159751863  5.1370303909  5.47391417723  5.72583689636  5.90775045288  6.03405828444  6.11727025807  6.16718339838  6.19046128651  6.19046128651  6.16718339838  6.11727025807  6.03405828444  5.90775045288  5.72583689636  5.47391417723  5.1370303909  4.70159751863  4.15776290636  3.50193912013  2.73900605906  1.8835971078  0.959941545908  
0.563800124729  1.1067971333  1.61058795616  2.06108142951  2.44958252671  2.77294306601  3.0329008878  3.23488025657  3.38657256223  3.49657302913  3.57325421411  3.62395135775  3.6544480135  3.66869742063  3.66869742063  3.6544480135  3.62395135775  3.57325421411  3.49657302913  3.38657256223  3.23488025657  3.0329008878  2.77294306601  2.44958252671  2.06108142951  1.61058795616  1.1067971333  0.563800124729  
0.323562050623  0.635429266276  0.925219413314  1.18491805616  1.40949359967  1.59700863003  1.74828379534  1.8662539504  1.95518686444  2.01991710801  2.06519987817  2.09523280159  2.11334510101  2.12182222369  2.12182222369  2.11334510101  2.09523280159  2.06519987817  2.01991710801  1.95518686444  1.8662539504  1.74828379534  1.59700863003  1.40949359967  1.18491805616  0.925219413314  0.635429266276  0.323562050623  
0.181430301279  0.356418412522  0.51922851813  0.66540320495  0.792104194492  0.898185323375  0.984023512486  1.0511785779  1.10197131337  1.13906243981  1.16509124447  1.1824029277  1.19286709633  1.19777203321  1.19777203321  1.19286709633  1.1824029277  1.16509124447  1.13906243981  1.10197131337  1.0511785779  0.984023512486  0.898185323375  0.792104194492  0.66540320495  0.51922851813  0.356418412522  0.181430301279  
0.0993978914781  0.19532019792  0.284664906612  0.365007907379  0.434787462368  0.493348630858  0.540859324113  0.578133506529  0.606407734873  0.627114782483  0.64168645599  0.651402356443  0.657287179142  0.660049332228  0.660049332228  0.657287179142  0.651402356443  0.64168645599  0.627114782483  0.606407734873  0.578133506529  0.540859324113  0.493348630858  0.434787462368  0.365007907379  0.284664906612  0.19532019792  0.0993978914781  
0.0532079701875  0.104580149001  0.152474715475  0.195602613866  0.233125188988  0.26467982041  0.290338795106  0.310518994314  0.325865851102  0.337134267311  0.345083562081  0.3503957626  0.353619183286  0.355133987182  0.355133987182  0.353619183286  0.3503957626  0.345083562081  0.337134267311  0.325865851102  0.310518994314  0.290338795106  0.26467982041  0.233125188988  0.195602613866  0.152474715475  0.104580149001  0.0532079701875  
0.027831806931  0.0547145069432  0.0797978038464  0.102411434896  0.122115702453  0.138715648149  0.15224119308  0.162901820592  0.17102750648  0.177007422302  0.181235266958  0.184066231864  0.185786860158  0.186596324414  0.186596324414  0.185786860158  0.184066231864  0.181235266958  0.177007422302  0.17102750648  0.162901820592  0.15224119308  0.138715648149  0.122115702453  0.102411434896  0.0797978038464  0.0547145069432  0.027831806931  
0.0142268489303  0.0279734896762  0.0408090700993  0.0523928042393  0.062499549981  0.0710273671325  0.0779880729087  0.0834849174339  0.0876831159986  0.0907789735723  0.0929720862923  0.0944432306486  0.0953386881513  0.0957603641149  0.0957603641149  0.0953386881513  0.0944432306486  0.0929720862923  0.0907789735723  0.0876831159986  0.0834849174339  0.0779880729087  0.0710273671325  0.062499549981  0.0523928042393  0.0408090700993  0.0279734896762  0.0142268489303  
0.00710682844162  0.0139759318341  0.0203937464636  0.026190856759  0.0312546572852  0.0355332543476  0.0390310461126  0.0417979314128  0.04391490738  0.0454788516373  0.0465887080093  0.0473343995681  0.0477888859503  0.0480030936426  0.0480030936426  0.0477888859503  0.0473343995681  0.0465887080093  0.0454788516373  0.04391490738  0.0417979314128  0.0390310461126  0.0355332543476  0.0312546572852  0.026190856759  0.0203937464636  0.0139759318341  0.00710682844162  
0.00346723456301  0.00681940847611  0.00995304149987  0.0127858370657  0.015262808997  0.0173582350195  0.0190736236111  0.0204326008246  0.0214740194377  0.0222446244233  0.0227923471155  0.0231608811738  0.0233857615618  0.023491835012  0.023491835012  0.0233857615618  0.0231608811738  0.0227923471155  0.0222446244233  0.0214740194377  0.0204326008246  0.0190736236111  0.0173582350195  0.015262808997  0.0127858370657  0.00995304149987  0.00681940847611  0.00346723456301  
0.00164592338878  0.00323760442086  0.00472621397263  0.00607283456329  0.00725134732246  0.00824937860717  0.0090673841306  0.00971628318756  0.010214243312  0.0105832361851  0.0108458692983  0.0110228059748  0.0111308858332  0.011181901257  0.011181901257  0.0111308858332  0.0110228059748  0.0108458692983  0.0105832361851  0.010214243312  0.00971628318756  0.0090673841306  0.00824937860717  0.00725134732246  0.00607283456329  0.00472621397263  0.00323760442086  0.00164592338878  
0.000744920151729  0.00146543256782  0.00213954830409  0.00274971064766  0.00328409351539  0.00373703670924  0.00410864945187  0.00440376245029  0.00463049357548  0.00479870344378  0.00491856741203  0.00499940630987  0.00504882920033  0.00507217122873  0.00507217122873  0.00504882920033  0.00499940630987  0.00491856741203  0.00479870344378  0.00463049357548  0.00440376245029  0.00410864945187  0.00373703670924  0.00328409351539  0.00274971064766  0.00213954830409  0.00146543256782  0.000744920151729  
0.000284671481396  0.000560053620188  0.000817773097593  0.00105113603383  0.00125562193375  0.00142905178426  0.00157144132076  0.00168460663581  0.00177162167195  0.00183623191567  0.00188231034472  0.00191341022103  0.00193243576898  0.00194142511364  0.00194142511364  0.00193243576898  0.00191341022103  0.00188231034472  0.00183623191567  0.00177162167195  0.00168460663581  0.00157144132076  0.00142905178426  0.00125562193375  0.00105113603383  0.000817773097593  0.000560053620188  0.000284671481396  
