1000.0  1000.0  1000.0  1000.0  1000.0  1000.0  1000.0  1000.0  1000.0  1000.0  1000.0  1000.0  1000.0  1000.0  1000.0  1000.0  1000.0  1000.0  1000.0  1000.0  1000.0  1000.0  1000.0  1000.0  1000.0  1000.0  1000.0  1000.0  
278.61477168  452.985514964  553.856411109  611.907868756  645.686436806  665.536899133  677.246975219  684.135348391  688.15223271  690.46253596  691.765972892  692.480100294  692.848189191  693.003075186  693.003075186  692.848189191  692.480100294  691.765972892  690.46253596  688.15223271  684.135348391  677.246975219  665.536899133  645.686436806  611.907868756  553.856411109  452.985514964  278.61477168  
175.457211393  309.483546079  400.690446688  459.64982512  496.815737245  519.882589216  534.01003115  542.540870749  547.609318951  550.564386125  552.248514703  553.178181999  553.659966448  553.863377219  553.863377219  553.659966448  553.178181999  552.248514703  550.564386125  547.609318951  542.540870749  534.01003115  519.882589216  496.815737245  459.64982512  400.690446688  309.483546079  175.457211393  
116.13114161  213.510269696  286.616525729  337.929332224  372.413862233  394.876155662  409.139107532  417.98756439  423.352843599  426.529839595  428.362112488  429.382787625  429.915263417  430.14101894  430.14101894  429.915263417  429.382787625  428.362112488  426.529839595  423.352843599  417.98756439  409.139107532  394.876155662  372.413862233  337.929332224  286.616525729  213.510269696  116.13114161  
78.346171758  147.281172088  202.288117301  243.196063285  272.081822567  291.671873309  304.517990409  312.692944695  317.750477108  320.793239238  322.570316646  323.57003917  324.095422641  324.319213288  324.319213288  324.095422641  323.57003917  322.570316646  320.793239238  317.750477108  312.692944695  304.517990409  291.671873309  272.081822567  243.196063285  202.288117301  147.281172088  78.346171758  
52.8941122879  100.711639622  140.388909448  171.126935202  193.665790013  209.460837547  220.108288864  227.040730859  231.410842324  234.080714194  235.65961558  236.556773443  237.03183744  237.235181408  237.235181408  237.03183744  236.556773443  235.65961558  234.080714194  231.410842324  227.040730859  220.108288864  209.460837547  193.665790013  171.126935202  140.388909448  100.711639622  52.8941122879  
35.345294049  67.8273307051  95.4879712334  117.552414384  134.202807077  146.182448536  154.447362791  159.937083507  163.456931231  165.638286471  166.943753118  167.692789144  168.092394201  168.264270907  168.264270907  168.092394201  167.692789144  166.943753118  165.638286471  163.456931231  159.937083507  154.447362791  146.182448536  134.202807077  117.552414384  95.4879712334  67.8273307051  35.345294049  
23.2182321114  44.7833239867  63.4776279699  78.7104730736  90.4611864946  99.0955087862  105.168379848  109.271942154  111.942844533  113.619705433  114.634414094  115.221998249  115.537721549  115.674157185  115.674157185  115.537721549  115.221998249  114.634414094  113.619705433  111.942844533  109.271942154  105.168379848  99.0955087862  90.4611864946  78.7104730736  63.4776279699  44.7833239867  23.2182321114  
14.9281057969  28.8939469706  41.1547568254  51.3042510966  59.2677935328  65.2189079922  69.4719032605  72.388092713  74.3112605771  75.5327723964  76.2794340675  76.7154989231  76.9513847015  77.0537717889  77.0537717889  76.9513847015  76.7154989231  76.2794340675  75.5327723964  74.3112605771  72.388092713  69.4719032605  65.2189079922  59.2677935328  51.3042510966  41.1547568254  28.8939469706  14.9281057969  
9.36726181937  18.1758502059  25.9808996535  32.5194425018  37.718267894  41.6564617107  44.5083394057  46.4882467549  47.808928702  48.6564352014  49.1792125308  49.4869094849  49.6543900396  49.7273852271  49.7273852271  49.6543900396  49.4869094849  49.1792125308  48.6564352014  47.808928702  46.4882467549  44.5083394057  41.6564617107  37.718267894  32.5194425018  25.9808996535  18.1758502059  9.36726181937  
5.72561156604  11.130122675  15.9522717934  20.02919785  23.3049418121  25.8138382523  27.6507012709  28.9394358621  29.8075939166  30.3697698564  30.7193712853  30.926593879  31.040025792  31.0896513988  31.0896513988  31.040025792  30.926593879  30.7193712853  30.3697698564  29.8075939166  28.9394358621  27.6507012709  25.8138382523  23.3049418121  20.02919785  15.9522717934  11.130122675  5.72561156604  
3.40468693904  6.62763228529  9.51865566888  11.9805218962  13.9752382073  15.5167858996  16.6557653974  17.4620406913  18.0098325621  18.3673801543  18.5913397628  18.7249320233  18.7984351168  18.8307029894  18.8307029894  18.7984351168  18.7249320233  18.5913397628  18.3673801543  18.0098325621  17.4620406913  16.6557653974  15.5167858996  13.9752382073  11.9805218962  9.51865566888  6.62763228529  3.40468693904  
1.96794971821  3.8349780059  5.51672842742  6.95703454197  8.13197019615  9.04671751245  9.72776649799  10.2135542804  10.5460383767  10.7645650296  10.9023231711  10.9849625325  11.0306416014  11.0507572619  11.0507572619  11.0306416014  10.9849625325  10.9023231711  10.7645650296  10.5460383767  10.2135542804  9.72776649799  9.04671751245  8.13197019615  6.95703454197  5.51672842742  3.8349780059  1.96794971821  
1.10510496293  2.15537133003  3.10456119613  3.92122889334  4.59112780089  5.11588574369  5.50909878638  5.79139967988  5.98584428471  6.114422535  6.19593722621  6.24508434804  6.27236338938  6.28440999993  6.28440999993  6.27236338938  6.24508434804  6.19593722621  6.114422535  5.98584428471  5.79139967988  5.50909878638  5.11588574369  4.59112780089  3.92122889334  3.10456119613  2.15537133003  1.10510496293  
0.602720754078  1.17633715978  1.69614339267  2.14505926808  2.51498405956  2.80624871067  3.02568988066  3.18411116705  3.29383146949  3.36677180301  3.41324533778  3.4413915617  3.45707219485  3.46401435115  3.46401435115  3.45707219485  3.4413915617  3.41324533778  3.36677180301  3.29383146949  3.18411116705  3.02568988066  2.80624871067  2.51498405956  2.14505926808  1.69614339267  1.17633715978  0.602720754078  
0.319224395312  0.623381478485  0.899612693041  1.13891238606  1.33685693583  1.49338415695  1.61185964446  1.69779978616  1.75760570161  1.79754940138  1.82311189423  1.8386555931  1.84734398598  1.85119923306  1.85119923306  1.84734398598  1.8386555931  1.82311189423  1.79754940138  1.75760570161  1.69779978616  1.61185964446  1.49338415695  1.33685693583  1.13891238606  0.899612693041  0.623381478485  0.319224395312  
0.164188743954  0.320775352639  0.463244280278  0.586984565806  0.689668085784  0.771163468666  0.833091685611  0.878198674963  0.909719501511  0.930858159288  0.944439009733  0.952726495186  0.957372671412  0.95943847002  0.95943847002  0.957372671412  0.952726495186  0.944439009733  0.930858159288  0.909719501511  0.878198674963  0.833091685611  0.771163468666  0.689668085784  0.586984565806  0.463244280278  0.320775352639  0.164188743954  
0.0820164239446  0.1602968669  0.231628162347  0.293717065598  0.345379919792  0.386510296196  0.417871553078  0.440795897296  0.456873694841  0.467694693502  0.474670852238  0.478941425999  0.481341967324  0.482411240734  0.482411240734  0.481341967324  0.478941425999  0.474670852238  0.467694693502  0.456873694841  0.440795897296  0.417871553078  0.386510296196  0.345379919792  0.293717065598  0.231628162347  0.1602968669  0.0820164239446  
0.039796423253  0.077805169303  0.112484307524  0.142725656849  0.167946903418  0.188079979602  0.203476209426  0.214765419651  0.222708194949  0.228070948972  0.231538837368  0.233667750353  0.234867271601  0.235402441962  0.235402441962  0.234867271601  0.233667750353  0.231538837368  0.228070948972  0.222708194949  0.214765419651  0.203476209426  0.188079979602  0.167946903418  0.142725656849  0.112484307524  0.077805169303  0.039796423253  
0.0187617788399  0.0366908170674  0.0530671284377  0.0673702474783  0.0793226253031  0.0888856925126  0.0962174079276  0.101607902069  0.105411086377  0.107986079859  0.109655752676  0.110683327216  0.111263531417  0.111522767509  0.111522767509  0.111263531417  0.110683327216  0.109655752676  0.107986079859  0.105411086377  0.101607902069  0.0962174079276  0.0888856925126  0.0793226253031  0.0673702474783  0.0530671284377  0.0366908170674  0.0187617788399  
0.0085962948353  0.0168149789652  0.0243289136702  0.030900459162  0.0364013233815  0.0408113311629  0.0441998424485  0.0466970757543  0.0484632859976  0.0496620775713  0.0504412705668  0.0509218860851  0.0511937711073  0.0513154076952  0.0513154076952  0.0511937711073  0.0509218860851  0.0504412705668  0.0496620775713  0.0484632859976  0.0466970757543  0.0441998424485  0.0408113311629  0.0364013233815  0.030900459162  0.0243289136702  0.0168149789652  0.0085962948353  
0.00382905260281  0.00749141354001  0.0108424250955  0.0137765696941  0.0162362911405  0.0182116558241  0.019732401834  0.0208554761319  0.0216515079118  0.0221929868447  0.0225456930313  0.0227636806444  0.0228872049609  0.0229425319065  0.0229425319065  0.0228872049609  0.0227636806444  0.0225456930313  0.0221929868447  0.0216515079118  0.0208554761319  0.019732401834  0.0182116558241  0.0162362911405  0.0137765696941  0.0108424250955  0.00749141354001  0.00382905260281  
0.00165866846084  0.00324569424495  0.00469881417733  0.00597245109241  0.00704152537093  0.00790138338468  0.00856447317578  0.00905506204533  0.00940345475989  0.00964089966299  0.00979586064897  0.00989180384922  0.00994625294621  0.00997066630097  0.00997066630097  0.00994625294621  0.00989180384922  0.00979586064897  0.00964089966299  0.00940345475989  0.00905506204533  0.00856447317578  0.00790138338468  0.00704152537093  0.00597245109241  0.00469881417733  0.00324569424495  0.00165866846084  
0.000698972036341  0.00136796024222  0.00198087370986  0.00251855569783  0.00297038564149  0.00333427550226  0.00361531200698  0.00382357309255  0.00397172041473  0.0040728634741  0.00413898355155  0.00417998656007  0.00420328780108  0.00421374514007  0.00421374514007  0.00420328780108  0.00417998656007  0.00413898355155  0.0040728634741  0.00397172041473  0.00382357309255  0.00361531200698  0.00333427550226  0.00297038564149  0.00251855569783  0.00198087370986  0.00136796024222  0.000698972036341  
0.000286592507233  0.00056096495404  0.000812472388996  0.00103327849572  0.00121901075166  0.001368768085  0.00148457933991  0.0015705231248  0.00163175121651  0.00167361689195  0.00170102712066  0.00171804916002  0.00172773416157  0.0017320843155  0.0017320843155  0.00172773416157  0.00171804916002  0.00170102712066  0.00167361689195  0.00163175121651  0.0015705231248  0.00148457933991  0.001368768085  0.00121901075166  0.00103327849572  0.000812472388996  0.00056096495404  0.000286592507233  
0.000114201760044  0.000223559681606  0.000323850348214  0.000411957656787  0.000486133239514  0.000546002594071  0.000592354480416  0.000626795436753  0.000651364319899  0.000668186452384  0.000679214998505  0.000686072481574  0.00068997836679  0.000691734054344  0.000691734054344  0.00068997836679  0.000686072481574  0.000679214998505  0.000668186452384  0.000651364319899  0.000626795436753  0.000592354480416  0.000546002594071  0.000486133239514  0.000411957656787  0.000323850348214  0.000223559681606  0.000114201760044  
4.37300566628e-05  8.56136311971e-05  0.00012403948698  0.000157816569788  0.00018627350318  0.000209261909712  0.000227077430632  0.000240329129874  0.000249793105548  0.000256280560109  0.000260538629131  0.000263189147342  0.000264700228608  0.000265379892241  0.000265379892241  0.000264700228608  0.000263189147342  0.000260538629131  0.000256280560109  0.000249793105548  0.000240329129874  0.000227077430632  0.000209261909712  0.00018627350318  0.000157816569788  0.00012403948698  8.56136311971e-05  4.37300566628e-05  
1.46251677274e-05  2.86348550702e-05  4.14916849342e-05  5.2797862559e-05  6.232839242e-05  7.00324256691e-05  7.60072543516e-05  8.04550541516e-05  8.36342282169e-05  8.58154127919e-05  8.72482790692e-05  8.81409200773e-05  8.86501749597e-05  8.88793408822e-05  8.88793408822e-05  8.86501749597e-05  8.81409200773e-05  8.72482790692e-05  8.58154127919e-05  8.36342282169e-05  8.04550541516e-05  7.60072543516e-05  7.00324256691e-05  6.232839242e-05  5.2797862559e-05  4.14916849342e-05  2.86348550702e-05  1.46251677274e-05  
