1000.0  1000.0  1000.0  1000.0  1000.0  1000.0  1000.0  1000.0  1000.0  1000.0  1000.0  1000.0  1000.0  1000.0  1000.0  1000.0  1000.0  1000.0  1000.0  1000.0  1000.0  1000.0  1000.0  1000.0  1000.0  1000.0  1000.0  1000.0  
289.436879841  474.311132824  585.077171824  652.17878132  693.995310416  720.780199038  738.302376857  749.923031155  757.679757285  762.851217963  766.259336039  768.436852936  769.723108574  770.319350152  770.319350152  769.723108574  768.436852936  766.259336039  762.851217963  757.679757285  749.923031155  738.302376857  720.780199038  693.995310416  652.17878132  585.077171824  474.311132824  289.436879841  
190.515767543  339.158338898  444.136775108  515.694237757  564.052245428  596.777834689  619.003932114  634.131714437  644.416137957  651.363698132  655.986203278  658.959879533  660.724614756  661.544885755  661.544885755  660.724614756  658.959879533  655.986203278  651.363698132  644.416137957  634.131714437  619.003932114  596.777834689  564.052245428  515.694237757  444.136775108  339.158338898  190.515767543  
134.212363982  249.143282633  338.790121912  405.238409135  453.17429714  487.250441726  511.256681858  528.046652871  539.695241722  547.685096066  553.06199283  556.549987615  558.631929917  559.602950909  559.602950909  558.631929917  556.549987615  553.06199283  547.685096066  539.695241722  528.046652871  511.256681858  487.250441726  453.17429714  405.238409135  338.790121912  249.143282633  134.212363982  
98.1131212902  186.238622062  259.334851964  316.801431567  360.410412968  392.71996527  416.244371751  433.129791092  445.084940601  453.415846421  459.09105662  462.806389299  465.038308947  466.083277113  466.083277113  465.038308947  462.806389299  459.09105662  453.415846421  445.084940601  433.129791092  416.244371751  392.71996527  360.410412968  316.801431567  259.334851964  186.238622062  98.1131212902  
73.0514962074  140.441474048  198.573515088  246.212182983  283.78711216  312.581262004  334.150936797  350.001313965  361.440657044  369.536111442  375.118746363  378.807828875  381.038800953  382.087530237  382.087530237  381.038800953  378.807828875  375.118746363  369.536111442  361.440657044  350.001313965  334.150936797  312.581262004  283.78711216  246.212182983  198.573515088  140.441474048  73.0514962074  
54.7748287124  106.125865988  151.584160556  189.955881811  221.124337109  245.665780187  264.495880599  278.621603767  288.995463603  296.443844682  301.640877382  305.106718886  307.216581745  308.212372465  308.212372465  307.216581745  305.106718886  301.640877382  296.443844682  288.995463603  278.621603767  264.495880599  245.665780187  221.124337109  189.955881811  151.584160556  106.125865988  54.7748287124  
41.0665876532  79.9685546364  115.021839516  145.252587344  170.366018936  190.57352058  206.39098574  218.469841642  227.479041197  234.033556137  238.657203576  241.767524172  243.673002707  244.575830151  244.575830151  243.673002707  241.767524172  238.657203576  234.033556137  227.479041197  218.469841642  206.39098574  190.57352058  170.366018936  145.252587344  115.021839516  79.9685546364  41.0665876532  
30.6420030414  59.8748095661  86.5478010268  109.919053606  129.673017048  145.846437745  158.717308333  168.696522358  176.241479623  181.796065331  185.75370386  188.437498873  190.091471997  190.878011894  190.878011894  190.091471997  188.437498873  185.75370386  181.796065331  176.241479623  168.696522358  158.717308333  145.846437745  129.673017048  109.919053606  86.5478010268  59.8748095661  30.6420030414  
22.681543948  44.4288766425  64.454153176  82.211624113  97.4243430693  110.054691189  120.244414886  128.247438555  134.370103821  138.92512981  142.199933801  144.437036338  145.823287005  146.484755318  146.484755318  145.823287005  144.437036338  142.199933801  138.92512981  134.370103821  128.247438555  120.244414886  110.054691189  97.4243430693  82.211624113  64.454153176  44.4288766425  22.681543948  
16.6175283577  32.6095224591  47.4364337129  60.7054888952  72.1944103611  81.8413475102  89.7128858427  95.9631612734  100.793931201  104.421142873  107.049931437  108.857655442  109.983426698  110.522274687  110.522274687  109.983426698  108.857655442  107.049931437  104.421142873  100.793931201  95.9631612734  89.7128858427  81.8413475102  72.1944103611  60.7054888952  47.4364337129  32.6095224591  16.6175283577  
12.0303382633  23.6401890251  34.4609220718  44.2144297283  52.7313066171  59.9487659362  65.8937203  70.6581648181  74.3730901785  77.1850774975  79.2376001295  80.6574376819  81.545627733  81.971955441  81.971955441  81.545627733  80.6574376819  79.2376001295  77.1850774975  74.3730901785  70.6581648181  65.8937203  59.9487659362  52.7313066171  44.2144297283  34.4609220718  23.6401890251  12.0303382633  
8.59547495677  16.9084814086  24.6883801528  31.7410050838  37.9417061835  43.2362044656  47.6317170572  51.1822252881  53.9716916503  56.0980976341  57.6599854743  58.7461415772  59.428331877  59.7566098459  59.7566098459  59.428331877  58.7461415772  57.6599854743  56.0980976341  53.9716916503  51.1822252881  47.6317170572  43.2362044656  37.9417061835  31.7410050838  24.6883801528  16.9084814086  8.59547495677  
6.05530401773  11.9216367034  17.4297736509  22.4459524245  26.8808895784  30.6914356115  33.8759635327  36.4655855158  38.5134783741  40.0842141304  41.2443528319  42.0549131153  42.5658366048  42.8122561594  42.8122561594  42.5658366048  42.0549131153  41.2443528319  40.0842141304  38.5134783741  36.4655855158  33.8759635327  30.6914356115  26.8808895784  22.4459524245  17.4297736509  11.9216367034  6.05530401773  
4.20305051578  8.28053448971  12.119201461  15.6281217181  18.7447681777  21.4366361346  23.6988758758  25.5490706802  27.0205108827  28.1551791224  28.9973294426  29.5881625985  29.9617742755  30.1423322517  30.1423322517  29.9617742755  29.5881625985  28.9973294426  28.1551791224  27.0205108827  25.5490706802  23.6988758758  21.4366361346  18.7447681777  15.6281217181  12.119201461  8.28053448971  4.20305051578  
2.87286734915  5.66303433022  8.29548980861  10.7092565338  12.8614164777  14.7284274035  16.3049266338  17.6006350194  18.6361548604  19.4384243411  20.0364234078  20.4575064281  20.724532258  20.8538119249  20.8538119249  20.724532258  20.4575064281  20.0364234078  19.4384243411  18.6361548604  17.6006350194  16.3049266338  14.7284274035  12.8614164777  10.7092565338  8.29548980861  5.66303433022  2.87286734915  
1.93287125244  3.81184156887  5.58779910961  7.22042103534  8.68079493135  9.95239680314  11.0304992209  11.9203417743  12.6345276482  13.1901173839  13.6058091186  13.8994704197  14.0861616348  14.1766921995  14.1766921995  14.0861616348  13.8994704197  13.6058091186  13.1901173839  12.6345276482  11.9203417743  11.0304992209  9.95239680314  8.68079493135  7.22042103534  5.58779910961  3.81184156887  1.93287125244  
1.27962570513  2.5245305517  3.70296131052  4.78863479706  5.76241968234  6.61302396238  7.33671031222  7.93621939593  8.41917080359  8.79622886107  9.07928221486  9.27981708858  9.40758919881  9.46963679249  9.46963679249  9.40758919881  9.27981708858  9.07928221486  8.79622886107  8.41917080359  7.93621939593  7.33671031222  6.61302396238  5.76241968234  4.78863479706  3.70296131052  2.5245305517  1.27962570513  
0.833383523626  1.64468418095  2.4136447451  3.12338488466  3.76146464417  4.32034917046  4.79727708894  5.19363010224  5.51395981758  5.76484494987  5.95373499117  6.08789867365  6.17355153913  6.2151982007  6.2151982007  6.17355153913  6.08789867365  5.95373499117  5.76484494987  5.51395981758  5.19363010224  4.79727708894  4.32034917046  3.76146464417  3.12338488466  2.4136447451  1.64468418095  0.833383523626  
0.533830059988  1.05380386679  1.54717823119  2.00327466958  2.41414228386  2.77486245661  3.083491392  3.34069328628  3.54915387894  3.71287762  3.83646467941  3.92444364882  3.98071032819  4.00809949643  4.00809949643  3.98071032819  3.92444364882  3.83646467941  3.71287762  3.54915387894  3.34069328628  3.083491392  2.77486245661  2.41414228386  2.00327466958  1.54717823119  1.05380386679  0.533830059988  
0.336269038846  0.663966086659  0.975190765913  1.26329143672  1.52327243339  1.75198876742  1.94812328186  2.11197473096  2.24510809364  2.34992800966  2.42923372775  2.48580310963  2.52203871468  2.53969499683  2.53969499683  2.52203871468  2.48580310963  2.42923372775  2.34992800966  2.24510809364  2.11197473096  1.94812328186  1.75198876742  1.52327243339  1.26329143672  0.975190765913  0.663966086659  0.336269038846  
0.208267767481  0.411310130768  0.604302282538  0.783165690847  0.944814625594  1.08727777129  1.20969067447  1.31217432384  1.39562898352  1.46147879642  1.51140205516  1.54707634149  1.56995956286  1.5811197169  1.5811197169  1.56995956286  1.54707634149  1.51140205516  1.46147879642  1.39562898352  1.31217432384  1.20969067447  1.08727777129  0.944814625594  0.783165690847  0.604302282538  0.411310130768  0.208267767481  
0.126787142185  0.250437437358  0.368049982994  0.477164129912  0.575906478062  0.663065247458  0.738088916001  0.801017300186  0.852361469368  0.892952972028  0.923782920988  0.945848531856  0.960020167237  0.966937210988  0.966937210988  0.960020167237  0.945848531856  0.923782920988  0.892952972028  0.852361469368  0.801017300186  0.738088916001  0.663065247458  0.575906478062  0.477164129912  0.368049982994  0.250437437358  0.126787142185  
0.0758013729851  0.149750345876  0.220131545062  0.285485624104  0.344695514196  0.397030973248  0.442149341042  0.480056840639  0.511039561883  0.535575785946  0.554241561804  0.567619936291  0.576221747302  0.580423204733  0.580423204733  0.576221747302  0.567619936291  0.554241561804  0.535575785946  0.511039561883  0.480056840639  0.442149341042  0.397030973248  0.344695514196  0.285485624104  0.220131545062  0.149750345876  0.0758013729851  
0.0443842277325  0.0876954707089  0.128938970304  0.167266295719  0.202025007233  0.232784746451  0.259338424481  0.28168079023  0.299969406262  0.314474568226  0.325524949369  0.333454991843  0.338558719014  0.341053144452  0.341053144452  0.338558719014  0.333454991843  0.325524949369  0.314474568226  0.299969406262  0.28168079023  0.259338424481  0.232784746451  0.202025007233  0.167266295719  0.128938970304  0.0876954707089  0.0443842277325  
0.0252141158934  0.0498242777202  0.0732700220758  0.0950723142045  0.114861353839  0.132391384453  0.147541706705  0.160305075435  0.170766187553  0.17907383681  0.185410494341  0.189962699296  0.192894931144  0.194328819821  0.194328819821  0.192894931144  0.189962699296  0.185410494341  0.17907383681  0.170766187553  0.160305075435  0.147541706705  0.132391384453  0.114861353839  0.0950723142045  0.0732700220758  0.0498242777202  0.0252141158934  
0.0134339188494  0.026548406588  0.0390468097369  0.0506751528179  0.0612367805957  0.0706002384365  0.0786999481477  0.0855302607591  0.0911342681204  0.0955892218593  0.0989905228009  0.101436067526  0.103012380859  0.10378354385  0.10378354385  0.103012380859  0.101436067526  0.0989905228009  0.0955892218593  0.0911342681204  0.0855302607591  0.0786999481477  0.0706002384365  0.0612367805957  0.0506751528179  0.0390468097369  0.026548406588  0.0134339188494  
0.00579336603286  0.0114496460677  0.0168414659137  0.0218596567815  0.0264195204491  0.0304642239321  0.0339651283256  0.0369192896894  0.0393447110677  0.0412741268866  0.0427481550155  0.0438085821081  0.0444923996455  0.0448270316469  0.0448270316469  0.0444923996455  0.0438085821081  0.0427481550155  0.0412741268866  0.0393447110677  0.0369192896894  0.0339651283256  0.0304642239321  0.0264195204491  0.0218596567815  0.0168414659137  0.0114496460677  0.00579336603286  
