1000.0  1000.0  1000.0  1000.0  1000.0  1000.0  1000.0  1000.0  1000.0  1000.0  1000.0  1000.0  1000.0  1000.0  1000.0  1000.0  1000.0  1000.0  1000.0  1000.0  1000.0  1000.0  1000.0  1000.0  1000.0  1000.0  1000.0  1000.0  
258.736603015  414.324893901  498.418237174  542.287489732  564.704709239  575.913774111  581.370239383  583.94267971  585.112334553  585.623716911  585.838252704  585.924413603  585.957195948  585.968002431  585.968002431  585.957195948  585.924413603  585.838252704  585.623716911  585.112334553  583.94267971  581.370239383  575.913774111  564.704709239  542.287489732  498.418237174  414.324893901  258.736603015  
149.619458562  259.225894278  328.608239282  369.104912383  391.465369179  403.257241554  409.213331904  412.095459973  413.430762292  414.022689564  414.273605425  414.375177744  414.41405687  414.426926209  414.426926209  414.41405687  414.375177744  414.273605425  414.022689564  413.430762292  412.095459973  409.213331904  403.257241554  391.465369179  369.104912383  328.608239282  259.225894278  149.619458562  
87.8881137151  158.56442268  207.788698604  238.876758233  257.120113476  267.192854578  272.458714739  275.073635496  276.309152893  276.865154981  277.103612788  277.201029444  277.238583395  277.251075708  277.251075708  277.238583395  277.201029444  277.103612788  276.865154981  276.309152893  275.073635496  272.458714739  267.192854578  257.120113476  238.876758233  207.788698604  158.56442268  87.8881137151  
50.9153896546  93.9036761632  125.683808083  146.895355637  159.936289095  167.413061767  171.440617797  173.488512871  174.47439288  174.924695783  175.120127301  175.200729896  175.232036457  175.242505961  175.242505961  175.232036457  175.200729896  175.120127301  174.924695783  174.47439288  173.488512871  171.440617797  167.413061767  159.936289095  146.895355637  125.683808083  93.9036761632  50.9153896546  
28.6022688658  53.4296496756  72.5044310716  85.7434306649  94.1755495333  99.1584519161  101.911174344  103.340195576  104.039921045  104.363989013  104.506241862  104.565459937  104.588632985  104.596423895  104.596423895  104.588632985  104.565459937  104.506241862  104.363989013  104.039921045  103.340195576  101.911174344  99.1584519161  94.1755495333  85.7434306649  72.5044310716  53.4296496756  28.6022688658  
15.4333592922  29.0586460666  39.7999086079  47.4672097325  52.4835723057  55.5202746333  57.2332762259  58.1384975808  58.5884284706  58.7994385119  58.8930403599  58.9323477338  58.9478392761  58.9530744094  58.9530744094  58.9478392761  58.9323477338  58.8930403599  58.7994385119  58.5884284706  58.1384975808  57.2332762259  55.5202746333  52.4835723057  47.4672097325  39.7999086079  29.0586460666  15.4333592922  
7.95696797382  15.0594653135  20.7591798038  24.9120717332  27.6855634598  29.3970428185  30.379228418  30.9061247312  31.1714358941  31.2972530027  31.3535948979  31.3774454886  31.3869075925  31.3901205494  31.3901205494  31.3869075925  31.3774454886  31.3535948979  31.2972530027  31.1714358941  30.9061247312  30.379228418  29.3970428185  27.6855634598  24.9120717332  20.7591798038  15.0594653135  7.95696797382  
3.90892162988  7.42438895477  10.2815931502  12.3954336132  13.829769963  14.7285387831  15.2516573595  15.5358599566  15.6805711239  15.7498670975  15.7811604301  15.7945033624  15.7998287349  15.8016449924  15.8016449924  15.7998287349  15.7945033624  15.7811604301  15.7498670975  15.6805711239  15.5358599566  15.2516573595  14.7285387831  13.829769963  12.3954336132  10.2815931502  7.42438895477  3.90892162988  
1.82740001512  3.47966299344  4.83511135383  5.84958688306  6.54655622814  6.98868672879  7.24902679147  7.39197551168  7.46545932771  7.50094562623  7.5170898227  7.52401773052  7.52679772716  7.52774963965  7.52774963965  7.52679772716  7.52401773052  7.5170898227  7.50094562623  7.46545932771  7.39197551168  7.24902679147  6.98868672879  6.54655622814  5.84958688306  4.83511135383  3.47966299344  1.82740001512  
0.812694290619  1.55038877375  2.15981312355  2.6200201962  2.93931051025  3.143877867  3.26549063978  3.33286369805  3.36777948667  3.3847640027  3.39254104056  3.39589731488  3.39725057963  3.39771560522  3.39771560522  3.39725057963  3.39589731488  3.39254104056  3.3847640027  3.36777948667  3.33286369805  3.26549063978  3.143877867  2.93931051025  2.6200201962  2.15981312355  1.55038877375  0.812694290619  
0.343909637064  0.657006721508  0.917054846289  1.11480609975  1.25308394999  1.34239631775  1.39591296765  1.42578352955  1.44137105382  1.44900114867  1.45251456252  1.45403835755  1.45465536384  1.45486805474  1.45486805474  1.45465536384  1.45403835755  1.45251456252  1.44900114867  1.44137105382  1.42578352955  1.39591296765  1.34239631775  1.25308394999  1.11480609975  0.917054846289  0.657006721508  0.343909637064  
0.138565917676  0.265005248742  0.370462679361  0.451102097121  0.507846385419  0.544740180253  0.566992869788  0.57949166176  0.586052384945  0.589281190489  0.590775199219  0.591425971492  0.591690457919  0.591781882626  0.591781882626  0.591690457919  0.591425971492  0.590775199219  0.589281190489  0.586052384945  0.57949166176  0.566992869788  0.544740180253  0.507846385419  0.451102097121  0.370462679361  0.265005248742  0.138565917676  
0.0532034629205  0.10183787917  0.142536661816  0.173796111731  0.195905937783  0.210359747147  0.21912549071  0.224075151612  0.226686279536  0.227977269914  0.22857714139  0.22883942183  0.228946363178  0.228983418934  0.228983418934  0.228946363178  0.22883942183  0.22857714139  0.227977269914  0.226686279536  0.224075151612  0.21912549071  0.210359747147  0.195905937783  0.173796111731  0.142536661816  0.10183787917  0.0532034629205  
0.0194866273823  0.0373252111678  0.0522929462959  0.0638306754797  0.0720257157267  0.0774072678241  0.0806859750865  0.0825456273114  0.0835308397616  0.0840198771014  0.0842479368023  0.0843479755516  0.0843888797443  0.0844030830816  0.0844030830816  0.0843888797443  0.0843479755516  0.0842479368023  0.0840198771014  0.0835308397616  0.0825456273114  0.0806859750865  0.0774072678241  0.0720257157267  0.0638306754797  0.0522929462959  0.0373252111678  0.0194866273823  
0.00681596369881  0.0130626669029  0.0183154070972  0.0223763720532  0.02527082727  0.0271787196424  0.0283455764541  0.0290099137661  0.0293631432985  0.029539072644  0.0296213717283  0.0296575736723  0.0296724120008  0.0296775737412  0.0296775737412  0.0296724120008  0.0296575736723  0.0296213717283  0.029539072644  0.0293631432985  0.0290099137661  0.0283455764541  0.0271787196424  0.02527082727  0.0223763720532  0.0183154070972  0.0130626669029  0.00681596369881  
0.00227935720635  0.00437030484171  0.00613165940086  0.00749669311478  0.00847242549292  0.00911760399166  0.00951346882674  0.00973957235529  0.00986016232389  0.00992039709094  0.00994864983993  0.00996110767128  0.00996622449578  0.0099680072392  0.0099680072392  0.00996622449578  0.00996110767128  0.00994864983993  0.00992039709094  0.00986016232389  0.00973957235529  0.00951346882674  0.00911760399166  0.00847242549292  0.00749669311478  0.00613165940086  0.00437030484171  0.00227935720635  
0.000729626020439  0.00139945716318  0.00196452712986  0.00240333164047  0.00271774384185  0.00292618800613  0.00305443253987  0.00312787971907  0.00316715448771  0.00318682061743  0.00319606589305  0.00320015091219  0.00320183174578  0.00320241814074  0.00320241814074  0.00320183174578  0.00320015091219  0.00319606589305  0.00318682061743  0.00316715448771  0.00312787971907  0.00305443253987  0.00292618800613  0.00271774384185  0.00240333164047  0.00196452712986  0.00139945716318  0.000729626020439  
0.000223819596697  0.000429427223323  0.000603087573476  0.000738168804497  0.000835151238035  0.000899589122592  0.000939325357498  0.000962134948762  0.000974359087183  0.000980492916916  0.000983382078461  0.000984660881992  0.000985187855723  0.000985371908377  0.000985371908377  0.000985187855723  0.000984660881992  0.000983382078461  0.000980492916916  0.000974359087183  0.000962134948762  0.000939325357498  0.000899589122592  0.000835151238035  0.000738168804497  0.000603087573476  0.000429427223323  0.000223819596697  
6.58727301589e-05  0.000126417389491  0.000177606016379  0.000217478470799  0.000246153184756  0.000265240807128  0.000277034141961  0.000283816913227  0.000287458758683  0.000289289399023  0.000290153077356  0.000290535921941  0.000290693885508  0.000290749108178  0.000290749108178  0.000290693885508  0.000290535921941  0.000290153077356  0.000289289399023  0.000287458758683  0.000283816913227  0.000277034141961  0.000265240807128  0.000246153184756  0.000217478470799  0.000177606016379  0.000126417389491  6.58727301589e-05  
1.86213708489e-05  3.57440775871e-05  5.02329168543e-05  6.15318807614e-05  6.96690716015e-05  7.50941077576e-05  7.84514323281e-05  8.03854962196e-05  8.14255841215e-05  8.1949181255e-05  8.21965475275e-05  8.23063326947e-05  8.23516781158e-05  8.2367542722e-05  8.2367542722e-05  8.23516781158e-05  8.23063326947e-05  8.21965475275e-05  8.1949181255e-05  8.14255841215e-05  8.03854962196e-05  7.84514323281e-05  7.50941077576e-05  6.96690716015e-05  6.15318807614e-05  5.02329168543e-05  3.57440775871e-05  1.86213708489e-05  
5.0616356122e-06  9.71760828053e-06  1.36601364257e-05  1.67376653045e-05  1.89566188348e-05  2.04379159271e-05  2.1355877705e-05  2.18854124834e-05  2.2170558108e-05  2.23142831419e-05  2.23822611867e-05  2.24124614367e-05  2.24249459521e-05  2.24293165247e-05  2.24293165247e-05  2.24249459521e-05  2.24124614367e-05  2.23822611867e-05  2.23142831419e-05  2.2170558108e-05  2.18854124834e-05  2.1355877705e-05  2.04379159271e-05  1.89566188348e-05  1.67376653045e-05  1.36601364257e-05  9.71760828053e-06  5.0616356122e-06  
1.32434960639e-06  2.54293058626e-06  3.57538625362e-06  4.3819727116e-06  4.96410642211e-06  5.35314167657e-06  5.59450145441e-06  5.73389026199e-06  5.80903099461e-06  5.8469437508e-06  5.864892122e-06  5.87287247043e-06  5.87617372624e-06  5.87732999431e-06  5.87732999431e-06  5.87617372624e-06  5.87287247043e-06  5.864892122e-06  5.8469437508e-06  5.80903099461e-06  5.73389026199e-06  5.59450145441e-06  5.35314167657e-06  4.96410642211e-06  4.3819727116e-06  3.57538625362e-06  2.54293058626e-06  1.32434960639e-06  
3.33879501018e-07  6.41171543709e-07  9.01653847285e-07  1.10528787888e-06  1.25237539572e-06  1.35076151609e-06  1.41185829215e-06  1.44717562756e-06  1.46623133546e-06  1.47585401572e-06  1.48041291112e-06  1.48244123168e-06  1.48328073533e-06  1.48357488091e-06  1.48357488091e-06  1.48328073533e-06  1.48244123168e-06  1.48041291112e-06  1.47585401572e-06  1.46623133546e-06  1.44717562756e-06  1.41185829215e-06  1.35076151609e-06  1.25237539572e-06  1.10528787888e-06  9.01653847285e-07  6.41171543709e-07  3.33879501018e-07  
8.11851868514e-08  1.5592106392e-07  2.19297748672e-07  2.68870534125e-07  3.04701655343e-07  3.28686707552e-07  3.43592659263e-07  3.52215696892e-07  3.56871682676e-07  3.59224401184e-07  3.60339688016e-07  3.60836139396e-07  3.61041695639e-07  3.61113737274e-07  3.61113737274e-07  3.61041695639e-07  3.60836139396e-07  3.60339688016e-07  3.59224401184e-07  3.56871682676e-07  3.52215696892e-07  3.43592659263e-07  3.28686707552e-07  3.04701655343e-07  2.68870534125e-07  2.19297748672e-07  1.5592106392e-07  8.11851868514e-08  
1.90564071448e-08  3.66019916637e-08  5.1485674662e-08  6.31328861128e-08  7.15560830226e-08  7.71978992217e-08  8.07062892201e-08  8.27371155188e-08  8.38342797349e-08  8.43889716053e-08  8.46520336085e-08  8.4769172559e-08  8.48176867152e-08  8.48346923091e-08  8.48346923091e-08  8.48176867152e-08  8.4769172559e-08  8.46520336085e-08  8.43889716053e-08  8.38342797349e-08  8.27371155188e-08  8.07062892201e-08  7.71978992217e-08  7.15560830226e-08  6.31328861128e-08  5.1485674662e-08  3.66019916637e-08  1.90564071448e-08  
4.31468187185e-09  8.28783959974e-09  1.16591065164e-08  1.42982549289e-08  1.62077096006e-08  1.7487266041e-08  1.82833535087e-08  1.87443850939e-08  1.89935675008e-08  1.91195936501e-08  1.91793796985e-08  1.92060079137e-08  1.92170378542e-08  1.92209044476e-08  1.92209044476e-08  1.92170378542e-08  1.92060079137e-08  1.91793796985e-08  1.91195936501e-08  1.89935675008e-08  1.87443850939e-08  1.82833535087e-08  1.7487266041e-08  1.62077096006e-08  1.42982549289e-08  1.16591065164e-08  8.28783959974e-09  4.31468187185e-09  
9.06913331013e-10  1.74212839286e-09  2.45095855259e-09  3.00600886842e-09  3.40772571468e-09  3.67701798775e-09  3.84462028058e-09  3.94171511204e-09  3.99420948865e-09  4.02076554828e-09  4.03336592493e-09  4.03897869149e-09  4.04130373088e-09  4.04211878472e-09  4.04211878472e-09  4.04130373088e-09  4.03897869149e-09  4.03336592493e-09  4.02076554828e-09  3.99420948865e-09  3.94171511204e-09  3.84462028058e-09  3.67701798775e-09  3.40772571468e-09  3.00600886842e-09  2.45095855259e-09  1.74212839286e-09  9.06913331013e-10  
