1000.0  1000.0  1000.0  1000.0  1000.0  1000.0  1000.0  1000.0  1000.0  1000.0  1000.0  1000.0  1000.0  1000.0  1000.0  1000.0  1000.0  1000.0  1000.0  1000.0  1000.0  1000.0  1000.0  1000.0  1000.0  1000.0  1000.0  1000.0  
289.169849268  473.782659824  584.298094109  651.164546127  692.765101979  719.355924969  736.707615081  748.182036693  755.816614541  760.889202077  764.220520002  766.341969111  767.591647129  768.16985481  768.16985481  767.591647129  766.341969111  764.220520002  760.889202077  755.816614541  748.182036693  736.707615081  719.355924969  692.765101979  651.164546127  584.298094109  473.782659824  289.169849268  
190.135821963  338.40639905  443.028261842  514.251130723  562.301841537  594.751305803  616.734826623  631.654544001  641.765171292  648.572052287  653.085284614  655.979186711  657.691878823  658.486490999  658.486490999  657.691878823  655.979186711  653.085284614  648.572052287  641.765171292  631.654544001  616.734826623  594.751305803  562.301841537  514.251130723  443.028261842  338.40639905  190.135821963  
133.741852017  248.212105682  337.417377274  403.451316516  451.006661061  484.740865295  508.446711047  524.979026292  536.412396819  544.228043745  549.46962519  552.858834004  554.876330466  555.81557778  555.81557778  554.876330466  552.858834004  549.46962519  544.228043745  536.412396819  524.979026292  508.446711047  484.740865295  451.006661061  403.451316516  337.417377274  248.212105682  133.741852017  
97.5782537102  185.180081224  257.774348176  314.769908812  357.946300843  389.867148257  413.050079507  429.642608682  441.35311027  449.485988251  455.007381566  458.610421927  460.769084787  461.777935318  461.777935318  460.769084787  458.610421927  455.007381566  449.485988251  441.35311027  429.642608682  413.050079507  389.867148257  357.946300843  314.769908812  257.774348176  185.180081224  97.5782537102  
72.479931199  139.310307043  196.905947147  244.041282761  281.153947699  309.532730442  330.737509684  346.274910792  357.452830362  365.336679676  370.754952856  374.32404566  376.476739755  377.486875941  377.486875941  376.476739755  374.32404566  370.754952856  365.336679676  357.452830362  346.274910792  330.737509684  309.532730442  281.153947699  244.041282761  196.905947147  139.310307043  72.479931199  
54.1933360091  104.975052155  149.887631081  187.747281644  218.445449749  242.564319416  261.023196366  274.830518554  284.938425862  292.171537822  297.201364203  300.545140277  302.575371484  303.531901863  303.531901863  302.575371484  300.545140277  297.201364203  292.171537822  284.938425862  274.830518554  261.023196366  242.564319416  218.445449749  187.747281644  149.887631081  104.975052155  54.1933360091  
40.4990604715  78.8453803931  113.366058391  143.097038398  167.751484562  187.546570961  203.001739525  214.769854024  223.519501519  229.86393019  234.324398587  237.315594811  239.14336088  240.007874358  240.007874358  239.14336088  237.315594811  234.324398587  229.86393019  223.519501519  214.769854024  203.001739525  187.546570961  167.751484562  143.097038398  113.366058391  78.8453803931  40.4990604715  
30.1080086759  58.8179999303  84.9898566719  107.890875553  127.212980576  142.998363873  155.528356485  165.215202961  172.515958013  177.872884181  181.676997499  184.24871675  185.829576234  186.580069667  186.580069667  185.829576234  184.24871675  181.676997499  177.872884181  172.515958013  165.215202961  155.528356485  142.998363873  127.212980576  107.890875553  84.9898566719  58.8179999303  30.1080086759  
22.1955055618  43.4669759484  63.0361254206  80.3655975314  95.1852491857  107.462418131  117.34188898  125.078815125  130.979223228  135.35435451  138.489433224  140.624535275  141.944245572  142.572908355  142.572908355  141.944245572  140.624535275  138.489433224  135.35435451  130.979223228  125.078815125  117.34188898  107.462418131  95.1852491857  80.3655975314  63.0361254206  43.4669759484  22.1955055618  
16.1885318066  31.7605120709  46.1848302837  59.0761217591  70.2181139596  79.5533311055  87.1510399416  93.1664604906  97.8010713093  101.269514253  103.774987878  105.492692145  106.559739271  107.069635446  107.069635446  106.559739271  105.492692145  103.774987878  101.269514253  97.8010713093  93.1664604906  87.1510399416  79.5533311055  70.2181139596  59.0761217591  46.1848302837  31.7605120709  16.1885318066  
11.6624758  22.9121675813  33.3876814787  42.8172631237  51.0366567296  57.9868268149  63.6969847845  68.260054754  71.8067875185  74.4826439499  76.4294359084  77.7720912208  78.6099321706  79.0114372352  79.0114372352  78.6099321706  77.7720912208  76.4294359084  74.4826439499  71.8067875185  68.260054754  63.6969847845  57.9868268149  51.0366567296  42.8172631237  33.3876814787  22.9121675813  11.6624758  
8.28858352885  16.301125995  23.7930258244  30.5754176649  36.5279477926  41.5994667212  45.7991090295  49.1816305236  51.8307928534  53.8436421477  55.3173337379  56.3391084496  56.9793006306  57.2868732287  57.2868732287  56.9793006306  56.3391084496  55.3173337379  53.8436421477  51.8307928534  49.1816305236  45.7991090295  41.5994667212  36.5279477926  30.5754176649  23.7930258244  16.301125995  8.28858352885  
5.80593350442  11.4281190872  16.7022389116  21.4988381813  25.7321246759  29.3614917768  32.3868702683  34.840001158  36.7738974406  38.2523704026  39.3408524445  40.0991056819  40.5759079596  40.8055056448  40.8055056448  40.5759079596  40.0991056819  39.3408524445  38.2523704026  36.7738974406  34.840001158  32.3868702683  29.3614917768  25.7321246759  21.4988381813  16.7022389116  11.4281190872  5.80593350442  
4.00550388103  7.889579674  11.5428642996  14.8778408245  17.8347480095  20.3830955275  22.5192674639  24.2613448397  25.642487691  26.7040754315  27.4894682189  28.0388708828  28.3854567473  28.5526910197  28.5526910197  28.3854567473  28.0388708828  27.4894682189  26.7040754315  25.642487691  24.2613448397  22.5192674639  20.3830955275  17.8347480095  14.8778408245  11.5428642996  7.889579674  4.00550388103  
2.72018280939  5.3608643424  7.8500384383  10.1293658811  12.1580665058  13.9141549591  15.3932219718  16.6053727663  17.571108503  18.3169006513  18.8710377888  19.2601040912  19.5062451585  19.6252287448  19.6252287448  19.5062451585  19.2601040912  18.8710377888  18.3169006513  17.571108503  16.6053727663  15.3932219718  13.9141549591  12.1580665058  10.1293658811  7.8500384383  5.3608643424  2.72018280939  
1.81765649197  3.58382643308  5.25166583843  6.7828427402  8.15005804642  9.33796254721  10.3425480893  11.1693440393  11.8308769181  12.343854704  12.7264534481  12.9959591862  13.1668937613  13.2496564558  13.2496564558  13.1668937613  12.9959591862  12.7264534481  12.343854704  11.8308769181  11.1693440393  10.3425480893  9.33796254721  8.15005804642  6.7828427402  5.25166583843  3.58382643308  1.81765649197  
1.19469650542  2.35645217628  3.45518575511  4.46608178174  5.37119825075  6.1601091137  6.82960712837  7.3826463564  7.82678960877  8.17244102576  8.43110410635  8.61383613353  8.72999564881  8.7863184025  8.7863184025  8.72999564881  8.61383613353  8.43110410635  8.17244102576  7.82678960877  7.3826463564  6.82960712837  6.1601091137  5.37119825075  4.46608178174  3.45518575511  2.35645217628  1.19469650542  
0.77219654118  1.52359284715  2.23513644658  2.89100455946  3.47961413664  3.99405418258  4.43194512568  4.79482225293  5.08719606293  5.31545759553  5.48677863896  5.60811869109  5.68540698184  5.72293007255  5.72293007255  5.68540698184  5.60811869109  5.48677863896  5.31545759553  5.08719606293  4.79482225293  4.43194512568  3.99405418258  3.47961413664  2.89100455946  2.23513644658  1.52359284715  0.77219654118  
0.490727441631  0.968502328839  1.42143029065  1.83957792464  2.21559801821  2.54501141195  2.82614319881  3.05976565024  3.24853539801  3.39632452021  3.50753739465  3.58648462437  3.6368601954  3.66134519441  3.66134519441  3.6368601954  3.58648462437  3.50753739465  3.39632452021  3.24853539801  3.05976565024  2.82614319881  2.54501141195  2.21559801821  1.83957792464  1.42143029065  0.968502328839  0.490727441631  
0.306569591318  0.605189992152  0.888545794954  1.15049882177  1.38646940335  1.5936153463  1.7708047194  1.91841066181  2.03797798898  2.13182001182  2.20260095104  2.25294835669  2.2851256411  2.30078129509  2.30078129509  2.2851256411  2.25294835669  2.20260095104  2.13182001182  2.03797798898  1.91841066181  1.7708047194  1.5936153463  1.38646940335  1.15049882177  0.888545794954  0.605189992152  0.306569591318  
0.188246325704  0.371687179804  0.545892173684  0.707128967714  0.8525922925  0.980514950909  1.09015732202  1.18169048175  1.25600102638  1.31445144745  1.35862892695  1.39010964024  1.4102576285  1.42006941189  1.42006941189  1.4102576285  1.39010964024  1.35862892695  1.31445144745  1.25600102638  1.18169048175  1.09015732202  0.980514950909  0.8525922925  0.707128967714  0.545892173684  0.371687179804  0.188246325704  
0.11358288374  0.224305923438  0.329528385524  0.427017970383  0.515086258999  0.592656084237  0.659258228244  0.714965500711  0.760279906023  0.795992276552  0.823033580364  0.842334103285  0.854702260207  0.860730265239  0.860730265239  0.854702260207  0.842334103285  0.823033580364  0.795992276552  0.760279906023  0.714965500711  0.659258228244  0.592656084237  0.515086258999  0.427017970383  0.329528385524  0.224305923438  0.11358288374  
0.0672899363986  0.132906064292  0.195300745599  0.253161849633  0.305491556172  0.351646391385  0.391336732734  0.424590044623  0.451686540205  0.473078217931  0.489302320356  0.500898717614  0.508338288434  0.511966817563  0.511966817563  0.508338288434  0.500898717614  0.489302320356  0.473078217931  0.451686540205  0.424590044623  0.391336732734  0.351646391385  0.305491556172  0.253161849633  0.195300745599  0.132906064292  0.0672899363986  
0.0390402930317  0.0771197531552  0.113348954524  0.146971910054  0.177411057021  0.204290512976  0.227436479266  0.24685702503  0.262706002269  0.275237181731  0.284754848685  0.291566315492  0.295940499679  0.298075300033  0.298075300033  0.295940499679  0.291566315492  0.284754848685  0.275237181731  0.262706002269  0.24685702503  0.227436479266  0.204290512976  0.177411057021  0.146971910054  0.113348954524  0.0771197531552  0.0390402930317  
0.0219827059287  0.0434292874723  0.0638429857553  0.0828006734631  0.0999778311452  0.115161642159  0.128251531833  0.139248300301  0.148234388817  0.155348585457  0.160758600966  0.164634557353  0.16712574299  0.168342222337  0.168342222337  0.16712574299  0.164634557353  0.160758600966  0.155348585457  0.148234388817  0.139248300301  0.128251531833  0.115161642159  0.0999778311452  0.0828006734631  0.0638429857553  0.0434292874723  0.0219827059287  
0.0116214497258  0.0229615195888  0.0337592927578  0.0437921555314  0.0528888520301  0.060936402811  0.0678805147788  0.0737200470415  0.0784968205396  0.0822824684329  0.0851641061937  0.0872304163655  0.0885593984579  0.0892086431871  0.0892086431871  0.0885593984579  0.0872304163655  0.0851641061937  0.0822824684329  0.0784968205396  0.0737200470415  0.0678805147788  0.060936402811  0.0528888520301  0.0437921555314  0.0337592927578  0.0229615195888  0.0116214497258  
0.0049840835383  0.00984807318851  0.0144805531219  0.0187863590147  0.0226921342086  0.0261492948913  0.0291342402275  0.0316460377929  0.0337021213883  0.0353327147756  0.0365747343721  0.0374658508912  0.0380392477171  0.0383194498413  0.0383194498413  0.0380392477171  0.0374658508912  0.0365747343721  0.0353327147756  0.0337021213883  0.0316460377929  0.0291342402275  0.0261492948913  0.0226921342086  0.0187863590147  0.0144805531219  0.00984807318851  0.0049840835383  
