1000.0  1000.0  1000.0  1000.0  1000.0  1000.0  1000.0  1000.0  1000.0  1000.0  1000.0  1000.0  1000.0  1000.0  1000.0  1000.0  1000.0  1000.0  1000.0  1000.0  1000.0  1000.0  1000.0  1000.0  1000.0  1000.0  1000.0  1000.0  
153.323384745  222.022246112  245.45000368  252.078196178  253.682747272  254.020901192  254.083726693  254.094122712  254.0956683  254.095876313  254.095901824  254.095904691  254.095904988  254.095905016  254.095905016  254.095904988  254.095904691  254.095901824  254.095876313  254.0956683  254.094122712  254.083726693  254.020901192  253.682747272  252.078196178  245.45000368  222.022246112  153.323384745  
51.1177877565  78.4252249163  88.9330970057  92.1488419514  92.9684546078  93.1472184632  93.1812089553  93.1869222503  93.1877805791  93.1878968789  93.1879111991  93.1879128118  93.1879129788  93.1879129947  93.1879129947  93.1879129788  93.1879128118  93.1879111991  93.1878968789  93.1877805791  93.1869222503  93.1812089553  93.1472184632  92.9684546078  92.1488419514  88.9330970057  78.4252249163  51.1177877565  
14.7024765591  23.2596667663  26.79321557  27.9306320844  28.2309229425  28.2980361672  28.3110131953  28.3132193512  28.3135532528  28.3135986973  28.3136043054  28.3136049373  28.3136050026  28.3136050088  28.3136050088  28.3136050026  28.3136049373  28.3136043054  28.3135986973  28.3135532528  28.3132193512  28.3110131953  28.2980361672  28.2309229425  27.9306320844  26.79321557  23.2596667663  14.7024765591  
3.65049854621  5.87735854443  6.83782136913  7.15743539273  7.24387178301  7.26352041151  7.26736425429  7.26802277351  7.26812290865  7.26813656958  7.26813825635  7.26813844624  7.26813846585  7.2681384677  7.2681384677  7.26813846585  7.26813844624  7.26813825635  7.26813656958  7.26812290865  7.26802277351  7.26736425429  7.26352041151  7.24387178301  7.15743539273  6.83782136913  5.87735854443  3.65049854621  
0.788809798758  1.28357230109  1.50300638388  1.57766710335  1.59819162628  1.60291136349  1.60384184267  1.60400201108  1.60402642594  1.60402975874  1.60403016989  1.60403021608  1.60403022084  1.60403022129  1.60403022129  1.60403022084  1.60403021608  1.60403016989  1.60402975874  1.60402642594  1.60400201108  1.60384184267  1.60291136349  1.59819162628  1.57766710335  1.50300638388  1.28357230109  0.788809798758  
0.149830952528  0.245454406651  0.288648378411  0.303565153118  0.307711055535  0.308671634394  0.308861902489  0.308894734266  0.308899741949  0.308900424939  0.308900509022  0.308900518439  0.308900519404  0.308900519495  0.308900519495  0.308900519404  0.308900518439  0.308900509022  0.308900424939  0.308899741949  0.308894734266  0.308861902489  0.308671634394  0.307711055535  0.303565153118  0.288648378411  0.245454406651  0.149830952528  
0.025265048529  0.0415704682871  0.0490254570726  0.0516254796505  0.0523532479509  0.0525226321779  0.0525562628448  0.0525620694168  0.0525629542909  0.0525630747257  0.0525630895066  0.0525630911554  0.0525630913237  0.0525630913394  0.0525630913394  0.0525630913237  0.0525630911554  0.0525630895066  0.0525630747257  0.0525629542909  0.0525620694168  0.0525562628448  0.0525226321779  0.0523532479509  0.0516254796505  0.0490254570726  0.0415704682871  0.025265048529  
0.00381623924981  0.00629708195099  0.00744035049995  0.00784159008992  0.00795437259874  0.00798068088707  0.00798590711879  0.00798680865768  0.00798694575721  0.00798696435913  0.0079869666331  0.00798696688558  0.00798696691121  0.00798696691359  0.00798696691359  0.00798696691121  0.00798696688558  0.0079869666331  0.00798696435913  0.00798694575721  0.00798680865768  0.00798590711879  0.00798068088707  0.00795437259874  0.00784159008992  0.00744035049995  0.00629708195099  0.00381623924981  
0.000520492570489  0.000860431020846  0.00101786637826  0.00107332203444  0.0010889412661  0.00109258634791  0.00109330978786  0.00109343432112  0.00109345320052  0.00109345575198  0.00109345606242  0.00109345609671  0.00109345610017  0.00109345610048  0.00109345610048  0.00109345610017  0.00109345609671  0.00109345606242  0.00109345575198  0.00109345320052  0.00109343432112  0.00109330978786  0.00109258634791  0.0010889412661  0.00107332203444  0.00101786637826  0.000860431020846  0.000520492570489  
6.45506649714e-05  0.000106829411573  0.000126465055717  0.000133393260348  0.000135345251817  0.000135800353372  0.000135890487424  0.000135905955142  0.000135908290817  0.000135908604995  0.000135908643019  0.000135908647193  0.000135908647612  0.00013590864765  0.00013590864765  0.000135908647612  0.000135908647193  0.000135908643019  0.000135908604995  0.000135908290817  0.000135905955142  0.000135890487424  0.000135800353372  0.000135345251817  0.000133393260348  0.000126465055717  0.000106829411573  6.45506649714e-05  
7.32420908216e-06  1.21287143273e-05  1.43627704269e-05  1.51511603067e-05  1.53730630106e-05  1.54246903869e-05  1.54348838873e-05  1.54366263092e-05  1.54368881942e-05  1.54369232344e-05  1.54369274502e-05  1.54369279101e-05  1.54369279559e-05  1.54369279601e-05  1.54369279601e-05  1.54369279559e-05  1.54369279101e-05  1.54369274502e-05  1.54369232344e-05  1.54368881942e-05  1.54366263092e-05  1.54348838873e-05  1.54246903869e-05  1.53730630106e-05  1.51511603067e-05  1.43627704269e-05  1.21287143273e-05  7.32420908216e-06  
7.64424414221e-07  1.26614652525e-06  1.49943472075e-06  1.5816759802e-06  1.60477581517e-06  1.61013385887e-06  1.61118766151e-06  1.61136695935e-06  1.61139376553e-06  1.61139733122e-06  1.6113977575e-06  1.61139780369e-06  1.61139780826e-06  1.61139780867e-06  1.61139780867e-06  1.61139780826e-06  1.61139780369e-06  1.6113977575e-06  1.61139733122e-06  1.61139376553e-06  1.61136695935e-06  1.61118766151e-06  1.61013385887e-06  1.60477581517e-06  1.5816759802e-06  1.49943472075e-06  1.26614652525e-06  7.64424414221e-07  
7.37365219155e-08  1.22122987925e-07  1.4459866043e-07  1.52506166353e-07  1.54720652999e-07  1.55232347259e-07  1.55332525688e-07  1.55349481248e-07  1.55352001482e-07  1.55352334598e-07  1.55352374152e-07  1.55352378407e-07  1.55352378824e-07  1.55352378862e-07  1.55352378862e-07  1.55352378824e-07  1.55352378407e-07  1.55352374152e-07  1.55352334598e-07  1.55352001482e-07  1.55349481248e-07  1.55332525688e-07  1.55232347259e-07  1.54720652999e-07  1.52506166353e-07  1.4459866043e-07  1.22122987925e-07  7.37365219155e-08  
6.60126456009e-09  1.09296027976e-08  1.29365057191e-08  1.36406114255e-08  1.3837067711e-08  1.38822590862e-08  1.38910609145e-08  1.38925420798e-08  1.38927608537e-08  1.38927895753e-08  1.38927929613e-08  1.38927933228e-08  1.3892793358e-08  1.38927933611e-08  1.38927933611e-08  1.3892793358e-08  1.38927933228e-08  1.38927929613e-08  1.38927895753e-08  1.38927608537e-08  1.38925420798e-08  1.38910609145e-08  1.38822590862e-08  1.3837067711e-08  1.36406114255e-08  1.29365057191e-08  1.09296027976e-08  6.60126456009e-09  
5.50537156271e-10  9.11051763963e-10  1.0778002849e-09  1.13610041354e-09  1.15229689808e-09  1.15600383328e-09  1.15672173053e-09  1.15684178646e-09  1.15685940036e-09  1.1568616963e-09  1.15686196493e-09  1.15686199339e-09  1.15686199613e-09  1.15686199638e-09  1.15686199638e-09  1.15686199613e-09  1.15686199339e-09  1.15686196493e-09  1.1568616963e-09  1.15685940036e-09  1.15684178646e-09  1.15672173053e-09  1.15600383328e-09  1.15229689808e-09  1.13610041354e-09  1.0778002849e-09  9.11051763963e-10  5.50537156271e-10  
4.29146421854e-11  7.09695813869e-11  8.39069320214e-11  8.84120222245e-11  8.96575238893e-11  8.99410071648e-11  8.99955713301e-11  9.00046357383e-11  9.00059562007e-11  9.00061270337e-11  9.00061468651e-11  9.00061489485e-11  9.0006149148e-11  9.00061491654e-11  9.00061491654e-11  9.0006149148e-11  9.00061489485e-11  9.00061468651e-11  9.00061270337e-11  9.00059562007e-11  9.00046357383e-11  8.99955713301e-11  8.99410071648e-11  8.96575238893e-11  8.84120222245e-11  8.39069320214e-11  7.09695813869e-11  4.29146421854e-11  
3.13601554357e-12  5.18199838283e-12  6.12222474054e-12  6.44815845815e-12  6.53778893959e-12  6.55806751142e-12  6.56194521264e-12  6.5625848807e-12  6.56267737312e-12  6.5626892459e-12  6.56269061295e-12  6.56269075536e-12  6.56269076887e-12  6.56269077004e-12  6.56269077004e-12  6.56269076887e-12  6.56269075536e-12  6.56269061295e-12  6.5626892459e-12  6.56267737312e-12  6.5625848807e-12  6.56194521264e-12  6.55806751142e-12  6.53778893959e-12  6.44815845815e-12  6.12222474054e-12  5.18199838283e-12  3.13601554357e-12  
2.15411920554e-13  3.55624248063e-13  4.19809504959e-13  4.41949894347e-13  4.48003538534e-13  4.49364440849e-13  4.49622882318e-13  4.49665202082e-13  4.49671273942e-13  4.49672047049e-13  4.49672135317e-13  4.49672144432e-13  4.49672145289e-13  4.49672145363e-13  4.49672145363e-13  4.49672145289e-13  4.49672144432e-13  4.49672135317e-13  4.49672047049e-13  4.49671273942e-13  4.49665202082e-13  4.49622882318e-13  4.49364440849e-13  4.48003538534e-13  4.41949894347e-13  4.19809504959e-13  3.55624248063e-13  2.15411920554e-13  
1.39422394154e-14  2.29939382248e-14  2.71200683816e-14  2.85358007819e-14  2.89205311124e-14  2.90064406217e-14  2.90226374569e-14  2.90252693978e-14  2.9025643986e-14  2.90256912818e-14  2.90256966349e-14  2.90256971827e-14  2.90256972337e-14  2.9025697238e-14  2.9025697238e-14  2.90256972337e-14  2.90256971827e-14  2.90256966349e-14  2.90256912818e-14  2.9025643986e-14  2.90252693978e-14  2.90226374569e-14  2.90064406217e-14  2.89205311124e-14  2.85358007819e-14  2.71200683816e-14  2.29939382248e-14  1.39422394154e-14  
8.52159437992e-16  1.40385573887e-15  1.65420031804e-15  1.73961184746e-15  1.76267342346e-15  1.7677868051e-15  1.76874359744e-15  1.76889783945e-15  1.76891960955e-15  1.76892233455e-15  1.76892264022e-15  1.76892267122e-15  1.76892267408e-15  1.76892267432e-15  1.76892267432e-15  1.76892267408e-15  1.76892267122e-15  1.76892264022e-15  1.76892233455e-15  1.76891960955e-15  1.76889783945e-15  1.76874359744e-15  1.7677868051e-15  1.76267342346e-15  1.73961184746e-15  1.65420031804e-15  1.40385573887e-15  8.52159437992e-16  
4.9283638288e-17  8.10943733231e-17  9.545957553e-17  1.00331440531e-16  1.01638005159e-16  1.0192558278e-16  1.01978972969e-16  1.01987509226e-16  1.01988703745e-16  1.01988851938e-16  1.01988868409e-16  1.01988870063e-16  1.01988870214e-16  1.01988870227e-16  1.01988870227e-16  1.01988870214e-16  1.01988870063e-16  1.01988868409e-16  1.01988851938e-16  1.01988703745e-16  1.01987509226e-16  1.01978972969e-16  1.0192558278e-16  1.01638005159e-16  1.00331440531e-16  9.545957553e-17  8.10943733231e-17  4.9283638288e-17  
2.70190655377e-18  4.4403099378e-18  5.22135054233e-18  5.48458227722e-18  5.55468147457e-18  5.56999311367e-18  5.57281285336e-18  5.57325987131e-18  5.57332187404e-18  5.57332949612e-18  5.57333033532e-18  5.57333041879e-18  5.57333042635e-18  5.57333042697e-18  5.57333042697e-18  5.57333042635e-18  5.57333041879e-18  5.57333033532e-18  5.57332949612e-18  5.57332187404e-18  5.57325987131e-18  5.57281285336e-18  5.56999311367e-18  5.55468147457e-18  5.48458227722e-18  5.22135054233e-18  4.4403099378e-18  2.70190655377e-18  
1.40652780252e-19  2.30843390745e-19  2.71148759894e-19  2.8464439653e-19  2.88212122746e-19  2.88985286401e-19  2.89126484942e-19  2.89148674586e-19  2.89151724549e-19  2.89152095986e-19  2.89152136489e-19  2.89152140478e-19  2.89152140835e-19  2.89152140864e-19  2.89152140864e-19  2.89152140835e-19  2.89152140478e-19  2.89152136489e-19  2.89152095986e-19  2.89151724549e-19  2.89148674586e-19  2.89126484942e-19  2.88985286401e-19  2.88212122746e-19  2.8464439653e-19  2.71148759894e-19  2.30843390745e-19  1.40652780252e-19  
6.96308401798e-21  1.14122189416e-20  1.3389443366e-20  1.40470166055e-20  1.42195433969e-20  1.42566285935e-20  1.42633432929e-20  1.42643890954e-20  1.42645315098e-20  1.4264548688e-20  1.42645505427e-20  1.42645507236e-20  1.42645507396e-20  1.42645507409e-20  1.42645507409e-20  1.42645507396e-20  1.42645507236e-20  1.42645505427e-20  1.4264548688e-20  1.42645315098e-20  1.42643890954e-20  1.42633432929e-20  1.42566285935e-20  1.42195433969e-20  1.40470166055e-20  1.3389443366e-20  1.14122189416e-20  6.96308401798e-21  
3.28277890218e-22  5.37259646147e-22  6.29596132027e-22  6.60090305849e-22  6.68028834242e-22  6.69721012035e-22  6.70024708174e-22  6.70071575256e-22  6.70077897005e-22  6.70078652095e-22  6.70078732806e-22  6.70078740594e-22  6.70078741278e-22  6.70078741332e-22  6.70078741332e-22  6.70078741278e-22  6.70078740594e-22  6.70078732806e-22  6.70078652095e-22  6.70077897005e-22  6.70071575256e-22  6.70024708174e-22  6.69721012035e-22  6.68028834242e-22  6.60090305849e-22  6.29596132027e-22  5.37259646147e-22  3.28277890218e-22  
1.47581031282e-23  2.41170045155e-23  2.82274095595e-23  2.95750870136e-23  2.9923120318e-23  2.99966716702e-23  3.00097530908e-23  3.00117529282e-23  3.00120200667e-23  3.00120516564e-23  3.00120549985e-23  3.00120553176e-23  3.00120553453e-23  3.00120553475e-23  3.00120553475e-23  3.00120553453e-23  3.00120553176e-23  3.00120549985e-23  3.00120516564e-23  3.00120200667e-23  3.00117529282e-23  3.00097530908e-23  2.99966716702e-23  2.9923120318e-23  2.95750870136e-23  2.82274095595e-23  2.41170045155e-23  1.47581031282e-23  
6.32400287948e-25  1.03184515203e-24  1.20619997799e-24  1.26294266357e-24  1.27747623921e-24  1.28052079078e-24  1.2810573002e-24  1.28113853625e-24  1.28114928072e-24  1.28115053839e-24  1.28115067006e-24  1.2811506825e-24  1.28115068356e-24  1.28115068365e-24  1.28115068365e-24  1.28115068356e-24  1.2811506825e-24  1.28115067006e-24  1.28115053839e-24  1.28114928072e-24  1.28113853625e-24  1.2810573002e-24  1.28052079078e-24  1.27747623921e-24  1.26294266357e-24  1.20619997799e-24  1.03184515203e-24  6.32400287948e-25  
