1000.0  1000.0  1000.0  1000.0  1000.0  1000.0  1000.0  1000.0  1000.0  1000.0  1000.0  1000.0  1000.0  1000.0  1000.0  1000.0  1000.0  1000.0  1000.0  1000.0  1000.0  1000.0  1000.0  1000.0  1000.0  1000.0  1000.0  1000.0  
276.704958288  449.242116835  548.422764741  604.977995226  637.484446172  656.295832976  667.190305697  673.463315113  677.033898258  679.033260934  680.129215688  680.712126929  681.004372214  681.124814829  681.124814829  681.004372214  680.712126929  680.129215688  679.033260934  677.033898258  673.463315113  667.190305697  656.295832976  637.484446172  604.977995226  548.422764741  449.242116835  276.704958288  
172.872226327  304.41675853  393.335875357  450.270093443  485.714194393  507.374670939  520.398217051  528.096190596  532.560600126  535.094837002  536.498161813  537.250245829  537.629387782  537.786185312  537.786185312  537.629387782  537.250245829  536.498161813  535.094837002  532.560600126  528.096190596  520.398217051  507.374670939  485.714194393  450.270093443  393.335875357  304.41675853  172.872226327  
113.145548613  207.658265037  278.122210296  327.096046488  359.591983012  380.430015477  393.418068985  401.304659977  405.972357608  408.663363581  410.171361907  410.986967228  411.400915896  411.572845263  411.572845263  411.400915896  410.986967228  410.171361907  408.663363581  405.972357608  401.304659977  393.418068985  380.430015477  359.591983012  327.096046488  278.122210296  207.658265037  113.145548613  
75.2420555647  141.196863006  193.456631432  231.932805754  258.751100981  276.652499694  288.173204769  295.34820628  299.680554425  302.21811104  303.658102736  304.44466018  304.846840894  305.014683128  305.014683128  304.846840894  304.44466018  303.658102736  302.21811104  299.680554425  295.34820628  288.173204769  276.652499694  258.751100981  231.932805754  193.456631432  141.196863006  75.2420555647  
49.9182495676  94.8787297007  131.922362643  160.329151135  180.886048952  195.062318744  204.439233859  210.413151679  214.088146168  216.273776221  217.529591362  218.222444561  218.579430682  218.729154768  218.729154768  218.579430682  218.222444561  217.529591362  216.273776221  214.088146168  210.413151679  204.439233859  195.062318744  180.886048952  160.329151135  131.922362643  94.8787297007  49.9182495676  
32.6802293865  62.6036208138  87.9057163577  107.882459029  122.757978815  133.288015875  140.415207104  145.046630236  147.944068375  149.69185009  150.708048915  151.274173309  151.568068612  151.69194317  151.69194317  151.568068612  151.274173309  150.708048915  149.69185009  147.944068375  145.046630236  140.415207104  133.288015875  122.757978815  107.882459029  87.9057163577  62.6036208138  32.6802293865  
20.9708173158  40.3782490006  57.0836566982  70.5560315419  80.8101031802  88.2220972552  93.3356553216  96.7155403688  98.8616781122  100.17300262  100.94384793  101.377238427  101.603852757  101.699825805  101.699825805  101.603852757  101.377238427  100.94384793  100.17300262  98.8616781122  96.7155403688  93.3356553216  88.2220972552  80.8101031802  70.5560315419  57.0836566982  40.3782490006  20.9708173158  
13.1339654053  25.3773295791  36.0504084338  44.7945506719  51.5633810923  56.5387884062  60.0260536213  62.3646239496  63.8689594554  64.7987396974  65.3507867939  65.6638044913  65.8285844035  65.8986848622  65.8986848622  65.8285844035  65.6638044913  65.3507867939  64.7987396974  63.8689594554  62.3646239496  60.0260536213  56.5387884062  51.5633810923  44.7945506719  36.0504084338  25.3773295791  13.1339654053  
8.00615749435  15.5080174746  22.1085784104  27.5810121305  31.873546713  35.071609319  37.3426597595  38.8844479692  39.8874660748  40.5137212791  40.8889105239  41.1032989471  41.2168617256  41.2653757107  41.2653757107  41.2168617256  41.1032989471  40.8889105239  40.5137212791  39.8874660748  38.8844479692  37.3426597595  35.071609319  31.873546713  27.5810121305  22.1085784104  15.5080174746  8.00615749435  
4.74147892754  9.20118066739  13.1524568078  16.4585791458  19.0790890723  21.0529025226  22.4698713277  23.4418952654  24.0804315405  24.4826871385  24.7256190348  24.8654071586  24.9398747355  24.9718094357  24.9718094357  24.9398747355  24.8654071586  24.7256190348  24.4826871385  24.0804315405  23.4418952654  22.4698713277  21.0529025226  19.0790890723  16.4585791458  13.1524568078  9.20118066739  4.74147892754  
2.72493265344  5.29529029341  7.58480445899  9.51429221543  11.0564665831  12.2284705657  13.077473085  13.6650416713  14.0542765491  14.3014044594  14.4517175639  14.5387551849  14.5853602137  14.6054161518  14.6054161518  14.5853602137  14.5387551849  14.4517175639  14.3014044594  14.0542765491  13.6650416713  13.077473085  12.2284705657  11.0564665831  9.51429221543  7.58480445899  5.29529029341  2.72493265344  
1.51856035016  2.95416309206  4.23826300972  5.32662946678  6.20241355096  6.87288569528  7.36226450059  7.70349922981  7.93119290316  8.07674842034  8.16584079563  8.21771907942  8.24562638778  8.25767391305  8.25767391305  8.24562638778  8.21771907942  8.16584079563  8.07674842034  7.93119290316  7.70349922981  7.36226450059  6.87288569528  6.20241355096  5.32662946678  4.23826300972  2.95416309206  1.51856035016  
0.820277262706  1.59710417386  2.29426611062  2.88788335429  3.36819463784  3.73815009419  4.00990425006  4.20060955363  4.32865873665  4.41100589794  4.4616907433  4.49135223527  4.50737454298  4.5143110099  4.5143110099  4.50737454298  4.49135223527  4.4616907433  4.41100589794  4.32865873665  4.20060955363  4.00990425006  3.73815009419  3.36819463784  2.88788335429  2.29426611062  1.59710417386  0.820277262706  
0.429396469202  0.836620260773  1.2030662121  1.51625877934  1.77082650099  1.96790415098  2.11344996188  2.21614837908  2.28547954298  2.33029923635  2.35802173593  2.3743176005  2.38315286613  2.38698764324  2.38698764324  2.38315286613  2.3743176005  2.35802173593  2.33029923635  2.28547954298  2.21614837908  2.11344996188  1.96790415098  1.77082650099  1.51625877934  1.2030662121  0.836620260773  0.429396469202  
0.217828871218  0.424646508756  0.611164046254  0.771069926227  0.901537051044  1.00297297351  1.07822865767  1.13157997512  1.16776666007  1.19126705103  1.20586601889  1.21448155938  1.21916821367  1.22120701769  1.22120701769  1.21916821367  1.21448155938  1.20586601889  1.19126705103  1.16776666007  1.13157997512  1.07822865767  1.00297297351  0.901537051044  0.771069926227  0.611164046254  0.424646508756  0.217828871218  
0.107096778984  0.208875845326  0.300832065443  0.379871632055  0.444565299723  0.495045890759  0.532644167614  0.559407109225  0.577633907003  0.589518314271  0.596929502022  0.601318567958  0.603713183982  0.604757029155  0.604757029155  0.603713183982  0.601318567958  0.596929502022  0.589518314271  0.577633907003  0.559407109225  0.532644167614  0.495045890759  0.444565299723  0.379871632055  0.300832065443  0.208875845326  0.107096778984  
0.0510419903523  0.0995877189739  0.143514997025  0.181353809193  0.212408135935  0.236714714931  0.254879207636  0.267854343972  0.276722513389  0.282525206995  0.286156068606  0.2883130574  0.289492987737  0.290008275884  0.290008275884  0.289492987737  0.2883130574  0.286156068606  0.282525206995  0.276722513389  0.267854343972  0.254879207636  0.236714714931  0.212408135935  0.181353809193  0.143514997025  0.0995877189739  0.0510419903523  
0.0235877558355  0.0460367530253  0.0663761002128  0.0839284702086  0.0983667061287  0.109697566841  0.118189720175  0.124274271074  0.128445858449  0.131183908184  0.132902296931  0.133925973684  0.134487269946  0.134732794597  0.134732794597  0.134487269946  0.133925973684  0.132902296931  0.131183908184  0.128445858449  0.124274271074  0.118189720175  0.109697566841  0.0983667061287  0.0839284702086  0.0663761002128  0.0460367530253  0.0235877558355  
0.0105729172769  0.0206410332826  0.0297729323146  0.0376658565373  0.044171155925  0.0492880168157  0.0531325684595  0.0558944685455  0.0577932029872  0.0590428534858  0.0598292104252  0.0602988135234  0.0605568437946  0.0606698773001  0.0606698773001  0.0605568437946  0.0602988135234  0.0598292104252  0.0590428534858  0.0577932029872  0.0558944685455  0.0531325684595  0.0492880168157  0.044171155925  0.0376658565373  0.0297729323146  0.0206410332826  0.0105729172769  
0.00459844972359  0.00897943879383  0.0129567468933  0.0163990372718  0.0192409417943  0.0214806937965  0.023167196325  0.0243815784488  0.0252184347198  0.0257705379893  0.0261187724077  0.0263271901057  0.0264419225684  0.0264922481557  0.0264922481557  0.0264419225684  0.0263271901057  0.0261187724077  0.0257705379893  0.0252184347198  0.0243815784488  0.023167196325  0.0214806937965  0.0192409417943  0.0163990372718  0.0129567468933  0.00897943879383  0.00459844972359  
0.00194137233102  0.00379169526526  0.00547286702325  0.00692957188618  0.00813396221066  0.00908478471608  0.00980210101658  0.0103196607744  0.0106770739349  0.0109133738679  0.0110627289745  0.0111522922518  0.0112016785043  0.0112233662394  0.0112233662394  0.0112016785043  0.0111522922518  0.0110627289745  0.0109133738679  0.0106770739349  0.0103196607744  0.00980210101658  0.00908478471608  0.00813396221066  0.00692957188618  0.00547286702325  0.00379169526526  0.00194137233102  
0.000795918009968  0.00155477613138  0.00224473848681  0.00284317619054  0.00333858651646  0.00373027762413  0.00402626688911  0.00424021075834  0.004388229314  0.00448627456035  0.00454835955685  0.00458565456515  0.00460625009905  0.00461530393797  0.00461530393797  0.00460625009905  0.00458565456515  0.00454835955685  0.00448627456035  0.004388229314  0.00424021075834  0.00402626688911  0.00373027762413  0.00333858651646  0.00284317619054  0.00224473848681  0.00155477613138  0.000795918009968  
0.000317009352489  0.000619350614307  0.000894407667627  0.00113318535377  0.00133107342406  0.00148773533404  0.00160629255526  0.00169212136551  0.00175160004682  0.00179106355781  0.00181609407424  0.00183115339777  0.0018394806997  0.00184314479915  0.00184314479915  0.0018394806997  0.00183115339777  0.00181609407424  0.00179106355781  0.00175160004682  0.00169212136551  0.00160629255526  0.00148773533404  0.00133107342406  0.00113318535377  0.000894407667627  0.000619350614307  0.000317009352489  
0.000122703360549  0.000239760401969  0.000346309487941  0.000438875118098  0.000515663386815  0.000576523643031  0.000622639881916  0.000656071632923  0.000679273152146  0.000694689884557  0.000704482543519  0.000710382299868  0.000713648530113  0.000715086896234  0.000715086896234  0.000713648530113  0.000710382299868  0.000704482543519  0.000694689884557  0.000679273152146  0.000656071632923  0.000622639881916  0.000576523643031  0.000515663386815  0.000438875118098  0.000346309487941  0.000239760401969  0.000122703360549  
4.61247076271e-05  9.01371328473e-05  0.000130216862539  0.000165059535433  0.000193987802702  0.000216938415443  0.00023434851787  0.000246985225628  0.000255766253686  0.000261608605371  0.000265324446348  0.000267565851478  0.000268808044325  0.000269355477393  0.000269355477393  0.000268808044325  0.000267565851478  0.000265324446348  0.000261608605371  0.000255766253686  0.000246985225628  0.00023434851787  0.000216938415443  0.000193987802702  0.000165059535433  0.000130216862539  9.01371328473e-05  4.61247076271e-05  
1.66858774922e-05  3.26107614947e-05  4.71182984922e-05  5.97372888615e-05  7.02217892972e-05  7.85468936391e-05  8.48683001699e-05  8.94613254768e-05  9.26564415236e-05  9.4784662906e-05  9.61397595671e-05  9.69580191724e-05  9.74119126098e-05  9.7612070205e-05  9.7612070205e-05  9.74119126098e-05  9.69580191724e-05  9.61397595671e-05  9.4784662906e-05  9.26564415236e-05  8.94613254768e-05  8.48683001699e-05  7.85468936391e-05  7.02217892972e-05  5.97372888615e-05  4.71182984922e-05  3.26107614947e-05  1.66858774922e-05  
5.32283204367e-06  1.04036568692e-05  1.50336224911e-05  1.90625762672e-05  2.24118474061e-05  2.50730076333e-05  2.709513991e-05  2.85655429636e-05  2.95892705072e-05  3.02717409337e-05  3.07066556307e-05  3.09694837928e-05  3.11153765278e-05  3.11797432448e-05  3.11797432448e-05  3.11153765278e-05  3.09694837928e-05  3.07066556307e-05  3.02717409337e-05  2.95892705072e-05  2.85655429636e-05  2.709513991e-05  2.50730076333e-05  2.24118474061e-05  1.90625762672e-05  1.50336224911e-05  1.04036568692e-05  5.32283204367e-06  
