1000.0  1000.0  1000.0  1000.0  1000.0  1000.0  1000.0  1000.0  1000.0  1000.0  1000.0  1000.0  1000.0  1000.0  1000.0  1000.0  1000.0  1000.0  1000.0  1000.0  1000.0  1000.0  1000.0  1000.0  1000.0  1000.0  1000.0  1000.0  
285.513136521  466.557136783  573.673286575  637.3798242  676.113829982  700.167388504  715.328710107  724.96056408  731.087658346  734.965567142  737.38765949  738.857327407  739.687932438  740.061460267  740.061460267  739.687932438  738.857327407  737.38765949  734.965567142  731.087658346  724.96056408  715.328710107  700.167388504  676.113829982  637.3798242  573.673286575  466.557136783  285.513136521  
184.975481837  328.209732255  428.034439339  494.797867751  538.803041994  567.671570468  586.563624403  598.882646213  606.865434222  611.985924588  615.215647609  617.189423064  618.310485044  618.816132118  618.816132118  618.310485044  617.189423064  615.215647609  611.985924588  606.865434222  598.882646213  586.563624403  567.671570468  538.803041994  494.797867751  428.034439339  328.209732255  184.975481837  
127.42431669  235.728799748  319.060997029  379.635167063  422.237307966  451.586948051  471.507342057  484.854955905  493.682495808  499.432788157  503.102328601  505.364500445  506.657291398  507.242565655  507.242565655  506.657291398  505.364500445  503.102328601  499.432788157  493.682495808  484.854955905  471.507342057  451.586948051  422.237307966  379.635167063  319.060997029  235.728799748  127.42431669  
90.5011052564  171.195712986  237.210494331  288.089365605  325.716319337  352.724529178  371.665800985  384.689546222  393.479705013  399.297750567  403.057065504  405.396730304  406.742969749  407.354986699  407.354986699  406.742969749  405.396730304  403.057065504  399.297750567  393.479705013  384.689546222  371.665800985  352.724529178  325.716319337  288.089365605  237.210494331  171.195712986  90.5011052564  
65.0505007095  124.629725766  175.318063919  216.031669329  247.317805568  270.538288182  287.28892631  299.078417096  307.189103733  312.641432765  316.20861435  318.450388235  319.749476094  320.342642411  320.342642411  319.749476094  318.450388235  316.20861435  312.641432765  307.189103733  299.078417096  287.28892631  270.538288182  247.317805568  216.031669329  175.318063919  124.629725766  65.0505007095  
46.7906649908  90.3472214302  128.377017325  159.837400979  184.729024367  203.706853612  217.726056222  227.797228313  234.847162535  239.655796553  242.839670842  244.859669398  246.038497313  246.579110147  246.579110147  246.038497313  244.859669398  242.839670842  239.655796553  234.847162535  227.797228313  217.726056222  203.706853612  184.729024367  159.837400979  128.377017325  90.3472214302  46.7906649908  
33.4440026392  64.9043022096  92.8650033291  116.496481809  135.615948213  150.509960807  161.732205861  169.93770674  175.771018532  179.802938174  182.502462733  184.230685458  185.246073466  185.713707526  185.713707526  185.246073466  184.230685458  182.502462733  179.802938174  175.771018532  169.93770674  161.732205861  150.509960807  135.615948213  116.496481809  92.8650033291  64.9043022096  33.4440026392  
23.6443284842  46.0453648553  66.206715677  83.5187583205  97.7687090528  109.062348608  117.712450647  124.133344492  128.760196516  131.996513308  134.185560983  135.598769971  136.434360653  136.820733379  136.820733379  136.434360653  135.598769971  134.185560983  131.996513308  128.760196516  124.133344492  117.712450647  109.062348608  97.7687090528  83.5187583205  66.206715677  46.0453648553  23.6443284842  
16.4826743528  32.1779249034  46.4343745691  58.8233688408  69.1589552463  77.4646934485  83.9132256876  88.7616522718  92.2967810791  94.7957339277  96.5016605389  97.611451185  98.2714967047  98.5778365165  98.5778365165  98.2714967047  97.611451185  96.5016605389  94.7957339277  92.2967810791  88.7616522718  83.9132256876  77.4646934485  69.1589552463  58.8233688408  46.4343745691  32.1779249034  16.4826743528  
11.3050030337  22.1101029611  31.9925631344  40.6598648805  47.9676746344  53.9065958778  58.5697723961  62.114186416  64.7250067337  66.5878350021  67.8700236867  68.7099613429  69.2121934909  69.4460871301  69.4460871301  69.2121934909  68.7099613429  67.8700236867  66.5878350021  64.7250067337  62.114186416  58.5697723961  53.9065958778  47.9676746344  40.6598648805  31.9925631344  22.1101029611  11.3050030337  
7.61687484325  14.9174806298  21.630101343  27.5598292353  32.6019768828  36.737355413  40.0150134319  42.5294230566  44.3979310717  45.742054651  46.6740188388  47.2883510104  47.6574693447  47.8299061382  47.8299061382  47.6574693447  47.2883510104  46.6740188388  45.742054651  44.3979310717  42.5294230566  40.0150134319  36.737355413  32.6019768828  27.5598292353  21.630101343  14.9174806298  7.61687484325  
5.03562265598  9.87270657879  14.3386703048  18.3063793341  21.7033537559  24.5104983207  26.7529475854  28.4867784434  29.7850676918  30.7257075099  31.3821574777  31.817296362  32.0798904073  32.202908709  32.202908709  32.0798904073  31.817296362  31.3821574777  30.7257075099  29.7850676918  28.4867784434  26.7529475854  24.5104983207  21.7033537559  18.3063793341  14.3386703048  9.87270657879  5.03562265598  
3.26391968292  6.40456943735  9.31383816164  11.9104606806  14.1460359028  16.0050180819  17.4998823992  18.663466042  19.5405100533  20.1799403053  20.6287510109  20.9277353221  21.108870935  21.1939429653  21.1939429653  21.108870935  20.9277353221  20.6287510109  20.1799403053  19.5405100533  18.663466042  17.4998823992  16.0050180819  14.1460359028  11.9104606806  9.31383816164  6.40456943735  3.26391968292  
2.07287208834  4.07022668167  5.92537429318  7.5873952437  9.02493996596  10.2265811571  11.1982734232  11.9589827135  12.5356428323  12.9583826955  13.2566079773  13.4561573432  13.5774751338  13.6345825337  13.6345825337  13.5774751338  13.4561573432  13.2566079773  12.9583826955  12.5356428323  11.9589827135  11.1982734232  10.2265811571  9.02493996596  7.5873952437  5.92537429318  4.07022668167  2.07287208834  
1.28932385067  2.53308295668  3.69081919027  4.73125739174  5.63464005627  6.39310317059  7.00934920189  7.49417881017  7.86353248057  8.13560417156  8.32840074746  8.45791351529  8.53689816596  8.57415383756  8.57415383756  8.53689816596  8.45791351529  8.32840074746  8.13560417156  7.86353248057  7.49417881017  7.00934920189  6.39310317059  5.63464005627  4.73125739174  3.69081919027  2.53308295668  1.28932385067  
0.785187815753  1.54333570269  2.25032893446  2.88734045431  3.44223112166  3.90984711  4.29133160419  4.59274626846  4.82336389738  4.99395903187  5.11532640509  5.19714140035  5.24717629591  5.27081977602  5.27081977602  5.24717629591  5.19714140035  5.11532640509  4.99395903187  4.82336389738  4.59274626846  4.29133160419  3.90984711  3.44223112166  2.88734045431  2.25032893446  1.54333570269  0.785187815753  
0.468075791277  0.920385393947  1.34281805595  1.72426782484  2.05745488737  2.33913266471  2.56973374306  2.75260919649  2.89305924241  2.99734119014  3.07179148515  3.1221354249  3.15300047862  3.16760914962  3.16760914962  3.15300047862  3.1221354249  3.07179148515  2.99734119014  2.89305924241  2.75260919649  2.56973374306  2.33913266471  2.05745488737  1.72426782484  1.34281805595  0.920385393947  0.468075791277  
0.273107341069  0.537189568004  0.784145451626  1.00755630701  1.20315760653  1.36897270543  1.50513241593  1.61346069466  1.6969334125  1.75911395836  1.80364482989  1.83384042981  1.85239400355  1.86118831979  1.86118831979  1.85239400355  1.83384042981  1.80364482989  1.75911395836  1.6969334125  1.61346069466  1.50513241593  1.36897270543  1.20315760653  1.00755630701  0.784145451626  0.537189568004  0.273107341069  
0.155953817854  0.306838552847  0.4480928915  0.576082764585  0.68836656384  0.783777040888  0.862330327285  0.925003399942  0.973437005883  1.00962084671  1.03560567375  1.05326904068  1.06414378305  1.06930507132  1.06930507132  1.06414378305  1.05326904068  1.03560567375  1.00962084671  0.973437005883  0.925003399942  0.862330327285  0.783777040888  0.68836656384  0.576082764585  0.4480928915  0.306838552847  0.155953817854  
0.0871558317904  0.171519319337  0.250572649704  0.322300458908  0.38533593961  0.439008969386  0.48330075752  0.518726073449  0.546173010756  0.566730812163  0.581530357899  0.591612627951  0.597830970987  0.600785713786  0.600785713786  0.597830970987  0.591612627951  0.581530357899  0.566730812163  0.546173010756  0.518726073449  0.48330075752  0.439008969386  0.38533593961  0.322300458908  0.250572649704  0.171519319337  0.0871558317904  
0.0476695908069  0.0938310721085  0.137122227012  0.176448350786  0.211061110147  0.240585862132  0.264999322958  0.284568201902  0.299764302739  0.311172198743  0.319402737314  0.325020885896  0.328491450672  0.330142267458  0.330142267458  0.328491450672  0.325020885896  0.319402737314  0.311172198743  0.299764302739  0.284568201902  0.264999322958  0.240585862132  0.211061110147  0.176448350786  0.137122227012  0.0938310721085  0.0476695908069  
0.0255173183184  0.0502362596029  0.0734346021509  0.094529983637  0.113121602508  0.129005257286  0.142162494385  0.152729147608  0.160951167997  0.167136086843  0.171607101666  0.174664391606  0.176555702519  0.177456171981  0.177456171981  0.176555702519  0.174664391606  0.171607101666  0.167136086843  0.160951167997  0.152729147608  0.142162494385  0.129005257286  0.113121602508  0.094529983637  0.0734346021509  0.0502362596029  0.0255173183184  
0.0133663654697  0.0263185997525  0.0384815925438  0.0495519906766  0.0593198000279  0.0676764348131  0.074609516634  0.0801870170975  0.0845347030214  0.0878111257561  0.0901837626149  0.0918087407642  0.092815277048  0.0932949013956  0.0932949013956  0.092815277048  0.0918087407642  0.0901837626149  0.0878111257561  0.0845347030214  0.0801870170975  0.074609516634  0.0676764348131  0.0593198000279  0.0495519906766  0.0384815925438  0.0263185997525  0.0133663654697  
0.00684469364605  0.0134791373784  0.0197126804448  0.0253907545154  0.0304058245433  0.0347015802606  0.0382704812298  0.0411459094945  0.043390879219  0.0450854175687  0.0463144387975  0.0471573617428  0.0476800785482  0.0479293459141  0.0479293459141  0.0476800785482  0.0471573617428  0.0463144387975  0.0450854175687  0.043390879219  0.0411459094945  0.0382704812298  0.0347015802606  0.0304058245433  0.0253907545154  0.0197126804448  0.0134791373784  0.00684469364605  
0.00340988430073  0.00671580831574  0.00982341349129  0.0126560350691  0.0151601088015  0.01730728642  0.0190932992865  0.020534164315  0.021660670511  0.0225121745371  0.023130601354  0.0235552744174  0.023818889414  0.0239446825596  0.0239446825596  0.023818889414  0.0235552744174  0.023130601354  0.0225121745371  0.021660670511  0.020534164315  0.0190932992865  0.01730728642  0.0151601088015  0.0126560350691  0.00982341349129  0.00671580831574  0.00340988430073  
0.00161405963365  0.00317921313917  0.00465103716877  0.00599337544399  0.00718087878551  0.00820001629001  0.00904857014895  0.00973388381565  0.0102702951905  0.010676231973  0.010971388641  0.0111742810581  0.0113003314779  0.0113605140239  0.0113605140239  0.0113003314779  0.0111742810581  0.010971388641  0.010676231973  0.0102702951905  0.00973388381565  0.00904857014895  0.00820001629001  0.00718087878551  0.00599337544399  0.00465103716877  0.00317921313917  0.00161405963365  
0.000638279961725  0.00125730302374  0.00183956811172  0.00237081391558  0.00284101802199  0.00324479932628  0.0035812270423  0.00385313988848  0.00406614277631  0.00422746705025  0.00434485883962  0.00442561264156  0.00447581164622  0.00449978830335  0.00449978830335  0.00447581164622  0.00442561264156  0.00434485883962  0.00422746705025  0.00406614277631  0.00385313988848  0.0035812270423  0.00324479932628  0.00284101802199  0.00237081391558  0.00183956811172  0.00125730302374  0.000638279961725  
