1000.0  1000.0  1000.0  1000.0  1000.0  1000.0  1000.0  1000.0  1000.0  1000.0  1000.0  1000.0  1000.0  1000.0  1000.0  1000.0  1000.0  1000.0  1000.0  1000.0  1000.0  1000.0  1000.0  1000.0  1000.0  1000.0  1000.0  1000.0  
275.347190871  446.584477467  544.573646536  600.083067386  631.710288702  649.813456432  660.161161588  666.029442136  669.312714311  671.116541919  672.08520979  672.589582462  672.837422474  672.938015077  672.938015077  672.837422474  672.589582462  672.08520979  671.116541919  669.312714311  666.029442136  660.161161588  649.813456432  631.710288702  600.083067386  544.573646536  446.584477467  275.347190871  
171.047694716  300.845500892  388.163560032  443.69248165  477.955145596  498.663994339  510.952871208  518.107042077  522.185426139  524.456954749  525.689271244  526.335843457  526.655331538  526.785463259  526.785463259  526.655331538  526.335843457  525.689271244  524.456954749  522.185426139  518.107042077  510.952871208  498.663994339  477.955145596  443.69248165  388.163560032  300.845500892  171.047694716  
111.059386543  203.57491495  272.208248778  319.575329735  350.720492825  370.470530334  382.618665318  389.883571861  394.109977592  396.500678037  397.813204058  398.508209339  398.853976656  398.995429338  398.995429338  398.853976656  398.508209339  397.813204058  396.500678037  394.109977592  389.883571861  382.618665318  370.470530334  350.720492825  319.575329735  272.208248778  203.57491495  111.059386543  
73.1008146263  137.005719285  187.386585656  224.213655284  249.645614593  266.430414119  277.089155176  283.626185958  287.5057065  289.735125848  290.974560191  291.637388135  291.96962225  292.10620003  292.10620003  291.96962225  291.637388135  290.974560191  289.735125848  287.5057065  283.626185958  277.089155176  266.430414119  249.645614593  224.213655284  187.386585656  137.005719285  73.1008146263  
47.8972677106  90.9229914452  126.193294679  153.043679974  172.292218026  185.414738765  193.978249151  199.350172356  202.597903222  204.492812731  205.55942107  206.135556212  206.426563997  206.546798817  206.546798817  206.426563997  206.135556212  205.55942107  204.492812731  202.597903222  199.350172356  193.978249151  185.414738765  172.292218026  153.043679974  126.193294679  90.9229914452  47.8972677106  
30.9030916376  59.1251847612  82.8679623018  101.476176239  115.201316238  124.804887759  131.216969301  135.319181832  137.841043697  139.333295874  140.18320584  140.646759027  140.882677605  140.980640759  140.980640759  140.882677605  140.646759027  140.18320584  139.333295874  137.841043697  135.319181832  131.216969301  124.804887759  115.201316238  101.476176239  82.8679623018  59.1251847612  30.9030916376  
19.503122287  37.5055094922  52.9231597372  65.265379519  74.5694915523  81.2164738686  85.7395837969  88.682547354  90.518633034  91.6190288793  92.2526239086  92.6013635963  92.780134826  92.854726887  92.854726887  92.780134826  92.6013635963  92.2526239086  91.6190288793  90.518633034  88.682547354  85.7395837969  81.2164738686  74.5694915523  65.265379519  52.9231597372  37.5055094922  19.503122287  
11.9893488745  23.1369704819  32.8058010391  40.6686346805  46.6967136444  51.0756250297  54.102540519  56.100489953  57.3631349508  58.1285107141  58.5735928216  58.8206460822  58.9481479311  59.0015901335  59.0015901335  58.9481479311  58.8206460822  58.5735928216  58.1285107141  57.3631349508  56.100489953  54.102540519  51.0756250297  46.6967136444  40.6686346805  32.8058010391  23.1369704819  11.9893488745  
7.15991248029  13.8516730166  19.7097991439  24.530714821  28.2756712896  31.0328236144  32.9636272635  34.2536852701  35.078105454  35.5828879274  35.8790544177  36.0447162875  36.1307456597  36.1669569389  36.1669569389  36.1307456597  36.0447162875  35.8790544177  35.5828879274  35.078105454  34.2536852701  32.9636272635  31.0328236144  28.2756712896  24.530714821  19.7097991439  13.8516730166  7.15991248029  
4.14657166056  8.03678533695  11.4661571027  14.3143077452  16.5499324608  18.2138599878  19.3917143164  20.1868490333  20.6999005211  21.0168191326  21.204243582  21.3098097111  21.3649422058  21.3882382117  21.3882382117  21.3649422058  21.3098097111  21.204243582  21.0168191326  20.6999005211  20.1868490333  19.3917143164  18.2138599878  16.5499324608  14.3143077452  11.4661571027  8.03678533695  4.14657166056  
2.32630379999  4.5150716924  6.45489177588  8.07753810171  9.36185633523  10.3262676513  11.0151031143  11.4841986968  11.789399811  11.9793878093  12.0925397293  12.1566697501  12.1903339337  12.2046086031  12.2046086031  12.1903339337  12.1566697501  12.0925397293  11.9793878093  11.789399811  11.4841986968  11.0151031143  10.3262676513  9.36185633523  8.07753810171  6.45489177588  4.5150716924  2.32630379999  
1.26344801698  2.45484745294  3.5151642099  4.40718123404  5.11797364124  5.65562744288  6.04254172678  6.3079942746  6.48194240067  6.59095832639  6.65629075951  6.69352479532  6.71316052199  6.72151313043  6.72151313043  6.71316052199  6.69352479532  6.65629075951  6.59095832639  6.48194240067  6.3079942746  6.04254172678  5.65562744288  5.11797364124  4.40718123404  3.5151642099  2.45484745294  1.26344801698  
0.664072696915  1.29137748571  1.85152551413  2.3249323618  2.70423897221  2.99289328408  3.20193356271  3.34626199304  3.44142493117  3.50141748443  3.53756862402  3.55827387851  3.56923815125  3.57391543808  3.57391543808  3.56923815125  3.55827387851  3.53756862402  3.50141748443  3.44142493117  3.34626199304  3.20193356271  2.99289328408  2.70423897221  2.3249323618  1.85152551413  1.29137748571  0.664072696915  
0.337748216371  0.657246252532  0.943308361  1.18597968955  1.38129791478  1.53068891164  1.63945463358  1.71495787741  1.7650076335  1.79672285796  1.81592706672  1.82697455028  1.83284626216  1.83535751405  1.83535751405  1.83284626216  1.82697455028  1.81592706672  1.79672285796  1.7650076335  1.71495787741  1.63945463358  1.53068891164  1.38129791478  1.18597968955  0.943308361  0.657246252532  0.337748216371  
0.166231723018  0.323661592443  0.464926622179  0.585134709788  0.682251920967  0.756849122403  0.811407004056  0.849456549778  0.87479598724  0.89092540752  0.900733909092  0.906398439731  0.909419051738  0.910713889186  0.910713889186  0.909419051738  0.906398439731  0.900733909092  0.89092540752  0.87479598724  0.849456549778  0.811407004056  0.756849122403  0.682251920967  0.585134709788  0.464926622179  0.323661592443  0.166231723018  
0.0791874068488  0.154252767041  0.221733113458  0.279302620124  0.325960975446  0.361929015955  0.388336770852  0.406827844682  0.419191784824  0.427092959542  0.431915902378  0.434710871316  0.436205668933  0.436847752909  0.436847752909  0.436205668933  0.434710871316  0.431915902378  0.427092959542  0.419191784824  0.406827844682  0.388336770852  0.361929015955  0.325960975446  0.279302620124  0.221733113458  0.154252767041  0.0791874068488  
0.0365205959161  0.0711673615066  0.102360590581  0.129029952505  0.150702552537  0.167460747467  0.179805513602  0.188479455576  0.194299590017  0.198031835507  0.200317619363  0.201646341866  0.202358825696  0.202665430108  0.202665430108  0.202358825696  0.201646341866  0.200317619363  0.198031835507  0.194299590017  0.188479455576  0.179805513602  0.167460747467  0.150702552537  0.129029952505  0.102360590581  0.0711673615066  0.0365205959161  
0.0163120026921  0.0317972738322  0.0457568492497  0.0577137102877  0.0674524668798  0.0750026438127  0.080580331925  0.0845112272979  0.0871569023853  0.0888586433968  0.0899039277327  0.0905132088681  0.0908406773612  0.0909818275363  0.0909818275363  0.0908406773612  0.0905132088681  0.0899039277327  0.0888586433968  0.0871569023853  0.0845112272979  0.080580331925  0.0750026438127  0.0674524668798  0.0577137102877  0.0457568492497  0.0317972738322  0.0163120026921  
0.00705886548734  0.0137637157075  0.0198145321908  0.0250053281513  0.0292414213741  0.0325329483367  0.0349705818151  0.0366930050144  0.0378553829857  0.0386050448648  0.0390667179224  0.039336472637  0.039481757744  0.0395444718135  0.0395444718135  0.039481757744  0.039336472637  0.0390667179224  0.0386050448648  0.0378553829857  0.0366930050144  0.0349705818151  0.0325329483367  0.0292414213741  0.0250053281513  0.0198145321908  0.0137637157075  0.00705886548734  
0.00296078998457  0.00577443010723  0.00831596484764  0.0104991682039  0.0122838162807  0.0136732237415  0.0147043999799  0.01543468764  0.0159286806472  0.0162480268916  0.0164451461684  0.0165605704252  0.0166228507192  0.0166497696656  0.0166497696656  0.0166228507192  0.0165605704252  0.0164451461684  0.0162480268916  0.0159286806472  0.01543468764  0.0147043999799  0.0136732237415  0.0122838162807  0.0104991682039  0.00831596484764  0.00577443010723  0.00296078998457  
0.00120427032656  0.00234915613712  0.00338414425537  0.00427422878295  0.00500287636458  0.00557111072018  0.00599362626242  0.00629345232118  0.00649668414066  0.00662833845726  0.00670976879067  0.00675754187808  0.00678336152939  0.00679453427896  0.00679453427896  0.00678336152939  0.00675754187808  0.00670976879067  0.00662833845726  0.00649668414066  0.00629345232118  0.00599362626242  0.00557111072018  0.00500287636458  0.00427422878295  0.00338414425537  0.00234915613712  0.00120427032656  
0.000475215265331  0.000927155776898  0.00133599515342  0.00168794357096  0.00197641964937  0.00220171774171  0.00236951381589  0.00248879372707  0.00256979234157  0.00262235990534  0.00265493246996  0.00267407439142  0.00268443505539  0.00268892297207  0.00268892297207  0.00268443505539  0.00267407439142  0.00265493246996  0.00262235990534  0.00256979234157  0.00248879372707  0.00236951381589  0.00220171774171  0.00197641964937  0.00168794357096  0.00133599515342  0.000927155776898  0.000475215265331  
0.000182018027614  0.000355173977377  0.00051190942847  0.000646950884965  0.000757759028975  0.000844410490434  0.000909038511783  0.000955050686349  0.000986345851191  0.00100668916552  0.00101931469709  0.00102674552772  0.00103077273791  0.001032518801  0.001032518801  0.00103077273791  0.00102674552772  0.00101931469709  0.00100668916552  0.000986345851191  0.000955050686349  0.000909038511783  0.000844410490434  0.000757759028975  0.000646950884965  0.00051190942847  0.000355173977377  0.000182018027614  
6.76970204705e-05  0.000132115024023  0.000190454374998  0.000240756532227  0.000282071212652  0.000314415320029  0.000338569053388  0.000355788610524  0.000367517000524  0.000375151933575  0.000379897060558  0.000382693568446  0.000384210915571  0.000384869323248  0.000384869323248  0.000384210915571  0.000382693568446  0.000379897060558  0.000375151933575  0.000367517000524  0.000355788610524  0.000338569053388  0.000314415320029  0.000282071212652  0.000240756532227  0.000190454374998  0.000132115024023  6.76970204705e-05  
2.44391722678e-05  4.76999239766e-05  6.87751922143e-05  8.69588378674e-05  0.000101906002866  0.000113619173335  0.00012237585892  0.00012862602163  0.000132888338573  0.000135666521966  0.000137395327174  0.000138415391251  0.000138969430487  0.000139210013037  0.000139210013037  0.000138969430487  0.000138415391251  0.000137395327174  0.000135666521966  0.000132888338573  0.00012862602163  0.00012237585892  0.000113619173335  0.000101906002866  8.69588378674e-05  6.87751922143e-05  4.76999239766e-05  2.44391722678e-05  
8.4972479517e-06  1.65863504305e-05  2.39182404909e-05  3.02476782249e-05  3.54542359287e-05  3.95377114094e-05  4.25933608506e-05  4.47765756493e-05  4.62670132629e-05  4.7239540011e-05  4.78453758282e-05  4.82032082584e-05  4.8397733851e-05  4.84822562029e-05  4.84822562029e-05  4.8397733851e-05  4.82032082584e-05  4.78453758282e-05  4.7239540011e-05  4.62670132629e-05  4.47765756493e-05  4.25933608506e-05  3.95377114094e-05  3.54542359287e-05  3.02476782249e-05  2.39182404909e-05  1.65863504305e-05  8.4972479517e-06  
2.62137790056e-06  5.11721286723e-06  7.380071207e-06  9.33436320149e-06  1.09428163043e-05  1.22051198406e-05  1.31503721988e-05  1.38262631708e-05  1.42880554933e-05  1.45896301934e-05  1.4777650912e-05  1.48887905717e-05  1.49492493594e-05  1.49755315432e-05  1.49755315432e-05  1.49492493594e-05  1.48887905717e-05  1.4777650912e-05  1.45896301934e-05  1.42880554933e-05  1.38262631708e-05  1.31503721988e-05  1.22051198406e-05  1.09428163043e-05  9.33436320149e-06  7.380071207e-06  5.11721286723e-06  2.62137790056e-06  
