1000.0  1000.0  1000.0  1000.0  1000.0  1000.0  1000.0  1000.0  1000.0  1000.0  1000.0  1000.0  1000.0  1000.0  1000.0  1000.0  1000.0  1000.0  1000.0  1000.0  1000.0  1000.0  1000.0  1000.0  1000.0  1000.0  1000.0  1000.0  
239.455089011  377.485606171  447.00223313  479.812360718  494.537607325  500.823364813  503.367937252  504.342120615  504.694240183  504.814319476  504.852958794  504.864696871  504.868055989  504.868915172  504.868915172  504.868055989  504.864696871  504.852958794  504.814319476  504.694240183  504.342120615  503.367937252  500.823364813  494.537607325  479.812360718  447.00223313  377.485606171  239.455089011  
126.817391586  215.654949335  267.786007714  295.184739148  308.426450006  314.375074663  316.870606385  317.850554461  318.21133284  318.336049743  318.376594355  318.389007991  318.392581875  318.39349998  318.39349998  318.392581875  318.389007991  318.376594355  318.336049743  318.21133284  317.850554461  316.870606385  314.375074663  308.426450006  295.184739148  267.786007714  215.654949335  126.817391586  
65.9953090562  116.724009287  149.367828537  167.854627211  177.313630889  181.748614949  183.669650076  184.442384174  184.732122336  184.8336962  184.867078295  184.877386338  184.880373879  184.881145116  184.881145116  184.880373879  184.877386338  184.867078295  184.8336962  184.732122336  184.442384174  183.669650076  181.748614949  177.313630889  167.854627211  149.367828537  116.724009287  65.9953090562  
32.8460678079  59.3634174787  77.4412780306  88.2260523823  93.986807116  96.7822044836  98.0262515586  98.5374108901  98.7323001011  98.8015304319  98.8245226351  98.8316820158  98.8337708403  98.8343127371  98.8343127371  98.8337708403  98.8316820158  98.8245226351  98.8015304319  98.7323001011  98.5374108901  98.0262515586  96.7822044836  93.986807116  88.2260523823  77.4412780306  59.3634174787  32.8460678079  
15.416861673  28.2191358401  37.2802249585  42.8882211419  45.9822683929  47.5249653515  48.2269782583  48.5206873367  48.6343194826  48.6751651835  48.6888610228  48.6931588881  48.6944206914  48.6947495673  48.6947495673  48.6944206914  48.6931588881  48.6888610228  48.6751651835  48.6343194826  48.5206873367  48.2269782583  47.5249653515  45.9822683929  42.8882211419  37.2802249585  28.2191358401  15.416861673  
6.77899674383  12.5070260707  16.6646663249  19.3067229371  20.8004785234  21.5613463688  21.9139103872  22.0636623191  22.1223282764  22.1436344221  22.150839263  22.153115957  22.1537881498  22.153964094  22.153964094  22.1537881498  22.153115957  22.150839263  22.1436344221  22.1223282764  22.0636623191  21.9139103872  21.5613463688  20.8004785234  19.3067229371  16.6646663249  12.5070260707  6.77899674383  
2.78535220932  5.16575547243  6.92409496068  8.06326477484  8.7194386724  9.05934246275  9.21916932886  9.28791022442  9.31512509192  9.32509642556  9.32849312897  9.32957300635  9.32989342633  9.32997760957  9.32997760957  9.32989342633  9.32957300635  9.32849312897  9.32509642556  9.31512509192  9.28791022442  9.21916932886  9.05934246275  8.7194386724  8.06326477484  6.92409496068  5.16575547243  2.78535220932  
1.06908277819  1.98986441001  2.67860587051  3.13128596584  3.39580185726  3.53465893647  3.60072961247  3.6294404995  3.64090786275  3.64514086713  3.64659188165  3.64705559959  3.64719378383  3.64723020616  3.64723020616  3.64719378383  3.64705559959  3.64659188165  3.64514086713  3.64090786275  3.6294404995  3.60072961247  3.53465893647  3.39580185726  3.13128596584  2.67860587051  1.98986441001  1.06908277819  
0.383685895261  0.715977653872  0.96682994034  1.13351048102  1.23199971881  1.28425116038  1.3093529443  1.3203535339  1.3247795464  1.32642359052  1.32699013147  1.32717198968  1.32722637915  1.3272407543  1.3272407543  1.32722637915  1.32717198968  1.32699013147  1.32642359052  1.3247795464  1.3203535339  1.3093529443  1.28425116038  1.23199971881  1.13351048102  0.96682994034  0.715977653872  0.383685895261  
0.128969890386  0.241117062668  0.32636534972  0.38348520428  0.417533170279  0.435749854204  0.444569510819  0.448461532679  0.450036975898  0.450625229845  0.450828840596  0.450894441263  0.450914120453  0.450919333508  0.450919333508  0.450914120453  0.450894441263  0.450828840596  0.450625229845  0.450036975898  0.448461532679  0.444569510819  0.435749854204  0.417533170279  0.38348520428  0.32636534972  0.241117062668  0.128969890386  
0.0406834634383  0.0761676451378  0.103283347554  0.121570600721  0.132546943407  0.138459541705  0.141340253997  0.142618720032  0.143138816356  0.14333385267  0.143401607247  0.143423503627  0.14343008858  0.143431836178  0.143431836178  0.14343008858  0.143423503627  0.143401607247  0.14333385267  0.143138816356  0.142618720032  0.141340253997  0.138459541705  0.132546943407  0.121570600721  0.103283347554  0.0761676451378  0.0406834634383  
0.0120698902834  0.0226216795812  0.0307179264318  0.036206136616  0.0395184474187  0.041312433945  0.0421909779759  0.0425826893259  0.0427426954594  0.0428029100488  0.0428238909333  0.0428306882287  0.0428327364964  0.0428332808906  0.0428332808906  0.0428327364964  0.0428306882287  0.0428238909333  0.0428029100488  0.0427426954594  0.0425826893259  0.0421909779759  0.041312433945  0.0395184474187  0.036206136616  0.0307179264318  0.0226216795812  0.0120698902834  
0.00337522276738  0.00633122382088  0.00860657506653  0.0101552181491  0.0110939954738  0.0116046863606  0.0118558195256  0.0119682137845  0.0120142776099  0.0120316624284  0.0120377345485  0.0120397056701  0.0120403005734  0.0120404588664  0.0120404588664  0.0120403005734  0.0120397056701  0.0120377345485  0.0120316624284  0.0120142776099  0.0119682137845  0.0118558195256  0.0116046863606  0.0110939954738  0.0101552181491  0.00860657506653  0.00633122382088  0.00337522276738  
0.000891584309975  0.00167352654035  0.00227693545504  0.00268894826029  0.0029395894348  0.00307642027044  0.00314393296381  0.00317424039281  0.00318669500958  0.00319140627966  0.00319305496716  0.00319359098671  0.00319375295466  0.00319379608665  0.00319379608665  0.00319375295466  0.00319359098671  0.00319305496716  0.00319140627966  0.00318669500958  0.00317424039281  0.00314393296381  0.00307642027044  0.0029395894348  0.00268894826029  0.00227693545504  0.00167352654035  0.000891584309975  
0.000222947311556  0.000418694430806  0.000570050078575  0.000673662113856  0.000736870877715  0.00077147614177  0.000788596490377  0.000796300847054  0.000799473663065  0.000800676029592  0.000801097413236  0.000801234571131  0.000801276050955  0.000801287103015  0.000801287103015  0.000801276050955  0.000801234571131  0.000801097413236  0.000800676029592  0.000799473663065  0.000796300847054  0.000788596490377  0.00077147614177  0.000736870877715  0.000673662113856  0.000570050078575  0.000418694430806  0.000222947311556  
5.28814210858e-05  9.93518387153e-05  0.000135340630355  0.000160027435324  0.000175121630238  0.00018340408423  0.000187510467515  0.000189361955204  0.000190125708449  0.000190415539791  0.000190517225787  0.00019055035087  0.000190560374141  0.00019056304558  0.00019056304558  0.000190560374141  0.00019055035087  0.000190517225787  0.000190415539791  0.000190125708449  0.000189361955204  0.000187510467515  0.00018340408423  0.000175121630238  0.000160027435324  0.000135340630355  9.93518387153e-05  5.28814210858e-05  
1.19207525598e-05  2.24035655923e-05  3.05321153994e-05  3.6116989821e-05  3.9537836598e-05  4.14182792308e-05  4.23521563859e-05  4.27738524496e-05  4.29480254238e-05  4.3014188205e-05  4.30374187723e-05  4.30449901978e-05  4.30472818565e-05  4.30478926862e-05  4.30478926862e-05  4.30472818565e-05  4.30449901978e-05  4.30374187723e-05  4.3014188205e-05  4.29480254238e-05  4.27738524496e-05  4.23521563859e-05  4.14182792308e-05  3.9537836598e-05  3.6116989821e-05  3.05321153994e-05  2.24035655923e-05  1.19207525598e-05  
2.55857500441e-06  4.80974893005e-06  6.55707130792e-06  7.75913085333e-06  8.49644634428e-06  8.90231359716e-06  9.10413764583e-06  9.19537432268e-06  9.23309233808e-06  9.24743017282e-06  9.25246671938e-06  9.25410865884e-06  9.25460564624e-06  9.25473810017e-06  9.25473810017e-06  9.25460564624e-06  9.25410865884e-06  9.25246671938e-06  9.24743017282e-06  9.23309233808e-06  9.19537432268e-06  9.10413764583e-06  8.90231359716e-06  8.49644634428e-06  7.75913085333e-06  6.55707130792e-06  4.80974893005e-06  2.55857500441e-06  
5.23765016188e-07  9.84797999237e-07  1.34291897971e-06  1.58952918173e-06  1.74095682058e-06  1.82440055791e-06  1.86593391079e-06  1.88472453398e-06  1.89249751946e-06  1.89545350857e-06  1.89649209682e-06  1.89683068487e-06  1.89693315167e-06  1.89696045247e-06  1.89696045247e-06  1.89693315167e-06  1.89683068487e-06  1.89649209682e-06  1.89545350857e-06  1.89249751946e-06  1.88472453398e-06  1.86593391079e-06  1.82440055791e-06  1.74095682058e-06  1.58952918173e-06  1.34291897971e-06  9.84797999237e-07  5.23765016188e-07  
1.02429600484e-07  1.92620479503e-07  2.6272005256e-07  3.11028275914e-07  3.40715080746e-07  3.57086470515e-07  3.65240621896e-07  3.68931674502e-07  3.70459065005e-07  3.71040014732e-07  3.71244128089e-07  3.71310657294e-07  3.71330783606e-07  3.71336143552e-07  3.71336143552e-07  3.71330783606e-07  3.71310657294e-07  3.71244128089e-07  3.71040014732e-07  3.70459065005e-07  3.68931674502e-07  3.65240621896e-07  3.57086470515e-07  3.40715080746e-07  3.11028275914e-07  2.6272005256e-07  1.92620479503e-07  1.02429600484e-07  
1.91659624429e-08  3.60460059691e-08  4.91714877612e-08  5.82216769649e-08  6.37864515546e-08  6.68568622702e-08  6.83867946116e-08  6.90795281127e-08  6.93662224988e-08  6.94752627783e-08  6.95135650232e-08  6.95260444989e-08  6.95298177354e-08  6.95308220093e-08  6.95308220093e-08  6.95298177354e-08  6.95260444989e-08  6.95135650232e-08  6.94752627783e-08  6.93662224988e-08  6.90795281127e-08  6.83867946116e-08  6.68568622702e-08  6.37864515546e-08  5.82216769649e-08  4.91714877612e-08  3.60460059691e-08  1.91659624429e-08  
3.43619922315e-09  6.46309073979e-09  8.81744382515e-09  1.04414064811e-08  1.14403182086e-08  1.19916470389e-08  1.22664209991e-08  1.23908439028e-08  1.24423333648e-08  1.24619119785e-08  1.24687865439e-08  1.24710251389e-08  1.24717015206e-08  1.24718814143e-08  1.24718814143e-08  1.24717015206e-08  1.24710251389e-08  1.24687865439e-08  1.24619119785e-08  1.24423333648e-08  1.23908439028e-08  1.22664209991e-08  1.19916470389e-08  1.14403182086e-08  1.04414064811e-08  8.81744382515e-09  6.46309073979e-09  3.43619922315e-09  
5.91096217894e-10  1.11184302139e-09  1.51696581838e-09  1.79647048797e-09  1.96843019869e-09  2.0633517744e-09  2.11066006138e-09  2.13207969653e-09  2.14094139774e-09  2.14430963111e-09  2.14549164179e-09  2.14587627265e-09  2.14599239038e-09  2.14602324763e-09  2.14602324763e-09  2.14599239038e-09  2.14587627265e-09  2.14549164179e-09  2.14430963111e-09  2.14094139774e-09  2.13207969653e-09  2.11066006138e-09  2.0633517744e-09  1.96843019869e-09  1.79647048797e-09  1.51696581838e-09  1.11184302139e-09  5.91096217894e-10  
9.76844123406e-11  1.83748423408e-10  2.50710037001e-10  2.96913103738e-10  3.25340045407e-10  3.41031131112e-10  3.48850304043e-10  3.52389579411e-10  3.53853228645e-10  3.5440923162e-10  3.54604211247e-10  3.54667604802e-10  3.54686724566e-10  3.54691800658e-10  3.54691800658e-10  3.54686724566e-10  3.54667604802e-10  3.54604211247e-10  3.5440923162e-10  3.53853228645e-10  3.52389579411e-10  3.48850304043e-10  3.41031131112e-10  3.25340045407e-10  2.96913103738e-10  2.50710037001e-10  1.83748423408e-10  9.76844123406e-11  
1.55274285371e-11  2.92080141398e-11  3.98523275036e-11  4.71967350457e-11  5.17150970821e-11  5.42086977386e-11  5.54509411516e-11  5.60129918074e-11  5.62452942341e-11  5.63334781211e-11  5.63643766235e-11  5.63744129026e-11  5.63774366334e-11  5.63782385625e-11  5.63782385625e-11  5.63774366334e-11  5.63744129026e-11  5.63643766235e-11  5.63334781211e-11  5.62452942341e-11  5.60129918074e-11  5.54509411516e-11  5.42086977386e-11  5.17150970821e-11  4.71967350457e-11  3.98523275036e-11  2.92080141398e-11  1.55274285371e-11  
2.37583850448e-12  4.46905601955e-12  6.09762049685e-12  7.22118016826e-12  7.912271704e-12  8.29355720742e-12  8.48342266557e-12  8.56927927432e-12  8.60474040536e-12  8.61819065449e-12  8.62289895164e-12  8.62442662513e-12  8.62488634055e-12  8.62500812439e-12  8.62500812439e-12  8.62488634055e-12  8.62442662513e-12  8.62289895164e-12  8.61819065449e-12  8.60474040536e-12  8.56927927432e-12  8.48342266557e-12  8.29355720742e-12  7.912271704e-12  7.22118016826e-12  6.09762049685e-12  4.46905601955e-12  2.37583850448e-12  
3.43831075927e-13  6.46746796743e-13  8.82395908445e-13  1.04494203222e-12  1.14489456152e-12  1.20001818809e-12  1.22745349765e-12  1.23985170589e-12  1.24496856476e-12  1.24690762812e-12  1.24758571174e-12  1.24780547629e-12  1.24787152809e-12  1.24788900554e-12  1.24788900554e-12  1.24787152809e-12  1.24780547629e-12  1.24758571174e-12  1.24690762812e-12  1.24496856476e-12  1.23985170589e-12  1.22745349765e-12  1.20001818809e-12  1.14489456152e-12  1.04494203222e-12  8.82395908445e-13  6.46746796743e-13  3.43831075927e-13  
