1000.0  1000.0  1000.0  1000.0  1000.0  1000.0  1000.0  1000.0  1000.0  1000.0  1000.0  1000.0  1000.0  1000.0  1000.0  1000.0  1000.0  1000.0  1000.0  1000.0  1000.0  1000.0  1000.0  1000.0  1000.0  1000.0  1000.0  1000.0  
288.4512314  472.361016531  582.203623065  648.440187212  689.464004963  715.53851998  732.438586304  743.527489631  750.841683575  755.656277354  758.788192462  760.764710807  761.920169947  762.452029888  762.452029888  761.920169947  760.764710807  758.788192462  755.656277354  750.841683575  743.527489631  732.438586304  715.53851998  689.464004963  648.440187212  582.203623065  472.361016531  288.4512314  
189.115437117  336.387769839  440.054267405  510.382743417  557.614531108  589.330879542  610.673132115  625.045446746  634.701157543  641.141711331  645.37181079  648.05992552  649.638836349  650.367639487  650.367639487  649.638836349  648.05992552  645.37181079  641.141711331  634.701157543  625.045446746  610.673132115  589.330879542  557.614531108  510.382743417  440.054267405  336.387769839  189.115437117  
132.481873188  245.71948786  333.745069066  398.674608535  445.218745568  478.04769937  500.961710106  516.818097048  527.689742321  535.053054429  539.94502916  543.080136626  544.93244351  545.790431688  545.790431688  544.93244351  543.080136626  539.94502916  535.053054429  527.689742321  516.818097048  500.961710106  478.04769937  445.218745568  398.674608535  333.745069066  245.71948786  132.481873188  
96.1512163021  182.356972066  253.615137884  309.359872828  351.390990044  382.286570727  404.572690163  420.39968342  431.473994626  439.094576157  444.220020394  447.535277861  449.506855532  450.423676331  450.423676331  449.506855532  447.535277861  444.220020394  439.094576157  431.473994626  420.39968342  404.572690163  382.286570727  351.390990044  309.359872828  253.615137884  182.356972066  96.1512163021  
70.961830825  136.307049092  192.481331237  238.286028791  274.180345144  301.468448421  321.719202668  336.442233413  346.943382661  354.282261055  359.279333442  362.542291299  364.495970388  365.408208624  365.408208624  364.495970388  362.542291299  359.279333442  354.282261055  346.943382661  336.442233413  321.719202668  301.468448421  274.180345144  238.286028791  192.481331237  136.307049092  70.961830825  
52.6570309695  101.935781274  145.409961573  181.92302465  211.388245008  234.403370615  251.89679969  264.880005345  274.303046975  280.984672538  285.588264874  288.622249363  290.451089253  291.308553008  291.308553008  290.451089253  288.622249363  285.588264874  280.984672538  274.303046975  264.880005345  251.89679969  234.403370615  211.388245008  181.92302465  145.409961573  101.935781274  52.6570309695  
39.0087574346  75.8971167485  109.02247082  137.447192655  160.90562179  179.630030069  194.148678996  205.117375512  213.202687091  219.012164617  223.05918153  225.749878466  227.382294939  228.150714076  228.150714076  227.382294939  225.749878466  223.05918153  219.012164617  213.202687091  205.117375512  194.148678996  179.630030069  160.90562179  137.447192655  109.02247082  75.8971167485  39.0087574346  
28.7153647418  56.0629367012  80.9309092431  102.611277172  120.815752692  135.600636201  147.255499665  156.195336774  162.875313527  167.732366883  171.15014287  173.441071467  174.839394586  175.500096941  175.500096941  174.839394586  173.441071467  171.15014287  167.732366883  162.875313527  156.195336774  147.255499665  135.600636201  120.815752692  102.611277172  80.9309092431  56.0629367012  28.7153647418  
20.9375795369  40.9784263536  59.3698279301  75.5967377588  89.4068871635  100.780357236  109.869375617  116.931577733  122.271282758  126.194919872  128.981054646  130.862545521  132.017389268  132.564953206  132.564953206  132.017389268  130.862545521  128.981054646  126.194919872  122.271282758  116.931577733  109.869375617  100.780357236  89.4068871635  75.5967377588  59.3698279301  40.9784263536  20.9375795369  
15.0875240494  29.5823947518  42.9758860533  54.9021611214  65.1605925358  73.7048580637  80.6107383243  86.0356246347  90.1794996324  93.2527918344  95.4528701884  96.948616119  97.8713743919  98.310294314  98.310294314  97.8713743919  96.948616119  95.4528701884  93.2527918344  90.1794996324  86.0356246347  80.6107383243  73.7048580637  65.1605925358  54.9021611214  42.9758860533  29.5823947518  15.0875240494  
10.7269607621  21.0614449905  30.6610798972  39.270704598  46.7393571901  53.0174791108  58.139815906  62.2011355774  65.3309165316  67.6710381568  69.3583575132  70.5124323335  71.2276832992  71.5688861484  71.5688861484  71.2276832992  70.5124323335  69.3583575132  67.6710381568  65.3309165316  62.2011355774  58.139815906  53.0174791108  46.7393571901  39.270704598  30.6610798972  21.0614449905  10.7269607621  
7.51579335976  14.7723221074  21.5406982935  27.6457645294  32.9781489631  37.4945304768  41.2086146093  44.1766793956  46.4814342387  48.2169654542  49.4763341326  50.3423439274  50.8812792327  51.1390436548  51.1390436548  50.8812792327  50.3423439274  49.4763341326  48.2169654542  46.4814342387  44.1766793956  41.2086146093  37.4945304768  32.9781489631  27.6457645294  21.5406982935  14.7723221074  7.51579335976  
5.18460285936  10.1989473273  14.8913504219  19.1433793481  22.8780717137  26.0611148779  28.6961142336  30.8160338727  32.4730397555  33.7285623301  34.644741078  35.2777695849  35.6731686798  35.8627244191  35.8627244191  35.6731686798  35.2777695849  34.644741078  33.7285623301  32.4730397555  30.8160338727  28.6961142336  26.0611148779  22.8780717137  19.1433793481  14.8913504219  10.1989473273  5.18460285936  
3.51882298655  6.92678499674  10.1244204778  13.0328464575  15.5992182452  17.7979754247  19.628379951  21.1094702021  22.2737418908  23.160708612  23.8111502909  24.2624757329  24.5453063997  24.6811798884  24.6811798884  24.5453063997  24.2624757329  23.8111502909  23.160708612  22.2737418908  21.1094702021  19.628379951  17.7979754247  15.5992182452  13.0328464575  10.1244204778  6.92678499674  3.51882298655  
2.34850212324  4.62557387612  6.76676853441  8.72034113548  10.4507939202  11.9399064624  13.1854670064  14.1983113694  14.9984326742  15.6108766954  16.0619607211  16.3761329099  16.5735894397  16.6686255513  16.6686255513  16.5735894397  16.3761329099  16.0619607211  15.6108766954  14.9984326742  14.1983113694  13.1854670064  11.9399064624  10.4507939202  8.72034113548  6.76676853441  4.62557387612  2.34850212324  
1.5407111607  3.03595012389  4.44450607186  5.73296087922  6.87795162017  7.86693433727  8.69753802043  9.37583598564  9.91397566345  10.3276021249  10.6334219888  10.847129175  10.9817925451  11.0467138831  11.0467138831  10.9817925451  10.847129175  10.6334219888  10.3276021249  9.91397566345  9.37583598564  8.69753802043  7.86693433727  6.87795162017  5.73296087922  4.44450607186  3.03595012389  1.5407111607  
0.993244078579  1.95792266695  2.86805251119  3.70239279595  4.44586483913  5.09008311436  5.63303105224  6.07805805988  6.43245077811  6.70583972129  6.90865905625  7.0508075377  7.14058646306  7.18393301891  7.18393301891  7.14058646306  7.0508075377  6.90865905625  6.70583972129  6.43245077811  6.07805805988  5.63303105224  5.09008311436  4.44586483913  3.70239279595  2.86805251119  1.95792266695  0.993244078579  
0.629066427795  1.2404415994  1.81798492765  2.34841358884  2.82217898997  3.23381987586  3.58180248862  3.86794276003  4.09655466192  4.27347923842  4.40512818859  4.49763758128  4.55618523591  4.58449016741  4.58449016741  4.55618523591  4.49763758128  4.40512818859  4.27347923842  4.09655466192  3.86794276003  3.58180248862  3.23381987586  2.82217898997  2.34841358884  1.81798492765  1.2404415994  0.629066427795  
0.391354359341  0.771914926004  1.13180921684  1.46286743073  1.75915491339  2.01719901511  2.23591195678  2.41626067975  2.56076514492  2.67291532873  2.75658764485  2.81552078041  2.8528868483  2.87097276985  2.87097276985  2.8528868483  2.81552078041  2.75658764485  2.67291532873  2.56076514492  2.41626067975  2.23591195678  2.01719901511  1.75915491339  1.46286743073  1.13180921684  0.771914926004  0.391354359341  
0.239123647655  0.471763460392  0.691976463939  0.894821566556  1.07667786938  1.23538629526  1.37021332895  1.48166410932  1.571190532  1.64084639472  1.6929374076  1.72970279645  1.75305164341  1.76436482419  1.76436482419  1.75305164341  1.72970279645  1.6929374076  1.64084639472  1.571190532  1.48166410932  1.37021332895  1.23538629526  1.07667786938  0.894821566556  0.691976463939  0.471763460392  0.239123647655  
0.143483832548  0.283134839038  0.415433589251  0.537442297205  0.646992041964  0.742768985369  0.824297874509  0.891837304377  0.946212092559  0.988612376266  1.02038728174  1.0428551536  1.05714478363  1.06407501976  1.06407501976  1.05714478363  1.0428551536  1.02038728174  0.988612376266  0.946212092559  0.891837304377  0.824297874509  0.742768985369  0.646992041964  0.537442297205  0.415433589251  0.283134839038  0.143483832548  
0.0845325634908  0.166836597879  0.244862639259  0.316894091982  0.38165554106  0.438364036317  0.486721896417  0.526858672025  0.559236200454  0.584533377396  0.603526595545  0.616978739484  0.625545491361  0.629703716972  0.629703716972  0.625545491361  0.616978739484  0.603526595545  0.584533377396  0.559236200454  0.526858672025  0.486721896417  0.438364036317  0.38165554106  0.316894091982  0.244862639259  0.166836597879  0.0845325634908  
0.0488677007465  0.0964619923411  0.141610234222  0.183327360104  0.220877469832  0.253803662112  0.28192507141  0.305305106947  0.324198462468  0.338986099625  0.35010718536  0.357995385762  0.363024686266  0.365467696943  0.365467696943  0.363024686266  0.357995385762  0.35010718536  0.338986099625  0.324198462468  0.305305106947  0.28192507141  0.253803662112  0.220877469832  0.183327360104  0.141610234222  0.0964619923411  0.0488677007465  
0.0276600271693  0.0546065983423  0.0801819682928  0.103832211925  0.125141575209  0.143849427152  0.159849139326  0.173170962589  0.183952955176  0.192404972936  0.198770683412  0.203291763067  0.206177250583  0.207579824966  0.207579824966  0.206177250583  0.203291763067  0.198770683412  0.192404972936  0.183952955176  0.173170962589  0.159849139326  0.143849427152  0.125141575209  0.103832211925  0.0801819682928  0.0546065983423  0.0276600271693  
0.0152061120458  0.0300234229316  0.0440931478581  0.0571124920067  0.0688532928211  0.0791713606024  0.0880061105231  0.0953715381839  0.101340663568  0.106026106568  0.109559463898  0.112071757146  0.113676605452  0.114457137014  0.114457137014  0.113676605452  0.112071757146  0.109559463898  0.106026106568  0.101340663568  0.0953715381839  0.0880061105231  0.0791713606024  0.0688532928211  0.0571124920067  0.0440931478581  0.0300234229316  0.0152061120458  
0.00787029319922  0.0155407653058  0.0228268818826  0.0295726439957  0.0356601360592  0.0410143659844  0.045603173107  0.0494327145953  0.0525395883703  0.0549809335905  0.0568238663246  0.0581354174547  0.0589738356056  0.0593817965943  0.0593817965943  0.0589738356056  0.0581354174547  0.0568238663246  0.0549809335905  0.0525395883703  0.0494327145953  0.045603173107  0.0410143659844  0.0356601360592  0.0295726439957  0.0228268818826  0.0155407653058  0.00787029319922  
0.00332442345022  0.00656484049116  0.00964363217108  0.0124951087795  0.0150695142306  0.0173350715688  0.0192779710521  0.0209005072812  0.0222178007422  0.0232536597889  0.0240361496474  0.0245933590771  0.0249497309364  0.025123189905  0.025123189905  0.0249497309364  0.0245933590771  0.0240361496474  0.0232536597889  0.0222178007422  0.0209005072812  0.0192779710521  0.0173350715688  0.0150695142306  0.0124951087795  0.00964363217108  0.00656484049116  0.00332442345022  
