1000.0  1000.0  1000.0  1000.0  1000.0  1000.0  1000.0  1000.0  1000.0  1000.0  1000.0  1000.0  1000.0  1000.0  1000.0  1000.0  1000.0  1000.0  1000.0  1000.0  1000.0  1000.0  1000.0  1000.0  1000.0  1000.0  1000.0  1000.0  
289.237638934  473.916810015  584.495833921  651.421928014  693.077226729  719.71720284  737.112036797  748.62342866  756.28885622  761.386389212  764.737064375  766.872632728  768.131515451  768.714259292  768.714259292  768.131515451  766.872632728  764.737064375  761.386389212  756.28885622  748.62342866  737.112036797  719.71720284  693.077226729  651.421928014  584.495833921  473.916810015  289.237638934  
190.232236665  338.597195787  443.309499558  514.617194839  562.745763935  595.265136257  617.310018243  632.282316233  642.436819089  649.279178269  653.81994095  656.733923728  658.459706928  659.260770498  659.260770498  658.459706928  656.733923728  653.81994095  649.279178269  642.436819089  632.282316233  617.310018243  595.265136257  562.745763935  514.617194839  443.309499558  338.597195787  190.232236665  
133.861179343  248.448244514  337.765449803  403.904373644  451.556078462  485.376803144  509.158591106  525.755981194  537.243652735  545.10320773  550.378860774  553.792921351  555.826619228  556.773850712  556.773850712  555.826619228  553.792921351  550.378860774  545.10320773  537.243652735  525.755981194  509.158591106  485.376803144  451.556078462  403.904373644  337.765449803  248.448244514  133.861179343  
97.7138010915  185.448318056  258.169733358  315.284548321  358.570397676  390.589524705  413.858719131  430.525166715  442.297348325  450.480100737  456.040195152  459.671463861  461.848529324  462.866448759  462.866448759  461.848529324  459.671463861  456.040195152  450.480100737  442.297348325  430.525166715  413.858719131  390.589524705  358.570397676  315.284548321  258.169733358  185.448318056  97.7138010915  
72.6246465795  139.596686394  197.32807425  244.590729223  281.820253386  310.30396114  331.600835798  347.217152322  358.460921047  366.39801551  371.85760504  375.456833528  377.629173544  378.648991313  378.648991313  377.629173544  375.456833528  371.85760504  366.39801551  358.460921047  347.217152322  331.600835798  310.30396114  281.820253386  244.590729223  197.32807425  139.596686394  72.6246465795  
54.3404068243  105.266092495  150.316628033  188.305669101  219.122596734  243.348096896  261.900565445  275.788084384  285.962909384  293.250129975  298.321942345  301.696342275  303.746537518  304.712906207  304.712906207  303.746537518  301.696342275  298.321942345  293.250129975  285.962909384  275.788084384  261.900565445  243.348096896  219.122596734  188.305669101  150.316628033  105.266092495  54.3404068243  
40.6424216283  79.1290794014  113.784233558  143.641339089  168.411547288  188.310571984  203.856968299  215.703253199  224.518126839  230.91529579  235.416687951  238.437732979  240.284957671  241.159060343  241.159060343  240.284957671  238.437732979  235.416687951  230.91529579  224.518126839  215.703253199  203.856968299  188.310571984  168.411547288  143.641339089  113.784233558  79.1290794014  40.6424216283  
30.2427106776  59.0845629839  85.3827726608  108.402297597  127.833170447  143.716211317  156.331918111  166.092209708  173.454247319  178.860724449  182.703286315  185.303048704  186.90218953  187.661691943  187.661691943  186.90218953  185.303048704  182.703286315  178.860724449  173.454247319  166.092209708  156.331918111  143.716211317  127.833170447  108.402297597  85.3827726608  59.0845629839  30.2427106776  
22.3179195403  43.7092218594  63.3931971373  80.8303633561  95.7488585362  108.114773581  118.07213608  125.87580365  131.831899977  136.252058198  139.422074619  141.582658805  142.918980767  143.555829669  143.555829669  142.918980767  141.582658805  139.422074619  136.252058198  131.831899977  125.87580365  118.07213608  108.114773581  95.7488585362  80.8303633561  63.3931971373  43.7092218594  22.3179195403  
16.2963938059  31.9739607141  46.499454081  59.4856361742  70.7147198338  80.1281306748  87.7944685193  93.8686929549  98.5523682599  102.060481875  104.596736665  106.336891158  107.41857331  107.93568148  107.93568148  107.41857331  106.336891158  104.596736665  102.060481875  98.5523682599  93.8686929549  87.7944685193  80.1281306748  70.7147198338  59.4856361742  46.499454081  31.9739607141  16.2963938059  
11.7547937605  23.0948558154  33.6569638025  43.1677600891  51.4616924736  58.4787852086  64.2476789877  68.8610751913  72.4497981994  75.1596049077  77.1327390481  78.494606739  79.3449718578  79.7526486635  79.7526486635  79.3449718578  78.494606739  77.1327390481  75.1596049077  72.4497981994  68.8610751913  64.2476789877  58.4787852086  51.4616924736  43.1677600891  33.6569638025  23.0948558154  11.7547937605  
8.36544418984  16.4532255313  24.0172199268  30.8672270743  36.8818138414  42.0090479274  46.2575888476  49.6820071188  52.3661258499  54.4072378453  55.9028582141  56.9406261874  57.5912439297  57.9039540624  57.9039540624  57.5912439297  56.9406261874  55.9028582141  54.4072378453  52.3661258499  49.6820071188  46.2575888476  42.0090479274  36.8818138414  30.8672270743  24.0172199268  16.4532255313  8.36544418984  
5.86825192413  11.5514408037  16.8840141853  21.7354347866  26.0190351542  29.6935739806  32.758596949  35.2456949674  37.207931031  38.7093166191  39.8155760276  40.5867945697  41.0720484555  41.3058109099  41.3058109099  41.0720484555  40.5867945697  39.8155760276  38.7093166191  37.207931031  35.2456949674  32.758596949  29.6935739806  26.0190351542  21.7354347866  16.8840141853  11.5514408037  5.86825192413  
4.05475624784  7.98704486635  11.6865268829  15.0648297438  18.0615004399  20.6455470409  22.8130493401  24.5819698415  25.9855082419  27.0652023334  27.8646431279  28.4242910337  28.7775553019  28.9480805165  28.9480805165  28.7775553019  28.4242910337  27.8646431279  27.0652023334  25.9855082419  24.5819698415  22.8130493401  20.6455470409  18.0615004399  15.0648297438  11.6865268829  7.98704486635  4.05475624784  
2.75815570269  5.43600853014  7.9607998117  10.2735305824  12.3328872963  14.1164978816  15.6197185188  16.8525631469  17.8355636217  18.5953136506  19.1602799272  19.5572437933  19.8085328426  19.9300531948  19.9300531948  19.8085328426  19.5572437933  19.1602799272  18.5953136506  17.8355636217  16.8525631469  15.6197185188  14.1164978816  12.3328872963  10.2735305824  7.9607998117  5.43600853014  2.75815570269  
1.84623528096  3.64038061846  5.33502559362  6.89134164287  8.28162821807  9.4902450692  10.5130075617  11.355376434  12.0299014027  12.5533825472  12.9441300748  13.2195785049  13.3943867278  13.4790582162  13.4790582162  13.3943867278  13.2195785049  12.9441300748  12.5533825472  12.0299014027  11.355376434  10.5130075617  9.4902450692  8.28162821807  6.89134164287  5.33502559362  3.64038061846  1.84623528096  
1.2157046016  2.39802474006  3.51646270807  4.54583795302  5.46791333946  6.27204888359  6.9549076465  7.51939329841  7.9730857735  8.32645699585  8.59110916203  8.77820877774  8.89721518716  8.95494077223  8.95494077223  8.89721518716  8.77820877774  8.59110916203  8.32645699585  7.9730857735  7.51939329841  6.9549076465  6.27204888359  5.46791333946  4.54583795302  3.51646270807  2.39802474006  1.2157046016  
0.787287632537  1.55345629179  2.27915430016  2.94829657864  3.54908805592  4.07446406162  4.52195188243  4.89305064948  5.19228321641  5.42608937608  5.60171187645  5.72618873032  5.80552162398  5.84405219873  5.84405219873  5.80552162398  5.72618873032  5.60171187645  5.42608937608  5.19228321641  4.89305064948  4.52195188243  4.07446406162  3.54908805592  2.94829657864  2.27915430016  1.55345629179  0.787287632537  
0.501325750559  0.98947505703  1.45234338164  1.87981308573  2.26438804363  2.60148117538  2.88935218023  3.12874796907  3.32233389068  3.47401630646  3.58824947306  3.66939917421  3.72121031447  3.74640268594  3.74640268594  3.72121031447  3.66939917421  3.58824947306  3.47401630646  3.32233389068  3.12874796907  2.88935218023  2.60148117538  2.26438804363  1.87981308573  1.45234338164  0.98947505703  0.501325750559  
0.313848965399  0.619594932194  0.909778114415  1.17813377372  1.41997995227  1.63240033475  1.81421808815  1.96578895532  2.0886637677  2.18517941541  2.25803441  2.30989423103  2.34305728757  2.3591986718  2.3591986718  2.34305728757  2.30989423103  2.25803441  2.18517941541  2.0886637677  1.96578895532  1.81421808815  1.63240033475  1.41997995227  1.17813377372  0.909778114415  0.619594932194  0.313848965399  
0.193137340538  0.381365844054  0.560158095284  0.725696705361  0.875107671057  1.0065739945  1.11932589456  1.21352277421  1.29005529196  1.35030180449  1.3958725561  1.42836922721  1.44917938992  1.45931744951  1.45931744951  1.44917938992  1.42836922721  1.3958725561  1.35030180449  1.29005529196  1.21352277421  1.11932589456  1.0065739945  0.875107671057  0.725696705361  0.560158095284  0.381365844054  0.193137340538  
0.116797496675  0.230667197838  0.338904586603  0.439221455874  0.529884207299  0.609782943495  0.67842863018  0.735886415627  0.782660987703  0.819553621225  0.847510457012  0.86747855777  0.880281815267  0.886524206506  0.886524206506  0.880281815267  0.86747855777  0.847510457012  0.819553621225  0.782660987703  0.735886415627  0.67842863018  0.609782943495  0.529884207299  0.439221455874  0.338904586603  0.230667197838  0.116797496675  
0.0693548352304  0.136992203884  0.201323488518  0.261000640536  0.314996816184  0.362647518236  0.40365039926  0.438028009308  0.466062294156  0.488211969815  0.505024034889  0.517049145066  0.524768127954  0.52853432934  0.52853432934  0.524768127954  0.517049145066  0.505024034889  0.488211969815  0.466062294156  0.438028009308  0.40365039926  0.362647518236  0.314996816184  0.261000640536  0.201323488518  0.136992203884  0.0693548352304  
0.0403322410224  0.0796763275522  0.117117188966  0.151876361718  0.183358122215  0.21117343477  0.235140541709  0.255264441717  0.271700076388  0.284705425599  0.29459088484  0.301670520264  0.306219478692  0.308440392859  0.308440392859  0.306219478692  0.301670520264  0.29459088484  0.284705425599  0.271700076388  0.255264441717  0.235140541709  0.21117343477  0.183358122215  0.151876361718  0.117117188966  0.0796763275522  0.0403322410224  
0.0227613570135  0.044970119635  0.0661140700521  0.085756532402  0.103562040806  0.119309851511  0.132894594452  0.144315221681  0.153654834303  0.161054760727  0.166686397803  0.170723941208  0.173320436284  0.174588802461  0.174588802461  0.173320436284  0.170723941208  0.166686397803  0.161054760727  0.153654834303  0.144315221681  0.132894594452  0.119309851511  0.103562040806  0.085756532402  0.0661140700521  0.044970119635  0.0227613570135  
0.0120569535495  0.0238233138328  0.0350295163358  0.0454453685782  0.0548934918247  0.0632564730918  0.0704773379017  0.076553912902  0.0815283896087  0.0854738236863  0.0884793939487  0.0906360628902  0.0920239325664  0.0927021913747  0.0927021913747  0.0920239325664  0.0906360628902  0.0884793939487  0.0854738236863  0.0815283896087  0.076553912902  0.0704773379017  0.0632564730918  0.0548934918247  0.0454453685782  0.0350295163358  0.0238233138328  0.0120569535495  
0.00517815807755  0.010232115971  0.0150466037281  0.0195230793672  0.0235854575462  0.0271831787666  0.030291447501  0.0329088715933  0.0350530504534  0.0367548422778  0.0380520834951  0.0389834613106  0.0395830964573  0.0398762261777  0.0398762261777  0.0395830964573  0.0389834613106  0.0380520834951  0.0367548422778  0.0350530504534  0.0329088715933  0.030291447501  0.0271831787666  0.0235854575462  0.0195230793672  0.0150466037281  0.010232115971  0.00517815807755  
