1000.0  1000.0  1000.0  1000.0  1000.0  1000.0  1000.0  1000.0  1000.0  1000.0  1000.0  1000.0  1000.0  1000.0  1000.0  1000.0  1000.0  1000.0  1000.0  1000.0  1000.0  1000.0  1000.0  1000.0  1000.0  1000.0  1000.0  1000.0  
271.41769431  438.91047832  533.49900114  586.064384514  615.261119566  631.449991215  640.358477102  645.193270202  647.767319176  649.105946007  649.783340406  650.114861041  650.268357346  650.327842591  650.327842591  650.268357346  650.114861041  649.783340406  649.105946007  647.767319176  645.193270202  640.358477102  631.449991215  615.261119566  586.064384514  533.49900114  438.91047832  271.41769431  
165.829412974  290.654590347  373.45662852  425.075865809  456.11080374  474.277398265  484.65490666  490.436517279  493.57297052  495.226643011  496.072094515  496.489081069  496.683256768  496.758786484  496.758786484  496.683256768  496.489081069  496.072094515  495.226643011  493.57297052  490.436517279  484.65490666  474.277398265  456.11080374  425.075865809  373.45662852  290.654590347  165.829412974  
105.189921488  192.112269256  255.665969803  298.635372073  326.149874867  343.040236494  353.038300367  358.759190124  361.925968073  363.621585347  364.498875223  364.935579184  365.140355672  365.220373263  365.220373263  365.140355672  364.935579184  364.498875223  363.621585347  361.925968073  358.759190124  353.038300367  343.040236494  326.149874867  298.635372073  255.665969803  192.112269256  105.189921488  
67.2006885897  125.483164982  170.75778166  203.164059377  224.946199629  238.856157836  247.353358348  252.338080234  255.152239321  256.682783419  257.484586469  257.887679186  258.078133552  258.152930478  258.152930478  258.078133552  257.887679186  257.484586469  256.682783419  255.152239321  252.338080234  247.353358348  238.856157836  224.946199629  203.164059377  170.75778166  125.483164982  67.2006885897  
42.4666477758  80.3173179745  110.887613554  133.668837138  149.557777338  160.033970548  166.6076808  170.550568341  172.817493245  174.068961272  174.732627582  175.06960181  175.23005366  175.293396204  175.293396204  175.23005366  175.06960181  174.732627582  174.068961272  172.817493245  170.550568341  166.6076808  160.033970548  149.557777338  133.668837138  110.887613554  80.3173179745  42.4666477758  
26.2650794993  50.0673931348  69.7960458636  84.9288418227  95.7845073638  103.127733757  107.840164358  110.721658803  112.405643876  113.348186506  113.853829217  114.113033341  114.237392584  114.286739385  114.286739385  114.237392584  114.113033341  113.853829217  113.348186506  112.405643876  110.721658803  107.840164358  103.127733757  95.7845073638  84.9288418227  69.7960458636  50.0673931348  26.2650794993  
15.7971802161  30.2679707715  42.4781049251  52.0431948805  59.0542950572  63.8949476095  67.0597321886  69.0270671476  70.193457205  70.8544516425  71.2128414162  71.3982131406  71.4877914032  71.5235121304  71.5235121304  71.4877914032  71.3982131406  71.2128414162  70.8544516425  70.193457205  69.0270671476  67.0597321886  63.8949476095  59.0542950572  52.0431948805  42.4781049251  30.2679707715  15.7971802161  
9.20319331526  17.6957079373  24.9530336474  30.7278794324  35.0318894534  38.0525941564  40.0581070626  41.3223782487  42.081371943  42.516265322  42.7543427675  42.878503003  42.9389045064  42.9631019243  42.9631019243  42.9389045064  42.878503003  42.7543427675  42.516265322  42.081371943  41.3223782487  40.0581070626  38.0525941564  35.0318894534  30.7278794324  24.9530336474  17.6957079373  9.20319331526  
5.180842456  9.98659970751  14.1317242316  17.4694001963  19.9895819799  21.7818172853  22.9869365618  23.7556952427  24.222228457  24.4921548117  24.6412006452  24.7195128734  24.757844752  24.7732664221  24.7732664221  24.757844752  24.7195128734  24.6412006452  24.4921548117  24.222228457  23.7556952427  22.9869365618  21.7818172853  19.9895819799  17.4694001963  14.1317242316  9.98659970751  5.180842456  
2.81403259889  5.43435584229  7.71029671089  9.55968978968  10.9705600236  11.9846827992  12.6738064135  13.1178318907  13.3898161457  13.5485244302  13.6368315222  13.6835430153  13.7065348467  13.715820962  13.715820962  13.7065348467  13.6835430153  13.6368315222  13.5485244302  13.3898161457  13.1178318907  12.6738064135  11.9846827992  10.9705600236  9.55968978968  7.71029671089  5.43435584229  2.81403259889  
1.47355700681  2.84965946592  4.05132405163  5.03477683738  5.79123579256  6.33973406049  6.71573095357  6.96006164912  7.11092786556  7.19961709554  7.24929952746  7.27573814993  7.28881696514  7.29411797658  7.29411797658  7.28881696514  7.27573814993  7.24929952746  7.19961709554  7.11092786556  6.96006164912  6.71573095357  6.33973406049  5.79123579256  5.03477683738  4.05132405163  2.84965946592  1.47355700681  
0.743611972644  1.4396025007  2.0499205172  2.55225331072  2.94121973992  3.22528287766  3.42143868113  3.54982525444  3.62964786835  3.67687735317  3.70349271946  3.7177320186  3.72480775654  3.72768475322  3.72768475322  3.72480775654  3.7177320186  3.70349271946  3.67687735317  3.62964786835  3.54982525444  3.42143868113  3.22528287766  2.94121973992  2.55225331072  2.0499205172  1.4396025007  0.743611972644  
0.36160405709  0.700649225851  0.998952838463  1.24560161377  1.43762681475  1.57869823299  1.67671343135  1.74125959789  1.7816291611  1.80564994775  1.81925757364  1.82657227831  1.83022170042  1.83170978036  1.83170978036  1.83022170042  1.82657227831  1.81925757364  1.80564994775  1.7816291611  1.74125959789  1.67671343135  1.57869823299  1.43762681475  1.24560161377  0.998952838463  0.700649225851  0.36160405709  
0.169468307294  0.32858936502  0.46896672725  0.585469187773  0.67657756178  0.743842583978  0.790820681994  0.82191934633  0.841469433432  0.853159383806  0.859812237041  0.863403479903  0.865201626541  0.865936699254  0.865936699254  0.865201626541  0.863403479903  0.859812237041  0.853159383806  0.841469433432  0.82191934633  0.790820681994  0.743842583978  0.67657756178  0.585469187773  0.46896672725  0.32858936502  0.169468307294  
0.0765668755077  0.148541543715  0.212177652051  0.265152967615  0.306735650075  0.337563886685  0.359189300879  0.373569143515  0.382649081223  0.388101691413  0.391217400593  0.392905528241  0.393753469435  0.394100888858  0.394100888858  0.393753469435  0.392905528241  0.391217400593  0.388101691413  0.382649081223  0.373569143515  0.359189300879  0.337563886685  0.306735650075  0.265152967615  0.212177652051  0.148541543715  0.0765668755077  
0.0333632713987  0.0647552038097  0.0925606641722  0.115767016537  0.134039563039  0.147633961746  0.157205961103  0.163595390661  0.167645393414  0.170086562784  0.17148645349  0.172247421523  0.172630732762  0.172788100101  0.172788100101  0.172630732762  0.172247421523  0.17148645349  0.170086562784  0.167645393414  0.163595390661  0.157205961103  0.147633961746  0.134039563039  0.115767016537  0.0925606641722  0.0647552038097  0.0333632713987  
0.0140276452025  0.0272368048922  0.0389545472216  0.048755042113  0.0564921972321  0.0622656708589  0.0663439015332  0.0690752067501  0.070812239612  0.0718626685119  0.0724669222939  0.0727963416334  0.0729626904631  0.0730311067964  0.0730311067964  0.0729626904631  0.0727963416334  0.0724669222939  0.0718626685119  0.070812239612  0.0690752067501  0.0663439015332  0.0622656708589  0.0564921972321  0.048755042113  0.0389545472216  0.0272368048922  0.0140276452025  
0.00569412935537  0.0110595444433  0.0158252113002  0.0198183100884  0.022977759097  0.02534135065  0.0270155320606  0.0281399937395  0.028857190828  0.0292921368593  0.0295430251039  0.0296801511443  0.0297495499186  0.0297781377452  0.0297781377452  0.0297495499186  0.0296801511443  0.0295430251039  0.0292921368593  0.028857190828  0.0281399937395  0.0270155320606  0.02534135065  0.022977759097  0.0198183100884  0.0158252113002  0.0110595444433  0.00569412935537  
0.00223280757093  0.00433788572358  0.00620966685241  0.00778041113613  0.00902559142975  0.00995914798095  0.0106219761484  0.0110682697642  0.0113536398823  0.0115271357147  0.0116274544382  0.0116824086328  0.0117102751704  0.0117217705428  0.0117217705428  0.0117102751704  0.0116824086328  0.0116274544382  0.0115271357147  0.0113536398823  0.0110682697642  0.0106219761484  0.00995914798095  0.00902559142975  0.00778041113613  0.00620966685241  0.00433788572358  0.00223280757093  
0.000846297014724  0.00164455683559  0.00235499768086  0.00295195730669  0.00342595778832  0.00378200056352  0.00403531090736  0.00420623696371  0.00431577127647  0.00438251029507  0.0044211820605  0.00444240845649  0.00445319071668  0.00445764410065  0.00445764410065  0.00445319071668  0.00444240845649  0.0044211820605  0.00438251029507  0.00431577127647  0.00420623696371  0.00403531090736  0.00378200056352  0.00342595778832  0.00295195730669  0.00235499768086  0.00164455683559  0.000846297014724  
0.000310252028551  0.00060301128738  0.000863766798035  0.0010831160423  0.0012575286733  0.00138875007896  0.00148227489692  0.00154550093881  0.00158609578255  0.00161087753329  0.00162526405309  0.00163317445742  0.00163719880374  0.00163886280232  0.00163886280232  0.00163719880374  0.00163317445742  0.00162526405309  0.00161087753329  0.00158609578255  0.00154550093881  0.00148227489692  0.00138875007896  0.0012575286733  0.0010831160423  0.000863766798035  0.00060301128738  0.000310252028551  
0.000110078523698  0.000213986338507  0.000306597260408  0.000384577139146  0.00044665671265  0.000493428504691  0.000526815383006  0.000549422939062  0.000563962663003  0.000572853563119  0.000578023443967  0.000580870479317  0.000582320832669  0.000582921110372  0.000582921110372  0.000582320832669  0.000580870479317  0.000578023443967  0.000572853563119  0.000563962663003  0.000549422939062  0.000526815383006  0.000493428504691  0.00044665671265  0.000384577139146  0.000306597260408  0.000213986338507  0.000110078523698  
3.7823502068e-05  7.35372992512e-05  0.000105386660022  0.000132226590774  0.000153616105595  0.000169750910031  0.000181283783219  0.0001891042546  0.000194141246436  0.000197225845598  0.000199022056762  0.000200012564473  0.00020051775201  0.000200727019199  0.000200727019199  0.00020051775201  0.000200012564473  0.000199022056762  0.000197225845598  0.000194141246436  0.0001891042546  0.000181283783219  0.000169750910031  0.000153616105595  0.000132226590774  0.000105386660022  7.35372992512e-05  3.7823502068e-05  
1.25935947178e-05  2.44877870138e-05  3.5100245881e-05  4.40499388532e-05  5.11886577739e-05  5.65793035416e-05  6.04369352113e-05  6.30560494405e-05  6.47451205871e-05  6.57808193172e-05  6.63846824719e-05  6.67180740328e-05  6.68882898676e-05  6.69588522182e-05  6.69588522182e-05  6.68882898676e-05  6.67180740328e-05  6.63846824719e-05  6.57808193172e-05  6.47451205871e-05  6.30560494405e-05  6.04369352113e-05  5.65793035416e-05  5.11886577739e-05  4.40499388532e-05  3.5100245881e-05  2.44877870138e-05  1.25935947178e-05  
4.06382169577e-06  7.90279934661e-06  1.13295571578e-05  1.42212001377e-05  1.65295232241e-05  1.82741957017e-05  1.95239751731e-05  2.037342008e-05  2.09218387941e-05  2.12584932106e-05  2.14549948639e-05  2.15635954858e-05  2.16190926635e-05  2.16421138185e-05  2.16421138185e-05  2.16190926635e-05  2.15635954858e-05  2.14549948639e-05  2.12584932106e-05  2.09218387941e-05  2.037342008e-05  1.95239751731e-05  1.82741957017e-05  1.65295232241e-05  1.42212001377e-05  1.13295571578e-05  7.90279934661e-06  4.06382169577e-06  
1.26466834675e-06  2.45958897333e-06  3.52659279523e-06  4.42745154271e-06  5.14706392505e-06  5.69138484018e-06  6.08164167494e-06  6.34713480592e-06  6.51870617299e-06  6.62412887037e-06  6.68572096471e-06  6.71979134247e-06  6.73721552759e-06  6.74444740559e-06  6.74444740559e-06  6.73721552759e-06  6.71979134247e-06  6.68572096471e-06  6.62412887037e-06  6.51870617299e-06  6.34713480592e-06  6.08164167494e-06  5.69138484018e-06  5.14706392505e-06  4.42745154271e-06  3.52659279523e-06  2.45958897333e-06  1.26466834675e-06  
3.5455290314e-07  6.89600262414e-07  9.8886509446e-07  1.24163379296e-06  1.44365125764e-06  1.59655110122e-06  1.70624764912e-06  1.7809278628e-06  1.8292245596e-06  1.8589226983e-06  1.87628614809e-06  1.8858975306e-06  1.89081590074e-06  1.89285813965e-06  1.89285813965e-06  1.89081590074e-06  1.8858975306e-06  1.87628614809e-06  1.8589226983e-06  1.8292245596e-06  1.7809278628e-06  1.70624764912e-06  1.59655110122e-06  1.44365125764e-06  1.24163379296e-06  9.8886509446e-07  6.89600262414e-07  3.5455290314e-07  
