1000.0  1000.0  1000.0  1000.0  1000.0  1000.0  1000.0  1000.0  1000.0  1000.0  1000.0  1000.0  1000.0  1000.0  1000.0  1000.0  1000.0  1000.0  1000.0  1000.0  1000.0  1000.0  1000.0  1000.0  1000.0  1000.0  1000.0  1000.0  
280.636371388  456.954624311  559.63299077  619.300720002  654.472038322  675.479215644  688.115381127  695.718574693  700.26728362  702.958534896  704.523656155  705.408071561  705.877091823  706.078632768  706.078632768  705.877091823  705.408071561  704.523656155  702.958534896  700.26728362  695.718574693  688.115381127  675.479215644  654.472038322  619.300720002  559.63299077  456.954624311  280.636371388  
178.217211955  314.902393243  408.576947285  469.742939491  508.810297228  533.45634279  548.848113336  558.354844914  564.149350164  567.62449158  569.665872042  570.828015347  571.447589843  571.714693041  571.714693041  571.447589843  570.828015347  569.665872042  567.62449158  564.149350164  558.354844914  548.848113336  533.45634279  508.810297228  469.742939491  408.576947285  314.902393243  178.217211955  
119.357433317  219.844606222  295.835406595  349.72760883  386.434802289  410.743058238  426.483909102  436.473097414  442.687066336  446.471973018  448.721831069  450.014240761  450.707774171  451.007976987  451.007976987  450.707774171  450.014240761  448.721831069  446.471973018  442.687066336  436.473097414  426.483909102  410.743058238  386.434802289  349.72760883  295.835406595  219.844606222  119.357433317  
81.7524870885  153.968953278  212.021384719  255.6526315  286.885044341  308.42402051  322.830457433  332.209749495  338.163284761  341.847840567  344.065772929  345.352369121  346.047781538  346.350165854  346.350165854  346.047781538  345.352369121  344.065772929  341.847840567  338.163284761  332.209749495  322.830457433  308.42402051  286.885044341  255.6526315  212.021384719  153.968953278  81.7524870885  
56.2211439831  107.243754112  149.895610104  183.293523946  208.124374817  225.822938492  237.994339973  246.103034651  251.348243395  254.644926193  256.654384735  257.831711475  258.472828556  258.752927771  258.752927771  258.472828556  257.831711475  256.654384735  254.644926193  251.348243395  246.103034651  237.994339973  225.822938492  208.124374817  183.293523946  149.895610104  107.243754112  56.2211439831  
38.3906544273  73.8064211954  104.18979918  128.688912017  147.437216401  161.159169164  170.818957617  177.385290447  181.706094212  184.461145823  186.160678764  187.166134544  187.717714739  187.959838722  187.959838722  187.717714739  187.166134544  186.160678764  184.461145823  181.706094212  177.385290447  170.818957617  161.159169164  147.437216401  128.688912017  104.18979918  73.8064211954  38.3906544273  
25.8512451303  49.9528290478  71.0011911526  88.3390192076  101.90354317  112.044214956  119.323036369  124.357379055  127.720733101  129.893563677  131.248942617  132.05819762  132.505298968  132.702460647  132.702460647  132.505298968  132.05819762  131.248942617  129.893563677  127.720733101  124.357379055  119.323036369  112.044214956  101.90354317  88.3390192076  71.0011911526  49.9528290478  25.8512451303  
17.0897076191  33.1379054394  47.3312915204  59.2088696452  68.6614435775  75.8491670925  81.0921501462  84.7724224152  87.264017217  88.8926576473  89.9189608785  90.5369820994  90.8807063722  91.0329383502  91.0329383502  90.8807063722  90.5369820994  89.9189608785  88.8926576473  87.264017217  84.7724224152  81.0921501462  75.8491670925  68.6614435775  59.2088696452  47.3312915204  33.1379054394  17.0897076191  
11.0585862171  21.496489911  30.8136524739  38.7042956284  45.0681675812  49.9738948647  53.6003351216  56.1780469544  57.9434467255  59.1094697198  59.8510192128  60.3010630264  60.5529054124  60.6648936253  60.6648936253  60.5529054124  60.3010630264  59.8510192128  59.1094697198  57.9434467255  56.1780469544  53.6003351216  49.9738948647  45.0681675812  38.7042956284  30.8136524739  21.496489911  11.0585862171  
6.99042412966  13.6133722933  19.5663054098  24.6543461624  28.8013138159  32.0337227743  34.4497864327  36.1855370167  37.3862311623  38.186570895  38.6997503697  39.0134044821  39.1899116693  39.2686909738  39.2686909738  39.1899116693  39.0134044821  38.6997503697  38.186570895  37.3862311623  36.1855370167  34.4497864327  32.0337227743  28.8013138159  24.6543461624  19.5663054098  13.6133722933  6.99042412966  
4.3107014529  8.40643865424  12.1074609829  15.2935981479  17.9123722325  19.9721639852  21.5260107825  22.6524658658  23.4384344166  23.9665607552  24.3076758079  24.5174928671  24.6361685737  24.6893151131  24.6893151131  24.6361685737  24.5174928671  24.3076758079  23.9665607552  23.4384344166  22.6524658658  21.5260107825  19.9721639852  17.9123722325  15.2935981479  12.1074609829  8.40643865424  4.3107014529  
2.59074091515  5.05772119716  7.296256315  9.23441349928  10.8383096356  12.1092779436  13.0754850212  13.7813425988  14.2775289361  14.613293545  14.8315697348  14.9665950434  15.0433184967  15.0777825466  15.0777825466  15.0433184967  14.9665950434  14.8315697348  14.613293545  14.2775289361  13.7813425988  13.0754850212  12.1092779436  10.8383096356  9.23441349928  7.296256315  5.05772119716  2.59074091515  
1.51655420227  2.96317955987  4.28020720993  5.42577482507  6.37905774144  7.13914161964  7.72073117886  8.14840746468  8.45098880165  8.65700859832  8.79170785982  8.87545642196  8.92324005191  8.94476349533  8.94476349533  8.92324005191  8.87545642196  8.79170785982  8.65700859832  8.45098880165  8.14840746468  7.72073117886  7.13914161964  6.37905774144  5.42577482507  4.28020720993  2.96317955987  1.51655420227  
0.864321035426  1.68994233893  2.44361789746  3.10164420427  3.65173823855  4.09261505116  4.43181686327  4.68265837977  4.86112300839  4.98329268613  5.06357438166  5.11371521528  5.14242934981  5.15539522722  5.15539522722  5.14242934981  5.11371521528  5.06357438166  4.98329268613  4.86112300839  4.68265837977  4.43181686327  4.09261505116  3.65173823855  3.10164420427  2.44361789746  1.68994233893  0.864321035426  
0.479484706037  0.938023196166  1.3575245764  1.72492539571  2.03323992017  2.28141631448  2.47325284745  2.61580474747  2.71771853236  2.78781562248  2.83408518954  2.86309985936  2.87977060739  2.88731500123  2.88731500123  2.87977060739  2.86309985936  2.83408518954  2.78781562248  2.71771853236  2.61580474747  2.47325284745  2.28141631448  2.03323992017  1.72492539571  1.3575245764  0.938023196166  0.479484706037  
0.258888453325  0.506700470475  0.733828353619  0.933263185903  1.10116287673  1.23681142598  1.34208574636  1.42064140349  1.47704058225  1.51599397961  1.54180820879  1.5580538291  1.56741553089  1.57166062273  1.57166062273  1.56741553089  1.5580538291  1.54180820879  1.51599397961  1.47704058225  1.42064140349  1.34208574636  1.23681142598  1.10116287673  0.933263185903  0.733828353619  0.506700470475  0.258888453325  
0.136046715712  0.266374980436  0.386007240861  0.491282022119  0.580151892359  0.652176966342  0.708266788541  0.750272731165  0.780542511265  0.801525651133  0.815479887422  0.824289717004  0.829379869485  0.831692126225  0.831692126225  0.829379869485  0.824289717004  0.815479887422  0.801525651133  0.780542511265  0.750272731165  0.708266788541  0.652176966342  0.580151892359  0.491282022119  0.386007240861  0.266374980436  0.136046715712  
0.069587945639  0.136294976355  0.197606200825  0.251658962537  0.297394679636  0.334561478421  0.363591379939  0.385400576593  0.401167343991  0.412132240696  0.419446823043  0.424077923153  0.426759996717  0.427980301255  0.427980301255  0.426759996717  0.424077923153  0.419446823043  0.412132240696  0.401167343991  0.385400576593  0.363591379939  0.334561478421  0.297394679636  0.251658962537  0.197606200825  0.136294976355  0.069587945639  
0.0346505590099  0.0678852450908  0.0984651034082  0.125467252945  0.148360138487  0.167007192485  0.181609463072  0.192609867196  0.200585138963  0.206147317258  0.209868047157  0.212229734259  0.213600375889  0.214224889095  0.214224889095  0.213600375889  0.212229734259  0.209868047157  0.206147317258  0.200585138963  0.192609867196  0.181609463072  0.167007192485  0.148360138487  0.125467252945  0.0984651034082  0.0678852450908  0.0346505590099  
0.0167995380503  0.0329203598092  0.0477673567825  0.0608951096459  0.0720441864715  0.0811438333544  0.0882856841762  0.0936788710677  0.0975987196734  0.100339437897  0.102177301459  0.103346501779  0.10402634589  0.104336503811  0.104336503811  0.10402634589  0.103346501779  0.102177301459  0.100339437897  0.0975987196734  0.0936788710677  0.0882856841762  0.0811438333544  0.0720441864715  0.0608951096459  0.0477673567825  0.0329203598092  0.0167995380503  
0.00793216901403  0.015547018345  0.0225658406663  0.0287791825866  0.0340638948235  0.0383847539141  0.0417826531099  0.0443540267622  0.0462270755694  0.047539626748  0.0484217195352  0.0489840179863  0.0493115250348  0.0494611116193  0.0494611116193  0.0493115250348  0.0489840179863  0.0484217195352  0.047539626748  0.0462270755694  0.0443540267622  0.0417826531099  0.0383847539141  0.0340638948235  0.0287791825866  0.0225658406663  0.015547018345  0.00793216901403  
0.0036483867737  0.00715207682935  0.0103837945314  0.0132475571576  0.0156864774949  0.0176836425207  0.0192569168222  0.0204497243941  0.0213202956871  0.0219315691112  0.0223431736327  0.0226060291998  0.0227593595865  0.0228294643475  0.0228294643475  0.0227593595865  0.0226060291998  0.0223431736327  0.0219315691112  0.0213202956871  0.0204497243941  0.0192569168222  0.0176836425207  0.0156864774949  0.0132475571576  0.0103837945314  0.00715207682935  0.0036483867737  
0.00163501700662  0.00320567760497  0.00465530248547  0.00594102006815  0.00703724636965  0.00793612815527  0.00864530376067  0.00918386716836  0.00957762112466  0.0098545863678  0.010041407445  0.0101609066792  0.0102307083156  0.0102626521031  0.0102626521031  0.0102307083156  0.0101609066792  0.010041407445  0.0098545863678  0.00957762112466  0.00918386716836  0.00864530376067  0.00793612815527  0.00703724636965  0.00594102006815  0.00465530248547  0.00320567760497  0.00163501700662  
0.000713904447348  0.00139989514678  0.00203336147624  0.00259564016669  0.00307552785789  0.00346949261784  0.00378072973832  0.00401743558161  0.00419076267885  0.00431287278505  0.00439536768101  0.00444821154438  0.00447911614851  0.00449327095962  0.00449327095962  0.00447911614851  0.00444821154438  0.00439536768101  0.00431287278505  0.00419076267885  0.00401743558161  0.00378072973832  0.00346949261784  0.00307552785789  0.00259564016669  0.00203336147624  0.00139989514678  0.000713904447348  
0.000303140666126  0.00059449737472  0.000863670873781  0.00110275742606  0.00130698839803  0.00147482648174  0.00160757691588  0.00170866776571  0.00178279194522  0.00183508581244  0.00187046309958  0.0018931539087  0.0019064385026  0.00191252755395  0.00191252755395  0.0019064385026  0.0018931539087  0.00187046309958  0.00183508581244  0.00178279194522  0.00170866776571  0.00160757691588  0.00147482648174  0.00130698839803  0.00110275742606  0.000863670873781  0.00059449737472  0.000303140666126  
0.000123424486651  0.000242074723682  0.000351734174702  0.000449192189626  0.0005325034584  0.000601029313593  0.000655283541836  0.000696643865765  0.000727006182678  0.000748452001859  0.00076297739369  0.000772304157192  0.00077776968004  0.000780276411442  0.000780276411442  0.00077776968004  0.000772304157192  0.00076297739369  0.000748452001859  0.000727006182678  0.000696643865765  0.000655283541836  0.000601029313593  0.0005325034584  0.000449192189626  0.000351734174702  0.000242074723682  0.000123424486651  
4.33934866209e-05  8.51144960005e-05  0.000123685086388  0.000157978373882  0.000187309498978  0.000211450679061  0.000230578038198  0.000245171322685  0.000255893255985  0.0002634731063  0.000268611437305  0.000271913435651  0.00027384974194  0.000274738231994  0.000274738231994  0.00027384974194  0.000271913435651  0.000268611437305  0.0002634731063  0.000255893255985  0.000245171322685  0.000230578038198  0.000211450679061  0.000187309498978  0.000157978373882  0.000123685086388  8.51144960005e-05  4.33934866209e-05  
