1000.0  1000.0  1000.0  1000.0  1000.0  1000.0  1000.0  1000.0  1000.0  1000.0  1000.0  1000.0  1000.0  1000.0  1000.0  1000.0  1000.0  1000.0  1000.0  1000.0  1000.0  1000.0  1000.0  1000.0  1000.0  1000.0  1000.0  1000.0  
286.051498327  467.619570381  575.232342549  639.397003219  678.542395336  702.955530452  718.422693792  728.30753123  734.637833141  738.67371855  741.213775448  742.766544043  743.649824993  744.048840212  744.048840212  743.649824993  742.766544043  741.213775448  738.67371855  734.637833141  728.30753123  718.422693792  702.955530452  678.542395336  639.397003219  575.232342549  467.619570381  286.051498327  
185.730225901  329.699186049  430.220119353  497.625798873  542.207700772  571.580321584  590.901134078  603.574810169  611.842470234  617.184422588  620.579514769  622.669784459  623.864689455  624.406065537  624.406065537  623.864689455  622.669784459  620.579514769  617.184422588  611.842470234  603.574810169  590.901134078  571.580321584  542.207700772  497.625798873  430.220119353  329.699186049  185.730225901  
128.339810798  237.535485279  321.7121916  383.065396474  426.367089807  456.328173584  476.768630042  490.546417471  499.719485837  505.738392034  509.608508485  512.011974592  513.394327988  514.022936875  514.022936875  513.394327988  512.011974592  509.608508485  505.738392034  499.719485837  490.546417471  476.768630042  456.328173584  426.367089807  383.065396474  321.7121916  237.535485279  128.339810798  
91.5145371538  173.195672374  240.145301403  291.886537411  330.287865809  357.972911472  377.489858654  390.989772265  400.162398791  406.277770597  410.259098203  412.755156143  414.200527733  414.860509261  414.860509261  414.200527733  412.755156143  410.259098203  406.277770597  400.162398791  390.989772265  377.489858654  357.972911472  330.287865809  291.886537411  240.145301403  173.195672374  91.5145371538  
66.0989650076  126.698817569  178.354312625  219.960080782  252.04734203  275.968033526  293.314218863  305.596307577  314.102652011  319.862555827  323.659398714  326.06295115  327.464583456  328.107364952  328.107364952  327.464583456  326.06295115  323.659398714  319.862555827  314.102652011  305.596307577  293.314218863  275.968033526  252.04734203  219.960080782  178.354312625  126.698817569  66.0989650076  
47.8174316125  92.3734912432  131.350421304  163.684490488  189.360638726  209.02415873  223.626551408  234.180091897  241.617460027  246.727269696  250.136022642  252.314427814  253.593661328  254.182853991  254.182853991  253.593661328  252.314427814  250.136022642  246.727269696  241.617460027  234.180091897  223.626551408  209.02415873  189.360638726  163.684490488  131.350421304  92.3734912432  47.8174316125  
34.4031394105  66.7971051685  95.6425474846  120.090149422  139.942443889  155.476953479  167.243940912  175.900000197  182.095188395  186.408409782  189.317968919  191.19413881  192.303301088  192.816305979  192.816305979  192.303301088  191.19413881  189.317968919  186.408409782  182.095188395  175.900000197  167.243940912  155.476953479  139.942443889  120.090149422  95.6425474846  66.7971051685  34.4031394105  
24.5032522805  47.7404001575  68.6940439017  86.7369240823  101.643112348  113.510298424  122.648191673  129.472530196  134.423410064  137.911600739  140.288705726  141.834378044  142.753927132  143.180920949  143.180920949  142.753927132  141.834378044  140.288705726  137.911600739  134.423410064  129.472530196  122.648191673  113.510298424  101.643112348  86.7369240823  68.6940439017  47.7404001575  24.5032522805  
17.2226276886  33.6381762294  48.5771694967  61.5957575401  72.4966634476  81.296477133  88.1652024656  93.3611555428  97.1753935972  99.8912978256  101.759202785  102.983084292  103.715441731  104.056767278  104.056767278  103.715441731  102.983084292  101.759202785  99.8912978256  97.1753935972  93.3611555428  88.1652024656  81.296477133  72.4966634476  61.5957575401  48.5771694967  33.6381762294  17.2226276886  
11.9198005925  23.3233646767  33.7729156875  42.9633082718  50.7407993886  57.0902021514  62.1024695857  65.9355960229  68.7782831348  70.8213355169  72.2380772931  73.1727858216  73.7350832489  73.9980370296  73.9980370296  73.7350832489  73.1727858216  72.2380772931  70.8213355169  68.7782831348  65.9355960229  62.1024695857  57.0902021514  50.7407993886  42.9633082718  33.7729156875  23.3233646767  11.9198005925  
8.11047688379  15.8915688869  23.0594830307  29.4091727753  34.8283957224  39.2933145427  42.8512201334  45.5973989054  47.6520360509  49.1408280129  50.1807961006  50.8711971186  51.2885262298  51.4842874436  51.4842874436  51.2885262298  50.8711971186  50.1807961006  49.1408280129  47.6520360509  45.5973989054  42.8512201334  39.2933145427  34.8283957224  29.4091727753  23.0594830307  15.8915688869  8.11047688379  
5.41915340432  10.6295751523  15.4492983613  19.743309627  23.4332584625  26.4964381277  28.9566184256  30.8705103893  32.3133979213  33.3664221746  34.1067709575  34.6009990715  34.9010415293  35.0421770716  35.0421770716  34.9010415293  34.6009990715  34.1067709575  33.3664221746  32.3133979213  30.8705103893  28.9566184256  26.4964381277  23.4332584625  19.743309627  15.4492983613  10.6295751523  5.41915340432  
3.55268147635  6.97441721978  10.1500285427  12.9923173877  15.448462417  17.5001990842  19.1589758436  20.458108482  21.4440011124  22.1680271146  22.6799889175  23.0234483814  23.2327697346  23.3314775272  23.3314775272  23.2327697346  23.0234483814  22.6799889175  22.1680271146  21.4440011124  20.458108482  19.1589758436  17.5001990842  15.448462417  12.9923173877  10.1500285427  6.97441721978  3.55268147635  
2.283756766  4.48638916893  6.53604523084  8.37747180793  9.97609098975  11.3184901535  12.4098747025  13.2695610075  13.9256984597  14.4102044503  14.7545364597  14.9865559427  15.1284507264  15.1955126998  15.1955126998  15.1284507264  14.9865559427  14.7545364597  14.4102044503  13.9256984597  13.2695610075  12.4098747025  11.3184901535  9.97609098975  8.37747180793  6.53604523084  4.48638916893  2.283756766  
1.43884434713  2.82814770983  4.12379093403  5.2914258853  6.30900595789  7.16725969468  7.86835883475  8.42335316606  8.84904582151  9.16489959994  9.39037683953  9.5429036238  9.63647224261  9.68078307109  9.68078307109  9.63647224261  9.5429036238  9.39037683953  9.16489959994  8.84904582151  8.42335316606  7.86835883475  7.16725969468  6.30900595789  5.2914258853  4.12379093403  2.82814770983  1.43884434713  
0.88818918898  1.74659866334  2.54859115873  3.27322236424  3.90677611513  4.44312915777  4.88305941025  5.23280064499  5.50222048059  5.70296810339  5.846841407  5.94450458735  6.0045821079  6.03308370422  6.03308370422  6.0045821079  5.94450458735  5.846841407  5.70296810339  5.50222048059  5.23280064499  4.88305941025  4.44312915777  3.90677611513  3.27322236424  2.54859115873  1.74659866334  0.88818918898  
0.53706339651  1.05652511657  1.54258450045  1.9827172688  2.36858727969  2.69629874902  2.96603985625  3.18127729325  3.34771007227  3.47218171748  3.56170092798  3.62265558191  3.66024414421  3.67810522892  3.67810522892  3.66024414421  3.62265558191  3.56170092798  3.47218171748  3.34771007227  3.18127729325  2.96603985625  2.69629874902  2.36858727969  1.9827172688  1.54258450045  1.05652511657  0.53706339651  
0.318059990659  0.625898546772  0.914313029459  1.17596039767  1.4058877609  1.60169551157  1.76335536851  1.89276686025  1.99316598519  2.06849838552  2.12284485012  2.15995172689  2.18288447776  2.19379711117  2.19379711117  2.18288447776  2.15995172689  2.12284485012  2.06849838552  1.99316598519  1.89276686025  1.76335536851  1.60169551157  1.4058877609  1.17596039767  0.914313029459  0.625898546772  0.318059990659  
0.184466819678  0.363105539134  0.530656061495  0.682897897113  0.816952780475  0.931385223571  1.02611055466  1.10215384044  1.16132100337  1.20584438488  1.23805290361  1.26009822681  1.27374938425  1.28025365714  1.28025365714  1.27374938425  1.26009822681  1.23805290361  1.20584438488  1.16132100337  1.10215384044  1.02611055466  0.931385223571  0.816952780475  0.682897897113  0.530656061495  0.363105539134  0.184466819678  
0.104769950212  0.206278536751  0.301576158481  0.388285114652  0.46476882671  0.530191491768  0.584472116517  0.628155277994  0.662231223242  0.687939203463  0.706582043942  0.719370147136  0.727302837371  0.731086806571  0.731086806571  0.727302837371  0.719370147136  0.706582043942  0.687939203463  0.662231223242  0.628155277994  0.584472116517  0.530191491768  0.46476882671  0.388285114652  0.301576158481  0.206278536751  0.104769950212  
0.0582721922395  0.114753872876  0.167822847065  0.216166261504  0.258873383136  0.295469856276  0.32589499837  0.350433523274  0.369618796603  0.38412575971  0.394668825768  0.401914998114  0.406416991659  0.408566693872  0.408566693872  0.406416991659  0.401914998114  0.394668825768  0.38412575971  0.369618796603  0.350433523274  0.32589499837  0.295469856276  0.258873383136  0.216166261504  0.167822847065  0.114753872876  0.0582721922395  
0.0317382187247  0.0625123162012  0.0914474915484  0.117833360472  0.141173827381  0.161206196077  0.177890096118  0.191371962932  0.20193391147  0.209936538809  0.215763847687  0.219775917893  0.222272098779  0.22346512519  0.22346512519  0.222272098779  0.219775917893  0.215763847687  0.209936538809  0.20193391147  0.191371962932  0.177890096118  0.161206196077  0.141173827381  0.117833360472  0.0914474915484  0.0625123162012  0.0317382187247  
0.0169242291668  0.0333395055003  0.0487834311325  0.0628794186415  0.0753629681579  0.0860920454501  0.0950417528286  0.10228614735  0.107971704283  0.112287350137  0.115435361318  0.117606142666  0.118958438532  0.11960529091  0.11960529091  0.118958438532  0.117606142666  0.115435361318  0.112287350137  0.107971704283  0.10228614735  0.0950417528286  0.0860920454501  0.0753629681579  0.0628794186415  0.0487834311325  0.0333395055003  0.0169242291668  
0.00882560126784  0.0173881425027  0.0254483602397  0.0328109026891  0.0393378848387  0.044954376706  0.0496458762005  0.0534491660521  0.056438804655  0.058711745617  0.0603722913851  0.0615189563784  0.062234080839  0.0625764040109  0.0625764040109  0.062234080839  0.0615189563784  0.0603722913851  0.058711745617  0.056438804655  0.0534491660521  0.0496458762005  0.044954376706  0.0393378848387  0.0328109026891  0.0254483602397  0.0173881425027  0.00882560126784  
0.00447670154423  0.00882099328434  0.0129123290662  0.016652075511  0.0199703218954  0.0228286940718  0.0252191787967  0.0271596310169  0.0286870644819  0.0298499592349  0.0307006886738  0.0312888658915  0.0316560489662  0.031831930101  0.031831930101  0.0316560489662  0.0312888658915  0.0307006886738  0.0298499592349  0.0286870644819  0.0271596310169  0.0252191787967  0.0228286940718  0.0199703218954  0.016652075511  0.0129123290662  0.00882099328434  0.00447670154423  
0.00215446481816  0.00424560822026  0.00621573800616  0.0080175673634  0.00961746597993  0.010996825065  0.0121515320457  0.0130898644576  0.0138293168681  0.0143929419936  0.0148057302191  0.015091412319  0.0152699018152  0.0153554444392  0.0153554444392  0.0152699018152  0.015091412319  0.0148057302191  0.0143929419936  0.0138293168681  0.0130898644576  0.0121515320457  0.010996825065  0.00961746597993  0.0080175673634  0.00621573800616  0.00424560822026  0.00215446481816  
0.000862669396481  0.00170009511253  0.00248926551659  0.00321129697607  0.00385272833946  0.0044060702844  0.00486960591039  0.005246562706  0.0055438573642  0.00577064271204  0.00593686483128  0.00605198437131  0.00612394999952  0.00615845300466  0.00615845300466  0.00612394999952  0.00605198437131  0.00593686483128  0.00577064271204  0.0055438573642  0.005246562706  0.00486960591039  0.0044060702844  0.00385272833946  0.00321129697607  0.00248926551659  0.00170009511253  0.000862669396481  
