1000.0  1000.0  1000.0  1000.0  1000.0  1000.0  1000.0  1000.0  1000.0  1000.0  1000.0  1000.0  1000.0  1000.0  1000.0  1000.0  1000.0  1000.0  1000.0  1000.0  1000.0  1000.0  1000.0  1000.0  1000.0  1000.0  1000.0  1000.0  
257.195896226  411.356819525  494.224523474  537.117484349  558.81238557  569.524300028  574.661874951  577.043308017  578.105904373  578.561017238  578.747767297  578.821035563  578.848261047  578.857055293  578.857055293  578.848261047  578.821035563  578.747767297  578.561017238  578.105904373  577.043308017  574.661874951  569.524300028  558.81238557  537.117484349  494.224523474  411.356819525  257.195896226  
147.715629023  255.558334826  323.426297557  362.716774913  384.184909865  395.362701568  400.92495681  403.571227314  404.774357428  405.296829608  405.513456151  405.599121769  405.631146478  405.641534172  405.641534172  405.631146478  405.599121769  405.513456151  405.296829608  404.774357428  403.571227314  400.92495681  395.362701568  384.184909865  362.716774913  323.426297557  255.558334826  147.715629023  
85.9497653815  154.830432954  202.513040878  232.373306404  249.708491884  259.156355377  264.021537787  266.396558598  267.497672887  267.983067216  268.186677017  268.267932835  268.298525005  268.308497443  268.308497443  268.298525005  268.267932835  268.186677017  267.983067216  267.497672887  266.396558598  264.021537787  259.156355377  249.708491884  232.373306404  202.513040878  154.830432954  85.9497653815  
49.1977775858  90.5949824242  121.009200529  141.133075416  153.369628344  160.293058477  163.965896774  165.801471466  166.668437946  167.056292251  167.220914181  167.287234348  167.312390692  167.320634786  167.320634786  167.312390692  167.287234348  167.220914181  167.056292251  166.668437946  165.801471466  163.965896774  160.293058477  153.369628344  141.133075416  121.009200529  90.5949824242  49.1977775858  
27.2433129769  50.8119176517  68.8061829058  81.1849118369  88.9809598159  93.5264160531  95.9988011202  97.2600811222  97.8658962285  98.1406667267  98.2586090136  98.3065626566  98.3248873108  98.3309245312  98.3309245312  98.3248873108  98.3065626566  98.2586090136  98.1406667267  97.8658962285  97.2600811222  95.9988011202  93.5264160531  88.9809598159  81.1849118369  68.8061829058  50.8119176517  27.2433129769  
14.4591376174  27.1820783058  37.1488775966  44.199692699  48.7603467398  51.4837376202  52.9960237205  53.7811934723  54.163942563  54.3397028388  54.4159304508  54.4471916606  54.4592218278  54.4632055085  54.4632055085  54.4592218278  54.4471916606  54.4159304508  54.3397028388  54.163942563  53.7811934723  52.9960237205  51.4837376202  48.7603467398  44.199692699  37.1488775966  27.1820783058  14.4591376174  
7.31794834017  13.8286135515  19.0204438004  22.7691357601  25.2439232546  26.7501042681  27.6008216551  28.0491191194  28.2704672276  28.3732294964  28.4182143496  28.4368085137  28.4440106867  28.4464069669  28.4464069669  28.4440106867  28.4368085137  28.4182143496  28.3732294964  28.2704672276  28.0491191194  27.6008216551  26.7501042681  25.2439232546  22.7691357601  19.0204438004  13.8286135515  7.31794834017  
3.52266487322  6.68042598295  9.23071001725  11.100343813  12.3542651781  13.1290807214  13.5728563936  13.8096463771  13.9278521842  13.9832564373  14.0077108148  14.0178904992  14.0218567489  14.0231821175  14.0231821175  14.0218567489  14.0178904992  14.0077108148  13.9832564373  13.9278521842  13.8096463771  13.5728563936  13.1290807214  12.3542651781  11.100343813  9.23071001725  6.68042598295  3.52266487322  
1.61103590049  3.06294440301  4.24651270999  5.12426245875  5.72025412222  6.09303568279  6.30900565328  6.42545410395  6.48413183184  6.51186296088  6.52419180333  6.52935621419  6.53137903008  6.53205761988  6.53205761988  6.53137903008  6.52935621419  6.52419180333  6.51186296088  6.48413183184  6.42545410395  6.30900565328  6.09303568279  5.72025412222  5.12426245875  4.24651270999  3.06294440301  1.61103590049  
0.699854303855  1.33306765171  1.85287568324  2.24181421042  2.50848781578  2.67693448144  2.77544820768  2.82903287555  2.85624960401  2.86920416847  2.87499997797  2.8774411887  2.87840184816  2.87872523964  2.87872523964  2.87840184816  2.8774411887  2.87499997797  2.86920416847  2.85624960401  2.82903287555  2.77544820768  2.67693448144  2.50848781578  2.24181421042  1.85287568324  1.33306765171  0.699854303855  
0.288899583472  0.551066416705  0.767438470126  0.930465387128  1.04311596738  1.1148433229  1.1571202255  1.18028542144  1.19213126926  1.19780421563  1.20035616587  1.201436241  1.20186301841  1.20200712746  1.20200712746  1.20186301841  1.201436241  1.20035616587  1.19780421563  1.19213126926  1.18028542144  1.1571202255  1.1148433229  1.04311596738  0.930465387128  0.767438470126  0.551066416705  0.288899583472  
0.113409809738  0.216561035373  0.302051291708  0.366820563148  0.411856802183  0.440720443712  0.457843301724  0.46728362786  0.472138842365  0.474476206587  0.475532631628  0.475981622693  0.476159673016  0.476219956466  0.476219956466  0.476159673016  0.475981622693  0.475532631628  0.474476206587  0.472138842365  0.46728362786  0.457843301724  0.440720443712  0.411856802183  0.366820563148  0.302051291708  0.216561035373  0.113409809738  
0.0423785358437  0.0809928787767  0.113102226579  0.137536753797  0.154613545402  0.165617029429  0.172179870584  0.175816969809  0.177696681131  0.178605663748  0.179018171188  0.179194126914  0.179264120983  0.179287874652  0.179287874652  0.179264120983  0.179194126914  0.179018171188  0.178605663748  0.177696681131  0.175816969809  0.172179870584  0.165617029429  0.154613545402  0.137536753797  0.113102226579  0.0809928787767  0.0423785358437  
0.0150910797507  0.0288613675834  0.0403424046835  0.0491105680871  0.0552640284588  0.0592467019429  0.0616327973645  0.0629609518749  0.0636502059265  0.0639847907176  0.0641371597149  0.0642023560733  0.0642283606403  0.0642372035628  0.0642372035628  0.0642283606403  0.0642023560733  0.0641371597149  0.0639847907176  0.0636502059265  0.0629609518749  0.0616327973645  0.0592467019429  0.0552640284588  0.0491105680871  0.0403424046835  0.0288613675834  0.0150910797507  
0.00512737274309  0.00981137383877  0.0137251057663  0.0167228079403  0.0188338112212  0.0202051626525  0.0210298626921  0.0214906038998  0.0217305482039  0.0218474051896  0.0219007805574  0.0219236802735  0.0219328353051  0.0219359538992  0.0219359538992  0.0219328353051  0.0219236802735  0.0219007805574  0.0218474051896  0.0217305482039  0.0214906038998  0.0210298626921  0.0202051626525  0.0188338112212  0.0167228079403  0.0137251057663  0.00981137383877  0.00512737274309  
0.00166420421016  0.0031859244869  0.00445964334068  0.00543758965274  0.00612822489269  0.00657825985735  0.00684975657531  0.00700190791811  0.00708138095962  0.00712019329059  0.00713796629097  0.00714560890936  0.0071486703662  0.00714971477048  0.00714971477048  0.0071486703662  0.00714560890936  0.00713796629097  0.00712019329059  0.00708138095962  0.00700190791811  0.00684975657531  0.00657825985735  0.00612822489269  0.00543758965274  0.00445964334068  0.0031859244869  0.00166420421016  
0.000516649423128  0.00098942704836  0.00138572741197  0.00169060729011  0.00190642519064  0.00204741990819  0.00213270491586  0.00218062556207  0.00220571892382  0.00221800267894  0.00222363983316  0.00222606858464  0.00222704311201  0.00222737598321  0.00222737598321  0.00222704311201  0.00222606858464  0.00222363983316  0.00221800267894  0.00220571892382  0.00218062556207  0.00213270491586  0.00204741990819  0.00190642519064  0.00169060729011  0.00138572741197  0.00098942704836  0.000516649423128  
0.000153602589675  0.000294250636117  0.000412288374165  0.000503246394349  0.000567760358489  0.000609998466465  0.000635604446104  0.000650023956774  0.000657590688308  0.000661302141678  0.000663008475902  0.000663744845687  0.000664040725269  0.000664141894735  0.000664141894735  0.000664040725269  0.000663744845687  0.000663008475902  0.000661302141678  0.000657590688308  0.000650023956774  0.000635604446104  0.000609998466465  0.000567760358489  0.000503246394349  0.000412288374165  0.000294250636117  0.000153602589675  
4.37864400719e-05  8.39009640167e-05  0.000117600165221  0.000143603853517  0.000162077818619  0.000174194773077  0.000181554158807  0.000185706150154  0.000187888823769  0.000188961205537  0.000189454984133  0.00018966836478  0.000189754202446  0.000189783577896  0.000189783577896  0.000189754202446  0.00018966836478  0.000189454984133  0.000188961205537  0.000187888823769  0.000185706150154  0.000181554158807  0.000174194773077  0.000162077818619  0.000143603853517  0.000117600165221  8.39009640167e-05  4.37864400719e-05  
1.19820309686e-05  2.29640075127e-05  3.21972915525e-05  3.93302032837e-05  4.440462038e-05  4.77379126757e-05  4.97655952304e-05  5.09113426102e-05  5.15145524351e-05  5.18113313531e-05  5.19481563425e-05  5.20073499249e-05  5.20311845478e-05  5.20393468983e-05  5.20393468983e-05  5.20311845478e-05  5.20073499249e-05  5.19481563425e-05  5.18113313531e-05  5.15145524351e-05  5.09113426102e-05  4.97655952304e-05  4.77379126757e-05  4.440462038e-05  3.93302032837e-05  3.21972915525e-05  2.29640075127e-05  1.19820309686e-05  
3.15112586621e-06  6.04028732526e-06  8.47106085929e-06  1.03506672984e-05  1.16893595381e-05  1.256982546e-05  1.31061207958e-05  1.34095471449e-05  1.35694916009e-05  1.36482744807e-05  1.36846336378e-05  1.37003776919e-05  1.37067219059e-05  1.3708895711e-05  1.3708895711e-05  1.37067219059e-05  1.37003776919e-05  1.36846336378e-05  1.36482744807e-05  1.35694916009e-05  1.34095471449e-05  1.31061207958e-05  1.256982546e-05  1.16893595381e-05  1.03506672984e-05  8.47106085929e-06  6.04028732526e-06  3.15112586621e-06  
7.97301643349e-07  1.52853820948e-06  2.14410710291e-06  2.62047273515e-06  2.96007000681e-06  3.18365730713e-06  3.31999178819e-06  3.39720946752e-06  3.43795426838e-06  3.45804240379e-06  3.46732100773e-06  3.4713416572e-06  3.47296275983e-06  3.4735184479e-06  3.4735184479e-06  3.47296275983e-06  3.4713416572e-06  3.46732100773e-06  3.45804240379e-06  3.43795426838e-06  3.39720946752e-06  3.31999178819e-06  3.18365730713e-06  2.96007000681e-06  2.62047273515e-06  2.14410710291e-06  1.52853820948e-06  7.97301643349e-07  
1.94294186479e-07  3.72532728348e-07  5.22647485637e-07  6.3889096733e-07  7.21824477767e-07  7.76473670078e-07  8.09825890458e-07  8.2873241064e-07  8.38716803631e-07  8.43642997716e-07  8.45919860918e-07  8.46907020541e-07  8.47305208195e-07  8.47441740007e-07  8.47441740007e-07  8.47305208195e-07  8.46907020541e-07  8.45919860918e-07  8.43642997716e-07  8.38716803631e-07  8.2873241064e-07  8.09825890458e-07  7.76473670078e-07  7.21824477767e-07  6.3889096733e-07  5.22647485637e-07  3.72532728348e-07  1.94294186479e-07  
4.56474191066e-08  8.7531153264e-08  1.22819672754e-07  1.50160324877e-07  1.69678795034e-07  1.82549450708e-07  1.90409954397e-07  1.94868957335e-07  1.97225241068e-07  1.98388474519e-07  1.98926378333e-07  1.99159684219e-07  1.99253819401e-07  1.99286102579e-07  1.99286102579e-07  1.99253819401e-07  1.99159684219e-07  1.98926378333e-07  1.98388474519e-07  1.97225241068e-07  1.94868957335e-07  1.90409954397e-07  1.82549450708e-07  1.69678795034e-07  1.50160324877e-07  1.22819672754e-07  8.7531153264e-08  4.56474191066e-08  
1.03487451746e-08  1.98457735201e-08  2.78498364064e-08  3.40538383346e-08  3.84851306731e-08  4.14087843029e-08  4.31953532291e-08  4.42093613292e-08  4.47454600576e-08  4.50102299531e-08  4.51327073669e-08  4.51858432873e-08  4.52072863097e-08  4.52146406858e-08  4.52146406858e-08  4.52072863097e-08  4.51858432873e-08  4.51327073669e-08  4.50102299531e-08  4.47454600576e-08  4.42093613292e-08  4.31953532291e-08  4.14087843029e-08  3.84851306731e-08  3.40538383346e-08  2.78498364064e-08  1.98457735201e-08  1.03487451746e-08  
2.26278380886e-09  4.33960735483e-09  6.09037889256e-09  7.44787362566e-09  8.41787153141e-09  9.05812724223e-09  9.44953938053e-09  9.6717840274e-09  9.7893249654e-09  9.84739331874e-09  9.87426040052e-09  9.88591803716e-09  9.8906227283e-09  9.89223629953e-09  9.89223629953e-09  9.8906227283e-09  9.88591803716e-09  9.87426040052e-09  9.84739331874e-09  9.7893249654e-09  9.6717840274e-09  9.44953938053e-09  9.05812724223e-09  8.41787153141e-09  7.44787362566e-09  6.09037889256e-09  4.33960735483e-09  2.26278380886e-09  
4.60382078707e-10  8.8296995877e-10  1.23927867678e-09  1.51561868189e-09  1.71313529811e-09  1.84354833045e-09  1.9232988335e-09  1.96859378418e-09  1.99255491054e-09  2.00439436614e-09  2.00987281285e-09  2.01224998588e-09  2.01320931023e-09  2.01353830617e-09  2.01353830617e-09  2.01320931023e-09  2.01224998588e-09  2.00987281285e-09  2.00439436614e-09  1.99255491054e-09  1.96859378418e-09  1.9232988335e-09  1.84354833045e-09  1.71313529811e-09  1.51561868189e-09  1.23927867678e-09  8.8296995877e-10  4.60382078707e-10  
