1000.0  1000.0  1000.0  1000.0  1000.0  1000.0  1000.0  1000.0  1000.0  1000.0  1000.0  1000.0  1000.0  1000.0  1000.0  1000.0  1000.0  1000.0  1000.0  1000.0  1000.0  1000.0  1000.0  1000.0  1000.0  1000.0  1000.0  1000.0  
242.393371137  383.056012286  454.687756821  489.026529024  504.748906331  511.624137852  514.485943263  515.616250989  516.038952597  516.188471381  516.238485658  516.254309213  516.259030089  516.260284584  516.260284584  516.259030089  516.254309213  516.238485658  516.188471381  516.038952597  515.616250989  514.485943263  511.624137852  504.748906331  489.026529024  454.687756821  383.056012286  242.393371137  
130.148615237  221.970058898  276.498530226  305.629535576  320.00087594  326.61707228  329.471723768  330.628332872  331.06893961  331.226935661  331.280331916  331.297358816  331.302469508  331.303833514  331.303833514  331.302469508  331.297358816  331.280331916  331.226935661  331.06893961  330.628332872  329.471723768  326.61707228  320.00087594  305.629535576  276.498530226  221.970058898  130.148615237  
69.0121012795  122.44275261  157.257009044  177.311600493  187.792574902  192.831226159  195.076830486  196.00913486  196.370932315  196.502525979  196.547492669  196.561956027  196.566326763  196.567499057  196.567499057  196.566326763  196.561956027  196.547492669  196.502525979  196.370932315  196.00913486  195.076830486  192.831226159  187.792574902  177.311600493  157.257009044  122.44275261  69.0121012795  
35.1577448297  63.7452472785  83.4856039434  95.4708165834  102.013706073  105.270837715  106.7629797  107.396023362  107.645910294  107.738033397  107.769852082  107.780174547  107.783315295  107.784161943  107.784161943  107.783315295  107.780174547  107.769852082  107.738033397  107.645910294  107.396023362  106.7629797  105.270837715  102.013706073  95.4708165834  83.4856039434  63.7452472785  35.1577448297  
16.9590059885  31.1420913476  41.3117505968  47.7198649953  51.3349324658  53.1850102792  54.0520571296  54.4267761885  54.5769291038  54.6329617959  54.6525071017  54.6588989644  54.6608563998  54.6613866113  54.6613866113  54.6608563998  54.6588989644  54.6525071017  54.6329617959  54.5769291038  54.4267761885  54.0520571296  53.1850102792  51.3349324658  47.7198649953  41.3117505968  31.1420913476  16.9590059885  
7.69053535414  14.2346029916  19.047172953  22.1617005401  23.9629281814  24.9050575057  25.3548590417  25.5522970286  25.6324388627  25.6626659638  25.6733028987  25.6768067539  25.6778861208  25.6781797855  25.6781797855  25.6778861208  25.6768067539  25.6733028987  25.6626659638  25.6324388627  25.5522970286  25.3548590417  24.9050575057  23.9629281814  22.1617005401  19.047172953  14.2346029916  7.69053535414  
3.2687186676  6.08176670879  8.18720867201  9.57664831367  10.3955810756  10.831357136  11.0425670713  11.1364808631  11.1750200253  11.1896898466  11.1948919142  11.1966164709  11.1971505151  11.197296388  11.197296388  11.1971505151  11.1966164709  11.1948919142  11.1896898466  11.1750200253  11.1364808631  11.0425670713  10.831357136  10.3955810756  9.57664831367  8.18720867201  6.08176670879  3.2687186676  
1.30124215018  2.42978040974  3.2851360446  3.85788121253  4.20042278079  4.38520066204  4.47585840962  4.51660147429  4.533475221  4.53994851539  4.54225920057  4.54302947339  4.54326909629  4.54333477486  4.54333477486  4.54326909629  4.54302947339  4.54225920057  4.53994851539  4.533475221  4.51660147429  4.47585840962  4.38520066204  4.20042278079  3.85788121253  3.2851360446  2.42978040974  1.30124215018  
0.485470032627  0.90882805446  1.23268249524  1.45193815838  1.58456773762  1.65689354993  1.69273239077  1.7089812982  1.71576256819  1.71838127753  1.71932130259  1.71963614862  1.71973447825  1.71976150949  1.71976150949  1.71973447825  1.71963614862  1.71932130259  1.71838127753  1.71576256819  1.7089812982  1.69273239077  1.65689354993  1.58456773762  1.45193815838  1.23268249524  0.90882805446  0.485470032627  
0.169970923256  0.318793648224  0.433429765893  0.51170105574  0.559472954572  0.585751519028  0.59887847113  0.604873369926  0.607391272953  0.608368996098  0.608721628984  0.608840211283  0.608877368811  0.608887609171  0.608887609171  0.608877368811  0.608840211283  0.608721628984  0.608368996098  0.607391272953  0.604873369926  0.59887847113  0.585751519028  0.559472954572  0.51170105574  0.433429765893  0.318793648224  0.169970923256  
0.0559439371801  0.105075540121  0.143121913985  0.169271225412  0.18534454497  0.194248292572  0.198725299985  0.200782119105  0.201650580611  0.201989369389  0.202112043892  0.202153434872  0.202166440623  0.202170032378  0.202170032378  0.202166440623  0.202153434872  0.202112043892  0.201989369389  0.201650580611  0.200782119105  0.198725299985  0.194248292572  0.18534454497  0.169271225412  0.143121913985  0.105075540121  0.0559439371801  
0.0173437354407  0.0326108035678  0.0444819254897  0.0526834481445  0.0577532861108  0.0605776138993  0.0620053788336  0.0626645430698  0.0629440843555  0.0630535512418  0.0630933191142  0.0631067741928  0.0631110116441  0.0631121838727  0.0631121838727  0.0631110116441  0.0631067741928  0.0630933191142  0.0630535512418  0.0629440843555  0.0626645430698  0.0620053788336  0.0605776138993  0.0577532861108  0.0526834481445  0.0444819254897  0.0326108035678  0.0173437354407  
0.00507483904898  0.00955007665356  0.0130410928124  0.0154629298202  0.0169668110651  0.0178084414494  0.0182357687365  0.0184338496135  0.018518154949  0.018551272299  0.0185633357998  0.0185674265925  0.0185687172878  0.0185690748219  0.0185690748219  0.0185687172878  0.0185674265925  0.0185633357998  0.018551272299  0.018518154949  0.0184338496135  0.0182357687365  0.0178084414494  0.0169668110651  0.0154629298202  0.0130410928124  0.00955007665356  0.00507483904898  
0.00140434006842  0.00264450539797  0.00361439717129  0.00428946267622  0.00471018902188  0.00494651845526  0.0050669394919  0.00512294220531  0.00514684758556  0.00515626229119  0.0051596992148  0.00516086680011  0.00516123572067  0.00516133802124  0.00516133802124  0.00516123572067  0.00516086680011  0.0051596992148  0.00515626229119  0.00514684758556  0.00512294220531  0.0050669394919  0.00494651845526  0.00471018902188  0.00428946267622  0.00361439717129  0.00264450539797  0.00140434006842  
0.000368260569809  0.00069383356057  0.000948971098858  0.00112702142027  0.00123831608672  0.00130102020638  0.00133306331197  0.00134800492205  0.00135439807002  0.00135692107724  0.00135784371872  0.00135815759919  0.00135825688467  0.00135828443725  0.00135828443725  0.00135825688467  0.00135815759919  0.00135784371872  0.00135692107724  0.00135439807002  0.00134800492205  0.00133306331197  0.00130102020638  0.00123831608672  0.00112702142027  0.000948971098858  0.00069383356057  0.000368260569809  
9.16863014645e-05  0.00017281681847  0.000236498586579  0.000281033729615  0.000308937528721  0.000324696821122  0.000332768920184  0.00033654098038  0.000338158013657  0.000338797199541  0.000339031257695  0.000339110968313  0.000339136202021  0.000339143208202  0.000339143208202  0.000339136202021  0.000339110968313  0.000339031257695  0.000338797199541  0.000338158013657  0.00033654098038  0.000332768920184  0.000324696821122  0.000308937528721  0.000281033729615  0.000236498586579  0.00017281681847  9.16863014645e-05  
2.17129074273e-05  4.09396617077e-05  5.60509017732e-05  6.66367152405e-05  7.32819431813e-05  7.70422736887e-05  7.89719448821e-05  7.98752038465e-05  8.02629944834e-05  8.04164727747e-05  8.04727299188e-05  8.049190325e-05  8.04979760221e-05  8.04996626332e-05  8.04996626332e-05  8.04979760221e-05  8.049190325e-05  8.04727299188e-05  8.04164727747e-05  8.02629944834e-05  7.98752038465e-05  7.89719448821e-05  7.70422736887e-05  7.32819431813e-05  6.66367152405e-05  5.60509017732e-05  4.09396617077e-05  2.17129074273e-05  
4.89954133662e-06  9.24053021579e-06  1.26558508805e-05  1.50516061365e-05  1.65578136417e-05  1.74114423801e-05  1.78501363313e-05  1.80557552398e-05  1.81441321983e-05  1.81791418861e-05  1.81919836079e-05  1.8196362382e-05  1.81977496508e-05  1.81981349785e-05  1.81981349785e-05  1.81977496508e-05  1.8196362382e-05  1.81919836079e-05  1.81791418861e-05  1.81441321983e-05  1.80557552398e-05  1.78501363313e-05  1.74114423801e-05  1.65578136417e-05  1.50516061365e-05  1.26558508805e-05  9.24053021579e-06  4.89954133662e-06  
1.05520569195e-06  1.9905347101e-06  2.72701658004e-06  3.24419006531e-06  3.56972284556e-06  3.75443683164e-06  3.84947129777e-06  3.89405886145e-06  3.91323881193e-06  3.9208415893e-06  3.92363154487e-06  3.92458309407e-06  3.92488457757e-06  3.92496831079e-06  3.92496831079e-06  3.92488457757e-06  3.92458309407e-06  3.92363154487e-06  3.9208415893e-06  3.91323881193e-06  3.89405886145e-06  3.84947129777e-06  3.75443683164e-06  3.56972284556e-06  3.24419006531e-06  2.72701658004e-06  1.9905347101e-06  1.05520569195e-06  
2.17242350528e-07  4.09872221558e-07  5.61646575742e-07  6.68314201519e-07  7.35517228502e-07  7.73684368814e-07  7.93337606362e-07  8.0256493225e-07  8.06536402371e-07  8.08111265941e-07  8.08689304698e-07  8.0888645729e-07  8.08948913341e-07  8.08966255534e-07  8.08966255534e-07  8.08948913341e-07  8.0888645729e-07  8.08689304698e-07  8.08111265941e-07  8.06536402371e-07  8.0256493225e-07  7.93337606362e-07  7.73684368814e-07  7.35517228502e-07  6.68314201519e-07  5.61646575742e-07  4.09872221558e-07  2.17242350528e-07  
4.28174880337e-08  8.07941737302e-08  1.10730870374e-07  1.31783735822e-07  1.45056599412e-07  1.5259977275e-07  1.56486225058e-07  1.5831179377e-07  1.59097777861e-07  1.59409506277e-07  1.59523923092e-07  1.59562940991e-07  1.59575297616e-07  1.59578727362e-07  1.59578727362e-07  1.59575297616e-07  1.59562940991e-07  1.59523923092e-07  1.59409506277e-07  1.59097777861e-07  1.5831179377e-07  1.56486225058e-07  1.5259977275e-07  1.45056599412e-07  1.31783735822e-07  1.10730870374e-07  8.07941737302e-08  4.28174880337e-08  
8.09048799367e-09  1.52677331649e-08  2.09275411371e-08  2.49096052318e-08  2.74213346632e-08  2.88494349729e-08  2.95855042708e-08  2.99313432493e-08  3.00802588855e-08  3.01393182955e-08  3.01609914568e-08  3.01683798567e-08  3.01707185977e-08  3.01713674121e-08  3.01713674121e-08  3.01707185977e-08  3.01683798567e-08  3.01609914568e-08  3.01393182955e-08  3.00802588855e-08  2.99313432493e-08  2.95855042708e-08  2.88494349729e-08  2.74213346632e-08  2.49096052318e-08  2.09275411371e-08  1.52677331649e-08  8.09048799367e-09  
1.46750076503e-09  2.76953829543e-09  3.79655539933e-09  4.51935869986e-09  4.97541848607e-09  5.23479102606e-09  5.36850063413e-09  5.43132770534e-09  5.45837880978e-09  5.46910497691e-09  5.47303980844e-09  5.47438053922e-09  5.47480467751e-09  5.47492226761e-09  5.47492226761e-09  5.47480467751e-09  5.47438053922e-09  5.47303980844e-09  5.46910497691e-09  5.45837880978e-09  5.43132770534e-09  5.36850063413e-09  5.23479102606e-09  4.97541848607e-09  4.51935869986e-09  3.79655539933e-09  2.76953829543e-09  1.46750076503e-09  
2.558426227e-10  4.82859781021e-10  6.61954536884e-10  7.88023031456e-10  8.67580490413e-10  9.12831637939e-10  9.36159490151e-10  9.47119627695e-10  9.51837605543e-10  9.53707679992e-10  9.54393365489e-10  9.54626855054e-10  9.54700664474e-10  9.54721112595e-10  9.54721112595e-10  9.54700664474e-10  9.54626855054e-10  9.54393365489e-10  9.53707679992e-10  9.51837605543e-10  9.47119627695e-10  9.36159490151e-10  9.12831637939e-10  8.67580490413e-10  7.88023031456e-10  6.61954536884e-10  4.82859781021e-10  2.558426227e-10  
4.29204999976e-11  8.10071373583e-11  1.11056273267e-10  1.32210123275e-10  1.45560091143e-10  1.53153102201e-10  1.57066933406e-10  1.589053189e-10  1.59696390254e-10  1.60009792265e-10  1.60124632686e-10  1.60163708669e-10  1.60176050569e-10  1.60179466896e-10  1.60179466896e-10  1.60176050569e-10  1.60163708669e-10  1.60124632686e-10  1.60009792265e-10  1.59696390254e-10  1.589053189e-10  1.57066933406e-10  1.53153102201e-10  1.45560091143e-10  1.32210123275e-10  1.11056273267e-10  8.10071373583e-11  4.29204999976e-11  
6.93332435191e-12  1.30858773889e-11  1.79400991167e-11  2.13572908862e-11  2.35136814383e-11  2.47399693996e-11  2.53718970255e-11  2.56686114516e-11  2.57962263761e-11  2.58467526283e-11  2.58652532245e-11  2.58715428513e-11  2.58735274812e-11  2.58740763326e-11  2.58740763326e-11  2.58735274812e-11  2.58715428513e-11  2.58652532245e-11  2.58467526283e-11  2.57962263761e-11  2.56686114516e-11  2.53718970255e-11  2.47399693996e-11  2.35136814383e-11  2.13572908862e-11  1.79400991167e-11  1.30858773889e-11  6.93332435191e-12  
1.05746527494e-12  1.99583265422e-12  2.73614954173e-12  3.2572564455e-12  3.5860428887e-12  3.77296874911e-12  3.86926072036e-12  3.91445242464e-12  3.93387775591e-12  3.94156339793e-12  3.94437526566e-12  3.94533032984e-12  3.94563138666e-12  3.94571456408e-12  3.94571456408e-12  3.94563138666e-12  3.94533032984e-12  3.94437526566e-12  3.94156339793e-12  3.93387775591e-12  3.91445242464e-12  3.86926072036e-12  3.77296874911e-12  3.5860428887e-12  3.2572564455e-12  2.73614954173e-12  1.99583265422e-12  1.05746527494e-12  
