1000.0  1000.0  1000.0  1000.0  1000.0  1000.0  1000.0  1000.0  1000.0  1000.0  1000.0  1000.0  1000.0  1000.0  1000.0  1000.0  1000.0  1000.0  1000.0  1000.0  1000.0  1000.0  1000.0  1000.0  1000.0  1000.0  1000.0  1000.0  
289.630144253  474.693686212  585.641299057  652.913473571  694.886873955  721.812963828  739.459434631  751.186933961  759.033116604  764.277159494  767.741783772  769.960635631  771.273900206  771.883471604  771.883471604  771.273900206  769.960635631  767.741783772  764.277159494  759.033116604  751.186933961  739.459434631  721.812963828  694.886873955  652.913473571  585.641299057  474.693686212  289.630144253  
190.791018801  339.703179375  444.940216493  516.740600705  565.322026657  598.248716229  620.651832538  635.931783789  646.343611053  653.394542295  658.097522914  661.130067775  662.933268619  663.77252367  663.77252367  662.933268619  661.130067775  658.097522914  653.394542295  646.343611053  635.931783789  620.651832538  598.248716229  565.322026657  516.740600705  444.940216493  339.703179375  190.791018801  
134.553683899  249.818901126  339.786412697  406.535928752  454.748860263  489.074372751  513.300118539  530.278780134  542.085349837  550.203383881  555.680069462  559.241060471  561.370699444  562.365260267  562.365260267  561.370699444  559.241060471  555.680069462  550.203383881  542.085349837  530.278780134  513.300118539  489.074372751  454.748860263  406.535928752  339.786412697  249.818901126  134.553683899  
98.5017953327  187.007974328  260.469365031  318.278963554  362.203422151  394.796935434  418.571296818  435.671580214  447.806623213  456.283486955  462.072325801  465.87077822  468.157009158  469.228781615  469.228781615  468.157009158  465.87077822  462.072325801  456.283486955  447.806623213  435.671580214  418.571296818  394.796935434  362.203422151  318.278963554  260.469365031  187.007974328  98.5017953327  
73.4677109712  141.265340731  199.788415879  247.794405934  285.707162726  314.805389554  336.642724606  352.723184  364.355160502  372.606908331  378.311217281  382.089304214  384.378432412  385.455863439  385.455863439  384.378432412  382.089304214  378.311217281  372.606908331  364.355160502  352.723184  336.642724606  314.805389554  285.707162726  247.794405934  199.788415879  141.265340731  73.4677109712  
55.1993229518  106.966120738  152.823226414  191.569573779  223.082572403  247.934135316  267.037213173  281.397587382  291.967904167  299.575679541  304.896799272  308.453409652  310.622581201  311.647642384  311.647642384  310.622581201  308.453409652  304.896799272  299.575679541  291.967904167  281.397587382  267.037213173  247.934135316  223.082572403  191.569573779  152.823226414  106.966120738  55.1993229518  
41.4820690649  80.7909685463  116.234595234  146.832011832  172.282666408  192.793696753  208.878335418  221.186851199  230.388327085  237.098842866  241.843934426  245.043089888  247.006613044  247.938086978  247.938086978  247.006613044  245.043089888  241.843934426  237.098842866  230.388327085  221.186851199  208.878335418  192.793696753  172.282666408  146.832011832  116.234595234  80.7909685463  41.4820690649  
31.0341954231  60.6511239495  87.6925754512  111.409940341  131.482219008  147.942147535  161.065207075  171.261198154  178.987643973  184.689476371  188.761742842  191.529385986  193.238144997  194.051722987  194.051722987  193.238144997  191.529385986  188.761742842  184.689476371  178.987643973  171.261198154  161.065207075  147.942147535  131.482219008  111.409940341  87.6925754512  60.6511239495  31.0341954231  
23.0397962539  45.1380086085  65.499856965  83.5734842859  99.076966221  111.969020703  122.389100291  130.590131427  136.878569083  141.568089141  144.947592235  147.26127935  148.697569527  149.383733356  149.383733356  148.697569527  147.26127935  144.947592235  141.568089141  136.878569083  130.590131427  122.389100291  111.969020703  99.076966221  83.5734842859  65.499856965  45.1380086085  23.0397962539  
16.9349851707  33.2379023344  48.3630568768  61.9122630628  73.6588319509  83.5376669203  91.6133211026  98.0390465707  103.01670177  106.763082439  109.484638849  111.360219258  112.53032673  113.091055416  113.091055416  112.53032673  111.360219258  109.484638849  106.763082439  103.01670177  98.0390465707  91.6133211026  83.5376669203  73.6588319509  61.9122630628  48.3630568768  33.2379023344  16.9349851707  
12.3037286001  24.1813422889  35.2589174323  45.2536847802  53.9924398167  61.4096003473  67.5303289924  72.4458601488  76.2872720963  79.2018773008  81.3342823322  82.8125503065  83.7389174201  84.1840860554  84.1840860554  83.7389174201  82.8125503065  81.3342823322  79.2018773008  76.2872720963  72.4458601488  67.5303289924  61.4096003473  53.9924398167  45.2536847802  35.2589174323  24.1813422889  12.3037286001  
8.8246152495  17.3620448601  25.3572125009  32.6120446539  38.9987069172  44.4605774054  49.0034067356  52.6805390513  55.5760107778  57.7884169612  59.4172502169  60.5523732491  61.2665570453  61.6106241542  61.6106241542  61.2665570453  60.5523732491  59.4172502169  57.7884169612  55.5760107778  52.6805390513  49.0034067356  44.4605774054  38.9987069172  32.6120446539  25.3572125009  17.3620448601  8.8246152495  
6.24242851862  12.2920330282  17.9759651745  23.1572712811  27.744067274  31.6912903892  34.9961162356  37.6891369886  39.8235902932  41.4645497338  42.6793519858  43.5298950994  44.0669418485  44.3262534216  44.3262534216  44.0669418485  43.5298950994  42.6793519858  41.4645497338  39.8235902932  37.6891369886  34.9961162356  31.6912903892  27.744067274  23.1572712811  17.9759651745  12.2920330282  6.24242851862  
4.3520797221  8.57552414676  12.5541962772  16.1946245849  19.432210681  22.2329261345  24.5909677784  26.523505055  28.0638771337  29.2544665391  30.1401462709  30.7628178627  31.1572313059  31.3480550238  31.3480550238  31.1572313059  30.7628178627  30.1401462709  29.2544665391  28.0638771337  26.523505055  24.5909677784  22.2329261345  19.432210681  16.1946245849  12.5541962772  8.57552414676  4.3520797221  
2.98870713749  5.89232823154  8.63360815684  11.1495937068  13.3957567361  15.3473706477  16.9983317934  18.3580395981  19.4471346404  20.2928662922  20.9246959717  21.3705230885  21.6537153588  21.7909731512  21.7909731512  21.6537153588  21.3705230885  20.9246959717  20.2928662922  19.4471346404  18.3580395981  16.9983317934  15.3473706477  13.3957567361  11.1495937068  8.63360815684  5.89232823154  2.98870713749  
2.02080867909  3.98590510849  5.84447372898  7.55469152353  9.08642370971  10.42224723  11.5568722788  12.4952946402  13.2501468146  13.8387258624  14.28009571  14.5925379467  14.7914994287  14.8880853065  14.8880853065  14.7914994287  14.5925379467  14.28009571  13.8387258624  13.2501468146  12.4952946402  11.5568722788  10.42224723  9.08642370971  7.55469152353  5.84447372898  3.98590510849  2.02080867909  
1.34485830452  2.65365188901  3.89336350592  5.03659699494  6.06331420363  6.96155621262  7.72716861397  8.36271137038  8.87582601948  9.27735256343  9.57945121984  9.79391554354  9.93078813613  9.99732672852  9.99732672852  9.93078813613  9.79391554354  9.57945121984  9.27735256343  8.87582601948  8.36271137038  7.72716861397  6.96155621262  6.06331420363  5.03659699494  3.89336350592  2.65365188901  1.34485830452  
0.880692608398  1.7383275679  2.55173079632  3.30321468956  3.97968158277  4.57311296322  5.080445042  5.50292858875  5.84513128094  6.1137594116  6.31645959844  6.46072361903  6.55297520443  6.59787823738  6.59787823738  6.55297520443  6.46072361903  6.31645959844  6.1137594116  5.84513128094  5.50292858875  5.080445042  4.57311296322  3.97968158277  3.30321468956  2.55173079632  1.7383275679  0.880692608398  
0.567388279117  1.12022873063  1.64512769742  2.13083398977  2.56893013477  2.95415444494  3.28434866163  3.56008419291  3.78405829118  3.9603660298  4.09374753562  4.1888897322  4.24983619262  4.27953474024  4.27953474024  4.24983619262  4.1888897322  4.09374753562  3.9603660298  3.78405829118  3.56008419291  3.28434866163  2.95415444494  2.56893013477  2.13083398977  1.64512769742  1.12022873063  0.567388279117  
0.359559582244  0.710067108839  1.04317067886  1.35182112033  1.63069892325  1.87642100333  2.08752139656  2.26423452258  2.4081334329  2.52168575489  2.60778796462  2.66932789611  2.70881073788  2.72806944988  2.72806944988  2.70881073788  2.66932789611  2.60778796462  2.52168575489  2.4081334329  2.26423452258  2.08752139656  1.87642100333  1.63069892325  1.35182112033  1.04317067886  0.710067108839  0.359559582244  
0.224086773792  0.44262201971  0.650474200397  0.843294740466  1.01777793578  1.17179076007  1.30436771604  1.41558614093  1.50635183973  1.57813180154  1.63267042126  1.67172003375  1.69680830154  1.7090565785  1.7090565785  1.69680830154  1.67172003375  1.63267042126  1.57813180154  1.50635183973  1.41558614093  1.30436771604  1.17179076007  1.01777793578  0.843294740466  0.650474200397  0.44262201971  0.224086773792  
0.137300657568  0.271247679416  0.398736269314  0.517126277384  0.62439809367  0.719232466254  0.801010736063  0.869743738948  0.925946266469  0.97047838762  1.00437519229  1.02868361876  1.04432042335  1.05196047493  1.05196047493  1.04432042335  1.02868361876  1.00437519229  0.97047838762  0.925946266469  0.869743738948  0.801010736063  0.719232466254  0.62439809367  0.517126277384  0.398736269314  0.271247679416  0.137300657568  
0.0826317412147  0.163270211906  0.240067549386  0.311447772692  0.376198815947  0.433520617307  0.483026911278  0.52470511319  0.558843757335  0.585939683269  0.606597540261  0.621432705689  0.630986180458  0.635657243913  0.635657243913  0.630986180458  0.621432705689  0.606597540261  0.585939683269  0.558843757335  0.52470511319  0.483026911278  0.433520617307  0.376198815947  0.311447772692  0.240067549386  0.163270211906  0.0826317412147  
0.0487062110265  0.0962502824238  0.141553606454  0.183693939745  0.221958727122  0.255873432353  0.285203382364  0.309931438009  0.330216725053  0.346341300549  0.358651953365  0.367503600047  0.373209363821  0.376000865538  0.376000865538  0.373209363821  0.367503600047  0.358651953365  0.346341300549  0.330216725053  0.309931438009  0.285203382364  0.255873432353  0.221958727122  0.183693939745  0.141553606454  0.0962502824238  0.0487062110265  
0.0278468412377  0.0550354097653  0.0809541568921  0.105079078841  0.127003753232  0.146455513468  0.163296861677  0.177513318428  0.189190542306  0.198484502062  0.205588714545  0.210702200548  0.21400108217  0.215615892996  0.215615892996  0.21400108217  0.210702200548  0.205588714545  0.198484502062  0.189190542306  0.177513318428  0.163296861677  0.146455513468  0.127003753232  0.105079078841  0.0809541568921  0.0550354097653  0.0278468412377  
0.0149198915182  0.0294896882949  0.0433838988621  0.0563231631376  0.0680901540825  0.0785382287417  0.0875923295062  0.0952427277306  0.101533062608  0.106544640596  0.110379102101  0.113141393317  0.114924614294  0.115797874241  0.115797874241  0.114924614294  0.113141393317  0.110379102101  0.106544640596  0.101533062608  0.0952427277306  0.0875923295062  0.0785382287417  0.0680901540825  0.0563231631376  0.0433838988621  0.0294896882949  0.0149198915182  
0.00645975060083  0.0127686625798  0.0187864280351  0.0243924935145  0.0294928900868  0.0340239736753  0.0379528549714  0.0412747615934  0.0440079434502  0.0461869549312  0.0478552136306  0.0490576690496  0.0498342625198  0.0502146737823  0.0502146737823  0.0498342625198  0.0490576690496  0.0478552136306  0.0461869549312  0.0440079434502  0.0412747615934  0.0379528549714  0.0340239736753  0.0294928900868  0.0243924935145  0.0187864280351  0.0127686625798  0.00645975060083  
