1000.0  1000.0  1000.0  1000.0  1000.0  1000.0  1000.0  1000.0  1000.0  1000.0  1000.0  1000.0  1000.0  1000.0  1000.0  1000.0  1000.0  1000.0  1000.0  1000.0  1000.0  1000.0  1000.0  1000.0  1000.0  1000.0  1000.0  1000.0  
265.632420828  427.659920258  517.369995501  565.819054789  591.73062106  605.437726231  612.569908152  616.198905775  617.995815994  618.858449738  619.258764282  619.437620141  619.513342684  619.540645447  619.540645447  619.513342684  619.437620141  619.258764282  618.858449738  617.995815994  616.198905775  612.569908152  605.437726231  591.73062106  565.819054789  517.369995501  427.659920258  265.632420828  
158.314786415  276.040898713  352.505995082  398.77808567  425.545368166  440.487805422  448.557501006  452.77239998  454.899019237  455.934117906  456.419456987  456.638009823  456.731085618  456.76477757  456.76477757  456.731085618  456.638009823  456.419456987  455.934117906  454.899019237  452.77239998  448.557501006  440.487805422  425.545368166  398.77808567  352.505995082  276.040898713  158.314786415  
96.9926530685  176.170923645  232.811701332  269.947671052  292.806120114  306.178628839  313.658430897  317.669565451  319.734183146  320.754587102  321.238738012  321.458779533  321.553154353  321.587480317  321.587480317  321.553154353  321.458779533  321.238738012  320.754587102  319.734183146  317.669565451  313.658430897  306.178628839  292.806120114  269.947671052  232.811701332  176.170923645  96.9926530685  
59.2747103652  110.069252899  148.65933481  175.424572053  192.703869436  203.211405381  209.272698505  212.603363599  214.351111828  215.228239298  215.649529403  215.842881198  215.926443131  215.956995212  215.956995212  215.926443131  215.842881198  215.649529403  215.228239298  214.351111828  212.603363599  209.272698505  203.211405381  192.703869436  175.424572053  148.65933481  110.069252899  59.2747103652  
35.5043682636  66.7773853313  91.4754808028  109.300836657  121.233487889  128.719897812  133.152829663  135.641834182  136.971240766  137.648157597  137.977169142  138.129640926  138.196044262  138.220452436  138.220452436  138.196044262  138.129640926  137.977169142  137.648157597  136.971240766  135.641834182  133.152829663  128.719897812  121.233487889  109.300836657  91.4754808028  66.7773853313  35.5043682636  
20.6324170605  39.1130927067  54.0905894948  65.2132964906  72.8673430177  77.7907676734  80.7702691231  82.4746521579  83.3994373451  83.8766065231  84.1111221836  84.2208117333  84.2689397993  84.2867227925  84.2867227925  84.2689397993  84.2208117333  84.1111221836  83.8766065231  83.3994373451  82.4746521579  80.7702691231  77.7907676734  72.8673430177  65.2132964906  54.0905894948  39.1130927067  20.6324170605  
11.5634468889  22.0341562824  30.6727954865  37.2231765732  41.8270632395  44.8480533265  46.7094614704  47.7912815963  48.3864114622  48.6971478294  48.8514224487  48.9242029418  48.9563609506  48.9683019644  48.9683019644  48.9563609506  48.9242029418  48.8514224487  48.6971478294  48.3864114622  47.7912815963  46.7094614704  44.8480533265  41.8270632395  37.2231765732  30.6727954865  22.0341562824  11.5634468889  
6.22852596689  11.9104413828  16.6581328575  20.3143695991  22.9264610186  24.6679938495  25.7570873903  26.3986012256  26.7557421963  26.9441786659  27.0385895538  27.0834785814  27.1034412702  27.1108879905  27.1108879905  27.1034412702  27.0834785814  27.0385895538  26.9441786659  26.7557421963  26.3986012256  25.7570873903  24.6679938495  22.9264610186  20.3143695991  16.6581328575  11.9104413828  6.22852596689  
3.21806015288  6.16922170658  8.65821862933  10.5976494247  12.0010278076  12.9487509733  13.5487172662  13.9061397147  14.1071730478  14.2142191822  14.2682874353  14.2941766642  14.3057577371  14.3100960443  14.3100960443  14.3057577371  14.2941766642  14.2682874353  14.2142191822  14.1071730478  13.9061397147  13.5487172662  12.9487509733  12.0010278076  10.5976494247  8.65821862933  6.16922170658  3.21806015288  
1.59324125522  3.06001449861  4.30576729717  5.28528128036  6.0012521993  6.48979760344  6.80222030366  6.99012591322  7.09674720224  7.15397535115  7.18308799115  7.19711573808  7.20342406836  7.20579620155  7.20579620155  7.20342406836  7.19711573808  7.18308799115  7.15397535115  7.09674720224  6.99012591322  6.80222030366  6.48979760344  6.0012521993  5.28528128036  4.30576729717  3.06001449861  1.59324125522  
0.755593784436  1.45324884929  2.04896725362  2.52069982896  2.86830367566  3.10750545703  3.26176354429  3.35529132146  3.40876189547  3.43766111329  3.45245494317  3.45962310612  3.46286193067  3.46408400341  3.46408400341  3.46286193067  3.45962310612  3.45245494317  3.43766111329  3.40876189547  3.35529132146  3.26176354429  3.10750545703  2.86830367566  2.52069982896  2.04896725362  1.45324884929  0.755593784436  
0.343272285735  0.660939931893  0.933333036033  1.15025022008  1.31113405509  1.4226162137  1.49501454419  1.53920995078  1.56464030517  1.57846730439  1.58558445016  1.58904999003  1.5906224359  1.59121756494  1.59121756494  1.5906224359  1.58904999003  1.58558445016  1.57846730439  1.56464030517  1.53920995078  1.49501454419  1.4226162137  1.31113405509  1.15025022008  0.933333036033  0.660939931893  0.343272285735  
0.149444904023  0.287989068308  0.407184460606  0.502534806242  0.573631278005  0.623179921836  0.655546797704  0.675419429461  0.686917684612  0.693202066105  0.696452360086  0.698041892756  0.6987658123  0.699040540863  0.699040540863  0.6987658123  0.698041892756  0.696452360086  0.693202066105  0.686917684612  0.675419429461  0.655546797704  0.623179921836  0.573631278005  0.502534806242  0.407184460606  0.287989068308  0.149444904023  
0.062380487376  0.120293194892  0.170251911511  0.210363721383  0.24040343822  0.261438891189  0.275247905442  0.283768064445  0.288721257937  0.291440627783  0.292852986269  0.293546322954  0.293863127317  0.293983644069  0.293983644069  0.293863127317  0.293546322954  0.292852986269  0.291440627783  0.288721257937  0.283768064445  0.275247905442  0.261438891189  0.24040343822  0.210363721383  0.170251911511  0.120293194892  0.062380487376  
0.0249822993376  0.0482020829994  0.0682766273669  0.0844432484054  0.096594358403  0.105137278381  0.110768811261  0.114258025395  0.116294769964  0.117417331224  0.118002484944  0.118290700471  0.1184227751  0.118473124648  0.118473124648  0.1184227751  0.118290700471  0.118002484944  0.117417331224  0.116294769964  0.114258025395  0.110768811261  0.105137278381  0.096594358403  0.0844432484054  0.0682766273669  0.0482020829994  0.0249822993376  
0.00960640370805  0.0185435054527  0.0262839523441  0.0325331852639  0.0372444368749  0.0405678615074  0.0427664333044  0.0441335117019  0.0449343164794  0.0453771740738  0.0456087549702  0.0457231526037  0.0457757084164  0.0457957811259  0.0457957811259  0.0457757084164  0.0457231526037  0.0456087549702  0.0453771740738  0.0449343164794  0.0441335117019  0.0427664333044  0.0405678615074  0.0372444368749  0.0325331852639  0.0262839523441  0.0185435054527  0.00960640370805  
0.00354966237602  0.00685459013938  0.00972127544024  0.0120405254683  0.0137934342825  0.0150334925218  0.0158563082185  0.0163695052778  0.0166710352173  0.0168382734916  0.0169259682818  0.0169693987432  0.0169893956482  0.0169970455775  0.0169970455775  0.0169893956482  0.0169693987432  0.0169259682818  0.0168382734916  0.0166710352173  0.0163695052778  0.0158563082185  0.0150334925218  0.0137934342825  0.0120405254683  0.00972127544024  0.00685459013938  0.00354966237602  
0.00126147375643  0.0024367382683  0.00345743267716  0.0042846590828  0.00491122389322  0.00535554304465  0.00565111926775  0.00583595711916  0.00594484236805  0.00600538648047  0.00603721030486  0.00605300594419  0.00606029292873  0.00606308458839  0.00606308458839  0.00606029292873  0.00605300594419  0.00603721030486  0.00600538648047  0.00594484236805  0.00583595711916  0.00565111926775  0.00535554304465  0.00491122389322  0.0042846590828  0.00345743267716  0.0024367382683  0.00126147375643  
0.000431527389225  0.000833783453246  0.00118350168761  0.0014673516699  0.00168273800521  0.00183578950225  0.0019378280981  0.00200178165815  0.00203954050738  0.00206058174528  0.00207166471421  0.00207717633401  0.0020797232996  0.00208070026132  0.00208070026132  0.0020797232996  0.00207717633401  0.00207166471421  0.00206058174528  0.00203954050738  0.00200178165815  0.0019378280981  0.00183578950225  0.00168273800521  0.0014673516699  0.00118350168761  0.000833783453246  0.000431527389225  
0.000142217485079  0.000274849019731  0.000390259992661  0.000484051014277  0.000555329728524  0.000606068363383  0.000639959109511  0.00066124159831  0.000673831361569  0.000680860316373  0.00068456933158  0.000686416933657  0.000687271976925  0.000687600306946  0.000687600306946  0.000687271976925  0.000686416933657  0.00068456933158  0.000680860316373  0.000673831361569  0.00066124159831  0.000639959109511  0.000606068363383  0.000555329728524  0.000484051014277  0.000390259992661  0.000274849019731  0.000142217485079  
4.51944614239e-05  8.73590467056e-05  0.000124076623975  0.000153947626678  0.000176678619679  0.000192883509963  0.000203724952985  0.000210544426938  0.000214585253871  0.000216844956273  0.000218039206085  0.000218634967828  0.000218911026333  0.000219017129239  0.000219017129239  0.000218911026333  0.000218634967828  0.000218039206085  0.000216844956273  0.000214585253871  0.000210544426938  0.000203724952985  0.000192883509963  0.000176678619679  0.000153947626678  0.000124076623975  8.73590467056e-05  4.51944614239e-05  
1.38603087236e-05  2.67956746792e-05  3.80671734714e-05  4.72452193647e-05  5.42372754682e-05  5.92282700195e-05  6.25719641391e-05  6.46782163656e-05  6.59280498857e-05  6.662795951e-05  6.69983564985e-05  6.7183361871e-05  6.72691809725e-05  6.73021917659e-05  6.73021917659e-05  6.72691809725e-05  6.7183361871e-05  6.69983564985e-05  6.662795951e-05  6.59280498857e-05  6.46782163656e-05  6.25719641391e-05  5.92282700195e-05  5.42372754682e-05  4.72452193647e-05  3.80671734714e-05  2.67956746792e-05  1.38603087236e-05  
4.10559784868e-06  7.93828954717e-06  1.12797951834e-05  1.40027800922e-05  1.60791968202e-05  1.75629800602e-05  1.85582065847e-05  1.91858845248e-05  1.95588014109e-05  1.97678867033e-05  1.98786629779e-05  1.9934052108e-05  1.9959769422e-05  1.99696684264e-05  1.99696684264e-05  1.9959769422e-05  1.9934052108e-05  1.98786629779e-05  1.97678867033e-05  1.95588014109e-05  1.91858845248e-05  1.85582065847e-05  1.75629800602e-05  1.60791968202e-05  1.40027800922e-05  1.12797951834e-05  7.93828954717e-06  4.10559784868e-06  
1.17555392381e-06  2.27322808814e-06  3.23066889939e-06  4.01139684693e-06  4.60722682817e-06  5.03339639642e-06  5.31953141539e-06  5.50018200865e-06  5.60762294889e-06  5.66792413645e-06  5.69990369665e-06  5.71590815421e-06  5.72334486554e-06  5.72620900375e-06  5.72620900375e-06  5.72334486554e-06  5.71590815421e-06  5.69990369665e-06  5.66792413645e-06  5.60762294889e-06  5.50018200865e-06  5.31953141539e-06  5.03339639642e-06  4.60722682817e-06  4.01139684693e-06  3.23066889939e-06  2.27322808814e-06  1.17555392381e-06  
3.25558990868e-07  6.29611329531e-07  8.94923279962e-07  1.1113876949e-06  1.27670163049e-06  1.39503661191e-06  1.47455604907e-06  1.52480498558e-06  1.55471684355e-06  1.57151940983e-06  1.58043764774e-06  1.58490422811e-06  1.58698104223e-06  1.58778127351e-06  1.58778127351e-06  1.58698104223e-06  1.58490422811e-06  1.58043764774e-06  1.57151940983e-06  1.55471684355e-06  1.52480498558e-06  1.47455604907e-06  1.39503661191e-06  1.27670163049e-06  1.1113876949e-06  8.94923279962e-07  6.29611329531e-07  3.25558990868e-07  
8.69972211223e-08  1.68261146229e-07  2.39194275943e-07  2.97094756719e-07  3.41339079957e-07  3.73031099621e-07  3.9434298823e-07  4.07820144181e-07  4.15848699083e-07  4.20361879057e-07  4.22758952787e-07  4.23960239564e-07  4.24519094868e-07  4.24734513314e-07  4.24734513314e-07  4.24519094868e-07  4.23960239564e-07  4.22758952787e-07  4.20361879057e-07  4.15848699083e-07  4.07820144181e-07  3.9434298823e-07  3.73031099621e-07  3.41339079957e-07  2.97094756719e-07  2.39194275943e-07  1.68261146229e-07  8.69972211223e-08  
2.12935080242e-08  4.11863519988e-08  5.85547222309e-08  7.27371269184e-08  8.35794160221e-08  9.13497007724e-08  9.65778755707e-08  9.98859504152e-08  1.01857748119e-07  1.02966787469e-07  1.03556132902e-07  1.03851619543e-07  1.03989138334e-07  1.04042161757e-07  1.04042161757e-07  1.03989138334e-07  1.03851619543e-07  1.03556132902e-07  1.02966787469e-07  1.01857748119e-07  9.98859504152e-08  9.65778755707e-08  9.13497007724e-08  8.35794160221e-08  7.27371269184e-08  5.85547222309e-08  4.11863519988e-08  2.12935080242e-08  
