1000.0  1000.0  1000.0  1000.0  1000.0  1000.0  1000.0  1000.0  1000.0  1000.0  1000.0  1000.0  1000.0  1000.0  1000.0  1000.0  1000.0  1000.0  1000.0  1000.0  1000.0  1000.0  1000.0  1000.0  1000.0  1000.0  1000.0  1000.0  
282.949993984  461.505360642  566.275408608  627.834377424  664.65950081  687.065477505  700.84607237  709.354883396  714.596349921  717.798947601  719.726410739  720.853812417  721.470638975  721.741739734  721.741739734  721.470638975  720.853812417  719.726410739  717.798947601  714.596349921  709.354883396  700.84607237  687.065477505  664.65950081  627.834377424  566.275408608  461.505360642  282.949993984  
181.405794945  321.174119045  417.731389183  481.503858832  522.850473101  549.424337177  566.393362638  577.148225237  583.897502053  588.077395586  590.618169459  592.115208008  592.938497371  593.301472159  593.301472159  592.938497371  592.115208008  590.618169459  588.077395586  583.897502053  577.148225237  566.393362638  549.424337177  522.850473101  481.503858832  417.731389183  321.174119045  181.405794945  
123.134020814  227.272901229  306.678029666  363.65739014  403.064188334  429.655811028  447.264823538  458.732358329  466.077214806  470.696879381  473.538259937  475.227350806  476.162185081  476.575948716  476.575948716  476.162185081  475.227350806  473.538259937  470.696879381  466.077214806  458.732358329  447.264823538  429.655811028  403.064188334  363.65739014  306.678029666  227.272901229  123.134020814  
85.8074276533  161.944756135  223.663185178  270.609159228  304.740195005  328.730889018  345.143243877  356.109910508  363.277750272  367.858648788  370.711751716  372.424305142  373.378829738  373.803158092  373.803158092  373.378829738  372.424305142  370.711751716  367.858648788  363.277750272  356.109910508  345.143243877  328.730889018  304.740195005  270.609159228  223.663185178  161.944756135  85.8074276533  
60.2634754187  115.194762905  161.501237188  198.203607708  225.924121555  246.066846987  260.238006086  269.929220257  276.38503642  280.575346389  283.218061022  284.820067434  285.719522831  286.121202947  286.121202947  285.719522831  284.820067434  283.218061022  280.575346389  276.38503642  269.929220257  260.238006086  246.066846987  225.924121555  198.203607708  161.501237188  115.194762905  60.2634754187  
42.1805864002  81.2609843253  115.070812079  142.668094965  164.125693491  180.139271517  191.674039783  199.7241704  205.180079406  208.773040029  211.066356011  212.470026674  213.263849923  213.619981114  213.619981114  213.263849923  212.470026674  211.066356011  208.773040029  205.180079406  199.7241704  191.674039783  180.139271517  164.125693491  142.668094965  115.070812079  81.2609843253  42.1805864002  
29.2192502844  56.5774962623  80.670870141  100.761995579  116.734252759  128.911503233  137.856653038  144.209695936  148.581874635  151.499411887  153.382537198  154.545727324  155.208139043  155.506633751  155.506633751  155.208139043  154.545727324  153.382537198  151.499411887  148.581874635  144.209695936  137.856653038  128.911503233  116.734252759  100.761995579  80.670870141  56.5774962623  29.2192502844  
19.9413514007  38.7469281488  55.5185058511  69.7273026706  81.2185288238  90.1306683381  96.7845917497  101.581476362  104.927313841  107.186564134  108.65976801  109.577511619  110.103570385  110.341616857  110.341616857  110.103570385  109.577511619  108.65976801  107.186564134  104.927313841  101.581476362  96.7845917497  90.1306683381  81.2185288238  69.7273026706  55.5185058511  38.7469281488  19.9413514007  
13.3673523114  26.0377098132  37.4422640754  47.2203589909  55.2348293098  61.5367546996  66.3056040708  69.7874328677  72.2445261345  73.9211766243  75.0246070788  75.717359282  76.1168551538  76.2983364938  76.2983364938  76.1168551538  75.717359282  75.0246070788  73.9211766243  72.2445261345  69.7874328677  66.3056040708  61.5367546996  55.2348293098  47.2203589909  37.4422640754  26.0377098132  13.3673523114  
8.78270014343  17.138689709  24.712064498  31.265348709  36.6937062342  41.0100278887  44.3129977401  46.75067333  48.4883881365  49.6851825522  50.4793368943  50.9814419854  51.2725974262  51.4053368042  51.4053368042  51.2725974262  50.9814419854  50.4793368943  49.6851825522  48.4883881365  46.75067333  44.3129977401  41.0100278887  36.6937062342  31.265348709  24.712064498  17.138689709  8.78270014343  
5.64757055679  11.0359982673  15.945731045  20.2248263434  23.7994322261  26.6677658218  28.8832124646  30.5332912988  31.7198790525  32.5437707976  33.0945068118  33.444921656  33.6491352438  33.742541534  33.742541534  33.6491352438  33.444921656  33.0945068118  32.5437707976  31.7198790525  30.5332912988  28.8832124646  26.6677658218  23.7994322261  20.2248263434  15.945731045  11.0359982673  5.64757055679  
3.55053157658  6.94558872193  10.0519148771  12.7747684259  15.0649211529  16.9164080968  18.3576432562  19.4394723588  20.2233193228  20.7714621888  21.1402644662  21.3762544203  21.5144051261  21.5777814152  21.5777814152  21.5144051261  21.3762544203  21.1402644662  20.7714621888  20.2233193228  19.4394723588  18.3576432562  16.9164080968  15.0649211529  12.7747684259  10.0519148771  6.94558872193  3.55053157658  
2.18074276022  4.26961305075  6.18717198353  7.87577444446  9.30397685004  10.4658134402  11.3761583552  12.0640428585  12.5657192043  12.9187348022  13.1576230872  13.3112582927  13.4015624314  13.4430995868  13.4430995868  13.4015624314  13.3112582927  13.1576230872  12.9187348022  12.5657192043  12.0640428585  11.3761583552  10.4658134402  9.30397685004  7.87577444446  6.18717198353  4.26961305075  2.18074276022  
1.30789949865  2.56244617  3.71719215553  4.73789429838  5.6051778029  6.31438343404  6.87316529691  7.29780861869  7.60925999013  7.82961999086  7.97950051235  8.07632766327  8.13344760215  8.1597839078  8.1597839078  8.13344760215  8.07632766327  7.97950051235  7.82961999086  7.60925999013  7.29780861869  6.87316529691  6.31438343404  5.6051778029  4.73789429838  3.71719215553  2.56244617  1.30789949865  
0.765696111709  1.50099268033  2.17928161404  2.78069953551  3.29368491302  3.7150082386  4.04853911238  4.30324838313  4.49098391209  4.62444962285  4.71563761009  4.7747843127  4.80978916751  4.82596349495  4.82596349495  4.80978916751  4.7747843127  4.71563761009  4.62444962285  4.49098391209  4.30324838313  4.04853911238  3.7150082386  3.29368491302  2.78069953551  2.17928161404  1.50099268033  0.765696111709  
0.437482103219  0.857989839181  1.24660154304  1.59206559097  1.88768466182  2.13138359545  2.32508325238  2.4736338385  2.58359445592  2.66209785075  2.71594797416  2.75100127867  2.77180706583  2.7814390545  2.7814390545  2.77180706583  2.75100127867  2.71594797416  2.66209785075  2.58359445592  2.4736338385  2.32508325238  2.13138359545  1.88768466182  1.59206559097  1.24660154304  0.857989839181  0.437482103219  
0.243915485962  0.478550777189  0.695719175973  0.889196902076  1.05521201212  1.19250350672  1.30200712028  1.38629534064  1.44892156546  1.49379783225  1.52468995985  1.54486291568  1.55686753287  1.56243460501  1.56243460501  1.55686753287  1.54486291568  1.52468995985  1.49379783225  1.44892156546  1.38629534064  1.30200712028  1.19250350672  1.05521201212  0.889196902076  0.695719175973  0.478550777189  0.243915485962  
0.13270326313  0.260441923946  0.378823647654  0.484486691532  0.575363452498  0.650721494478  0.711007947702  0.757560674247  0.792263143071  0.817211419239  0.834439284003  0.845721187339  0.852450419833  0.855575871841  0.855575871841  0.852450419833  0.845721187339  0.834439284003  0.817211419239  0.792263143071  0.757560674247  0.711007947702  0.650721494478  0.575363452498  0.484486691532  0.378823647654  0.260441923946  0.13270326313  
0.0704534454656  0.138309216479  0.20126351215  0.257543164962  0.306044247264  0.346357517467  0.378692468803  0.403731060918  0.422449902152  0.435946193721  0.44529193258  0.451427589619  0.455094857984  0.456800505275  0.456800505275  0.455094857984  0.451427589619  0.44529193258  0.435946193721  0.422449902152  0.403731060918  0.378692468803  0.346357517467  0.306044247264  0.257543164962  0.20126351215  0.138309216479  0.0704534454656  
0.036503814006  0.0716786115736  0.104343329111  0.1335846376  0.158828100936  0.179852858499  0.196755120898  0.209875491377  0.219709280825  0.226817633142  0.23175213848  0.234999049932  0.236943319651  0.2378487194  0.2378487194  0.236943319651  0.234999049932  0.23175213848  0.226817633142  0.219709280825  0.209875491377  0.196755120898  0.179852858499  0.158828100936  0.1335846376  0.104343329111  0.0716786115736  0.036503814006  
0.0184604804569  0.0362562351378  0.0527955192528  0.067618894542  0.080434901782  0.0911280915467  0.0997417637031  0.106442552226  0.111476151897  0.115122977181  0.117660141587  0.119332969952  0.120336333901  0.120804095512  0.120804095512  0.120336333901  0.119332969952  0.117660141587  0.115122977181  0.111476151897  0.106442552226  0.0997417637031  0.0911280915467  0.080434901782  0.067618894542  0.0527955192528  0.0362562351378  0.0184604804569  
0.00911333542288  0.0179016769428  0.0260752852059  0.0334084315246  0.0397568647011  0.0450620172983  0.0493429826265  0.0526795982707  0.0551910574784  0.0570142901286  0.0582852511832  0.059124748812  0.0596290308896  0.0598643584403  0.0598643584403  0.0596290308896  0.059124748812  0.0582852511832  0.0570142901286  0.0551910574784  0.0526795982707  0.0493429826265  0.0450620172983  0.0397568647011  0.0334084315246  0.0260752852059  0.0179016769428  0.00911333542288  
0.00439214101671  0.00862897984423  0.0125718853401  0.0161125348976  0.0191812689482  0.0217492133479  0.0238246158877  0.0254449288258  0.0266666985264  0.0275552642533  0.0281757696534  0.0285862911406  0.0288332193845  0.0289485538924  0.0289485538924  0.0288332193845  0.0285862911406  0.0281757696534  0.0275552642533  0.0266666985264  0.0254449288258  0.0238246158877  0.0217492133479  0.0191812689482  0.0161125348976  0.0125718853401  0.00862897984423  0.00439214101671  
0.00206574625  0.00405899511804  0.00591496057499  0.0075828916602  0.00902997459013  0.0102423678341  0.0112235603723  0.0119907435263  0.0125701374387  0.0129921961031  0.0132873937531  0.0134829773962  0.0136007618601  0.0136558205286  0.0136558205286  0.0136007618601  0.0134829773962  0.0132873937531  0.0129921961031  0.0125701374387  0.0119907435263  0.0112235603723  0.0102423678341  0.00902997459013  0.0075828916602  0.00591496057499  0.00405899511804  0.00206574625  
0.000945303013435  0.00185764726774  0.00270755200159  0.00347187256605  0.00413557487445  0.00469222293658  0.00514325911066  0.00549638140359  0.00576343735805  0.00595825016632  0.00609469665175  0.00618521555941  0.0062397858638  0.00626531310591  0.00626531310591  0.0062397858638  0.00618521555941  0.00609469665175  0.00595825016632  0.00576343735805  0.00549638140359  0.00514325911066  0.00469222293658  0.00413557487445  0.00347187256605  0.00270755200159  0.00185764726774  0.000945303013435  
0.000413320788042  0.000812309742084  0.00118413742574  0.00151871354284  0.00180945860935  0.00205352195129  0.00225147826272  0.00240663166945  0.00252410673342  0.00260990549874  0.00267006954946  0.00271002588908  0.00273413569786  0.00274542075732  0.00274542075732  0.00273413569786  0.00271002588908  0.00267006954946  0.00260990549874  0.00252410673342  0.00240663166945  0.00225147826272  0.00205352195129  0.00180945860935  0.00151871354284  0.00118413742574  0.000812309742084  0.000413320788042  
0.000153775505512  0.00030223979233  0.00044063578982  0.000565217289734  0.000673534917721  0.000764518477305  0.000838366995475  0.000896293372293  0.000940189340728  0.000972276668598  0.000994796083953  0.00100976344085  0.0010188006564  0.00102303254056  0.00102303254056  0.0010188006564  0.00100976344085  0.000994796083953  0.000972276668598  0.000940189340728  0.000896293372293  0.000838366995475  0.000764518477305  0.000673534917721  0.000565217289734  0.00044063578982  0.00030223979233  0.000153775505512  
