1000.0  1000.0  1000.0  1000.0  1000.0  1000.0  1000.0  1000.0  1000.0  1000.0  1000.0  1000.0  1000.0  1000.0  1000.0  1000.0  1000.0  1000.0  1000.0  1000.0  1000.0  1000.0  1000.0  1000.0  1000.0  1000.0  1000.0  1000.0  
168.05926277  247.444709771  276.697575723  285.812886531  288.279368825  288.866988312  288.991486438  289.015141097  289.019201461  289.019835286  289.019925794  289.01993768  289.019939122  289.019939282  289.019939282  289.019939122  289.01993768  289.019925794  289.019835286  289.019201461  289.015141097  288.991486438  288.866988312  288.279368825  285.812886531  276.697575723  247.444709771  168.05926277  
61.2220669982  95.8475151346  110.335408127  115.245694722  116.650688949  116.998293045  117.073872271  117.088492692  117.091033859  117.091433964  117.091491428  117.091499002  117.091499922  117.091500025  117.091500025  117.091499922  117.091499002  117.091491428  117.091433964  117.091033859  117.088492692  117.073872271  116.998293045  116.650688949  115.245694722  110.335408127  95.8475151346  61.2220669982  
19.6144848755  31.7237931424  37.1842728943  39.1394602798  39.7212203944  39.8691973496  39.9020100878  39.9084461747  39.9095756926  39.9097547035  39.9097805217  39.9097839326  39.9097843476  39.9097843939  39.9097843939  39.9097843476  39.9097839326  39.9097805217  39.9097547035  39.9095756926  39.9084461747  39.9020100878  39.8691973496  39.7212203944  39.1394602798  37.1842728943  31.7237931424  19.6144848755  
5.49860950926  9.05973540573  10.7419984957  11.3668714534  11.5579612516  11.6075480705  11.618702801  11.6209130996  11.621303712  11.6213658977  11.6213748899  11.6213760791  11.6213762238  11.6213762399  11.6213762399  11.6213762238  11.6213760791  11.6213748899  11.6213658977  11.621303712  11.6209130996  11.618702801  11.6075480705  11.5579612516  11.3668714534  10.7419984957  9.05973540573  5.49860950926  
1.35451361206  2.25698591611  2.69633685997  2.86366293439  2.91582479186  2.92955456108  2.93267492422  2.93329763391  2.93340819488  2.93342584403  2.9334283991  2.93342873698  2.93342877804  2.93342878261  2.93342878261  2.93342877804  2.93342873698  2.9334283991  2.93342584403  2.93340819488  2.93329763391  2.93267492422  2.92955456108  2.91582479186  2.86366293439  2.69633685997  2.25698591611  1.35451361206  
0.295419546322  0.495781884641  0.595300754612  0.633860820314  0.646044234664  0.649283217037  0.650024545964  0.650173180437  0.65019964289  0.650203872214  0.650204484446  0.650204565317  0.650204575126  0.650204576213  0.650204576213  0.650204575126  0.650204565317  0.650204484446  0.650203872214  0.65019964289  0.650173180437  0.650024545964  0.649283217037  0.646044234664  0.633860820314  0.595300754612  0.495781884641  0.295419546322  
0.0575167695875  0.0969816375681  0.116852211276  0.124643529742  0.127128279171  0.127793342378  0.127946256874  0.12797699935  0.127982479186  0.127983354931  0.12798348156  0.127983498254  0.127983500273  0.127983500496  0.127983500496  0.127983500273  0.127983498254  0.12798348156  0.127983354931  0.127982479186  0.12797699935  0.127946256874  0.127793342378  0.127128279171  0.124643529742  0.116852211276  0.0969816375681  0.0575167695875  
0.0100759243092  0.0170432063171  0.0205839491831  0.0219836304553  0.0224328048025  0.0225535524434  0.0225813882565  0.0225869909402  0.0225879895335  0.0225881489414  0.022588171945  0.0225881749692  0.0225881753337  0.0225881753739  0.0225881753739  0.0225881753337  0.0225881749692  0.022588171945  0.0225881489414  0.0225879895335  0.0225869909402  0.0225813882565  0.0225535524434  0.0224328048025  0.0219836304553  0.0205839491831  0.0170432063171  0.0100759243092  
0.00159975883173  0.00271172508542  0.00328037453143  0.0035063833216  0.00357919938341  0.00359882193342  0.00360335039359  0.00360426176192  0.00360442401497  0.00360444986376  0.00360445358363  0.00360445407101  0.00360445412952  0.00360445413594  0.00360445413594  0.00360445412952  0.00360445407101  0.00360445358363  0.00360444986376  0.00360442401497  0.00360426176192  0.00360335039359  0.00359882193342  0.00357919938341  0.0035063833216  0.00328037453143  0.00271172508542  0.00159975883173  
0.000231697717054  0.000393303814956  0.000476286915266  0.000509379395726  0.00052006453562  0.000522946761708  0.000523611811502  0.000523745500967  0.000523769254117  0.000523773027839  0.000523773569065  0.000523773639695  0.000523773648137  0.000523773649058  0.000523773649058  0.000523773648137  0.000523773639695  0.000523773569065  0.000523773027839  0.000523769254117  0.000523745500967  0.000523611811502  0.000522946761708  0.00052006453562  0.000509379395726  0.000476286915266  0.000393303814956  0.000231697717054  
3.07888037227e-05  5.23108927622e-05  6.3389763034e-05  6.78158101331e-05  6.92460694675e-05  6.96317837598e-05  6.97206799598e-05  6.97385140619e-05  6.97416740053e-05  6.97421743301e-05  6.97422458027e-05  6.97422550884e-05  6.97422561929e-05  6.97422563128e-05  6.97422563128e-05  6.97422561929e-05  6.97422550884e-05  6.97422458027e-05  6.97421743301e-05  6.97416740053e-05  6.97385140619e-05  6.97206799598e-05  6.96317837598e-05  6.92460694675e-05  6.78158101331e-05  6.3389763034e-05  5.23108927622e-05  3.07888037227e-05  
3.77304357461e-06  6.41385549533e-06  7.77496982052e-06  8.31905425952e-06  8.49481951636e-06  8.54216373544e-06  8.55305333954e-06  8.55523200536e-06  8.55561672957e-06  8.5556774042e-06  8.55568603325e-06  8.55568714887e-06  8.55568728087e-06  8.55568729511e-06  8.55568729511e-06  8.55568728087e-06  8.55568714887e-06  8.55568603325e-06  8.5556774042e-06  8.55561672957e-06  8.55523200536e-06  8.55305333954e-06  8.54216373544e-06  8.49481951636e-06  8.31905425952e-06  7.77496982052e-06  6.41385549533e-06  3.77304357461e-06  
4.28345926938e-07  7.28323483118e-07  8.8298282933e-07  9.4478117187e-07  9.64721018642e-07  9.70081352331e-07  9.71310940862e-07  9.71556118898e-07  9.71599244609e-07  9.71606015892e-07  9.71606974211e-07  9.71607097457e-07  9.71607111958e-07  9.71607113514e-07  9.71607113514e-07  9.71607111958e-07  9.71607097457e-07  9.71606974211e-07  9.71606015892e-07  9.71599244609e-07  9.71556118898e-07  9.71310940862e-07  9.70081352331e-07  9.64721018642e-07  9.4478117187e-07  8.8298282933e-07  7.28323483118e-07  4.28345926938e-07  
4.52336024933e-08  7.69121441256e-08  9.32370800584e-08  9.9752439879e-08  1.01850607091e-07  1.0241315003e-07  1.02541763883e-07  1.02567309892e-07  1.02571783617e-07  1.02572482651e-07  1.02572581065e-07  1.02572593651e-07  1.02572595123e-07  1.0257259528e-07  1.0257259528e-07  1.02572595123e-07  1.02572593651e-07  1.02572581065e-07  1.02572482651e-07  1.02571783617e-07  1.02567309892e-07  1.02541763883e-07  1.0241315003e-07  1.01850607091e-07  9.9752439879e-08  9.32370800584e-08  7.69121441256e-08  4.52336024933e-08  
4.45927478544e-09  7.58094819247e-09  9.18790185821e-09  9.82806934707e-09  1.00336975511e-08  1.00886512932e-08  1.01011674536e-08  1.0103642711e-08  1.01040741096e-08  1.0104141166e-08  1.01041505539e-08  1.01041517474e-08  1.01041518862e-08  1.01041519009e-08  1.01041519009e-08  1.01041518862e-08  1.01041517474e-08  1.01041505539e-08  1.0104141166e-08  1.01040741096e-08  1.0103642711e-08  1.01011674536e-08  1.00886512932e-08  1.00336975511e-08  9.82806934707e-09  9.18790185821e-09  7.58094819247e-09  4.45927478544e-09  
4.11731973265e-10  6.99737922547e-10  8.47759176477e-10  9.06586676994e-10  9.25424385971e-10  9.30440065112e-10  9.31577567049e-10  9.31801459809e-10  9.31840279435e-10  9.31846280119e-10  9.31847115279e-10  9.31847220797e-10  9.31847232982e-10  9.31847234265e-10  9.31847234265e-10  9.31847232982e-10  9.31847220797e-10  9.31847115279e-10  9.31846280119e-10  9.31840279435e-10  9.31801459809e-10  9.31577567049e-10  9.30440065112e-10  9.25424385971e-10  9.06586676994e-10  8.47759176477e-10  6.99737922547e-10  4.11731973265e-10  
3.57093914532e-11  6.06612844827e-11  7.34593797972e-11  7.85312223605e-11  8.01495825639e-11  8.05787033684e-11  8.06755714536e-11  8.06945407723e-11  8.06978117196e-11  8.06983143857e-11  8.06983839149e-11  8.06983926429e-11  8.06983936441e-11  8.06983937488e-11  8.06983937488e-11  8.06983936441e-11  8.06983926429e-11  8.06983839149e-11  8.06983143857e-11  8.06978117196e-11  8.06945407723e-11  8.06755714536e-11  8.05787033684e-11  8.01495825639e-11  7.85312223605e-11  7.34593797972e-11  6.06612844827e-11  3.57093914532e-11  
2.91686041681e-12  4.95231421126e-12  5.99382092569e-12  6.40522855676e-12  6.53598766455e-12  6.57050337722e-12  6.57825595169e-12  6.5797658953e-12  6.58002475493e-12  6.58006429231e-12  6.5800697261e-12  6.58007040365e-12  6.58007048083e-12  6.58007048884e-12  6.58007048884e-12  6.58007048083e-12  6.58007040365e-12  6.5800697261e-12  6.58006429231e-12  6.58002475493e-12  6.5797658953e-12  6.57825595169e-12  6.57050337722e-12  6.53598766455e-12  6.40522855676e-12  5.99382092569e-12  4.95231421126e-12  2.91686041681e-12  
2.24934026109e-13  3.81656367144e-13  4.6163091619e-13  4.93108369841e-13  5.03070176786e-13  5.05687029536e-13  5.06271686467e-13  5.06384909201e-13  5.06404202286e-13  5.06407130301e-13  5.06407530037e-13  5.06407579537e-13  5.06407585136e-13  5.06407585713e-13  5.06407585713e-13  5.06407585136e-13  5.06407579537e-13  5.06407530037e-13  5.06407130301e-13  5.06404202286e-13  5.06384909201e-13  5.06271686467e-13  5.05687029536e-13  5.03070176786e-13  4.93108369841e-13  4.6163091619e-13  3.81656367144e-13  2.24934026109e-13  
1.64114976414e-14  2.78263837844e-14  3.36339003097e-14  3.59107848343e-14  3.66280564063e-14  3.68155090016e-14  3.68571559842e-14  3.68651731132e-14  3.68665306247e-14  3.6866735289e-14  3.68667630382e-14  3.686676645e-14  3.68667668331e-14  3.68667668723e-14  3.68667668723e-14  3.68667668331e-14  3.686676645e-14  3.68667630382e-14  3.6866735289e-14  3.68665306247e-14  3.68651731132e-14  3.68571559842e-14  3.68155090016e-14  3.66280564063e-14  3.59107848343e-14  3.36339003097e-14  2.78263837844e-14  1.64114976414e-14  
1.13516634867e-15  1.92322272898e-15  2.32285954479e-15  2.47888598428e-15  2.52779888735e-15  2.54051283446e-15  2.54332105292e-15  2.54385828663e-15  2.54394866088e-15  2.5439621933e-15  2.54396401511e-15  2.54396423747e-15  2.54396426225e-15  2.54396426477e-15  2.54396426477e-15  2.54396426225e-15  2.54396423747e-15  2.54396401511e-15  2.5439621933e-15  2.54394866088e-15  2.54385828663e-15  2.54332105292e-15  2.54051283446e-15  2.52779888735e-15  2.47888598428e-15  2.32285954479e-15  1.92322272898e-15  1.13516634867e-15  
7.45728475094e-17  1.26236740015e-16  1.52345533841e-16  1.62493817317e-16  1.65658935842e-16  1.66477002058e-16  1.66656597082e-16  1.66690734104e-16  1.66696437988e-16  1.66697286084e-16  1.66697399431e-16  1.66697413162e-16  1.6669741468e-16  1.66697414833e-16  1.66697414833e-16  1.6669741468e-16  1.66697413162e-16  1.66697399431e-16  1.66697286084e-16  1.66696437988e-16  1.66690734104e-16  1.66656597082e-16  1.66477002058e-16  1.65658935842e-16  1.62493817317e-16  1.52345533841e-16  1.26236740015e-16  7.45728475094e-17  
4.66056685855e-18  7.8823320384e-18  9.50450051847e-18  1.01320892727e-17  1.03267790989e-17  1.03768037328e-17  1.03877168647e-17  1.03897774382e-17  1.03901193462e-17  1.03901698174e-17  1.03901765126e-17  1.03901773174e-17  1.03901774057e-17  1.03901774145e-17  1.03901774145e-17  1.03901774057e-17  1.03901773174e-17  1.03901765126e-17  1.03901698174e-17  1.03901193462e-17  1.03897774382e-17  1.03877168647e-17  1.03768037328e-17  1.03267790989e-17  1.01320892727e-17  9.50450051847e-18  7.8823320384e-18  4.66056685855e-18  
2.77525343885e-19  4.68929526439e-19  5.64930121697e-19  6.0189034835e-19  6.13292308572e-19  6.16204164706e-19  6.16835275349e-19  6.1695362457e-19  6.16973122107e-19  6.16975979001e-19  6.16976355092e-19  6.16976399948e-19  6.16976404829e-19  6.16976405313e-19  6.16976405313e-19  6.16976404829e-19  6.16976399948e-19  6.16976355092e-19  6.16975979001e-19  6.16973122107e-19  6.1695362457e-19  6.16835275349e-19  6.16204164706e-19  6.13292308572e-19  6.0189034835e-19  5.64930121697e-19  4.68929526439e-19  2.77525343885e-19  
1.57684799963e-20  2.66172617843e-20  3.20366189776e-20  3.41125096617e-20  3.47492149897e-20  3.49107965961e-20  3.49455832971e-20  3.49520608762e-20  3.49531202312e-20  3.49532742806e-20  3.49532944022e-20  3.49532967829e-20  3.49532970399e-20  3.49532970651e-20  3.49532970651e-20  3.49532970399e-20  3.49532967829e-20  3.49532944022e-20  3.49532742806e-20  3.49531202312e-20  3.49520608762e-20  3.49455832971e-20  3.49107965961e-20  3.47492149897e-20  3.41125096617e-20  3.20366189776e-20  2.66172617843e-20  1.57684799963e-20  
8.55990240121e-22  1.44341763442e-21  1.73562691723e-21  1.8469708548e-21  1.88091831376e-21  1.88947768691e-21  1.89130776262e-21  1.89164608478e-21  1.89170100071e-21  1.89170892476e-21  1.89170995156e-21  1.89171007206e-21  1.89171008495e-21  1.89171008621e-21  1.89171008621e-21  1.89171008495e-21  1.89171007206e-21  1.89170995156e-21  1.89170892476e-21  1.89170100071e-21  1.89164608478e-21  1.89130776262e-21  1.88947768691e-21  1.88091831376e-21  1.8469708548e-21  1.73562691723e-21  1.44341763442e-21  8.55990240121e-22  
4.4345047998e-23  7.46968739955e-23  8.97296618008e-23  9.54268892324e-23  9.71533054403e-23  9.75857168724e-23  9.76775221787e-23  9.7694369508e-23  9.76970833227e-23  9.7697471835e-23  9.76975217717e-23  9.76975275834e-23  9.76975282001e-23  9.76975282597e-23  9.76975282597e-23  9.76975282001e-23  9.76975275834e-23  9.76975217717e-23  9.7697471835e-23  9.76970833227e-23  9.7694369508e-23  9.76775221787e-23  9.75857168724e-23  9.71533054403e-23  9.54268892324e-23  8.97296618008e-23  7.46968739955e-23  4.4345047998e-23  
