1000.0  1000.0  1000.0  1000.0  1000.0  1000.0  1000.0  1000.0  1000.0  1000.0  1000.0  1000.0  1000.0  1000.0  1000.0  1000.0  1000.0  1000.0  1000.0  1000.0  1000.0  1000.0  1000.0  1000.0  1000.0  1000.0  1000.0  1000.0  
283.383086838  462.358202429  567.522542021  629.440502831  666.582448397  689.259461509  703.264809295  711.954227985  717.336220565  720.644445298  722.648153571  723.827591506  724.476545298  724.762919151  724.762919151  724.476545298  723.827591506  722.648153571  720.644445298  717.336220565  711.954227985  703.264809295  689.259461509  666.582448397  629.440502831  567.522542021  462.358202429  283.383086838  
182.006217218  322.356463054  419.460360015  483.730516058  525.516351664  552.46595933  569.746561254  580.751798392  587.69588239  592.022201519  594.668668724  596.237840519  597.105664492  597.489810597  597.489810597  597.105664492  596.237840519  594.668668724  592.022201519  587.69588239  580.751798392  569.746561254  552.46595933  525.516351664  483.730516058  419.460360015  322.356463054  182.006217218  
123.8510553  228.684874762  308.742789229  366.316486142  406.247796554  433.288121554  451.26920426  463.035719643  470.613197483  475.407706917  478.375291891  480.15051267  481.138522137  481.57756446  481.57756446  481.138522137  480.15051267  478.375291891  475.407706917  470.613197483  463.035719643  451.26920426  433.288121554  406.247796554  366.316486142  308.742789229  228.684874762  123.8510553  
86.585464642  163.476852403  225.903596999  273.494458651  308.19461153  332.672157958  349.488209905  360.779264132  368.199487031  372.970079019  375.960100613  377.76609371  378.778305214  379.230056668  379.230056668  378.778305214  377.76609371  375.960100613  372.970079019  368.199487031  360.779264132  349.488209905  332.672157958  308.19461153  273.494458651  225.903596999  163.476852403  86.585464642  
61.04906438  116.741727338  163.763383838  201.116885966  229.412018202  250.0462925  264.625033506  274.643748184  281.354361918  285.736174053  288.517108428  290.213439571  291.171126803  291.600488587  291.600488587  291.171126803  290.213439571  288.517108428  285.736174053  281.354361918  274.643748184  264.625033506  250.0462925  229.412018202  201.116885966  163.763383838  116.741727338  61.04906438  
42.9282213369  82.7332071284  117.223655047  145.44059413  167.445024087  183.926370258  195.84899137  204.210760048  209.909117151  213.684291522  216.109118243  217.602532047  218.451757001  218.834223968  218.834223968  218.451757001  217.602532047  216.109118243  213.684291522  209.909117151  204.210760048  195.84899137  183.926370258  167.445024087  145.44059413  117.223655047  82.7332071284  42.9282213369  
29.8950898116  57.9083379307  82.6169620705  103.268220066  119.73476999  132.334835027  141.630553165  148.265266093  152.856569674  155.93878496  157.940759683  159.185049533  159.897525341  160.21981798  160.21981798  159.897525341  159.185049533  157.940759683  155.93878496  152.856569674  148.265266093  141.630553165  132.334835027  119.73476999  103.268220066  82.6169620705  57.9083379307  29.8950898116  
20.5246144225  39.8954676874  57.1980090263  71.890193928  83.8079789224  93.0849830481  100.041416081  105.081347346  108.616254257  111.017588363  112.593330256  113.581039909  114.150288106  114.408864106  114.408864106  114.150288106  113.581039909  112.593330256  111.017588363  108.616254257  105.081347346  100.041416081  93.0849830481  83.8079789224  71.890193928  57.1980090263  39.8954676874  20.5246144225  
13.8496309612  26.9873915965  38.8309712434  49.008745856  57.3758983856  63.9794867702  68.99843547  72.6811937063  75.2945850941  77.0886858745  78.2768724489  79.0274544086  79.462646555  79.661095158  79.661095158  79.462646555  79.0274544086  78.2768724489  77.0886858745  75.2945850941  72.6811937063  68.99843547  63.9794867702  57.3758983856  49.008745856  38.8309712434  26.9873915965  13.8496309612  
9.1657763281  17.893023654  25.8151106678  32.6858483583  38.3943225253  42.9502303332  46.4518250511  49.049067759  50.9108992135  52.2009557386  53.0624072238  53.6104271154  53.9299228158  54.0761325444  54.0761325444  53.9299228158  53.6104271154  53.0624072238  52.2009557386  50.9108992135  49.049067759  46.4518250511  42.9502303332  38.3943225253  32.6858483583  25.8151106678  17.893023654  9.1657763281  
5.94046107076  11.6127409555  16.7890840403  21.3108847763  25.0996438766  28.1511373708  30.5184225935  32.290475871  33.5719338495  34.4671072614  35.0692762314  35.4547800984  35.6806507835  35.7843505087  35.7843505087  35.6806507835  35.4547800984  35.0692762314  34.4671072614  33.5719338495  32.290475871  30.5184225935  28.1511373708  25.0996438766  21.3108847763  16.7890840403  11.6127409555  5.94046107076  
3.76643645314  7.37073404528  10.6735875058  13.5753427001  16.0233454559  18.009831896  19.5629753265  20.7346970556  21.5884569745  22.1891260685  22.5958257951  22.8576687811  23.0117752145  23.082734844  23.082734844  23.0117752145  22.8576687811  22.5958257951  22.1891260685  21.5884569745  20.7346970556  19.5629753265  18.009831896  16.0233454559  13.5753427001  10.6735875058  7.37073404528  3.76643645314  
2.33439487771  4.57217307153  6.62958991899  8.44550357214  9.98603219542  11.2439302166  12.2339013154  12.9857432853  13.5371584486  13.9275405649  14.1933866518  14.365410757  14.4670633155  14.5139938641  14.5139938641  14.4670633155  14.365410757  14.1933866518  13.9275405649  13.5371584486  12.9857432853  12.2339013154  11.2439302166  9.98603219542  8.44550357214  6.62958991899  4.57217307153  2.33439487771  
1.41358814244  2.7705591806  4.02150274287  5.12976998198  6.07430888164  6.84958019936  7.46312139815  7.9317457441  8.27739807808  8.52344973959  8.69186387478  8.80133254444  8.86625351123  8.89629713783  8.89629713783  8.86625351123  8.80133254444  8.69186387478  8.52344973959  8.27739807808  7.9317457441  7.46312139815  6.84958019936  6.07430888164  5.12976998198  4.02150274287  2.7705591806  1.41358814244  
0.836029663026  1.63948677337  2.38179117784  3.04147822288  3.60587016292  4.07115207717  4.44111637049  4.72508584329  4.93557325441  5.08612872504  5.18964401469  5.25719834073  5.29739116272  5.31603088338  5.31603088338  5.29739116272  5.25719834073  5.18964401469  5.08612872504  4.93557325441  4.72508584329  4.44111637049  4.07115207717  3.60587016292  3.04147822288  2.38179117784  1.63948677337  0.836029663026  
0.482805664169  0.94723617843  1.37709867671  1.76010942816  2.0888517736  2.36087345252  2.57804586999  2.74544640744  2.87006302808  2.95957413694  3.0213637307  3.06183156846  3.08597818959  3.09719771393  3.09719771393  3.08597818959  3.06183156846  3.0213637307  2.95957413694  2.87006302808  2.74544640744  2.57804586999  2.36087345252  2.0888517736  1.76010942816  1.37709867671  0.94723617843  0.482805664169  
0.272220204285  0.534285108864  0.777213893089  0.994138071623  1.18083644598  1.33581261111  1.459971606  1.55602803555  1.62780338113  1.67955068262  1.71539819111  1.73895030984  1.75303976093  1.75959747955  1.75959747955  1.75303976093  1.73895030984  1.71539819111  1.67955068262  1.62780338113  1.55602803555  1.459971606  1.33581261111  1.18083644598  0.994138071623  0.777213893089  0.534285108864  0.272220204285  
0.149846165562  0.294197520001  0.428180603583  0.548043109279  0.651445323857  0.737512296514  0.806672686586  0.860350585061  0.900591990598  0.929699647546  0.949926967386  0.963254068891  0.971245026677  0.974969979458  0.974969979458  0.971245026677  0.963254068891  0.949926967386  0.929699647546  0.900591990598  0.860350585061  0.806672686586  0.737512296514  0.651445323857  0.548043109279  0.428180603583  0.294197520001  0.149846165562  
0.080529603359  0.15814976878  0.230273804555  0.294898921277  0.350761241927  0.397367795117  0.434917290719  0.464142466282  0.486115560797  0.502055347572  0.51316299061  0.52049990121  0.524908189431  0.526965908798  0.526965908798  0.524908189431  0.52049990121  0.51316299061  0.502055347572  0.486115560797  0.464142466282  0.434917290719  0.397367795117  0.350761241927  0.294898921277  0.230273804555  0.15814976878  0.080529603359  
0.0422551126278  0.0830031882964  0.120901636199  0.15490602862  0.184350627182  0.208966801474  0.228844650593  0.244353817043  0.256044255166  0.264546554165  0.270486074328  0.274418131135  0.27678501335  0.277891192889  0.277891192889  0.27678501335  0.274418131135  0.270486074328  0.264546554165  0.256044255166  0.244353817043  0.228844650593  0.208966801474  0.184350627182  0.15490602862  0.120901636199  0.0830031882964  0.0422551126278  
0.021650213062  0.0425369273604  0.0619787801075  0.0794436045267  0.0945893007859  0.107273938305  0.117537452367  0.125562614625  0.131625459613  0.136044947894  0.139139131796  0.141191657046  0.14242920643  0.14300822127  0.14300822127  0.14242920643  0.141191657046  0.139139131796  0.136044947894  0.131625459613  0.125562614625  0.117537452367  0.107273938305  0.0945893007859  0.0794436045267  0.0619787801075  0.0425369273604  0.021650213062  
0.010833185481  0.0212880975978  0.0310266579919  0.0397839130036  0.0473883050003  0.0537669953045  0.0589372769697  0.062987706644  0.0660538551084  0.0682934528674  0.0698645423487  0.0709086037763  0.0715390435309  0.071834300592  0.071834300592  0.0715390435309  0.0709086037763  0.0698645423487  0.0682934528674  0.0660538551084  0.062987706644  0.0589372769697  0.0537669953045  0.0473883050003  0.0397839130036  0.0310266579919  0.0212880975978  0.010833185481  
0.00529397998146  0.0104047073404  0.0151681934173  0.0194555412657  0.0231827716184  0.02631353066  0.0288551296535  0.0308496025219  0.0323620936803  0.0334688589017  0.0342466313581  0.0347643327022  0.0350773544971  0.035224083949  0.035224083949  0.0350773544971  0.0347643327022  0.0342466313581  0.0334688589017  0.0323620936803  0.0308496025219  0.0288551296535  0.02631353066  0.0231827716184  0.0194555412657  0.0151681934173  0.0104047073404  0.00529397998146  
0.0025254721492  0.00496419240599  0.00723844319607  0.00928698241159  0.0110696960685  0.0125689317105  0.0137877047915  0.0147455472135  0.015473067375  0.0160062889351  0.0163815979555  0.0166317727761  0.016783218366  0.0168542653366  0.0168542653366  0.016783218366  0.0166317727761  0.0163815979555  0.0160062889351  0.015473067375  0.0147455472135  0.0137877047915  0.0125689317105  0.0110696960685  0.00928698241159  0.00723844319607  0.00496419240599  0.0025254721492  
0.001172231426  0.00230446470458  0.0033608333073  0.00431301247207  0.00514236435635  0.00584057279107  0.00640884830153  0.00685604670407  0.0071961842461  0.00744583576209  0.00762179816335  0.00773924193159  0.00781041269466  0.00784382430662  0.00784382430662  0.00781041269466  0.00773924193159  0.00762179816335  0.00744583576209  0.0071961842461  0.00685604670407  0.00640884830153  0.00584057279107  0.00514236435635  0.00431301247207  0.0033608333073  0.00230446470458  0.001172231426  
0.000519463982926  0.00102130218196  0.00148969718804  0.00191213511172  0.00228035074284  0.00259061439128  0.00284339314226  0.00304253374174  0.00319417626208  0.00330561082176  0.00338424567168  0.00343678615178  0.00346865402624  0.00348362355939  0.00348362355939  0.00346865402624  0.00343678615178  0.00338424567168  0.00330561082176  0.00319417626208  0.00304253374174  0.00284339314226  0.00259061439128  0.00228035074284  0.00191213511172  0.00148969718804  0.00102130218196  0.000519463982926  
0.000195298852344  0.000383997484703  0.000560169599347  0.000719120680502  0.000857741862954  0.000974619202179  0.00106990987543  0.00114503937472  0.00120229703672  0.00124440883087  0.00127415037384  0.00129403778438  0.00130610799518  0.00131178025164  0.00131178025164  0.00130610799518  0.00129403778438  0.00127415037384  0.00124440883087  0.00120229703672  0.00114503937472  0.00106990987543  0.000974619202179  0.000857741862954  0.000719120680502  0.000560169599347  0.000383997484703  0.000195298852344  
