1000.0  1000.0  1000.0  1000.0  1000.0  1000.0  1000.0  1000.0  1000.0  1000.0  1000.0  1000.0  1000.0  1000.0  1000.0  1000.0  1000.0  1000.0  1000.0  1000.0  1000.0  1000.0  1000.0  1000.0  1000.0  1000.0  1000.0  1000.0  
125.013649867  174.766271455  189.12399629  192.444345121  193.084817479  193.190341361  193.205446584  193.207350287  193.207563816  193.207585324  193.207587284  193.207587447  193.207587459  193.20758746  193.20758746  193.207587459  193.207587447  193.207587284  193.207585324  193.207563816  193.207350287  193.205446584  193.190341361  193.084817479  192.444345121  189.12399629  174.766271455  125.013649867  
34.6067315721  50.8740078413  56.1039081064  57.397880238  57.658375402  57.7024799057  57.7089028561  57.7097208381  57.7098131128  57.7098224285  57.7098232774  57.7098233477  57.709823353  57.7098233534  57.7098233534  57.709823353  57.7098233477  57.7098232774  57.7098224285  57.7098131128  57.7097208381  57.7089028561  57.7024799057  57.658375402  57.397880238  56.1039081064  50.8740078413  34.6067315721  
7.98929791806  12.0619678742  13.4547613578  13.8140778739  13.8884330949  13.9012472952  13.9031338674  13.9033755789  13.9034029126  13.9034056715  13.9034059223  13.903405943  13.9034059445  13.9034059447  13.9034059447  13.9034059445  13.903405943  13.9034059223  13.9034056715  13.9034029126  13.9033755789  13.9031338674  13.9012472952  13.8884330949  13.8140778739  13.4547613578  12.0619678742  7.98929791806  
1.55632568627  2.38562181075  2.67996945889  2.75792644668  2.77434241381  2.7772025426  2.77762620261  2.77768061935  2.77768677168  2.7776873912  2.77768744729  2.77768745189  2.77768745224  2.77768745226  2.77768745226  2.77768745224  2.77768745189  2.77768744729  2.7776873912  2.77768677168  2.77768061935  2.77762620261  2.7772025426  2.77434241381  2.75792644668  2.67996945889  2.38562181075  1.55632568627  
0.259646415805  0.401628550196  0.453192025961  0.46707394843  0.470028242861  0.470546068521  0.470622963915  0.47063283851  0.470633952299  0.470634063999  0.470634074058  0.470634074877  0.470634074938  0.470634074942  0.470634074942  0.470634074938  0.470634074877  0.470634074058  0.470634063999  0.470633952299  0.47063283851  0.470622963915  0.470546068521  0.470028242861  0.46707394843  0.453192025961  0.401628550196  0.259646415805  
0.037626126776  0.0585254259599  0.0662232038018  0.0683160132853  0.0687639619277  0.0688426672997  0.0688543518735  0.0688558488078  0.0688560169648  0.0688560337368  0.0688560352371  0.0688560353584  0.0688560353674  0.068856035368  0.068856035368  0.0688560353674  0.0688560353584  0.0688560352371  0.0688560337368  0.0688560169648  0.0688558488078  0.0688543518735  0.0688426672997  0.0687639619277  0.0683160132853  0.0662232038018  0.0585254259599  0.037626126776  
0.00479530483798  0.00748411125362  0.00848274461637  0.00875567060474  0.00881421893022  0.00882450284693  0.00882602595764  0.00882622029104  0.00882624200191  0.00882624415299  0.00882624434394  0.00882624435925  0.00882624436037  0.00882624436045  0.00882624436045  0.00882624436037  0.00882624435925  0.00882624434394  0.00882624415299  0.00882624200191  0.00882622029104  0.00882602595764  0.00882450284693  0.00881421893022  0.00875567060474  0.00848274461637  0.00748411125362  0.00479530483798  
0.000543232799826  0.000849495782937  0.000963737861329  0.000995021046915  0.00100172933848  0.00100290481479  0.00100307820129  0.00100310020278  0.00100310264448  0.00100310288455  0.00100310290568  0.00100310290736  0.00100310290748  0.00100310290749  0.00100310290749  0.00100310290748  0.00100310290736  0.00100310290568  0.00100310288455  0.00100310264448  0.00100310020278  0.00100307820129  0.00100290481479  0.00100172933848  0.000995021046915  0.000963737861329  0.000849495782937  0.000543232799826  
5.51998754876e-05  8.64052043026e-05  9.80627414494e-05  0.000101253349177  0.000101935890451  0.000102055006149  0.000102072480559  0.000102074683278  0.000102074925874  0.000102074949524  0.000102074951587  0.000102074951749  0.000102074951761  0.000102074951761  0.000102074951761  0.000102074951761  0.000102074951749  0.000102074951587  0.000102074949524  0.000102074925874  0.000102074683278  0.000102072480559  0.000102055006149  0.000101935890451  0.000101253349177  9.80627414494e-05  8.64052043026e-05  5.51998754876e-05  
5.07031616547e-06  7.93887239426e-06  9.00981727349e-06  9.30223126206e-06  9.36453526635e-06  9.3753499025e-06  9.37692600532e-06  9.37712317415e-06  9.37714470578e-06  9.37714678557e-06  9.37714696515e-06  9.37714697913e-06  9.37714698012e-06  9.37714698018e-06  9.37714698018e-06  9.37714698012e-06  9.37714697913e-06  9.37714696515e-06  9.37714678557e-06  9.37714470578e-06  9.37712317415e-06  9.37692600532e-06  9.3753499025e-06  9.36453526635e-06  9.30223126206e-06  9.00981727349e-06  7.93887239426e-06  5.07031616547e-06  
4.23800478205e-07  6.63407718675e-07  7.52660634892e-07  7.76936392901e-07  7.82081485419e-07  7.8296877189e-07  7.83097111292e-07  7.83113031483e-07  7.83114754072e-07  7.8311491882e-07  7.83114932896e-07  7.8311493398e-07  7.83114934056e-07  7.8311493406e-07  7.8311493406e-07  7.83114934056e-07  7.8311493398e-07  7.83114932896e-07  7.8311491882e-07  7.83114754072e-07  7.83113031483e-07  7.83097111292e-07  7.8296877189e-07  7.82081485419e-07  7.76936392901e-07  7.52660634892e-07  6.63407718675e-07  4.23800478205e-07  
3.24195826403e-08  5.0716291193e-08  5.75076279837e-08  5.93454478764e-08  5.97324943818e-08  5.9798746977e-08  5.98082500891e-08  5.9809418168e-08  5.98095433139e-08  5.98095551578e-08  5.98095561585e-08  5.98095562347e-08  5.980955624e-08  5.98095562403e-08  5.98095562403e-08  5.980955624e-08  5.98095562347e-08  5.98095561585e-08  5.98095551578e-08  5.98095433139e-08  5.9809418168e-08  5.98082500891e-08  5.9798746977e-08  5.97324943818e-08  5.93454478764e-08  5.75076279837e-08  5.0716291193e-08  3.24195826403e-08  
2.28105867285e-09  3.5649996607e-09  4.03938738984e-09  4.16698602023e-09  4.19366415409e-09  4.19819329467e-09  4.19883706958e-09  4.19891542658e-09  4.19892373423e-09  4.19892451183e-09  4.19892457678e-09  4.19892458166e-09  4.19892458199e-09  4.19892458201e-09  4.19892458201e-09  4.19892458199e-09  4.19892458166e-09  4.19892457678e-09  4.19892451183e-09  4.19892373423e-09  4.19891542658e-09  4.19883706958e-09  4.19819329467e-09  4.19366415409e-09  4.16698602023e-09  4.03938738984e-09  3.5649996607e-09  2.28105867285e-09  
1.48265480688e-10  2.31437556953e-10  2.62000458327e-10  2.70164517222e-10  2.71857796984e-10  2.72142705234e-10  2.72182810564e-10  2.72187641493e-10  2.7218814808e-10  2.72188194952e-10  2.7218819882e-10  2.72188199107e-10  2.72188199126e-10  2.72188199128e-10  2.72188199128e-10  2.72188199126e-10  2.72188199107e-10  2.7218819882e-10  2.72188194952e-10  2.7218814808e-10  2.72187641493e-10  2.72182810564e-10  2.72142705234e-10  2.71857796984e-10  2.70164517222e-10  2.62000458327e-10  2.31437556953e-10  1.48265480688e-10  
8.93679158869e-12  1.39300506746e-11  1.5753563052e-11  1.6236959455e-11  1.63363499237e-11  1.63529139623e-11  1.63552217348e-11  1.63554966988e-11  1.63555252029e-11  1.63555278088e-11  1.63555280211e-11  1.63555280367e-11  1.63555280377e-11  1.63555280378e-11  1.63555280378e-11  1.63555280377e-11  1.63555280367e-11  1.63555280211e-11  1.63555278088e-11  1.63555252029e-11  1.63554966988e-11  1.63552217348e-11  1.63529139623e-11  1.63363499237e-11  1.6236959455e-11  1.5753563052e-11  1.39300506746e-11  8.93679158869e-12  
5.01224114326e-13  7.80010978974e-13  8.81128326422e-13  9.0771266409e-13  9.13127978054e-13  9.14021378089e-13  9.14144511187e-13  9.14159015551e-13  9.14160501269e-13  9.14160635414e-13  9.14160646206e-13  9.14160646987e-13  9.14160647038e-13  9.14160647041e-13  9.14160647041e-13  9.14160647038e-13  9.14160646987e-13  9.14160646206e-13  9.14160635414e-13  9.14160501269e-13  9.14159015551e-13  9.14144511187e-13  9.14021378089e-13  9.13127978054e-13  9.0771266409e-13  8.81128326422e-13  7.80010978974e-13  5.01224114326e-13  
2.62360111315e-14  4.07563337359e-14  4.59840449031e-14  4.73463329068e-14  4.76211134275e-14  4.76659658016e-14  4.76720781148e-14  4.76727896086e-14  4.76728615908e-14  4.76728680069e-14  4.76728685163e-14  4.76728685526e-14  4.7672868555e-14  4.76728685551e-14  4.76728685551e-14  4.7672868555e-14  4.76728685526e-14  4.76728685163e-14  4.76728680069e-14  4.76728615908e-14  4.76727896086e-14  4.76720781148e-14  4.76659658016e-14  4.76211134275e-14  4.73463329068e-14  4.59840449031e-14  4.07563337359e-14  2.62360111315e-14  
1.28512495896e-15  1.99255360301e-15  2.24523755215e-15  2.31047044385e-15  2.32349266719e-15  2.32559477214e-15  2.32587789076e-15  2.32591044344e-15  2.32591369489e-15  2.32591398088e-15  2.32591400328e-15  2.32591400485e-15  2.32591400495e-15  2.32591400496e-15  2.32591400496e-15  2.32591400495e-15  2.32591400485e-15  2.32591400328e-15  2.32591398088e-15  2.32591369489e-15  2.32591044344e-15  2.32587789076e-15  2.32559477214e-15  2.32349266719e-15  2.31047044385e-15  2.24523755215e-15  1.99255360301e-15  1.28512495896e-15  
5.9049931673e-17  9.13684668859e-17  1.02815765211e-16  1.05742044537e-16  1.06319918835e-16  1.06412128776e-16  1.06424397479e-16  1.06425790281e-16  1.06425927571e-16  1.06425939483e-16  1.06425940403e-16  1.06425940467e-16  1.06425940471e-16  1.06425940471e-16  1.06425940471e-16  1.06425940471e-16  1.06425940467e-16  1.06425940403e-16  1.06425939483e-16  1.06425927571e-16  1.06425790281e-16  1.06424397479e-16  1.06412128776e-16  1.06319918835e-16  1.05742044537e-16  1.02815765211e-16  9.13684668859e-17  5.9049931673e-17  
2.5506989002e-18  3.93820302101e-18  4.42534227915e-18  4.54859476821e-18  4.57266176821e-18  4.57645628749e-18  4.57695483391e-18  4.57701069316e-18  4.57701612485e-18  4.57701658955e-18  4.57701662492e-18  4.57701662733e-18  4.57701662748e-18  4.57701662749e-18  4.57701662749e-18  4.57701662748e-18  4.57701662733e-18  4.57701662492e-18  4.57701658955e-18  4.57701612485e-18  4.57701069316e-18  4.57695483391e-18  4.57645628749e-18  4.57266176821e-18  4.54859476821e-18  4.42534227915e-18  3.93820302101e-18  2.5506989002e-18  
1.03779528368e-19  1.59869626756e-19  1.79381322165e-19  1.84265417043e-19  1.85208039756e-19  1.85354826284e-19  1.85373862923e-19  1.85375967231e-19  1.85376169009e-19  1.85376186024e-19  1.853761873e-19  1.85376187386e-19  1.85376187391e-19  1.85376187391e-19  1.85376187391e-19  1.85376187391e-19  1.85376187386e-19  1.853761873e-19  1.85376186024e-19  1.85376169009e-19  1.85375967231e-19  1.85373862923e-19  1.85354826284e-19  1.85208039756e-19  1.84265417043e-19  1.79381322165e-19  1.59869626756e-19  1.03779528368e-19  
3.98421328627e-21  6.12305990522e-21  6.85996143658e-21  7.04238043764e-21  7.07716427523e-21  7.08251198987e-21  7.08319631019e-21  7.0832709108e-21  7.08327796206e-21  7.08327854794e-21  7.0832785912e-21  7.08327859407e-21  7.08327859424e-21  7.08327859425e-21  7.08327859425e-21  7.08327859424e-21  7.08327859407e-21  7.0832785912e-21  7.08327854794e-21  7.08327796206e-21  7.0832709108e-21  7.08319631019e-21  7.08251198987e-21  7.07716427523e-21  7.04238043764e-21  6.85996143658e-21  6.12305990522e-21  3.98421328627e-21  
1.44559151931e-22  2.21616326983e-22  2.47900933652e-22  2.54333213731e-22  2.55544529758e-22  2.55728320622e-22  2.55751517925e-22  2.55754010919e-22  2.55754243109e-22  2.5575426211e-22  2.55754263492e-22  2.55754263582e-22  2.55754263587e-22  2.55754263587e-22  2.55754263587e-22  2.55754263587e-22  2.55754263582e-22  2.55754263492e-22  2.5575426211e-22  2.55754243109e-22  2.55754010919e-22  2.55751517925e-22  2.55728320622e-22  2.55544529758e-22  2.54333213731e-22  2.47900933652e-22  2.21616326983e-22  1.44559151931e-22  
4.96421293814e-24  7.5909676186e-24  8.47773330432e-24  8.69217596865e-24  8.73204395027e-24  8.73801159278e-24  8.73875422905e-24  8.73883287902e-24  8.73884009437e-24  8.73884067573e-24  8.73884071733e-24  8.73884072e-24  8.73884072015e-24  8.73884072016e-24  8.73884072016e-24  8.73884072015e-24  8.73884072e-24  8.73884071733e-24  8.73884067573e-24  8.73884009437e-24  8.73883287902e-24  8.73875422905e-24  8.73801159278e-24  8.73204395027e-24  8.69217596865e-24  8.47773330432e-24  7.5909676186e-24  4.96421293814e-24  
1.61558320891e-25  2.4639299563e-25  2.74727102561e-25  2.81495565047e-25  2.82737394036e-25  2.8292070599e-25  2.82943189419e-25  2.82945535063e-25  2.82945746946e-25  2.82945763748e-25  2.82945764931e-25  2.82945765005e-25  2.8294576501e-25  2.8294576501e-25  2.8294576501e-25  2.8294576501e-25  2.82945765005e-25  2.82945764931e-25  2.82945763748e-25  2.82945746946e-25  2.82945535063e-25  2.82943189419e-25  2.8292070599e-25  2.82737394036e-25  2.81495565047e-25  2.74727102561e-25  2.4639299563e-25  1.61558320891e-25  
4.98887759502e-27  7.58781838087e-27  8.44629275592e-27  8.64879393227e-27  8.68544595113e-27  8.69077950556e-27  8.69142400992e-27  8.69149022259e-27  8.69149610947e-27  8.69149656874e-27  8.69149660054e-27  8.69149660251e-27  8.69149660262e-27  8.69149660262e-27  8.69149660262e-27  8.69149660262e-27  8.69149660251e-27  8.69149660054e-27  8.69149656874e-27  8.69149610947e-27  8.69149022259e-27  8.69142400992e-27  8.69077950556e-27  8.68544595113e-27  8.64879393227e-27  8.44629275592e-27  7.58781838087e-27  4.98887759502e-27  
1.4622582802e-28  2.21778087315e-28  2.46451542283e-28  2.52196685387e-28  2.53222146018e-28  2.53369199725e-28  2.53386701006e-28  2.53388470898e-28  2.53388625725e-28  2.53388637604e-28  2.53388638412e-28  2.53388638461e-28  2.53388638464e-28  2.53388638464e-28  2.53388638464e-28  2.53388638464e-28  2.53388638461e-28  2.53388638412e-28  2.53388637604e-28  2.53388625725e-28  2.53388470898e-28  2.53386701006e-28  2.53369199725e-28  2.53222146018e-28  2.52196685387e-28  2.46451542283e-28  2.21778087315e-28  1.4622582802e-28  
