1000.0  1000.0  1000.0  1000.0  1000.0  1000.0  1000.0  1000.0  1000.0  1000.0  1000.0  1000.0  1000.0  1000.0  1000.0  1000.0  1000.0  1000.0  1000.0  1000.0  1000.0  1000.0  1000.0  1000.0  1000.0  1000.0  1000.0  1000.0  
259.468338094  415.735991713  500.415170304  544.7540162  567.521533902  578.974125986  584.588634324  587.256997151  588.481206223  589.021719506  589.250885125  589.343954988  589.37976735  589.39168681  589.39168681  589.37976735  589.343954988  589.250885125  589.021719506  588.481206223  587.256997151  584.588634324  578.974125986  567.521533902  544.7540162  500.415170304  415.735991713  259.468338094  
150.528634458  260.979151655  331.089336159  372.169385285  394.96497385  407.059312455  413.211667537  416.212896866  417.615923661  418.244007391  418.513077535  418.623221357  418.665858809  418.680108399  418.680108399  418.665858809  418.623221357  418.513077535  418.244007391  417.615923661  416.212896866  413.211667537  407.059312455  394.96497385  372.169385285  331.089336159  260.979151655  150.528634458  
88.8207854471  160.362958261  210.333802895  242.020186982  260.709761949  271.09262411  276.559676197  279.296660794  280.601569988  281.194608635  281.451657226  281.557848812  281.599249131  281.613153682  281.613153682  281.599249131  281.557848812  281.451657226  281.194608635  280.601569988  279.296660794  276.559676197  271.09262411  260.709761949  242.020186982  210.333802895  160.362958261  88.8207854471  
51.749713138  95.5125248541  127.960411011  149.707047277  163.146970794  170.900980988  175.108350829  177.265308735  178.313170215  178.796543277  179.008568558  179.09700049  179.131737636  179.14346633  179.14346633  179.131737636  179.09700049  179.008568558  178.796543277  178.313170215  177.265308735  175.108350829  170.900980988  163.146970794  149.707047277  127.960411011  95.5125248541  51.749713138  
29.2698424028  54.7169164184  74.3259069204  87.992914181  96.7441116399  101.948668943  104.845112134  106.361275283  107.110505889  107.460976564  107.616471863  107.681935204  107.707843517  107.716638031  107.716638031  107.707843517  107.681935204  107.616471863  107.460976564  107.110505889  106.361275283  104.845112134  101.948668943  96.7441116399  87.992914181  74.3259069204  54.7169164184  29.2698424028  
15.9181353916  29.9934007902  41.1225215589  49.1005176466  54.3484473062  57.5459659243  59.3632050806  60.3316041847  60.8174108668  61.0475457338  61.150734982  61.1945615081  61.2120313038  61.2179919773  61.2179919773  61.2120313038  61.1945615081  61.150734982  61.0475457338  60.8174108668  60.3316041847  59.3632050806  57.5459659243  54.3484473062  49.1005176466  41.1225215589  29.9934007902  15.9181353916  
8.27953928986  15.6814328495  21.6391758582  25.9987202257  28.9261930668  30.74457281  31.7960225019  32.3648812451  32.6540095883  32.7925166608  32.8552165757  32.8820623603  32.8928348528  32.8965281784  32.8965281784  32.8928348528  32.8820623603  32.8552165757  32.7925166608  32.6540095883  32.3648812451  31.7960225019  30.74457281  28.9261930668  25.9987202257  21.6391758582  15.6814328495  8.27953928986  
4.10697838921  7.80625913791  10.8218553008  13.0625220026  14.591331687  15.5556646061  16.1212464893  16.4311625717  16.5904606449  16.6675241981  16.7027069275  16.7178809432  16.7240069048  16.7261164943  16.7261164943  16.7240069048  16.7178809432  16.7027069275  16.6675241981  16.5904606449  16.4311625717  16.1212464893  15.5556646061  14.591331687  13.0625220026  10.8218553008  7.80625913791  4.10697838921  
1.94022726461  3.69719488106  5.14285251314  6.22954223741  6.9802872545  7.45972347761  7.74421412499  7.90177967504  7.9835507322  8.02344730359  8.04179836707  8.04976452747  8.05299816202  8.05411619265  8.05411619265  8.05299816202  8.04976452747  8.04179836707  8.02344730359  7.9835507322  7.90177967504  7.74421412499  7.45972347761  6.9802872545  6.22954223741  5.14285251314  3.69719488106  1.94022726461  
0.872599433171  1.66588152745  2.32318959721  2.82171863324  3.16953653528  3.39388616997  3.52829923829  3.60341529652  3.64271845598  3.66203629651  3.67098009334  3.67488488361  3.67647763477  3.67703030599  3.67703030599  3.67647763477  3.67488488361  3.67098009334  3.66203629651  3.64271845598  3.60341529652  3.52829923829  3.39388616997  3.16953653528  2.82171863324  2.32318959721  1.66588152745  0.872599433171  
0.37366886359  0.714377789969  0.998206667718  1.21498480385  1.36742159387  1.46654813142  1.52641190612  1.56011968844  1.57788009134  1.58666498319  1.59075541581  1.59255026839  1.59328553003  1.59354147205  1.59354147205  1.59328553003  1.59255026839  1.59075541581  1.58666498319  1.57788009134  1.56011968844  1.52641190612  1.46654813142  1.36742159387  1.21498480385  0.998206667718  0.714377789969  0.37366886359  
0.152445035943  0.291760738655  0.408305837412  0.497813929848  0.561155425884  0.602619949898  0.627827099535  0.642110965814  0.649681837922  0.653447107471  0.655208963817  0.655985456783  0.656304747919  0.656416203889  0.656416203889  0.656304747919  0.655985456783  0.655208963817  0.653447107471  0.649681837922  0.642110965814  0.627827099535  0.602619949898  0.561155425884  0.497813929848  0.408305837412  0.291760738655  0.152445035943  
0.0592988561336  0.11358771077  0.159154477928  0.194306520816  0.219310836654  0.235769079367  0.245829745597  0.251561303622  0.254614589178  0.256140220775  0.256857150099  0.257174328017  0.257305180541  0.257350969901  0.257350969901  0.257305180541  0.257174328017  0.256857150099  0.256140220775  0.254614589178  0.251561303622  0.245829745597  0.235769079367  0.219310836654  0.194306520816  0.159154477928  0.11358771077  0.0592988561336  
0.0220143604381  0.0421975696843  0.0591834063327  0.0723343771727  0.0817285243754  0.0879400501606  0.0917546372524  0.0939376529617  0.0951055938042  0.0956915243763  0.0959678817418  0.0960905511781  0.0961413038839  0.0961591018539  0.0961591018539  0.0961413038839  0.0960905511781  0.0959678817418  0.0956915243763  0.0951055938042  0.0939376529617  0.0917546372524  0.0879400501606  0.0817285243754  0.0723343771727  0.0591834063327  0.0421975696843  0.0220143604381  
0.00780824580387  0.0149752512693  0.0210199582229  0.0257138095102  0.0290784879862  0.0313116851997  0.0326884536781  0.0334793721278  0.0339040779077  0.0341178775492  0.0342190372741  0.0342640687131  0.0342827460704  0.0342893079998  0.0342893079998  0.0342827460704  0.0342640687131  0.0342190372741  0.0341178775492  0.0339040779077  0.0334793721278  0.0326884536781  0.0313116851997  0.0290784879862  0.0257138095102  0.0210199582229  0.0149752512693  0.00780824580387  
0.00264893763582  0.00508261835192  0.00713884711612  0.00873944758335  0.00989012724454  0.0106562728934  0.0111301475452  0.0114032602229  0.0115503744871  0.0116246509846  0.0116598907707  0.0116756165073  0.0116821529015  0.011684453007  0.011684453007  0.0116821529015  0.0116756165073  0.0116598907707  0.0116246509846  0.0115503744871  0.0114032602229  0.0111301475452  0.0106562728934  0.00989012724454  0.00873944758335  0.00713884711612  0.00508261835192  0.00264893763582  
0.000860505161767  0.00165169419121  0.00232115217355  0.00284332148968  0.0032196187931  0.00347083052252  0.00362663799383  0.00371668302616  0.00376531559802  0.003789931459  0.00380163743791  0.00380687225814  0.00380905209336  0.00380982020889  0.00380982020889  0.00380905209336  0.00380687225814  0.00380163743791  0.003789931459  0.00376531559802  0.00371668302616  0.00362663799383  0.00347083052252  0.0032196187931  0.00284332148968  0.00232115217355  0.00165169419121  0.000860505161767  
0.00026797350318  0.00051451813704  0.000723383003829  0.000886569138237  0.00100440566741  0.00108324753983  0.00113226097317  0.00116065307725  0.0011760221004  0.00118381794633  0.00118753259333  0.00118919674288  0.00118989079224  0.00119013564047  0.00119013564047  0.00118989079224  0.00118919674288  0.00118753259333  0.00118381794633  0.0011760221004  0.00116065307725  0.00113226097317  0.00108324753983  0.00100440566741  0.000886569138237  0.000723383003829  0.00051451813704  0.00026797350318  
8.00892704583e-05  0.000153813135317  0.000216332785684  0.000265248009246  0.000300629481688  0.00032434690416  0.000339120222763  0.000347694866007  0.000352345332648  0.00035470853961  0.000355836481143  0.000356342564632  0.000356553908948  0.00035662854018  0.00035662854018  0.000356553908948  0.000356342564632  0.000355836481143  0.00035470853961  0.000352345332648  0.000347694866007  0.000339120222763  0.00032434690416  0.000300629481688  0.000265248009246  0.000216332785684  0.000153813135317  8.00892704583e-05  
2.29973903153e-05  4.41763212596e-05  6.21517240299e-05  7.62321662906e-05  8.64313408368e-05  9.32789958653e-05  9.75513869097e-05  0.000100035270291  0.000101384587731  0.000102071315405  0.000102399550153  0.000102547010244  0.00010260865824  0.00010263044539  0.00010263044539  0.00010260865824  0.000102547010244  0.000102399550153  0.000102071315405  0.000101384587731  0.000100035270291  9.75513869097e-05  9.32789958653e-05  8.64313408368e-05  7.62321662906e-05  6.21517240299e-05  4.41763212596e-05  2.29973903153e-05  
6.35140023353e-06  1.22027355319e-05  1.71724973827e-05  2.10692274489e-05  2.38951898828e-05  2.5795037662e-05  2.69820412593e-05  2.76731072008e-05  2.80490246354e-05  2.82405914536e-05  2.83322628109e-05  2.83734899701e-05  2.83907411821e-05  2.83968419974e-05  2.83968419974e-05  2.83907411821e-05  2.83734899701e-05  2.83322628109e-05  2.82405914536e-05  2.80490246354e-05  2.76731072008e-05  2.69820412593e-05  2.5795037662e-05  2.38951898828e-05  2.10692274489e-05  1.71724973827e-05  1.22027355319e-05  6.35140023353e-06  
1.68887551536e-06  3.24525933363e-06  4.56793357204e-06  5.60587951135e-06  6.35936301617e-06  6.86647992415e-06  7.18369001509e-06  7.36858370141e-06  7.46927385046e-06  7.52064005148e-06  7.54524452592e-06  7.55631941614e-06  7.56095700086e-06  7.56259792615e-06  7.56259792615e-06  7.56095700086e-06  7.55631941614e-06  7.54524452592e-06  7.52064005148e-06  7.46927385046e-06  7.36858370141e-06  7.18369001509e-06  6.86647992415e-06  6.35936301617e-06  5.60587951135e-06  4.56793357204e-06  3.24525933363e-06  1.68887551536e-06  
4.32810704068e-07  8.31769760845e-07  1.17098669134e-06  1.43736388561e-06  1.63089774787e-06  1.76127227856e-06  1.84290272986e-06  1.8905291758e-06  1.91649003074e-06  1.92974529838e-06  1.93609960889e-06  1.93896177058e-06  1.94016098005e-06  1.94058547094e-06  1.94058547094e-06  1.94016098005e-06  1.93896177058e-06  1.93609960889e-06  1.92974529838e-06  1.91649003074e-06  1.8905291758e-06  1.84290272986e-06  1.76127227856e-06  1.63089774787e-06  1.43736388561e-06  1.17098669134e-06  8.31769760845e-07  4.32810704068e-07  
1.07001025728e-07  2.05654095995e-07  2.89568501629e-07  3.55501512903e-07  4.03437515559e-07  4.35754401323e-07  4.56004886822e-07  4.67829213313e-07  4.74279476491e-07  4.77575209127e-07  4.7915610755e-07  4.79868571306e-07  4.80167213508e-07  4.80272957001e-07  4.80272957001e-07  4.80167213508e-07  4.79868571306e-07  4.7915610755e-07  4.77575209127e-07  4.74279476491e-07  4.67829213313e-07  4.56004886822e-07  4.35754401323e-07  4.03437515559e-07  3.55501512903e-07  2.89568501629e-07  2.05654095995e-07  1.07001025728e-07  
2.55408398563e-08  4.90931733375e-08  6.91335291674e-08  8.48869505261e-08  9.63468065195e-08  1.04077495724e-07  1.08924862476e-07  1.11757070162e-07  1.13302998558e-07  1.14093318858e-07  1.14472602013e-07  1.14643601582e-07  1.14715301061e-07  1.14740693529e-07  1.14740693529e-07  1.14715301061e-07  1.14643601582e-07  1.14472602013e-07  1.14093318858e-07  1.13302998558e-07  1.11757070162e-07  1.08924862476e-07  1.04077495724e-07  9.63468065195e-08  8.48869505261e-08  6.91335291674e-08  4.90931733375e-08  2.55408398563e-08  
5.88101048061e-09  1.1304922075e-08  1.59213100424e-08  1.95515578319e-08  2.21935926533e-08  2.39767730665e-08  2.50954560661e-08  2.57494065859e-08  2.61065251727e-08  2.62891695697e-08  2.63768530833e-08  2.64163959018e-08  2.64329792291e-08  2.64388528859e-08  2.64388528859e-08  2.64329792291e-08  2.64163959018e-08  2.63768530833e-08  2.62891695697e-08  2.61065251727e-08  2.57494065859e-08  2.50954560661e-08  2.39767730665e-08  2.21935926533e-08  1.95515578319e-08  1.59213100424e-08  1.1304922075e-08  5.88101048061e-09  
1.25564045504e-09  2.41381221855e-09  3.39975640721e-09  4.17530792186e-09  4.73993509877e-09  5.12115968111e-09  5.3604129496e-09  5.50032473344e-09  5.5767550708e-09  5.61585560035e-09  5.63463110328e-09  5.64309967259e-09  5.64665151676e-09  5.6479095911e-09  5.6479095911e-09  5.64665151676e-09  5.64309967259e-09  5.63463110328e-09  5.61585560035e-09  5.5767550708e-09  5.50032473344e-09  5.3604129496e-09  5.12115968111e-09  4.73993509877e-09  4.17530792186e-09  3.39975640721e-09  2.41381221855e-09  1.25564045504e-09  
