1000.0  1000.0  1000.0  1000.0  1000.0  1000.0  1000.0  1000.0  1000.0  1000.0  1000.0  1000.0  1000.0  1000.0  1000.0  1000.0  1000.0  1000.0  1000.0  1000.0  1000.0  1000.0  1000.0  1000.0  1000.0  1000.0  1000.0  1000.0  
280.819764315  457.31502358  560.15828948  619.974307552  655.274363596  676.389452546  689.112964256  696.784427921  701.384643009  704.113347533  705.704599961  706.606278194  707.085664615  707.292040797  707.292040797  707.085664615  706.606278194  705.704599961  704.113347533  701.384643009  696.784427921  689.112964256  676.389452546  655.274363596  619.974307552  560.15828948  457.31502358  280.819764315  
178.468795886  315.396799109  409.297565249  470.666981108  509.910940166  534.705015936  550.216603661  559.816982966  565.682138957  569.208653629  571.285876417  572.471697411  573.105489849  573.379224834  573.379224834  573.105489849  572.471697411  571.285876417  569.208653629  565.682138957  559.816982966  550.216603661  534.705015936  509.910940166  470.666981108  409.297565249  315.396799109  178.468795886  
119.653494656  220.426416751  296.683418012  350.815001436  387.730009346  412.212455503  428.09429448  438.193674565  444.490773115  448.336125075  450.628153471  451.948420296  452.658680852  452.966685696  452.966685696  452.658680852  451.948420296  450.628153471  448.336125075  444.490773115  438.193674565  428.09429448  412.212455503  387.730009346  350.815001436  296.683418012  220.426416751  119.653494656  
82.067747333  154.588491363  212.924381935  256.810525547  288.264218048  309.988666378  324.545218518  334.041831837  340.083871937  343.83277882  346.095604559  347.41185547  348.125073787  348.43576309  348.43576309  348.125073787  347.41185547  346.095604559  343.83277882  340.083871937  334.041831837  324.545218518  309.988666378  288.264218048  256.810525547  212.924381935  154.588491363  82.067747333  
56.5322650701  107.855156235  150.786744595  184.43619943  209.485411416  227.36699548  239.686522497  247.910978658  253.243511573  256.603683854  258.657432426  259.864013887  260.522695941  260.810987527  260.810987527  260.522695941  259.864013887  258.657432426  256.603683854  253.243511573  247.910978658  239.686522497  227.36699548  209.485411416  184.43619943  150.786744595  107.855156235  56.5322650701  
38.6788965845  74.3728606044  105.015394681  129.747540912  148.698134329  162.589630605  172.386631476  179.06019192  183.461878017  186.275732122  188.016282998  189.048830619  189.616676343  189.866386367  189.866386367  189.616676343  189.048830619  188.016282998  186.275732122  183.461878017  179.06019192  172.386631476  162.589630605  148.698134329  129.747540912  105.015394681  74.3728606044  38.6788965845  
26.1039126194  50.449356851  71.7248845664  89.2669751322  103.008807247  113.298079437  120.697158135  125.825473294  129.259706889  131.48406438  132.87538367  133.708375247  134.169726853  134.373534412  134.373534412  134.169726853  133.708375247  132.87538367  131.48406438  129.259706889  125.825473294  120.697158135  113.298079437  103.008807247  89.2669751322  71.7248845664  50.449356851  26.1039126194  
17.300352672  33.551851259  47.9346166228  59.9824758987  69.5828553793  76.8944478046  82.2376683769  85.9962642503  88.5469312233  90.2185118159  91.2747637664  91.912562947  92.2681601558  92.4259290567  92.4259290567  92.2681601558  91.912562947  91.2747637664  90.2185118159  88.5469312233  85.9962642503  82.2376683769  76.8944478046  69.5828553793  59.9824758987  47.9346166228  33.551851259  17.300352672  
11.2262161318  21.8259035534  31.2937682596  39.319911726  45.8013943924  50.8056807602  54.5118724961  57.1518962778  58.9642885309  60.1644680149  60.9298379953  61.395611417  61.6568957918  61.7732870417  61.7732870417  61.6568957918  61.395611417  60.9298379953  60.1644680149  58.9642885309  57.1518962778  54.5118724961  50.8056807602  45.8013943924  39.319911726  31.2937682596  21.8259035534  11.2262161318  
7.11810801837  13.8642856467  19.9320049073  25.1232494991  29.3597914139  32.6672604777  35.1440568846  36.9272560223  38.1637304457  38.9900747263  39.521387887  39.8470153034  40.0307091261  40.1128395584  40.1128395584  40.0307091261  39.8470153034  39.521387887  38.9900747263  38.1637304457  36.9272560223  35.1440568846  32.6672604777  29.3597914139  25.1232494991  19.9320049073  13.8642856467  7.11810801837  
4.40399075523  8.5897616472  12.3746467979  15.6361820251  18.3203936209  20.4350164663  22.0332251504  23.1943359453  24.0064355084  24.5535516013  24.9079073904  25.1264661812  25.2503884195  25.3059812731  25.3059812731  25.2503884195  25.1264661812  24.9079073904  24.5535516013  24.0064355084  23.1943359453  22.0332251504  20.4350164663  18.3203936209  15.6361820251  12.3746467979  8.5897616472  4.40399075523  
2.65623343234  5.18641985174  7.48382746079  9.47491274439  11.1247424891  12.4341968157  13.4315392025  14.1617177097  14.6762406708  15.0253293486  15.2528948265  15.3940524161  15.4744559505  15.5106358134  15.5106358134  15.4744559505  15.3940524161  15.2528948265  15.0253293486  14.6762406708  14.1617177097  13.4315392025  12.4341968157  11.1247424891  9.47491274439  7.48382746079  5.18641985174  2.65623343234  
1.56079751793  3.05012104162  4.40691821496  5.58823832324  6.57254731194  7.35862498507  7.96124190686  8.40534191032  8.72030453107  8.935320019  9.07629017893  9.16417798113  9.21444539527  9.2371268087  9.2371268087  9.21444539527  9.16417798113  9.07629017893  8.935320019  8.72030453107  8.40534191032  7.96124190686  7.35862498507  6.57254731194  5.58823832324  4.40691821496  3.05012104162  1.56079751793  
0.89311790419  1.74652996959  2.52608937976  3.20738405022  3.77766923652  4.23546107608  4.58834492129  4.84987193126  5.0363911068  5.16441216656  5.2487723608  5.30160497412  5.33193416669  5.34565295002  5.34565295002  5.33193416669  5.30160497412  5.2487723608  5.16441216656  5.0363911068  4.84987193126  4.58834492129  4.23546107608  3.77766923652  3.20738405022  2.52608937976  1.74652996959  0.89311790419  
0.497563365738  0.973548612474  1.40929910914  1.79130644519  2.11229501752  2.37108821972  2.5715115799  2.72076898732  2.82773668717  2.90150483286  2.95033284798  2.98103586331  2.99871950279  3.00673604982  3.00673604982  2.99871950279  2.98103586331  2.95033284798  2.90150483286  2.82773668717  2.72076898732  2.5715115799  2.37108821972  2.11229501752  1.79130644519  1.40929910914  0.973548612474  0.497563365738  
0.269846778656  0.528233923471  0.765210681248  0.973498351282  1.14907914019  1.29116148604  1.40163894021  1.48425731536  1.5437181773  1.58489522399  1.61225895805  1.62952697763  1.63950197911  1.64403293438  1.64403293438  1.63950197911  1.62952697763  1.61225895805  1.58489522399  1.5437181773  1.48425731536  1.40163894021  1.29116148604  1.14907914019  0.973498351282  0.765210681248  0.528233923471  0.269846778656  
0.142465836896  0.278988649941  0.404389849377  0.514849882866  0.608218396481  0.68401128429  0.743147907979  0.787532587972  0.819594768283  0.841879520031  0.856740629386  0.866148752588  0.871597756763  0.874077263124  0.874077263124  0.871597756763  0.866148752588  0.856740629386  0.841879520031  0.819594768283  0.787532587972  0.743147907979  0.68401128429  0.608218396481  0.514849882866  0.404389849377  0.278988649941  0.142465836896  
0.0732248120947  0.143441411637  0.208020957643  0.265011205713  0.313295261902  0.352596223033  0.383351713991  0.406507975276  0.423289634104  0.434991423285  0.442819345432  0.447789064001  0.450674213068  0.451989156682  0.451989156682  0.450674213068  0.447789064001  0.442819345432  0.434991423285  0.423289634104  0.406507975276  0.383351713991  0.352596223033  0.313295261902  0.265011205713  0.208020957643  0.143441411637  0.0732248120947  
0.0366450983851  0.0718044757269  0.104176656801  0.132789613616  0.157079811442  0.17689696998  0.192445234383  0.204184028739  0.212715534585  0.218681523569  0.222683516085  0.225230707141  0.226712584504  0.22738893218  0.22738893218  0.226712584504  0.225230707141  0.222683516085  0.218681523569  0.212715534585  0.204184028739  0.192445234383  0.17689696998  0.157079811442  0.132789613616  0.104176656801  0.0718044757269  0.0366450983851  
0.0178591443243  0.0350024459274  0.0508015668353  0.0647849699952  0.0766762343339  0.086397328689  0.0940415453062  0.0998268012328  0.10404195608  0.106997025685  0.108984165787  0.11025180482  0.110990668953  0.11132832694  0.11132832694  0.110990668953  0.11025180482  0.108984165787  0.106997025685  0.10404195608  0.0998268012328  0.0940415453062  0.086397328689  0.0766762343339  0.0647849699952  0.0508015668353  0.0350024459274  0.0178591443243  
0.00847784968187  0.0166192498577  0.02412837241  0.0307823093601  0.0364491623321  0.0410899642809  0.0447464694332  0.0475196444401  0.0495446677112  0.0509675138305  0.0519264045833  0.05253933854  0.0528972005019  0.0530609294541  0.0530609294541  0.0528972005019  0.05253933854  0.0519264045833  0.0509675138305  0.0495446677112  0.0475196444401  0.0447464694332  0.0410899642809  0.0364491623321  0.0307823093601  0.02412837241  0.0166192498577  0.00847784968187  
0.00392097700681  0.00768769585942  0.0111643241948  0.0142481559203  0.0168779333143  0.019034875385  0.0207372803848  0.0220308406005  0.0229772762159  0.0236435989452  0.0240935276331  0.0243816474945  0.0245501211512  0.0246272804782  0.0246272804782  0.0245501211512  0.0243816474945  0.0240935276331  0.0236435989452  0.0229772762159  0.0220308406005  0.0207372803848  0.019034875385  0.0168779333143  0.0142481559203  0.0111643241948  0.00768769585942  0.00392097700681  
0.00176717723433  0.0034653597451  0.00503371757573  0.0064261183316  0.00761485908591  0.00859118200357  0.0093629374528  0.00995032125423  0.010380830113  0.0106844612993  0.0108898434306  0.0110215765447  0.0110987100336  0.0111340690572  0.0111340690572  0.0110987100336  0.0110215765447  0.0108898434306  0.0106844612993  0.010380830113  0.00995032125423  0.0093629374528  0.00859118200357  0.00761485908591  0.0064261183316  0.00503371757573  0.0034653597451  0.00176717723433  
0.000776099670904  0.00152210151609  0.00221144060106  0.0028239185667  0.00334733487584  0.00377773239177  0.00411840704418  0.004378074734  0.00456868615071  0.00470333401459  0.00479455438005  0.00485314835133  0.00488749852627  0.00490325814743  0.00490325814743  0.00488749852627  0.00485314835133  0.00479455438005  0.00470333401459  0.00456868615071  0.004378074734  0.00411840704418  0.00377773239177  0.00334733487584  0.0028239185667  0.00221144060106  0.00152210151609  0.000776099670904  
0.00033148447778  0.000650189084465  0.000944823485808  0.00120678412357  0.00143084793129  0.00161528405628  0.00176144399117  0.00187299302826  0.00195498826586  0.00201299069013  0.00205234005955  0.0020776480315  0.00209250064451  0.00209931994167  0.00209931994167  0.00209250064451  0.0020776480315  0.00205234005955  0.00201299069013  0.00195498826586  0.00187299302826  0.00176144399117  0.00161528405628  0.00143084793129  0.00120678412357  0.000944823485808  0.000650189084465  0.00033148447778  
0.000135724929953  0.000266243172979  0.000386951299478  0.000494334855513  0.000586251321155  0.00066197813089  0.000722049305142  0.000767945706306  0.000801721460718  0.00082564250494  0.000841889898313  0.00085235108536  0.000858496178835  0.000861319363728  0.000861319363728  0.000858496178835  0.00085235108536  0.000841889898313  0.00082564250494  0.000801721460718  0.000767945706306  0.000722049305142  0.00066197813089  0.000586251321155  0.000494334855513  0.000386951299478  0.000266243172979  0.000135724929953  
4.79341090552e-05  9.40360405313e-05  0.000136684979205  0.000174641864897  0.000207149039959  0.000233947779038  0.000255221722114  0.000271488743925  0.000283470030225  0.000291962972878  0.00029773645346  0.000301456823145  0.000303643724806  0.000304648899826  0.000304648899826  0.000303643724806  0.000301456823145  0.00029773645346  0.000291962972878  0.000283470030225  0.000271488743925  0.000255221722114  0.000233947779038  0.000207149039959  0.000174641864897  0.000136684979205  9.40360405313e-05  4.79341090552e-05  
