1000.0  1000.0  1000.0  1000.0  1000.0  1000.0  1000.0  1000.0  1000.0  1000.0  1000.0  1000.0  1000.0  1000.0  1000.0  1000.0  1000.0  1000.0  1000.0  1000.0  1000.0  1000.0  1000.0  1000.0  1000.0  1000.0  1000.0  1000.0  
257.979565413  412.865988426  496.355772475  539.743212917  561.802950712  572.765124273  578.062590192  580.539364054  581.655131973  582.138039516  582.338434263  582.41799476  582.447915672  582.457681026  582.457681026  582.447915672  582.41799476  582.338434263  582.138039516  581.655131973  580.539364054  578.062590192  572.765124273  561.802950712  539.743212917  496.355772475  412.865988426  257.979565413  
148.682220719  257.419744659  326.054924992  365.955196452  387.873198645  399.359533726  405.118886281  407.88266186  409.151311398  409.708025449  409.941457746  410.034871422  410.070214392  410.081797349  410.081797349  410.070214392  410.034871422  409.941457746  409.708025449  409.151311398  407.88266186  405.118886281  399.359533726  387.873198645  365.955196452  326.054924992  257.419744659  148.682220719  
86.9313964788  156.720768176  205.182437236  235.661837036  253.453709724  263.214734999  268.279920885  270.774149631  271.941714502  272.461826935  272.682470758  272.771577237  272.805530492  272.816713285  272.816713285  272.805530492  272.771577237  272.682470758  272.461826935  271.941714502  270.774149631  268.279920885  263.214734999  253.453709724  235.661837036  205.182437236  156.720768176  86.9313964788  
50.0648561664  92.264682233  123.366944101  144.037538899  156.677286317  163.877131452  167.726455759  169.667188364  170.592753168  171.01121153  171.19084293  171.264077767  171.292193234  171.301502565  171.301502565  171.292193234  171.264077767  171.19084293  171.01121153  170.592753168  169.667188364  167.726455759  163.877131452  156.677286317  144.037538899  123.366944101  92.264682233  50.0648561664  
27.9267353842  52.1279197392  70.6643965986  83.4738911092  91.5875464011  96.3506809874  98.9620040944  100.306038535  100.957948858  101.256782672  101.386520944  101.439906125  101.460554046  101.467427261  101.467427261  101.460554046  101.439906125  101.386520944  101.256782672  100.957948858  100.306038535  98.9620040944  96.3506809874  91.5875464011  83.4738911092  70.6643965986  52.1279197392  27.9267353842  
14.9469409256  28.1213639813  38.4750955539  45.8332508421  50.6204496689  53.4990573588  55.1103767467  55.9545077002  56.3700834185  56.5629715729  56.6475907803  56.6827137408  56.6963947815  56.7009722265  56.7009722265  56.6963947815  56.6827137408  56.6475907803  56.5629715729  56.3700834185  55.9545077002  55.1103767467  53.4990573588  50.6204496689  45.8332508421  38.4750955539  28.1213639813  14.9469409256  
7.63635036768  14.4416872837  19.8860204098  23.83523009  26.4577784522  28.0651611809  28.9804213913  29.4671273031  29.709848068  29.8237555381  29.8741975147  29.8953014028  29.9035757873  29.9063575041  29.9063575041  29.9035757873  29.8953014028  29.8741975147  29.8237555381  29.709848068  29.4671273031  28.9804213913  28.0651611809  26.4577784522  23.83523009  19.8860204098  14.4416872837  7.63635036768  
3.71409140804  7.04899721833  9.75105042229  11.7411774994  13.0838613477  13.919446578  14.4019611832  14.6617921398  14.7928118984  14.8548940753  14.8826160425  14.8942974378  14.8989048086  14.9004605142  14.9004605142  14.8989048086  14.8942974378  14.8826160425  14.8548940753  14.7928118984  14.6617921398  14.4019611832  13.919446578  13.0838613477  11.7411774994  9.75105042229  7.04899721833  3.71409140804  
1.7176420993  3.2681942358  4.53626052408  5.48107746909  6.1264576356  6.53303784389  6.77054282808  6.89979261454  6.96558524325  6.99702177468  7.01116241344  7.01715885931  7.01953662876  7.02034266475  7.02034266475  7.01953662876  7.01715885931  7.01116241344  6.99702177468  6.96558524325  6.89979261454  6.77054282808  6.53303784389  6.1264576356  5.48107746909  4.53626052408  3.2681942358  1.7176420993  
0.755107035516  1.4394412702  2.00303098561  2.42670979502  2.71895679553  2.90489652425  3.01455019438  3.07475297962  3.10564559422  3.120513172  3.12724365502  3.13011375449  3.1312572366  3.13164622748  3.13164622748  3.1312572366  3.13011375449  3.12724365502  3.120513172  3.10564559422  3.07475297962  3.01455019438  2.90489652425  2.71895679553  2.42670979502  2.00303098561  1.4394412702  0.755107035516  
0.315658139895  0.602579978257  0.840148785135  1.01999007045  1.14501339803  1.22520010207  1.27286110199  1.29922292233  1.3128430319  1.31943864787  1.32244103935  1.32372763182  1.32424236791  1.32441801593  1.32441801593  1.32424236791  1.32372763182  1.32244103935  1.31943864787  1.3128430319  1.29922292233  1.27286110199  1.22520010207  1.14501339803  1.01999007045  0.840148785135  0.602579978257  0.315658139895  
0.125561673511  0.239953690034  0.335066964992  0.407467330102  0.458116568426  0.49081595219  0.510378715712  0.521266700889  0.52692484391  0.52967942595  0.530939362331  0.531481576553  0.531699297219  0.53177379478  0.53177379478  0.531699297219  0.531481576553  0.530939362331  0.52967942595  0.52692484391  0.521266700889  0.510378715712  0.49081595219  0.458116568426  0.407467330102  0.335066964992  0.239953690034  0.125561673511  
0.0475696829734  0.0909854389935  0.127204276909  0.154896587193  0.174368601079  0.187008054576  0.19461090274  0.198864643377  0.201086109955  0.202172529892  0.202671512222  0.202887043484  0.202973863279  0.203003641156  0.203003641156  0.202973863279  0.202887043484  0.202671512222  0.202172529892  0.201086109955  0.198864643377  0.19461090274  0.187008054576  0.174368601079  0.154896587193  0.127204276909  0.0909854389935  0.0475696829734  
0.0171830725058  0.0328880707367  0.0460246333434  0.0561047667128  0.0632224035719  0.0678632696266  0.0706675249267  0.0722434396682  0.07306990021  0.0734756613824  0.0736626870721  0.0737437291421  0.0737764642499  0.0737877150645  0.0737877150645  0.0737764642499  0.0737437291421  0.0736626870721  0.0734756613824  0.07306990021  0.0722434396682  0.0706675249267  0.0678632696266  0.0632224035719  0.0561047667128  0.0460246333434  0.0328880707367  0.0171830725058  
0.00592474114023  0.011346074636  0.0158905913523  0.01938800407  0.0218660818878  0.0234878773118  0.0244715857304  0.0250264709496  0.0253185090481  0.0254623662707  0.0255288761236  0.0255577753129  0.025569476179  0.0255735048284  0.0255735048284  0.025569476179  0.0255577753129  0.0255288761236  0.0254623662707  0.0253185090481  0.0250264709496  0.0244715857304  0.0234878773118  0.0218660818878  0.01938800407  0.0158905913523  0.011346074636  0.00592474114023  
0.00195233601535  0.00374046143231  0.00524203377815  0.00640042231137  0.00722354406155  0.00776391930675  0.00809273564082  0.00827879878851  0.00837702113021  0.00842554251367  0.00844803403414  0.00845782978144  0.0084618039942  0.00846317441028  0.00846317441028  0.0084618039942  0.00845782978144  0.00844803403414  0.00842554251367  0.00837702113021  0.00827879878851  0.00809273564082  0.00776391930675  0.00722354406155  0.00640042231137  0.00524203377815  0.00374046143231  0.00195233601535  
0.000615574454077  0.00117980622692  0.00165430702034  0.00202109293968  0.00228234258181  0.00245429841716  0.00255921449687  0.0026187405086  0.0026502448634  0.00266584540919  0.00267309291489  0.00267625573856  0.00267754113729  0.00267798494943  0.00267798494943  0.00267754113729  0.00267625573856  0.00267309291489  0.00266584540919  0.0026502448634  0.0026187405086  0.00255921449687  0.00245429841716  0.00228234258181  0.00202109293968  0.00165430702034  0.00117980622692  0.000615574454077  
0.000185938228665  0.000356476094208  0.000500065504273  0.000611243526001  0.000690589359999  0.000742929184467  0.000774935780266  0.000793136203669  0.000802789767944  0.000807579852386  0.000809809353442  0.000810783956693  0.000811180620525  0.000811317725871  0.000811317725871  0.000811180620525  0.000810783956693  0.000809809353442  0.000807579852386  0.000802789767944  0.000793136203669  0.000774935780266  0.000742929184467  0.000690589359999  0.000611243526001  0.000500065504273  0.000356476094208  0.000185938228665  
5.38680615541e-05  0.00010330043653  0.000144963063689  0.000177266114427  0.000200358522158  0.000215619109559  0.000224968947914  0.000230295783359  0.000233126327989  0.000234533257889  0.000235189136218  0.000235476253058  0.00023559325162  0.000235633728086  0.000235633728086  0.00023559325162  0.000235476253058  0.000235189136218  0.000234533257889  0.000233126327989  0.000230295783359  0.000224968947914  0.000215619109559  0.000200358522158  0.000177266114427  0.000144963063689  0.00010330043653  5.38680615541e-05  
1.49854029179e-05  2.87428525544e-05  4.03475504516e-05  4.93556114932e-05  5.58041187311e-05  6.00721360644e-05  6.26912330595e-05  6.41857734779e-05  6.49811538464e-05  6.53770694746e-05  6.55618796302e-05  6.56428770694e-05  6.56759160587e-05  6.56873545092e-05  6.56873545092e-05  6.56759160587e-05  6.56428770694e-05  6.55618796302e-05  6.53770694746e-05  6.49811538464e-05  6.41857734779e-05  6.26912330595e-05  6.00721360644e-05  5.58041187311e-05  4.93556114932e-05  4.03475504516e-05  2.87428525544e-05  1.49854029179e-05  
4.00741831766e-06  7.6877894776e-06  1.07944066476e-05  1.32082130458e-05  1.49381604512e-05  1.60846111686e-05  1.67890762682e-05  1.71916008017e-05  1.74060945691e-05  1.75129904993e-05  1.75629428735e-05  1.75848566997e-05  1.75938025925e-05  1.75969015667e-05  1.75969015667e-05  1.75938025925e-05  1.75848566997e-05  1.75629428735e-05  1.75129904993e-05  1.74060945691e-05  1.71916008017e-05  1.67890762682e-05  1.60846111686e-05  1.49381604512e-05  1.32082130458e-05  1.07944066476e-05  7.6877894776e-06  4.00741831766e-06  
1.0313077084e-06  1.97873512617e-06  2.77892221427e-06  3.40115539914e-06  3.84753231989e-06  4.14366492121e-06  4.32583245754e-06  4.43003581225e-06  4.48562135907e-06  4.51335030268e-06  4.52631943744e-06  4.53201329299e-06  4.53433917165e-06  4.53514524966e-06  4.53514524966e-06  4.53433917165e-06  4.53201329299e-06  4.52631943744e-06  4.51335030268e-06  4.48562135907e-06  4.43003581225e-06  4.32583245754e-06  4.14366492121e-06  3.84753231989e-06  3.40115539914e-06  2.77892221427e-06  1.97873512617e-06  1.0313077084e-06  
2.55675946e-07  4.90615318635e-07  6.89137007127e-07  8.43611513643e-07  9.54516552543e-07  1.02815715983e-06  1.0734988764e-06  1.09945861385e-06  1.11331828827e-06  1.12023765978e-06  1.12347618988e-06  1.12489885399e-06  1.12548027523e-06  1.12568184452e-06  1.12568184452e-06  1.12548027523e-06  1.12489885399e-06  1.12347618988e-06  1.12023765978e-06  1.11331828827e-06  1.09945861385e-06  1.0734988764e-06  1.02815715983e-06  9.54516552543e-07  8.43611513643e-07  6.89137007127e-07  4.90615318635e-07  2.55675946e-07  
6.11225275839e-08  1.17299245857e-07  1.64786659459e-07  2.01757855348e-07  2.28318692214e-07  2.45967682776e-07  2.56842512551e-07  2.63073271308e-07  2.66402097184e-07  2.68065025559e-07  2.68843757468e-07  2.69186000638e-07  2.69325917714e-07  2.69374435435e-07  2.69374435435e-07  2.69325917714e-07  2.69186000638e-07  2.68843757468e-07  2.68065025559e-07  2.66402097184e-07  2.63073271308e-07  2.56842512551e-07  2.45967682776e-07  2.28318692214e-07  2.01757855348e-07  1.64786659459e-07  1.17299245857e-07  6.11225275839e-08  
1.4102924521e-08  2.70668635212e-08  3.80290631668e-08  4.6567428883e-08  5.27048087861e-08  5.67853014346e-08  5.9301080946e-08  6.07433316024e-08  6.1514273804e-08  6.18995817035e-08  6.20800880537e-08  6.21594426107e-08  6.21918915625e-08  6.22031449639e-08  6.22031449639e-08  6.21918915625e-08  6.21594426107e-08  6.20800880537e-08  6.18995817035e-08  6.1514273804e-08  6.07433316024e-08  5.9301080946e-08  5.67853014346e-08  5.27048087861e-08  4.6567428883e-08  3.80290631668e-08  2.70668635212e-08  1.4102924521e-08  
3.13857156589e-09  6.02405276985e-09  8.46461592212e-09  1.03662216497e-08  1.17336713061e-08  1.26432470815e-08  1.32042936561e-08  1.35260726273e-08  1.36981446743e-08  1.37841730436e-08  1.38244855633e-08  1.3842211052e-08  1.38494599319e-08  1.38519739543e-08  1.38519739543e-08  1.38494599319e-08  1.3842211052e-08  1.38244855633e-08  1.37841730436e-08  1.36981446743e-08  1.35260726273e-08  1.32042936561e-08  1.26432470815e-08  1.17336713061e-08  1.03662216497e-08  8.46461592212e-09  6.02405276985e-09  3.13857156589e-09  
6.49190325559e-10  1.24609106648e-09  1.75105119433e-09  2.14460288126e-09  2.42769488505e-09  2.61605965681e-09  2.73228564488e-09  2.79896558445e-09  2.83463229696e-09  2.85246781608e-09  2.86082667877e-09  2.86450236338e-09  2.86600555584e-09  2.8665268678e-09  2.8665268678e-09  2.86600555584e-09  2.86450236338e-09  2.86082667877e-09  2.85246781608e-09  2.83463229696e-09  2.79896558445e-09  2.73228564488e-09  2.61605965681e-09  2.42769488505e-09  2.14460288126e-09  1.75105119433e-09  1.24609106648e-09  6.49190325559e-10  
