1000.0  1000.0  1000.0  1000.0  1000.0  1000.0  1000.0  1000.0  1000.0  1000.0  1000.0  1000.0  1000.0  1000.0  1000.0  1000.0  1000.0  1000.0  1000.0  1000.0  1000.0  1000.0  1000.0  1000.0  1000.0  1000.0  1000.0  1000.0  
236.217195699  371.365710274  438.595284909  469.782328091  483.473207524  489.164205375  491.398652844  492.225443582  492.513395054  492.60776288  492.636878077  492.645342203  492.647657512  492.648225513  492.648225513  492.647657512  492.645342203  492.636878077  492.60776288  492.513395054  492.225443582  491.398652844  489.164205375  483.473207524  469.782328091  438.595284909  371.365710274  236.217195699  
123.206083128  208.829566961  258.410519342  283.999960937  296.089028991  301.375152678  303.525395499  304.341321717  304.630731461  304.726868372  304.756832784  304.765611756  304.768027581  304.76862282  304.76862282  304.768027581  304.765611756  304.756832784  304.726868372  304.630731461  304.341321717  303.525395499  301.375152678  296.089028991  283.999960937  258.410519342  208.829566961  123.206083128  
62.7958944151  110.677463482  141.062868799  157.947900576  166.386930406  170.235983371  171.851824437  172.479681053  172.706426766  172.782794583  172.806853146  172.813960964  172.815929748  172.81641718  172.81641718  172.815929748  172.813960964  172.806853146  172.782794583  172.706426766  172.479681053  171.851824437  170.235983371  166.386930406  157.947900576  141.062868799  110.677463482  62.7958944151  
30.4593676033  54.8531378767  71.247026569  80.8379708933  85.838938353  88.1981577169  89.2151826591  89.6186622041  89.7667742306  89.817304725  89.8333868995  89.8381769339  89.839512299  89.8398444967  89.8398444967  89.839512299  89.8381769339  89.8333868995  89.817304725  89.7667742306  89.6186622041  89.2151826591  88.1981577169  85.838938353  80.8379708933  71.247026569  54.8531378767  30.4593676033  
13.8733009974  25.3024258755  33.2750003719  38.1116940035  40.7151757366  41.9764630481  42.5321341726  42.7564974092  42.8400360207  42.8688645753  42.878124906  42.8809037214  42.8816830496  42.8818777928  42.8818777928  42.8816830496  42.8809037214  42.878124906  42.8688645753  42.8400360207  42.7564974092  42.5321341726  41.9764630481  40.7151757366  38.1116940035  33.2750003719  25.3024258755  13.8733009974  
5.89762823625  10.8417474486  14.3782099306  16.580355811  17.7945172419  18.3951332765  18.6644414237  18.7747833568  18.8163664053  18.8308591954  18.8355524552  18.8369701401  18.8373698665  18.8374701548  18.8374701548  18.8373698665  18.8369701401  18.8355524552  18.8308591954  18.8163664053  18.7747833568  18.6644414237  18.3951332765  17.7945172419  16.580355811  14.3782099306  10.8417474486  5.89762823625  
2.33522407664  4.31535813509  5.75665293801  6.67143127662  7.18509872105  7.44339865274  7.56087396275  7.60959038979  7.62813610563  7.63465439667  7.63677998462  7.63742574334  7.63760866842  7.6376547239  7.6376547239  7.63760866842  7.63742574334  7.63677998462  7.63465439667  7.62813610563  7.60959038979  7.56087396275  7.44339865274  7.18509872105  6.67143127662  5.75665293801  4.31535813509  2.33522407664  
0.861391817611  1.59752970559  2.14008399685  2.48936550966  2.6882691716  2.78959133213  2.83620345401  2.85572532699  2.86321977926  2.86587254659  2.86674271326  2.86700836176  2.86708391108  2.86710298904  2.86710298904  2.86708391108  2.86700836176  2.86674271326  2.86587254659  2.86321977926  2.85572532699  2.83620345401  2.78959133213  2.6882691716  2.48936550966  2.14008399685  1.59752970559  0.861391817611  
0.29639973606  0.551110029204  0.740567954438  0.863853655703  0.934830331233  0.971358845309  0.988319229631  0.995480132678  0.998248355238  0.999233985933  0.999558890619  0.999658484079  0.999686901982  0.999694095966  0.999694095966  0.999686901982  0.999658484079  0.999558890619  0.999233985933  0.998248355238  0.995480132678  0.988319229631  0.971358845309  0.934830331233  0.863853655703  0.740567954438  0.551110029204  0.29639973606  
0.0953268871079  0.177579076839  0.239181476984  0.2795997951  0.303068494836  0.3152458313  0.320942113137  0.323363059874  0.324304288417  0.324641044897  0.32475250648  0.324786788012  0.324796596475  0.324799084491  0.324799084491  0.324796596475  0.324786788012  0.32475250648  0.324641044897  0.324304288417  0.323363059874  0.320942113137  0.3152458313  0.303068494836  0.2795997951  0.239181476984  0.177579076839  0.0953268871079  
0.0287210833557  0.0535783290913  0.0722927737364  0.0846504320002  0.0918743156416  0.095647151433  0.0974226432159  0.0981812895195  0.0984776171166  0.0985840600929  0.0986194084512  0.0986303100251  0.0986334359363  0.0986342301179  0.0986342301179  0.0986334359363  0.0986303100251  0.0986194084512  0.0985840600929  0.0984776171166  0.0981812895195  0.0974226432159  0.095647151433  0.0918743156416  0.0846504320002  0.0722927737364  0.0535783290913  0.0287210833557  
0.00812590257507  0.0151749397442  0.0205034948715  0.0240397562579  0.026118000377  0.0272090949219  0.0277250583704  0.0279464820635  0.0280332975809  0.0280645826833  0.0280749998716  0.0280782195514  0.0280791443326  0.028079379571  0.028079379571  0.0280791443326  0.0280782195514  0.0280749998716  0.0280645826833  0.0280332975809  0.0279464820635  0.0277250583704  0.0272090949219  0.026118000377  0.0240397562579  0.0205034948715  0.0151749397442  0.00812590257507  
0.00216405526502  0.00404468531421  0.00547079231649  0.00642096239746  0.00698174740293  0.00727739779398  0.00741775280707  0.00747819635541  0.00750196699528  0.00751055504925  0.0075134207002  0.0075143078856  0.00751456303528  0.00751462799468  0.00751462799468  0.00751456303528  0.0075143078856  0.0075134207002  0.00751055504925  0.00750196699528  0.00747819635541  0.00741775280707  0.00727739779398  0.00698174740293  0.00642096239746  0.00547079231649  0.00404468531421  0.00216405526502  
0.000543760134714  0.00101696347141  0.00137668885232  0.00161711181224  0.00175948791947  0.0018348008756  0.00187066601897  0.00188615434278  0.00189226009897  0.00189447047057  0.00189520921896  0.00189543821572  0.00189550413323  0.00189552092488  0.00189552092488  0.00189550413323  0.00189543821572  0.00189520921896  0.00189447047057  0.00189226009897  0.00188615434278  0.00187066601897  0.0018348008756  0.00175948791947  0.00161711181224  0.00137668885232  0.00101696347141  0.000543760134714  
0.000129200952074  0.000241760022299  0.000327493371458  0.000384935046003  0.000419042700887  0.000437132611241  0.000445768585742  0.000449506204911  0.000450982392181  0.000451517610721  0.000451696704275  0.000451752267826  0.000451768271042  0.00045177234886  0.00045177234886  0.000451768271042  0.000451752267826  0.000451696704275  0.000451517610721  0.000450982392181  0.000449506204911  0.000445768585742  0.000437132611241  0.000419042700887  0.000384935046003  0.000327493371458  0.000241760022299  0.000129200952074  
2.90919922911e-05  5.44584867264e-05  7.38091332213e-05  8.6799414749e-05  9.45290879863e-05  9.86372886316e-05  0.000100602293773  0.000101454179094  0.00010179110926  0.000101913405659  0.000101954361749  0.00010196707513  0.000101970737782  0.00010197167112  0.00010197167112  0.000101970737782  0.00010196707513  0.000101954361749  0.000101913405659  0.00010179110926  0.000101454179094  0.000100602293773  9.86372886316e-05  9.45290879863e-05  8.6799414749e-05  7.38091332213e-05  5.44584867264e-05  2.90919922911e-05  
6.22028802032e-06  1.16476491562e-05  1.57928456939e-05  1.85798024467e-05  2.02408755534e-05  2.11251368623e-05  2.15487135645e-05  2.17325779835e-05  2.18053723476e-05  2.18318146718e-05  2.18406743735e-05  2.18434252213e-05  2.18442177305e-05  2.1844419649e-05  2.1844419649e-05  2.18442177305e-05  2.18434252213e-05  2.18406743735e-05  2.18318146718e-05  2.18053723476e-05  2.17325779835e-05  2.15487135645e-05  2.11251368623e-05  2.02408755534e-05  1.85798024467e-05  1.57928456939e-05  1.16476491562e-05  6.22028802032e-06  
1.26533644273e-06  2.36994985434e-06  3.21439400818e-06  3.78281132731e-06  4.1220257366e-06  4.30282468575e-06  4.38952469182e-06  4.42719282245e-06  4.44211621715e-06  4.4475394925e-06  4.44935698071e-06  4.44992128192e-06  4.45008381816e-06  4.4501252149e-06  4.4501252149e-06  4.45008381816e-06  4.44992128192e-06  4.44935698071e-06  4.4475394925e-06  4.44211621715e-06  4.42719282245e-06  4.38952469182e-06  4.30282468575e-06  4.1220257366e-06  3.78281132731e-06  3.21439400818e-06  2.36994985434e-06  1.26533644273e-06  
2.45323812188e-07  4.59571874212e-07  6.23474329214e-07  7.33899496087e-07  7.99859891579e-07  8.35047472994e-07  8.51934037515e-07  8.59274926902e-07  8.62184352983e-07  8.63241838674e-07  8.6359621558e-07  8.6370621653e-07  8.637378864e-07  8.63745948176e-07  8.63745948176e-07  8.637378864e-07  8.6370621653e-07  8.6359621558e-07  8.63241838674e-07  8.62184352983e-07  8.59274926902e-07  8.51934037515e-07  8.35047472994e-07  7.99859891579e-07  7.33899496087e-07  6.23474329214e-07  4.59571874212e-07  2.45323812188e-07  
4.54091905439e-08  8.50780709405e-08  1.15441192444e-07  1.35910846936e-07  1.48146167278e-07  1.54677206531e-07  1.57812944619e-07  1.59176525661e-07  1.59717021737e-07  1.59913460944e-07  1.59979272641e-07  1.59999691732e-07  1.60005566834e-07  1.60007061349e-07  1.60007061349e-07  1.60005566834e-07  1.59999691732e-07  1.59979272641e-07  1.59913460944e-07  1.59717021737e-07  1.59176525661e-07  1.57812944619e-07  1.54677206531e-07  1.48146167278e-07  1.35910846936e-07  1.15441192444e-07  8.50780709405e-08  4.54091905439e-08  
8.03721260503e-09  1.50599097665e-08  2.04371710239e-08  2.40639253461e-08  2.623268577e-08  2.73907509316e-08  2.79468978945e-08  2.81887562511e-08  2.82846139881e-08  2.83194428065e-08  2.83311058377e-08  2.83347221603e-08  2.83357618462e-08  2.83360261029e-08  2.83360261029e-08  2.83357618462e-08  2.83347221603e-08  2.83311058377e-08  2.83194428065e-08  2.82846139881e-08  2.81887562511e-08  2.79468978945e-08  2.73907509316e-08  2.623268577e-08  2.40639253461e-08  2.04371710239e-08  1.50599097665e-08  8.03721260503e-09  
1.36229105493e-09  2.55279196156e-09  3.46457325489e-09  4.07970056643e-09  4.44762639143e-09  4.64411808086e-09  4.73848223754e-09  4.77951381717e-09  4.79577124763e-09  4.80167539628e-09  4.80365123182e-09  4.8042633809e-09  4.80443920653e-09  4.80448385318e-09  4.80448385318e-09  4.80443920653e-09  4.8042633809e-09  4.80365123182e-09  4.80167539628e-09  4.79577124763e-09  4.77951381717e-09  4.73848223754e-09  4.64411808086e-09  4.44762639143e-09  4.07970056643e-09  3.46457325489e-09  2.55279196156e-09  1.36229105493e-09  
2.2143326462e-10  4.14958521516e-10  5.63194496994e-10  6.63212983673e-10  7.23040676085e-10  7.54990507033e-10  7.70331604499e-10  7.77000090852e-10  7.79640987876e-10  7.80599455415e-10  7.80919951493e-10  7.81019152303e-10  7.81047614628e-10  7.81054834163e-10  7.81054834163e-10  7.81047614628e-10  7.81019152303e-10  7.80919951493e-10  7.80599455415e-10  7.79640987876e-10  7.77000090852e-10  7.70331604499e-10  7.54990507033e-10  7.23040676085e-10  6.63212983673e-10  5.63194496994e-10  4.14958521516e-10  2.2143326462e-10  
3.4561569094e-11  6.476807796e-11  8.79062730209e-11  1.03518042664e-10  1.12855644679e-10  1.17841203702e-10  1.20234271669e-10  1.21273987448e-10  1.21685478779e-10  1.21834703777e-10  1.21884555087e-10  1.21899968427e-10  1.2190438543e-10  1.21905504488e-10  1.21905504488e-10  1.2190438543e-10  1.21899968427e-10  1.21884555087e-10  1.21834703777e-10  1.21685478779e-10  1.21273987448e-10  1.20234271669e-10  1.17841203702e-10  1.12855644679e-10  1.03518042664e-10  8.79062730209e-11  6.476807796e-11  3.4561569094e-11  
5.18626470513e-12  9.71893795581e-12  1.3190778757e-11  1.55330073296e-11  1.69336144544e-11  1.76811728422e-11  1.80398271603e-11  1.8195553211e-11  1.82571371833e-11  1.82794494929e-11  1.82868953225e-11  1.82891946873e-11  1.82898527471e-11  1.82900192545e-11  1.82900192545e-11  1.82898527471e-11  1.82891946873e-11  1.82868953225e-11  1.82794494929e-11  1.82571371833e-11  1.8195553211e-11  1.80398271603e-11  1.76811728422e-11  1.69336144544e-11  1.55330073296e-11  1.3190778757e-11  9.71893795581e-12  5.18626470513e-12  
7.48868023987e-13  1.40332422313e-12  1.90454673325e-12  2.24261455471e-12  2.44470431429e-12  2.55251674092e-12  2.60420993204e-12  2.62663780534e-12  2.63549916076e-12  2.63870631783e-12  2.6397753041e-12  2.64010498517e-12  2.64019920307e-12  2.64022301018e-12  2.64022301018e-12  2.64019920307e-12  2.64010498517e-12  2.6397753041e-12  2.63870631783e-12  2.63549916076e-12  2.62663780534e-12  2.60420993204e-12  2.55251674092e-12  2.44470431429e-12  2.24261455471e-12  1.90454673325e-12  1.40332422313e-12  7.48868023987e-13  
1.02443517838e-13  1.91963958089e-13  2.60511603571e-13  3.06732401214e-13  3.34350548592e-13  3.49076258722e-13  3.56131895796e-13  3.59190507612e-13  3.60397789842e-13  3.60834247746e-13  3.60979543052e-13  3.61024291541e-13  3.61037061261e-13  3.61040283412e-13  3.61040283412e-13  3.61037061261e-13  3.61024291541e-13  3.60979543052e-13  3.60834247746e-13  3.60397789842e-13  3.59190507612e-13  3.56131895796e-13  3.49076258722e-13  3.34350548592e-13  3.06732401214e-13  2.60511603571e-13  1.91963958089e-13  1.02443517838e-13  
