1000.0  1000.0  1000.0  1000.0  1000.0  1000.0  1000.0  1000.0  1000.0  1000.0  1000.0  1000.0  1000.0  1000.0  1000.0  1000.0  1000.0  1000.0  1000.0  1000.0  1000.0  1000.0  1000.0  1000.0  1000.0  1000.0  1000.0  1000.0  
278.164465425  452.102329086  552.573178206  610.269176351  643.744021231  663.344870772  674.857587568  681.595808948  685.502776641  687.735724823  688.986998798  689.667794122  690.016440387  690.1624397  690.1624397  690.016440387  689.667794122  688.986998798  687.735724823  685.502776641  681.595808948  674.857587568  663.344870772  643.744021231  610.269176351  552.573178206  452.102329086  278.164465425  
174.845748214  308.284285287  398.947975069  457.4246921  494.178199322  516.906125512  530.765597734  539.092570044  544.011784178  546.861829464  548.475140794  549.359557397  549.814947824  550.00629487  550.00629487  549.814947824  549.359557397  548.475140794  546.861829464  544.011784178  539.092570044  530.765597734  516.906125512  494.178199322  457.4246921  398.947975069  308.284285287  174.845748214  
115.421755866  212.118957309  284.595020224  335.347887442  369.353993331  391.423114798  405.375217149  413.987192836  419.179371012  422.234554292  423.984691463  424.952886005  425.454751898  425.666517169  425.666517169  425.454751898  424.952886005  423.984691463  422.234554292  419.179371012  413.987192836  405.375217149  391.423114798  369.353993331  335.347887442  284.595020224  212.118957309  115.421755866  
77.6044168104  145.826379088  200.174388924  240.4968694  268.882407824  288.061387589  300.582516711  308.51024514  313.386820784  316.302249121  317.993473061  318.938342684  319.431734202  319.640903453  319.640903453  319.431734202  318.938342684  317.993473061  316.302249121  313.386820784  308.51024514  300.582516711  288.061387589  268.882407824  240.4968694  200.174388924  145.826379088  77.6044168104  
52.1780999209  99.3073408301  138.348559294  168.521465905  190.577499475  205.975790692  216.309586086  223.003435959  227.198920915  229.745921683  231.241984375  232.086219199  232.530418696  232.719657162  232.719657162  232.530418696  232.086219199  231.241984375  229.745921683  227.198920915  223.003435959  216.309586086  205.975790692  190.577499475  168.521465905  138.348559294  99.3073408301  52.1780999209  
34.6989024776  66.5595835902  93.6460352031  115.200337447  131.414897308  143.036411918  151.018224709  156.292609432  159.654863325  161.725340784  162.95606072  163.657347316  164.029107106  164.188258787  164.188258787  164.029107106  163.657347316  162.95606072  161.725340784  159.654863325  156.292609432  151.018224709  143.036411918  131.414897308  115.200337447  93.6460352031  66.5595835902  34.6989024776  
22.6681533754  43.70447798  61.9101637545  76.7089079147  88.0887684928  96.4183749046  102.250381666  106.170748451  108.70759013  110.29013888  111.241274328  111.788250651  112.080295281  112.205910617  112.205910617  112.080295281  111.788250651  111.241274328  110.29013888  108.70759013  106.170748451  102.250381666  96.4183749046  88.0887684928  76.7089079147  61.9101637545  43.70447798  22.6681533754  
14.484495741  28.0239187175  39.8906978234  49.6901379586  57.3546434115  63.0600652676  67.118865473  69.8873671223  71.7024685151  72.8479628926  73.5433887342  73.946729764  74.1635358418  74.2572047602  74.2572047602  74.1635358418  73.946729764  73.5433887342  72.8479628926  71.7024685151  69.8873671223  67.118865473  63.0600652676  57.3546434115  49.6901379586  39.8906978234  28.0239187175  14.484495741  
9.02696012709  17.5084394802  25.0112328012  31.2812643499  36.2507238378  40.0004802953  42.7034292155  44.5700847014  45.8079062127  46.5971325092  47.0806335181  47.36324796  47.5161055871  47.5824195381  47.5824195381  47.5161055871  47.36324796  47.0806335181  46.5971325092  45.8079062127  44.5700847014  42.7034292155  40.0004802953  36.2507238378  31.2812643499  25.0112328012  17.5084394802  9.02696012709  
5.47658130347  10.641719998  15.2426901651  19.1231390928  22.2310595532  24.6020893294  26.3300008385  27.5358922642  28.3434450996  28.8629993129  29.1838806785  29.3727644677  29.4755061736  29.5202477926  29.5202477926  29.4755061736  29.3727644677  29.1838806785  28.8629993129  28.3434450996  27.5358922642  26.3300008385  24.6020893294  22.2310595532  19.1231390928  15.2426901651  10.641719998  5.47658130347  
3.23044717366  6.28591277888  9.02219064905  11.3466003094  13.2239137505  14.669022817  15.7317971559  16.4801347774  16.9855465464  17.3132934733  17.5171750792  17.6379485459  17.7039800981  17.7328347696  17.7328347696  17.7039800981  17.6379485459  17.5171750792  17.3132934733  16.9855465464  16.4801347774  15.7317971559  14.669022817  13.2239137505  11.3466003094  9.02219064905  6.28591277888  3.23044717366  
1.85117236205  3.60595586351  5.18399952445  6.53219023909  7.62845466049  8.47858425449  9.10857786113  9.55555345784  9.85965098182  10.0582196893  10.1825332791  10.2565902193  10.2972675942  10.3150985536  10.3150985536  10.2972675942  10.2565902193  10.1825332791  10.0582196893  9.85965098182  9.55555345784  9.10857786113  8.47858425449  7.62845466049  6.53219023909  5.18399952445  3.60595586351  1.85117236205  
1.03001620249  2.00810960631  2.89061885806  3.64806209597  4.26738395921  4.75060345925  5.11099988429  5.36835671592  5.54456016361  5.66031539428  5.73319328867  5.77682790494  5.80089478724  5.81147427174  5.81147427174  5.80089478724  5.77682790494  5.73319328867  5.66031539428  5.54456016361  5.36835671592  5.11099988429  4.75060345925  4.26738395921  3.64806209597  2.89061885806  2.00810960631  1.03001620249  
0.556333541906  1.08536487407  1.56398053643  1.97631383317  2.31499988504  2.58061088793  2.77978718598  2.92280704539  3.02126618749  3.0862914936  3.12743483642  3.15217957812  3.16587843996  3.17191553156  3.17191553156  3.16587843996  3.15217957812  3.12743483642  3.0862914936  3.02126618749  2.92280704539  2.77978718598  2.58061088793  2.31499988504  1.97631383317  1.56398053643  1.08536487407  0.556333541906  
0.291658855372  0.569321854996  0.821077115484  1.03864029664  1.21802500802  1.35931217244  1.46575033642  1.54254328407  1.59566200716  1.63090632282  1.65330467554  1.66682951329  1.67434185592  1.67766006453  1.67766006453  1.67434185592  1.66682951329  1.65330467554  1.63090632282  1.59566200716  1.54254328407  1.46575033642  1.35931217244  1.21802500802  1.03864029664  0.821077115484  0.569321854996  0.291658855372  
0.148413777834  0.289838906166  0.418301840077  0.529604523833  0.621669021847  0.694445706047  0.749488331393  0.789363686924  0.817060460167  0.835512254686  0.847284344248  0.854417967893  0.858392089965  0.860151032274  0.860151032274  0.858392089965  0.854417967893  0.847284344248  0.835512254686  0.817060460167  0.789363686924  0.749488331393  0.694445706047  0.621669021847  0.529604523833  0.418301840077  0.289838906166  0.148413777834  
0.07331371629  0.143230083587  0.206835087541  0.262063342644  0.307869199641  0.344191237728  0.371755599626  0.391795512683  0.405765291178  0.415105417994  0.421084862735  0.424719722456  0.426750060398  0.427650320721  0.427650320721  0.426750060398  0.424719722456  0.421084862735  0.415105417994  0.405765291178  0.391795512683  0.371755599626  0.344191237728  0.307869199641  0.262063342644  0.206835087541  0.143230083587  0.07331371629  
0.0351636215492  0.0687199357003  0.0992863410614  0.125875992875  0.1479800356  0.165554312358  0.178930261839  0.18868493893  0.195506430288  0.200081636659  0.203019563663  0.20481052782  0.205813280895  0.206258629402  0.206258629402  0.205813280895  0.20481052782  0.203019563663  0.200081636659  0.195506430288  0.18868493893  0.178930261839  0.165554312358  0.1479800356  0.125875992875  0.0992863410614  0.0687199357003  0.0351636215492  
0.0163798427576  0.0320197357769  0.046281653054  0.058707533726  0.0690575925559  0.0773055277709  0.0835990348298  0.088201068657  0.091428227723  0.0935987215309  0.0949962515398  0.0958503194587  0.0963295187122  0.0965426532962  0.0965426532962  0.0963295187122  0.0958503194587  0.0949962515398  0.0935987215309  0.091428227723  0.088201068657  0.0835990348298  0.0773055277709  0.0690575925559  0.058707533726  0.046281653054  0.0320197357769  0.0163798427576  
0.00741247508132  0.0144934843714  0.0209566447276  0.0265953416595  0.0313000492054  0.0350566758526  0.037929460445  0.0400350931186  0.041515264591  0.0425132327909  0.0431573425764  0.0435518527303  0.0437736216866  0.043872386861  0.043872386861  0.0437736216866  0.0435518527303  0.0431573425764  0.0425132327909  0.041515264591  0.0400350931186  0.037929460445  0.0350566758526  0.0313000492054  0.0265953416595  0.0209566447276  0.0144934843714  0.00741247508132  
0.00325985495131  0.0063752192137  0.00922104154469  0.0117067268611  0.0137837407853  0.0154450682023  0.0167179748905  0.0176528922129  0.0183115136853  0.0187565389445  0.0190443799558  0.0192210297665  0.0193204987192  0.019364849015  0.019364849015  0.0193204987192  0.0192210297665  0.0190443799558  0.0187565389445  0.0183115136853  0.0176528922129  0.0167179748905  0.0154450682023  0.0137837407853  0.0117067268611  0.00922104154469  0.0063752192137  0.00325985495131  
0.00139369844188  0.00272609570929  0.00394406080309  0.00500896562793  0.00589992978158  0.00661365507394  0.00716143385987  0.00756449509269  0.00784897919102  0.00804157367208  0.00816637943884  0.0082431093074  0.00828637992482  0.00830569315413  0.00830569315413  0.00828637992482  0.0082431093074  0.00816637943884  0.00804157367208  0.00784897919102  0.00756449509269  0.00716143385987  0.00661365507394  0.00589992978158  0.00500896562793  0.00394406080309  0.00272609570929  0.00139369844188  
0.000579466026687  0.0011336154747  0.00164047854608  0.00208403376939  0.00245555423186  0.00275356175633  0.00298261962053  0.00315143299346  0.00327078318834  0.00335172111724  0.00340425936295  0.00343661068933  0.00345487931181  0.00346304086764  0.00346304086764  0.00345487931181  0.00343661068933  0.00340425936295  0.00335172111724  0.00327078318834  0.00315143299346  0.00298261962053  0.00275356175633  0.00245555423186  0.00208403376939  0.00164047854608  0.0011336154747  0.000579466026687  
0.000234350059269  0.000458521726778  0.000663672652722  0.000843337613802  0.0009939717839  0.00111494004014  0.00120804141085  0.00127675331433  0.00132540457068  0.00135844783508  0.00137992904744  0.00139317514895  0.00140066416294  0.00140401269415  0.00140401269415  0.00140066416294  0.00139317514895  0.00137992904744  0.00135844783508  0.00132540457068  0.00127675331433  0.00120804141085  0.00111494004014  0.0009939717839  0.000843337613802  0.000663672652722  0.000458521726778  0.000234350059269  
9.2094670369e-05  0.0001802100436  0.000260885943852  0.000331586677255  0.000390914075406  0.000438605896521  0.000475353229095  0.000502507748946  0.000521759658964  0.000534852872096  0.000543376023415  0.000548638297874  0.000551616641617  0.000552949325125  0.000552949325125  0.000551616641617  0.000548638297874  0.000543376023415  0.000534852872096  0.000521759658964  0.000502507748946  0.000475353229095  0.000438605896521  0.000390914075406  0.000331586677255  0.000260885943852  0.0001802100436  9.2094670369e-05  
3.47915451137e-05  6.80863925992e-05  9.85820785868e-05  0.00012532230717  0.000147777277177  0.000165843892479  0.000179778138896  0.000190085853201  0.000197402004102  0.000202383463213  0.000205629909675  0.000207636462203  0.00020877318064  0.000209282140493  0.000209282140493  0.00020877318064  0.000207636462203  0.000205629909675  0.000202383463213  0.000197402004102  0.000190085853201  0.000179778138896  0.000165843892479  0.000147777277177  0.00012532230717  9.85820785868e-05  6.80863925992e-05  3.47915451137e-05  
1.150672391e-05  2.25200632273e-05  3.26104135962e-05  4.14619054451e-05  4.88989299499e-05  5.48864051586e-05  5.95077418816e-05  6.29290515929e-05  6.5359455746e-05  6.70157152427e-05  6.80960381608e-05  6.87643022807e-05  6.91431388532e-05  6.93128427428e-05  6.93128427428e-05  6.91431388532e-05  6.87643022807e-05  6.80960381608e-05  6.70157152427e-05  6.5359455746e-05  6.29290515929e-05  5.95077418816e-05  5.48864051586e-05  4.88989299499e-05  4.14619054451e-05  3.26104135962e-05  2.25200632273e-05  1.150672391e-05  
