1000.0  1000.0  1000.0  1000.0  1000.0  1000.0  1000.0  1000.0  1000.0  1000.0  1000.0  1000.0  1000.0  1000.0  1000.0  1000.0  1000.0  1000.0  1000.0  1000.0  1000.0  1000.0  1000.0  1000.0  1000.0  1000.0  1000.0  1000.0  
199.379124697  303.170601107  347.530859737  364.271043672  369.956057818  371.705294108  372.194936765  372.32009328  372.349419504  372.355743753  372.357003886  372.357236759  372.357276799  372.357283097  372.357283097  372.357276799  372.357236759  372.357003886  372.355743753  372.349419504  372.32009328  372.194936765  371.705294108  369.956057818  364.271043672  347.530859737  303.170601107  199.379124697  
86.4576773777  140.760927415  167.444102757  178.519445405  182.531730683  183.822307223  184.1949431  184.292316207  184.315498673  184.320556511  184.321572962  184.321761988  184.321794638  184.32179979  184.32179979  184.321794638  184.321761988  184.321572962  184.320556511  184.315498673  184.292316207  184.1949431  183.822307223  182.531730683  178.519445405  167.444102757  140.760927415  86.4576773777  
34.498982517  58.2240765829  70.8940008606  76.5008677677  78.6304716992  79.3396168475  79.5496487076  79.6055734054  79.6190751437  79.622051696  79.6226545265  79.6227672743  79.6227868297  79.6227899245  79.6227899245  79.6227868297  79.6227672743  79.6226545265  79.622051696  79.6190751437  79.6055734054  79.5496487076  79.3396168475  78.6304716992  76.5008677677  70.8940008606  58.2240765829  34.498982517  
12.4591464244  21.457196428  26.5194685754  28.8600319852  29.7801366118  30.0947109884  30.1897665001  30.2154641168  30.2217398843  30.2231354285  30.2234198887  30.2234733427  30.223482645  30.2234841204  30.2234841204  30.223482645  30.2234733427  30.2234198887  30.2231354285  30.2217398843  30.2154641168  30.1897665001  30.0947109884  29.7801366118  28.8600319852  26.5194685754  21.457196428  12.4591464244  
4.05479534887  7.06852435459  8.82265972731  9.65885443791  9.99593586034  10.1134984179  10.149577719  10.1594487544  10.1618814928  10.1624261886  10.1625377811  10.1625588272  10.1625624988  10.162563082  10.162563082  10.1625624988  10.1625588272  10.1625377811  10.1624261886  10.1618814928  10.1594487544  10.149577719  10.1134984179  9.99593586034  9.65885443791  8.82265972731  7.06852435459  4.05479534887  
1.19093563046  2.092163518  2.62890526386  2.8903842384  2.99775605056  3.03576996765  3.04757561914  3.05083550701  3.05164459407  3.05182670614  3.05186415781  3.05187123954  3.05187247697  3.05187267369  3.05187267369  3.05187247697  3.05187123954  3.05186415781  3.05182670614  3.05164459407  3.05083550701  3.04757561914  3.03576996765  2.99775605056  2.8903842384  2.62890526386  2.092163518  1.19093563046  
0.316942718273  0.559641549197  0.706510089248  0.779187988412  0.809442928128  0.820276018679  0.82367081225  0.824614805011  0.824850344344  0.824903566021  0.824914540518  0.824916619178  0.824916982703  0.824917040502  0.824917040502  0.824916982703  0.824916619178  0.824914540518  0.824903566021  0.824850344344  0.824614805011  0.82367081225  0.820276018679  0.809442928128  0.779187988412  0.706510089248  0.559641549197  0.316942718273  
0.0768041918987  0.136094466526  0.172382765336  0.190546436893  0.198184922415  0.200943184707  0.20181340439  0.20205664908  0.202117576114  0.202131380089  0.20213423138  0.202134771909  0.202134866454  0.202134881481  0.202134881481  0.202134866454  0.202134771909  0.20213423138  0.202131380089  0.202117576114  0.20205664908  0.20181340439  0.200943184707  0.198184922415  0.190546436893  0.172382765336  0.136094466526  0.0768041918987  
0.0170340038988  0.0302584907538  0.0384188625528  0.0425378472433  0.0442831103413  0.0449172893891  0.0451183651086  0.045174780429  0.0451889485709  0.0451921640302  0.0451928287822  0.0451929548223  0.0451929768586  0.0451929803577  0.0451929803577  0.0451929768586  0.0451929548223  0.0451928287822  0.0451921640302  0.0451889485709  0.045174780429  0.0451183651086  0.0449172893891  0.0442831103413  0.0425378472433  0.0384188625528  0.0302584907538  0.0170340038988  
0.00347472222503  0.00618329314563  0.00786460615276  0.00871849538899  0.00908230284815  0.0092151046371  0.00925736021917  0.00926924592976  0.00927223582269  0.00927291495762  0.00927305538171  0.0092730819949  0.00927308664331  0.00927308738044  0.00927308738044  0.00927308664331  0.0092730819949  0.00927305538171  0.00927291495762  0.00927223582269  0.00926924592976  0.00925736021917  0.0092151046371  0.00908230284815  0.00871849538899  0.00786460615276  0.00618329314563  0.00347472222503  
0.000654942609777  0.00116696370161  0.00148616729603  0.00164900850989  0.00171866528775  0.00174417412279  0.00175230993566  0.00175460195683  0.00175517898991  0.00175531007749  0.00175533717004  0.00175534229961  0.00175534319429  0.00175534333592  0.00175534333592  0.00175534319429  0.00175534229961  0.00175533717004  0.00175531007749  0.00175517898991  0.00175460195683  0.00175230993566  0.00174417412279  0.00171866528775  0.00164900850989  0.00148616729603  0.00116696370161  0.000654942609777  
0.000114555913506  0.000204300807751  0.000260423039919  0.000289145131828  0.000301465333413  0.000305986702795  0.000307430813909  0.000307837951134  0.000307940461827  0.000307963738799  0.000307968544848  0.000307969453494  0.000307969611685  0.000307969636675  0.000307969636675  0.000307969611685  0.000307969453494  0.000307968544848  0.000307963738799  0.000307940461827  0.000307837951134  0.000307430813909  0.000305986702795  0.000301465333413  0.000289145131828  0.000260423039919  0.000204300807751  0.000114555913506  
1.86662074865e-05  3.33112437834e-05  4.24894815104e-05  4.71969603415e-05  4.92198548769e-05  4.99631629652e-05  5.02007275758e-05  5.02677080583e-05  5.02845644337e-05  5.02883882039e-05  5.02891765708e-05  5.02893253477e-05  5.02893511922e-05  5.02893552651e-05  5.02893552651e-05  5.02893511922e-05  5.02893253477e-05  5.02891765708e-05  5.02883882039e-05  5.02845644337e-05  5.02677080583e-05  5.02007275758e-05  4.99631629652e-05  4.92198548769e-05  4.71969603415e-05  4.24894815104e-05  3.33112437834e-05  1.86662074865e-05  
2.84355882911e-06  5.0768027637e-06  6.47844074307e-06  7.19833043276e-06  7.50799719687e-06  7.62184383227e-06  7.6582297762e-06  7.66848337889e-06  7.67106123751e-06  7.67164516886e-06  7.67176534006e-06  7.67178796846e-06  7.67179188946e-06  7.67179250572e-06  7.67179250572e-06  7.67179188946e-06  7.67178796846e-06  7.67176534006e-06  7.67164516886e-06  7.67106123751e-06  7.66848337889e-06  7.6582297762e-06  7.62184383227e-06  7.50799719687e-06  7.19833043276e-06  6.47844074307e-06  5.0768027637e-06  2.84355882911e-06  
4.06294701282e-07  7.2559308637e-07  9.2616911165e-07  1.02926233796e-06  1.07362569273e-06  1.089934395e-06  1.09514389755e-06  1.09661046658e-06  1.09697864789e-06  1.09706189516e-06  1.09707898977e-06  1.09708220064e-06  1.09708275546e-06  1.09708284241e-06  1.09708284241e-06  1.09708275546e-06  1.09708220064e-06  1.09707898977e-06  1.09706189516e-06  1.09697864789e-06  1.09661046658e-06  1.09514389755e-06  1.089934395e-06  1.07362569273e-06  1.02926233796e-06  9.2616911165e-07  7.2559308637e-07  4.06294701282e-07  
5.46101307696e-08  9.75424896255e-08  1.24522947058e-07  1.38393447171e-07  1.44361340589e-07  1.46553976366e-07  1.47253665536e-07  1.47450359912e-07  1.47499650383e-07  1.4751077099e-07  1.47513048889e-07  1.47513475555e-07  1.47513549056e-07  1.47513560538e-07  1.47513560538e-07  1.47513549056e-07  1.47513475555e-07  1.47513048889e-07  1.4751077099e-07  1.47499650383e-07  1.47450359912e-07  1.47253665536e-07  1.46553976366e-07  1.44361340589e-07  1.38393447171e-07  1.24522947058e-07  9.75424896255e-08  5.46101307696e-08  
6.92351266676e-09  1.23671886341e-08  1.57883603434e-08  1.75467659012e-08  1.83028823819e-08  1.85804051022e-08  1.8668840476e-08  1.86936566564e-08  1.86998621127e-08  1.87012586927e-08  1.87015439719e-08  1.87015972448e-08  1.8701606392e-08  1.87016078162e-08  1.87016078162e-08  1.8701606392e-08  1.87015972448e-08  1.87015439719e-08  1.87012586927e-08  1.86998621127e-08  1.86936566564e-08  1.8668840476e-08  1.85804051022e-08  1.83028823819e-08  1.75467659012e-08  1.57883603434e-08  1.23671886341e-08  6.92351266676e-09  
8.29982123477e-10  1.48251898699e-09  1.89250513808e-09  2.10310338415e-09  2.1935725051e-09  2.2267325452e-09  2.23728082313e-09  2.24023457684e-09  2.24097138433e-09  2.24113675437e-09  2.24117043293e-09  2.24117670158e-09  2.2411777742e-09  2.24117794062e-09  2.24117794062e-09  2.2411777742e-09  2.24117670158e-09  2.24117043293e-09  2.24113675437e-09  2.24097138433e-09  2.24023457684e-09  2.23728082313e-09  2.2267325452e-09  2.1935725051e-09  2.10310338415e-09  1.89250513808e-09  1.48251898699e-09  8.29982123477e-10  
9.42927096236e-11  1.68409238691e-10  2.14951313574e-10  2.38836940883e-10  2.49084414925e-10  2.52834129113e-10  2.54024474365e-10  2.54357001966e-10  2.54439726814e-10  2.54458238503e-10  2.54461996355e-10  2.54462693395e-10  2.54462812229e-10  2.54462830597e-10  2.54462830597e-10  2.54462812229e-10  2.54462693395e-10  2.54461996355e-10  2.54458238503e-10  2.54439726814e-10  2.54357001966e-10  2.54024474365e-10  2.52834129113e-10  2.49084414925e-10  2.38836940883e-10  2.14951313574e-10  1.68409238691e-10  9.42927096236e-11  
1.01730872576e-11  1.81664810538e-11  2.31821671394e-11  2.57532119706e-11  2.68545022441e-11  2.72566902151e-11  2.73840689616e-11  2.74195589445e-11  2.74283621779e-11  2.74303258388e-11  2.74307230955e-11  2.74307965141e-11  2.74308089829e-11  2.74308109028e-11  2.74308109028e-11  2.74308089829e-11  2.74307965141e-11  2.74307230955e-11  2.74303258388e-11  2.74283621779e-11  2.74195589445e-11  2.73840689616e-11  2.72566902151e-11  2.68545022441e-11  2.57532119706e-11  2.31821671394e-11  1.81664810538e-11  1.01730872576e-11  
1.04428566915e-12  1.86442667575e-12  2.37855503102e-12  2.64172580409e-12  2.75424705252e-12  2.79524870519e-12  2.808201402e-12  2.81179994447e-12  2.81268976199e-12  2.81288757523e-12  2.8129274495e-12  2.81293479079e-12  2.8129360326e-12  2.81293622305e-12  2.81293622305e-12  2.8129360326e-12  2.81293479079e-12  2.8129274495e-12  2.81288757523e-12  2.81268976199e-12  2.81179994447e-12  2.808201402e-12  2.79524870519e-12  2.75424705252e-12  2.64172580409e-12  2.37855503102e-12  1.86442667575e-12  1.04428566915e-12  
1.02173983998e-13  1.82370650996e-13  2.32587505192e-13  2.5825085193e-13  2.69201006253e-13  2.73181455514e-13  2.74435435285e-13  2.74782753706e-13  2.74868350674e-13  2.74887311896e-13  2.74891119615e-13  2.74891817882e-13  2.7489193551e-13  2.74891953475e-13  2.74891953475e-13  2.7489193551e-13  2.74891817882e-13  2.74891119615e-13  2.74887311896e-13  2.74868350674e-13  2.74782753706e-13  2.74435435285e-13  2.73181455514e-13  2.69201006253e-13  2.5825085193e-13  2.32587505192e-13  1.82370650996e-13  1.02173983998e-13  
9.54379022622e-15  1.7029708537e-14  2.1711191908e-14  2.40993665578e-14  2.51160806018e-14  2.54846939759e-14  2.56004775301e-14  2.56324426589e-14  2.56402930068e-14  2.56420255353e-14  2.56423720918e-14  2.56424353833e-14  2.56424459998e-14  2.56424476144e-14  2.56424476144e-14  2.56424459998e-14  2.56424353833e-14  2.56423720918e-14  2.56420255353e-14  2.56402930068e-14  2.56324426589e-14  2.56004775301e-14  2.54846939759e-14  2.51160806018e-14  2.40993665578e-14  2.1711191908e-14  1.7029708537e-14  9.54379022622e-15  
8.52342949379e-16  1.52039853069e-15  1.93759294299e-15  2.150000253e-15  2.2402097727e-15  2.27282412284e-15  2.28303651058e-15  2.28584632458e-15  2.28653387381e-15  2.28668502595e-15  2.28671513812e-15  2.28672061422e-15  2.28672152875e-15  2.28672166723e-15  2.28672166723e-15  2.28672152875e-15  2.28672061422e-15  2.28671513812e-15  2.28668502595e-15  2.28653387381e-15  2.28584632458e-15  2.28303651058e-15  2.27282412284e-15  2.2402097727e-15  2.150000253e-15  1.93759294299e-15  1.52039853069e-15  8.52342949379e-16  
7.28832086973e-17  1.29961261178e-16  1.65551485634e-16  1.83633494096e-16  1.91293187476e-16  1.94054289898e-16  1.94916029012e-16  1.95152284075e-16  1.95209875574e-16  1.95222485955e-16  1.95224987645e-16  1.95225440612e-16  1.95225515918e-16  1.9522552727e-16  1.9522552727e-16  1.95225515918e-16  1.95225440612e-16  1.95224987645e-16  1.95222485955e-16  1.95209875574e-16  1.95152284075e-16  1.94916029012e-16  1.94054289898e-16  1.91293187476e-16  1.83633494096e-16  1.65551485634e-16  1.29961261178e-16  7.28832086973e-17  
5.97464203842e-18  1.064951077e-17  1.35596913115e-17  1.50349338528e-17  1.56581631186e-17  1.58821231527e-17  1.59517819898e-17  1.5970809248e-17  1.59754292968e-17  1.59764367395e-17  1.59766357383e-17  1.59766716087e-17  1.59766775447e-17  1.59766784354e-17  1.59766784354e-17  1.59766775447e-17  1.59766716087e-17  1.59766357383e-17  1.59764367395e-17  1.59754292968e-17  1.5970809248e-17  1.59517819898e-17  1.58821231527e-17  1.56581631186e-17  1.50349338528e-17  1.35596913115e-17  1.064951077e-17  5.97464203842e-18  
4.67560663714e-19  8.33063701604e-19  1.06020517684e-18  1.17508047573e-18  1.22347405001e-18  1.2408088712e-18  1.24618162364e-18  1.24764364422e-18  1.24799721944e-18  1.24807399578e-18  1.24808909494e-18  1.24809180429e-18  1.24809225055e-18  1.2480923172e-18  1.2480923172e-18  1.24809225055e-18  1.24809180429e-18  1.24808909494e-18  1.24807399578e-18  1.24799721944e-18  1.24764364422e-18  1.24618162364e-18  1.2408088712e-18  1.22347405001e-18  1.17508047573e-18  1.06020517684e-18  8.33063701604e-19  4.67560663714e-19  
