1000.0  1000.0  1000.0  1000.0  1000.0  1000.0  1000.0  1000.0  1000.0  1000.0  1000.0  1000.0  1000.0  1000.0  1000.0  1000.0  1000.0  1000.0  1000.0  1000.0  1000.0  1000.0  1000.0  1000.0  1000.0  1000.0  1000.0  1000.0  
281.858242586  459.356862446  563.136811429  623.797789208  659.834444036  681.57015406  694.799091815  702.868385891  707.771108671  710.721659101  712.469057887  713.474768461  714.017083372  714.252960584  714.252960584  714.017083372  713.474768461  712.469057887  710.721659101  707.771108671  702.868385891  694.799091815  681.57015406  659.834444036  623.797789208  563.136811429  459.356862446  281.858242586  
179.897193184  318.205287672  413.394427254  475.926047681  516.183157908  541.830855759  558.037614793  568.185169511  574.466388173  578.298020261  580.589996662  581.918894811  582.63923255  582.953539815  582.953539815  582.63923255  581.918894811  580.589996662  578.298020261  574.466388173  568.185169511  558.037614793  541.830855759  516.183157908  475.926047681  413.394427254  318.205287672  179.897193184  
121.340649542  223.743665334  301.522419655  357.026721619  395.138383342  420.629046837  437.33194322  448.077573088  454.866058846  459.07175927  461.617409391  463.106645175  463.919110723  464.275028474  464.275028474  463.919110723  463.106645175  461.617409391  459.07175927  454.866058846  448.077573088  437.33194322  420.629046837  395.138383342  357.026721619  301.522419655  223.743665334  121.340649542  
83.8728457096  158.13763194  218.101639505  263.456433582  296.190390095  318.993481603  334.42842583  344.616400757  351.184116083  355.31850513  357.852634525  359.349629552  360.172172772  360.534111908  360.534111908  360.172172772  359.349629552  357.852634525  355.31850513  351.184116083  344.616400757  334.42842583  318.993481603  296.190390095  263.456433582  218.101639505  158.13763194  83.8728457096  
58.323964248  111.377944364  155.925543918  191.032710865  217.352630477  236.304784239  249.496107374  258.406714334  264.260944122  268.003668308  270.326648856  271.712588268  272.479753677  272.818899588  272.818899588  272.479753677  271.712588268  270.326648856  268.003668308  264.260944122  258.406714334  249.496107374  236.304784239  217.352630477  191.032710865  155.925543918  111.377944364  58.323964248  
40.350125451  77.658775466  109.808641085  135.900445684  156.036248823  170.926258751  181.536355046  188.84984456  193.738066173  196.908674811  198.900291778  200.100088967  200.769090972  201.066219472  201.066219472  200.769090972  200.100088967  198.900291778  196.908674811  193.738066173  188.84984456  181.536355046  170.926258751  156.036248823  135.900445684  109.808641085  77.658775466  40.350125451  
27.5803046271  53.3521818861  75.9592894235  94.7024848081  109.491292668  120.662594938  128.779892199  134.473444322  138.337407258  140.876851606  142.489902997  143.470596449  144.02127801  144.266959172  144.266959172  144.02127801  143.470596449  142.489902997  140.876851606  138.337407258  134.473444322  128.779892199  120.662594938  109.491292668  94.7024848081  75.9592894235  53.3521818861  27.5803046271  
18.5420052345  35.9931330487  51.4957419963  64.5536977599  75.0345332952  83.0878473595  89.0350139754  93.2688943565  96.1808859894  98.117384167  99.3600534546  100.122024102  100.552716845  100.745685886  100.745685886  100.552716845  100.122024102  99.3600534546  98.117384167  96.1808859894  93.2688943565  89.0350139754  83.0878473595  75.0345332952  64.5536977599  51.4957419963  35.9931330487  18.5420052345  
12.2239398487  23.7875765875  34.155267113  42.9930345428  50.1819539884  55.7821850389  59.9736042577  62.995467258  65.0981292624  66.5111180017  67.4262290138  67.9917384637  68.3133375917  68.4579997339  68.4579997339  68.3133375917  67.9917384637  67.4262290138  66.5111180017  65.0981292624  62.995467258  59.9736042577  55.7821850389  50.1819539884  42.9930345428  34.155267113  23.7875765875  12.2239398487  
7.88619172184  15.3744466135  22.1348683347  27.9509016859  32.7320124627  36.4982090215  39.348491839  41.4255829093  42.8854578092  43.8755765154  44.5221205438  44.924493571  45.1545963997  45.2584790009  45.2584790009  45.1545963997  44.924493571  44.5221205438  43.8755765154  42.8854578092  41.4255829093  39.348491839  36.4982090215  32.7320124627  27.9509016859  22.1348683347  15.3744466135  7.88619172184  
4.97168119263  9.70591661727  14.0027652195  17.7260587148  20.8127277988  23.2663542192  25.1405592269  26.518836122  27.4960031917  28.1641218634  28.6036086121  28.8788622399  29.0370665908  29.108727041  29.108727041  29.0370665908  28.8788622399  28.6036086121  28.1641218634  27.4960031917  26.518836122  25.1405592269  23.2663542192  20.8127277988  17.7260587148  14.0027652195  9.70591661727  4.97168119263  
3.05975048188  5.97978461216  8.64108854863  10.9603763031  12.8962494007  14.4466371885  15.6401229189  16.5246264684  17.1564437836  17.5915088206  17.879558215  18.0609935384  18.165750642  18.2133442388  18.2133442388  18.165750642  18.0609935384  17.879558215  17.5915088206  17.1564437836  16.5246264684  15.6401229189  14.4466371885  12.8962494007  10.9603763031  8.64108854863  5.97978461216  3.05975048188  
1.83703393974  3.59323370443  5.19913697563  6.60512249753  7.78523023007  8.73622090484  9.47308566203  10.0228047752  10.4180372435  10.6918857631  10.8742413944  10.9896867162  11.0566154531  11.087105143  11.087105143  11.0566154531  10.9896867162  10.8742413944  10.6918857631  10.4180372435  10.0228047752  9.47308566203  8.73622090484  7.78523023007  6.60512249753  5.19913697563  3.59323370443  1.83703393974  
1.07546696477  2.1050474784  3.04904173098  3.87863350162  4.57815633202  5.14479419137  5.58627920551  5.91750823971  6.15699653068  6.32383766566  6.43550315219  6.50651619637  6.54783655059  6.56670606295  6.56670606295  6.54783655059  6.50651619637  6.43550315219  6.32383766566  6.15699653068  5.91750823971  5.58627920551  5.14479419137  4.57815633202  3.87863350162  3.04904173098  2.1050474784  1.07546696477  
0.613761926533  1.20200606163  1.74253628295  2.21903720055  2.62237138053  2.95051376114  3.20738418322  3.40104501082  3.54175382166  3.6402480882  3.70646645069  3.74874734019  3.77342999089  3.78472628296  3.78472628296  3.77342999089  3.74874734019  3.70646645069  3.6402480882  3.54175382166  3.40104501082  3.20738418322  2.95051376114  2.62237138053  2.21903720055  1.74253628295  1.20200606163  0.613761926533  
0.341394477439  0.66890275086  0.970394059859  1.23686100486  1.46313938069  1.64791548765  1.79314145556  1.90309230418  1.98332074267  2.03971529798  2.07778080541  2.10217305159  2.1164544342  2.12300325893  2.12300325893  2.1164544342  2.10217305159  2.07778080541  2.03971529798  1.98332074267  1.90309230418  1.79314145556  1.64791548765  1.46313938069  1.23686100486  0.970394059859  0.66890275086  0.341394477439  
0.185072186096  0.362755857026  0.526573856526  0.671676988507  0.795232206759  0.896444653339  0.976268888546  1.03692475473  1.08134892544  1.11269111814  1.1339212945  1.14756894515  1.15558041211  1.15926056271  1.15926056271  1.15558041211  1.14756894515  1.1339212945  1.11269111814  1.08134892544  1.03692475473  0.976268888546  0.896444653339  0.795232206759  0.671676988507  0.526573856526  0.362755857026  0.185072186096  
0.0977828402872  0.191724008477  0.278445949167  0.355402811295  0.42108419613  0.475034192402  0.517710902581  0.550242660885  0.574146684797  0.591066413398  0.602563149732  0.609974754027  0.614335709483  0.616342103988  0.616342103988  0.614335709483  0.609974754027  0.602563149732  0.591066413398  0.574146684797  0.550242660885  0.517710902581  0.475034192402  0.42108419613  0.355402811295  0.278445949167  0.191724008477  0.0977828402872  
0.0503566416179  0.0987620480683  0.143496579926  0.183256706039  0.217259182164  0.245253844255  0.267456380509  0.284428016483  0.296934427515  0.305812190458  0.311861282969  0.315770843983  0.318076028071  0.31913809192  0.31913809192  0.318076028071  0.315770843983  0.311861282969  0.305812190458  0.296934427515  0.284428016483  0.267456380509  0.245253844255  0.217259182164  0.183256706039  0.143496579926  0.0987620480683  0.0503566416179  
0.0252802107745  0.0495925363662  0.0720822424623  0.0920983322798  0.109245470203  0.123391600127  0.134636323202  0.143252728544  0.149618236589  0.154148359388  0.157242708852  0.159247132582  0.160431210329  0.160977436442  0.160977436442  0.160431210329  0.159247132582  0.157242708852  0.154148359388  0.149618236589  0.143252728544  0.134636323202  0.123391600127  0.109245470203  0.0920983322798  0.0720822424623  0.0495925363662  0.0252802107745  
0.012373941987  0.0242790604909  0.0353006280625  0.0451214973433  0.0535473384071  0.0605108398074  0.0660571013046  0.0703160953916  0.0734695350975  0.0757188146919  0.0772585956179  0.0782580373679  0.0788494311507  0.0791225552395  0.0791225552395  0.0788494311507  0.0782580373679  0.0772585956179  0.0757188146919  0.0734695350975  0.0703160953916  0.0660571013046  0.0605108398074  0.0535473384071  0.0451214973433  0.0353006280625  0.0242790604909  0.012373941987  
0.0059063849236  0.0115910287581  0.0168574881602  0.0215550219714  0.0255905575419  0.0289308798081  0.0315960093639  0.0336464406963  0.0351676284213  0.0362548432241  0.0370005779533  0.037485496979  0.0377728673442  0.0379057187462  0.0379057187462  0.0377728673442  0.037485496979  0.0370005779533  0.0362548432241  0.0351676284213  0.0336464406963  0.0315960093639  0.0289308798081  0.0255905575419  0.0215550219714  0.0168574881602  0.0115910287581  0.0059063849236  
0.00274972023057  0.00539703615524  0.00785111179495  0.0100420371357  0.0119263643781  0.0134881975743  0.0147362483365  0.0156980485613  0.0164128513027  0.0169246476665  0.0172763125796  0.0175053562882  0.0176412744863  0.0177041668436  0.0177041668436  0.0176412744863  0.0175053562882  0.0172763125796  0.0169246476665  0.0164128513027  0.0156980485613  0.0147362483365  0.0134881975743  0.0119263643781  0.0100420371357  0.00785111179495  0.00539703615524  0.00274972023057  
0.00124830990309  0.00245045872446  0.00356545537429  0.00456167106635  0.00541933816501  0.00613107143448  0.00670058507662  0.00714012597177  0.00746730010703  0.00770193003816  0.00786340181307  0.00796872318874  0.00803129828295  0.00806027686723  0.00806027686723  0.00803129828295  0.00796872318874  0.00786340181307  0.00770193003816  0.00746730010703  0.00714012597177  0.00670058507662  0.00613107143448  0.00541933816501  0.00456167106635  0.00356545537429  0.00245045872446  0.00124830990309  
0.000551280992388  0.00108230217797  0.00157505592625  0.00201561688326  0.00239523972494  0.00271059910052  0.00296324322493  0.00315848338372  0.00330401142964  0.00340852288828  0.003480547436  0.00352758663226  0.00355556432551  0.00356853024955  0.00356853024955  0.00355556432551  0.00352758663226  0.003480547436  0.00340852288828  0.00330401142964  0.00315848338372  0.00296324322493  0.00271059910052  0.00239523972494  0.00201561688326  0.00157505592625  0.00108230217797  0.000551280992388  
0.000233042969964  0.000457566119142  0.000665990816312  0.000852445742536  0.00101322882705  0.00114691200043  0.00125411723309  0.00133705519795  0.0013989476068  0.00144344911278  0.00147415378134  0.00149422899129  0.00150618015255  0.00151172221014  0.00151172221014  0.00150618015255  0.00149422899129  0.00147415378134  0.00144344911278  0.0013989476068  0.00133705519795  0.00125411723309  0.00114691200043  0.00101322882705  0.000852445742536  0.000665990816312  0.000457566119142  0.000233042969964  
8.44290252644e-05  0.000165783049282  0.000241325236929  0.00030893252283  0.000367262401233  0.000415791719498  0.000454737347785  0.00048489114424  0.000507412442652  0.000523619662907  0.000534811755995  0.0005421351707  0.000546497851242  0.000548521851214  0.000548521851214  0.000546497851242  0.0005421351707  0.000534811755995  0.000523619662907  0.000507412442652  0.00048489114424  0.000454737347785  0.000415791719498  0.000367262401233  0.00030893252283  0.000241325236929  0.000165783049282  8.44290252644e-05  
