1000.0  1000.0  1000.0  1000.0  1000.0  1000.0  1000.0  1000.0  1000.0  1000.0  1000.0  1000.0  1000.0  1000.0  1000.0  1000.0  1000.0  1000.0  1000.0  1000.0  1000.0  1000.0  1000.0  1000.0  1000.0  1000.0  1000.0  1000.0  
284.573664336  464.704257177  570.956969385  633.86992696  671.894769168  695.33218895  709.973145579  719.178014066  724.965137679  728.581179049  730.80952199  732.143860037  732.889281347  733.221784162  733.221784162  732.889281347  732.143860037  730.80952199  728.581179049  724.965137679  719.178014066  709.973145579  695.33218895  671.894769168  633.86992696  570.956969385  464.704257177  284.573664336  
183.662540036  325.620276109  424.23830533  489.892686639  532.906791288  560.914257867  579.079098699  590.801409251  598.309092056  603.063628065  606.022592082  607.807249267  608.809270897  609.257587588  609.257587588  608.809270897  607.807249267  606.022592082  603.063628065  598.309092056  590.801409251  579.079098699  560.914257867  532.906791288  489.892686639  424.23830533  325.620276109  183.662540036  
125.838705204  232.601571338  314.4764952  373.711302877  415.116565105  443.426338358  462.46851513  475.095517834  483.349307777  488.657667834  492.000238469  494.034032216  495.183071785  495.699115043  495.699115043  495.183071785  494.034032216  492.000238469  488.657667834  483.349307777  475.095517834  462.46851513  443.426338358  415.116565105  373.711302877  314.4764952  232.601571338  125.838705204  
88.7557031073  167.75333951  232.163997712  281.568545793  317.878025622  343.741602475  361.716185849  373.946734144  382.105357419  387.436967058  390.836389877  392.924684191  394.112701273  394.648518434  394.648518434  394.112701273  392.924684191  390.836389877  387.436967058  382.105357419  373.946734144  361.716185849  343.741602475  317.878025622  281.568545793  232.163997712  167.75333951  88.7557031073  
63.2570695768  121.09263038  170.13271357  209.331443668  239.263878426  261.308264288  277.065652615  288.040162358  295.501978191  300.454526223  303.651947669  305.63546215  306.771993318  307.286873022  307.286873022  306.771993318  305.63546215  303.651947669  300.454526223  295.501978191  288.040162358  277.065652615  261.308264288  239.263878426  209.331443668  170.13271357  121.09263038  63.2570695768  
45.048413985  86.911069918  123.339658892  153.328418021  176.905000864  194.740334659  207.794677415  217.074174743  223.493804411  227.816966093  230.641672603  232.410814009  233.431746532  233.896318282  233.896318282  233.431746532  232.410814009  230.641672603  227.816966093  223.493804411  217.074174743  207.794677415  194.740334659  176.905000864  153.328418021  123.339658892  86.911069918  45.048413985  
31.8314504424  61.7239530309  88.2026578212  110.472085471  128.374438661  142.211047635  152.540307954  160.013120642  165.263101905  168.845738342  171.212875547  172.708949898  173.57822047  173.975486322  173.975486322  173.57822047  172.708949898  171.212875547  168.845738342  165.263101905  160.013120642  152.540307954  142.211047635  128.374438661  110.472085471  88.2026578212  61.7239530309  31.8314504424  
22.2151777063  43.2267324174  62.0746512768  78.1795752388  91.3508708586  101.707409839  109.566137277  115.337725865  119.447643672  122.285824776  124.180331448  125.387829231  126.093944611  126.417964467  126.417964467  126.093944611  125.387829231  124.180331448  122.285824776  119.447643672  115.337725865  109.566137277  101.707409839  91.3508708586  78.1795752388  62.0746512768  43.2267324174  22.2151777063  
15.2655796439  29.7775223895  42.9154368201  54.2764435635  63.6934543785  71.2011765833  76.975802774  81.2713162267  84.366262199  86.5262005888  87.9813303041  88.9159652054  89.4657692169  89.7190194615  89.7190194615  89.4657692169  88.9159652054  87.9813303041  86.5262005888  84.366262199  81.2713162267  76.975802774  71.2011765833  63.6934543785  54.2764435635  42.9154368201  29.7775223895  15.2655796439  
10.3064603378  20.1407408732  29.1055294539  36.92945597  43.4836641876  48.7679026757  52.8782261286  55.9690567906  58.2187815361  59.8035132997  60.8799766823  61.5762400631  61.9880467463  62.1783943344  62.1783943344  61.9880467463  61.5762400631  60.8799766823  59.8035132997  58.2187815361  55.9690567906  52.8782261286  48.7679026757  43.4836641876  36.92945597  29.1055294539  20.1407408732  10.3064603378  
6.82609448012  13.3578779261  19.3437713353  24.6056168121  29.0509844147  32.6679268929  35.5077964542  37.6630355794  39.2456176275  40.3695427856  41.138617281  41.639193785  41.9367183924  42.0746784242  42.0746784242  41.9367183924  41.639193785  41.138617281  40.3695427856  39.2456176275  37.6630355794  35.5077964542  32.6679268929  29.0509844147  24.6056168121  19.3437713353  13.3578779261  6.82609448012  
4.43018940929  8.67865393626  12.5882313613  16.0446124214  18.9847020883  21.3949488395  23.3022495441  24.7611252798  25.8405367339  26.6126188705  27.1443838455  27.4924502657  27.7002453665  27.7968750498  27.7968750498  27.7002453665  27.4924502657  27.1443838455  26.6126188705  25.8405367339  24.7611252798  23.3022495441  21.3949488395  18.9847020883  16.0446124214  12.5882313613  8.67865393626  4.43018940929  
2.8152270179  5.51964697285  8.01657774231  10.2342600939  12.1312484618  13.6961051609  14.942610362  15.9024467183  16.617303089  17.1318369531  17.4882628037  17.7227331486  17.8632680363  17.9287889884  17.9287889884  17.8632680363  17.7227331486  17.4882628037  17.1318369531  16.617303089  15.9024467183  14.942610362  13.6961051609  12.1312484618  10.2342600939  8.01657774231  5.51964697285  2.8152270179  
1.75064121054  3.43471668603  4.99374595733  6.38363687307  7.57803523604  8.5684636244  9.36181300515  9.9762190445  10.4364223126  10.7694850868  11.0013793402  11.1546101374  11.2467789627  11.2898500818  11.2898500818  11.2467789627  11.1546101374  11.0013793402  10.7694850868  10.4364223126  9.9762190445  9.36181300515  8.5684636244  7.57803523604  6.38363687307  4.99374595733  3.43471668603  1.75064121054  
1.06487389965  2.09041950279  3.0418975871  3.89278928842  4.62681679304  5.23817057402  5.73020471378  6.11314069197  6.40139034311  6.61101062183  6.75761582135  6.85487456618  6.91356187495  6.94104383339  6.94104383339  6.91356187495  6.85487456618  6.75761582135  6.61101062183  6.40139034311  6.11314069197  5.73020471378  5.23817057402  4.62681679304  3.89278928842  3.0418975871  2.09041950279  1.06487389965  
0.633428102183  1.2440337736  1.81156972223  2.32042522887  2.76081403109  3.1289712432  3.42648020111  3.65901035878  3.83480024934  3.96317883198  4.05332253708  4.11333581659  4.14965139394  4.16668879127  4.16668879127  4.14965139394  4.11333581659  4.05332253708  3.96317883198  3.83480024934  3.65901035878  3.42648020111  3.1289712432  2.76081403109  2.32042522887  1.81156972223  1.2440337736  0.633428102183  
0.368399533041  0.723803482682  1.0546416881  1.3519209822  1.60990701066  1.82626533084  2.00171732353  2.1393560424  2.24380193102  2.32036237673  2.3743105133  2.41033952074  2.43219680892  2.44246818278  2.44246818278  2.43219680892  2.41033952074  2.3743105133  2.32036237673  2.24380193102  2.1393560424  2.00171732353  1.82626533084  1.60990701066  1.3519209822  1.0546416881  0.723803482682  0.368399533041  
0.209470274847  0.41168465379  0.600164215573  0.769839346745  0.917432252834  1.04154854792  1.14250322263  1.22195522644  1.28244612499  1.32693253485  1.35837782512  1.37943723933  1.39224200286  1.39826829247  1.39826829247  1.39224200286  1.37943723933  1.35837782512  1.32693253485  1.28244612499  1.22195522644  1.14250322263  1.04154854792  0.917432252834  0.769839346745  0.600164215573  0.41168465379  0.209470274847  
0.116437747054  0.228905257745  0.33384880036  0.428472147948  0.510946449037  0.580465960847  0.637161053668  0.68190606218  0.71607184535  0.741271125175  0.759132766444  0.771124871223  0.778431181568  0.781874326078  0.781874326078  0.778431181568  0.771124871223  0.759132766444  0.741271125175  0.71607184535  0.68190606218  0.637161053668  0.580465960847  0.510946449037  0.428472147948  0.33384880036  0.228905257745  0.116437747054  
0.0632763553151  0.124424543096  0.18153575135  0.233100999513  0.278123789811  0.316152423066  0.347237061984  0.37183033691  0.390657121926  0.404578727357  0.41447097854  0.421127336816  0.425190130667  0.427107035905  0.427107035905  0.425190130667  0.421127336816  0.41447097854  0.404578727357  0.390657121926  0.37183033691  0.347237061984  0.316152423066  0.278123789811  0.233100999513  0.18153575135  0.124424543096  0.0632763553151  
0.0336193378352  0.0661214448153  0.0965025032282  0.123965802211  0.147980905313  0.168301665257  0.184945319956  0.198141948533  0.208267242126  0.215771586878  0.221115693616  0.224718840721  0.226921635089  0.227962070813  0.227962070813  0.226921635089  0.224718840721  0.221115693616  0.215771586878  0.208267242126  0.198141948533  0.184945319956  0.168301665257  0.147980905313  0.123965802211  0.0965025032282  0.0661214448153  0.0336193378352  
0.0174647768795  0.0343552514744  0.0501546531547  0.0644514349291  0.0769696851214  0.0875788340523  0.0962836229568  0.103198851397  0.108515340236  0.112463670004  0.115280951745  0.117183834982  0.118348860986  0.118899662283  0.118899662283  0.118348860986  0.117183834982  0.115280951745  0.112463670004  0.108515340236  0.103198851397  0.0962836229568  0.0875788340523  0.0769696851214  0.0644514349291  0.0501546531547  0.0343552514744  0.0174647768795  
0.00887034698793  0.0174517018544  0.025483689998  0.0327583464309  0.0391354119919  0.0445474051313  0.0489948812257  0.0525340444356  0.0552598542566  0.0572878719954  0.0587374871705  0.0597181712555  0.0603193719062  0.0606038536125  0.0606038536125  0.0603193719062  0.0597181712555  0.0587374871705  0.0572878719954  0.0552598542566  0.0525340444356  0.0489948812257  0.0445474051313  0.0391354119919  0.0327583464309  0.025483689998  0.0174517018544  0.00887034698793  
0.0044015982359  0.0086609626471  0.0126498026618  0.0162653918068  0.0194380908731  0.0221339213964  0.0243523618146  0.0261203870061  0.0274842562713  0.0285006221994  0.029228256075  0.02972121445  0.0300237720046  0.0301670499601  0.0301670499601  0.0300237720046  0.02972121445  0.029228256075  0.0285006221994  0.0274842562713  0.0261203870061  0.0243523618146  0.0221339213964  0.0194380908731  0.0162653918068  0.0126498026618  0.0086609626471  0.0044015982359  
0.00212514599442  0.0041821076086  0.00610932649191  0.00785740425302  0.0093927060294  0.0106986250654  0.0117745789298  0.0126332085836  0.013296484758  0.0137914649054  0.0141463198447  0.014387030715  0.014534921585  0.014605004139  0.014605004139  0.014534921585  0.014387030715  0.0141463198447  0.0137914649054  0.013296484758  0.0126332085836  0.0117745789298  0.0106986250654  0.0093927060294  0.00785740425302  0.00610932649191  0.0041821076086  0.00212514599442  
0.000977132453404  0.00192309907818  0.0028097409221  0.00361442144453  0.00432167232244  0.00492378277124  0.00542036031939  0.0058170717467  0.00612387979844  0.00635311135908  0.00651763918045  0.00662936215035  0.00669806319201  0.00673063792869  0.00673063792869  0.00669806319201  0.00662936215035  0.00651763918045  0.00635311135908  0.00612387979844  0.0058170717467  0.00542036031939  0.00492378277124  0.00432167232244  0.00361442144453  0.0028097409221  0.00192309907818  0.000977132453404  
0.000377970983002  0.000743936616053  0.00108704398093  0.00139855783822  0.00167249420764  0.00190585036489  0.00209844087833  0.00225241831068  0.00237159844871  0.00246071826258  0.00252473499336  0.00256823810666  0.00259500551468  0.00260770247975  0.00260770247975  0.00259500551468  0.00256823810666  0.00252473499336  0.00246071826258  0.00237159844871  0.00225241831068  0.00209844087833  0.00190585036489  0.00167249420764  0.00139855783822  0.00108704398093  0.000743936616053  0.000377970983002  
