1000.0  1000.0  1000.0  1000.0  1000.0  1000.0  1000.0  1000.0  1000.0  1000.0  1000.0  1000.0  1000.0  1000.0  1000.0  1000.0  1000.0  1000.0  1000.0  1000.0  1000.0  1000.0  1000.0  1000.0  1000.0  1000.0  1000.0  1000.0  
286.844748987  469.185870312  577.532819012  642.376974357  682.135203381  707.086882332  723.015017303  733.283898206  739.925100068  744.204665722  746.928162405  748.611120407  749.577429035  750.016778968  750.016778968  749.577429035  748.611120407  746.928162405  744.204665722  739.925100068  733.283898206  723.015017303  707.086882332  682.135203381  642.376974357  577.532819012  469.185870312  286.844748987  
186.845446515  331.901225638  433.454325825  501.815293875  547.258769019  577.388513558  597.357390564  610.570977977  619.275717655  624.960246827  628.613225716  630.886519828  632.198147339  632.79622689  632.79622689  632.198147339  630.886519828  628.613225716  624.960246827  619.275717655  610.570977977  597.357390564  577.388513558  547.258769019  501.815293875  433.454325825  331.901225638  186.845446515  
129.697900135  240.217075797  325.650726849  388.167252655  432.518139241  463.401216928  484.630855042  499.066116199  508.771431909  515.207503025  519.39165275  522.017989523  523.542476333  524.240132993  524.240132993  523.542476333  522.017989523  519.39165275  515.207503025  508.771431909  499.066116199  484.630855042  463.401216928  432.518139241  388.167252655  325.650726849  240.217075797  129.697900135  
93.0255313388  176.179176495  244.527262087  297.562785419  337.131419158  365.842245128  386.237203678  400.468589792  410.233362913  416.812843178  421.143538999  423.887542876  425.491038292  426.227835315  426.227835315  425.491038292  423.887542876  421.143538999  416.812843178  410.233362913  400.468589792  386.237203678  365.842245128  337.131419158  297.562785419  244.527262087  176.179176495  93.0255313388  
67.6718505786  129.804525745  182.915752374  225.868810313  259.171171907  284.159635989  302.419767699  315.463258824  324.585972231  330.828963888  334.989458096  337.651090524  339.217308129  339.940043624  339.940043624  339.217308129  337.651090524  334.989458096  330.828963888  324.585972231  315.463258824  302.419767699  284.159635989  259.171171907  225.868810313  182.915752374  129.804525745  67.6718505786  
49.368981003  95.4370677534  135.849974556  169.513043076  196.387787186  217.10456711  232.60847486  243.913052513  251.958390998  257.544699633  261.312139315  263.745098101  265.186666448  265.854719346  265.854719346  265.186666448  263.745098101  261.312139315  257.544699633  251.958390998  243.913052513  232.60847486  217.10456711  196.387787186  169.513043076  135.849974556  95.4370677534  49.368981003  
35.8646247876  69.6828448483  99.880900145  125.580340288  146.561631364  163.088230807  175.704365978  185.067826535  191.835653101  196.59767502  199.845065676  201.960985292  203.223039894  203.810317418  203.810317418  203.223039894  201.960985292  199.845065676  196.59767502  191.835653101  185.067826535  175.704365978  163.088230807  146.561631364  125.580340288  99.880900145  69.6828448483  35.8646247876  
25.8244025315  50.3490415556  72.5254086796  91.6999067787  107.626658982  120.390640957  130.296107787  137.759880708  143.228371484  147.122228388  149.80469065  151.567063242  152.62480389  153.118928383  153.118928383  152.62480389  151.567063242  149.80469065  147.122228388  143.228371484  137.759880708  130.296107787  120.390640957  107.626658982  91.6999067787  72.5254086796  50.3490415556  25.8244025315  
18.3727456513  35.9091075191  51.9125255704  65.9162201164  77.7055476176  87.2860303763  94.8229255744  100.575494444  104.84029492  107.909310832  110.043008639  111.455509809  112.308149875  112.707905758  112.707905758  112.308149875  111.455509809  110.043008639  107.909310832  104.84029492  100.575494444  94.8229255744  87.2860303763  77.7055476176  65.9162201164  51.9125255704  35.9091075191  18.3727456513  
12.8864304339  25.2319922264  36.5761435411  46.5944659443  55.1186198733  62.1241170203  67.6979223854  71.998826698  75.2201571789  77.5599510965  79.2000503649  80.2932613305  80.9566340858  81.2686872695  81.2686872695  80.9566340858  80.2932613305  79.2000503649  77.5599510965  75.2201571789  71.998826698  67.6979223854  62.1241170203  55.1186198733  46.5944659443  36.5761435411  25.2319922264  12.8864304339  
8.89632163024  17.4432306991  25.3384246333  32.3611870395  38.3874084525  43.3856901554  47.4000821076  50.5265199828  52.8889515632  54.6189554695  55.8404797987  56.6597169325  57.1592020888  57.3948718353  57.3948718353  57.1592020888  56.6597169325  55.8404797987  54.6189554695  52.8889515632  50.5265199828  47.4000821076  43.3856901554  38.3874084525  32.3611870395  25.3384246333  17.4432306991  8.89632163024  
6.03806018616  11.8516134994  17.2441137569  22.0682053263  26.2361911832  29.7194098358  32.5390796648  34.752424582  36.4376936068  37.6806623844  38.5639757843  39.1596523246  39.5243851059  39.6969445684  39.6969445684  39.5243851059  39.1596523246  38.5639757843  37.6806623844  36.4376936068  34.752424582  32.5390796648  29.7194098358  26.2361911832  22.0682053263  17.2441137569  11.8516134994  6.03806018616  
4.02545694419  7.90791598623  11.5210600771  14.7682621453  17.5895608132  19.9621430664  21.8955092087  23.4233680697  24.5943902675  25.4634909481  26.0846425477  26.5055817992  26.7643085012  26.887015089  26.887015089  26.7643085012  26.5055817992  26.0846425477  25.4634909481  24.5943902675  23.4233680697  21.8955092087  19.9621430664  17.5895608132  14.7682621453  11.5210600771  7.90791598623  4.02545694419  
2.63440073745  5.17873704469  7.55289482834  9.69462697777  11.5640597583  13.1444073127  14.439430829  15.4687391825  16.2621639419  16.8542505354  17.2795503424  17.5690221527  17.7475509213  17.8324077188  17.8324077188  17.7475509213  17.5690221527  17.2795503424  16.8542505354  16.2621639419  15.4687391825  14.439430829  13.1444073127  11.5640597583  9.69462697777  7.55289482834  5.17873704469  2.63440073745  
1.69156170903  3.32713810889  4.8566544944  6.24072145103  7.45347534776  8.48321373641  9.33106798952  10.0082994706  10.5329245953  10.9263011756  11.2101222541  11.4040469635  11.5240120343  11.5811446571  11.5811446571  11.5240120343  11.4040469635  11.2101222541  10.9263011756  10.5329245953  10.0082994706  9.33106798952  8.48321373641  7.45347534776  6.24072145103  4.8566544944  3.32713810889  1.69156170903  
1.06531745628  2.09633765942  3.06224850216  3.93857185026  4.70891605816  5.36545413536  5.90823519216  6.34364185557  6.68239279159  6.93746607497  7.12222372319  7.24889560175  7.32746943432  7.36495527908  7.36495527908  7.32746943432  7.24889560175  7.12222372319  6.93746607497  6.68239279159  6.34364185557  5.90823519216  5.36545413536  4.70891605816  3.93857185026  3.06224850216  2.09633765942  1.06531745628  
0.657876616448  1.29506976166  1.89293080589  2.43652486945  2.91569084919  3.32537099414  3.66525666058  3.93891647217  4.15263038763  4.31414881098  4.43154773235  4.51228330521  4.56248412341  4.58647128453  4.58647128453  4.56248412341  4.51228330521  4.43154773235  4.31414881098  4.15263038763  3.93891647217  3.66525666058  3.32537099414  2.91569084919  2.43652486945  1.89293080589  1.29506976166  0.657876616448  
0.398297156398  0.784325756759  1.14699139183  1.4773498314  1.76923607745  2.01947887691  2.22772017651  2.39592748224  2.52772295434  2.62765487282  2.70051317581  2.75075396553  2.78206064692  2.79704063165  2.79704063165  2.78206064692  2.75075396553  2.70051317581  2.62765487282  2.52772295434  2.39592748224  2.22772017651  2.01947887691  1.76923607745  1.4773498314  1.14699139183  0.784325756759  0.398297156398  
0.23638369045  0.465614455015  0.681207929245  0.877907445652  1.05205040372  1.20170207233  1.32656453087  1.42770701957  1.50718554735  1.56762261795  1.61180621326  1.64234742241  1.66141524912  1.67055043829  1.67055043829  1.66141524912  1.64234742241  1.61180621326  1.56762261795  1.50718554735  1.42770701957  1.32656453087  1.20170207233  1.05205040372  0.877907445652  0.681207929245  0.465614455015  0.23638369045  
0.137513760354  0.270930429113  0.396528124669  0.511275540186  0.613041386851  0.700675019881  0.773961034377  0.833471991624  0.880356013915  0.916098577424  0.942292177187  0.960437090074  0.971784993494  0.977227726679  0.977227726679  0.971784993494  0.960437090074  0.942292177187  0.916098577424  0.880356013915  0.833471991624  0.773961034377  0.700675019881  0.613041386851  0.511275540186  0.396528124669  0.270930429113  0.137513760354  
0.078410682283  0.154516748685  0.226220938734  0.291808351874  0.350063971647  0.400319823162  0.4424326099  0.476704336102  0.503765559123  0.524442752712  0.539628575454  0.550168388225  0.556770169012  0.55993971546  0.55993971546  0.556770169012  0.550168388225  0.539628575454  0.524442752712  0.503765559123  0.476704336102  0.4424326099  0.400319823162  0.350063971647  0.291808351874  0.226220938734  0.154516748685  0.078410682283  
0.0438200701212  0.0863675231591  0.12648249337  0.163213356598  0.195881453121  0.224107938709  0.247802912773  0.267123232963  0.282409381157  0.294112924096  0.302724856059  0.308712307123  0.312467810744  0.314272464786  0.314272464786  0.312467810744  0.308712307123  0.302724856059  0.294112924096  0.282409381157  0.267123232963  0.247802912773  0.224107938709  0.195881453121  0.163213356598  0.12648249337  0.0863675231591  0.0438200701212  
0.0239939360414  0.0472983636101  0.0692840459707  0.0894332121723  0.107374527051  0.122897999176  0.135949768135  0.146610019006  0.155059415256  0.161540150135  0.16631713943  0.169643456621  0.171732394327  0.172737011594  0.172737011594  0.171732394327  0.169643456621  0.16631713943  0.161540150135  0.155059415256  0.146610019006  0.135949768135  0.122897999176  0.107374527051  0.0894332121723  0.0692840459707  0.0472983636101  0.0239939360414  
0.0128540422449  0.0253421182806  0.0371298780411  0.0479415083794  0.0575782432466  0.0659264334698  0.0729550849525  0.0787044892295  0.0832687057185  0.0867750609177  0.0893635693706  0.0911684713194  0.0923032019258  0.0928493111053  0.0928493111053  0.0923032019258  0.0911684713194  0.0893635693706  0.0867750609177  0.0832687057185  0.0787044892295  0.0729550849525  0.0659264334698  0.0575782432466  0.0479415083794  0.0371298780411  0.0253421182806  0.0128540422449  
0.00669594231826  0.0132027724642  0.0193475515572  0.0249873138691  0.0300186073435  0.034381729839  0.0380595889265  0.0410719816304  0.0434666754156  0.0453088935911  0.0466706933548  0.0476213775801  0.0482196409647  0.0485077463907  0.0485077463907  0.0482196409647  0.0476213775801  0.0466706933548  0.0453088935911  0.0434666754156  0.0410719816304  0.0380595889265  0.034381729839  0.0300186073435  0.0249873138691  0.0193475515572  0.0132027724642  0.00669594231826  
0.00330175827075  0.00651087581406  0.00954256997149  0.0123266320755  0.014812090661  0.0169693118749  0.0187894922662  0.0202819175809  0.0214696467527  0.0223843934604  0.0230613288668  0.0235343668855  0.023832283319  0.0239758246815  0.0239758246815  0.023832283319  0.0235343668855  0.0230613288668  0.0223843934604  0.0214696467527  0.0202819175809  0.0187894922662  0.0169693118749  0.014812090661  0.0123266320755  0.00954256997149  0.00651087581406  0.00330175827075  
0.00134618026841  0.00265475893911  0.00389130604932  0.00502727691915  0.00604190187313  0.00692304553263  0.00766701495977  0.00827746382373  0.00876365535702  0.00913839398743  0.00941591779003  0.00960998017911  0.00973226564361  0.00979120576209  0.00979120576209  0.00973226564361  0.00960998017911  0.00941591779003  0.00913839398743  0.00876365535702  0.00827746382373  0.00766701495977  0.00692304553263  0.00604190187313  0.00502727691915  0.00389130604932  0.00265475893911  0.00134618026841  
