1000.0  1000.0  1000.0  1000.0  1000.0  1000.0  1000.0  1000.0  1000.0  1000.0  1000.0  1000.0  1000.0  1000.0  1000.0  1000.0  1000.0  1000.0  1000.0  1000.0  1000.0  1000.0  1000.0  1000.0  1000.0  1000.0  1000.0  1000.0  
262.165944558  420.946194966  507.805940661  553.909308604  578.009548904  590.402876374  596.638917399  599.692273858  601.140461316  601.803576314  602.095977147  602.219757546  602.269415903  602.286537476  602.286537476  602.269415903  602.219757546  602.095977147  601.803576314  601.140461316  599.692273858  596.638917399  590.402876374  578.009548904  553.909308604  507.805940661  420.946194966  262.165944558  
153.90810424  267.506261067  340.348040149  383.638388346  408.10327459  421.375829118  428.306540605  431.789850255  433.47330285  434.254865801  434.603085603  434.751663079  434.811625958  434.832384145  434.832384145  434.811625958  434.751663079  434.603085603  434.254865801  433.47330285  431.789850255  428.306540605  421.375829118  408.10327459  383.638388346  340.348040149  267.506261067  153.90810424  
92.3271863626  167.135142046  219.939970123  253.919336284  274.340489793  285.945384742  292.219629898  295.45647784  297.052107425  297.804229928  298.143302119  298.289314588  298.348662011  298.369307585  298.369307585  298.348662011  298.289314588  298.143302119  297.804229928  297.052107425  295.45647784  292.219629898  285.945384742  274.340489793  253.919336284  219.939970123  167.135142046  92.3271863626  
54.9316337411  101.657922719  136.677299011  160.504343758  175.51513009  184.37758853  189.316999759  191.927194407  193.238601437  193.866154268  194.152499914  194.277003484  194.32799378  194.345825967  194.345825967  194.32799378  194.277003484  194.152499914  193.866154268  193.238601437  191.927194407  189.316999759  184.37758853  175.51513009  160.504343758  136.677299011  101.657922719  54.9316337411  
31.8597879462  59.7189148473  81.4207558492  96.7807544778  106.810103966  112.916406721  116.408259097  118.292979005  119.256460852  119.724110691  119.939990245  120.034752115  120.073857701  120.087606911  120.087606911  120.073857701  120.034752115  119.939990245  119.724110691  119.256460852  118.292979005  116.408259097  112.916406721  106.810103966  96.7807544778  81.4207558492  59.7189148473  31.8597879462  
17.8363787868  33.6980554045  46.3770493934  55.6086439326  61.8028436688  65.6678288872  67.925682999  69.1667490224  69.8110169802  70.1277902594  70.2756102594  70.3410839034  70.3683010202  70.3779201169  70.3779201169  70.3683010202  70.3410839034  70.2756102594  70.1277902594  69.8110169802  69.1667490224  67.925682999  65.6678288872  61.8028436688  55.6086439326  46.3770493934  33.6980554045  17.8363787868  
9.58454540579  18.201700082  25.2136923958  30.4258358398  33.9967692319  36.2689223055  37.6198429087  38.3739688134  38.7707301935  38.9680642488  39.061056507  39.1025889815  39.119972025  39.1261456685  39.1261456685  39.119972025  39.1025889815  39.061056507  38.9680642488  38.7707301935  38.3739688134  37.6198429087  36.2689223055  33.9967692319  30.4258358398  25.2136923958  18.201700082  9.58454540579  
4.92803875692  9.39187578999  13.0706622688  15.8475860792  17.7810301593  19.0306441624  19.7844450835  20.2107644841  20.4376638515  20.5516603925  20.605853338  20.6302400404  20.6405108814  20.6441751083  20.6441751083  20.6405108814  20.6302400404  20.605853338  20.5516603925  20.4376638515  20.2107644841  19.7844450835  19.0306441624  17.7810301593  15.8475860792  13.0706622688  9.39187578999  4.92803875692  
2.42051057217  4.62468391268  6.45821265199  7.8584837756  8.84579115854  9.49196759785  9.88643369629  10.1119891048  10.2332298424  10.2946809008  10.3241214609  10.3374592233  10.3431084641  10.3451321824  10.3451321824  10.3431084641  10.3374592233  10.3241214609  10.2946809008  10.2332298424  10.1119891048  9.88643369629  9.49196759785  8.84579115854  7.8584837756  6.45821265199  4.62468391268  2.42051057217  
1.13494609864  2.17249206506  3.04163009434  3.71138656484  4.1883465986  4.50369580993  4.6981087665  4.81030442387  4.87112414279  4.90218687555  4.91717031583  4.92399913752  4.92690616678  4.92795140299  4.92795140299  4.92690616678  4.92399913752  4.91717031583  4.90218687555  4.87112414279  4.81030442387  4.6981087665  4.50369580993  4.1883465986  3.71138656484  3.04163009434  2.17249206506  1.13494609864  
0.507984708425  0.973743509423  1.36600414332  1.67041396044  1.8889275801  2.0346009634  2.1251442695  2.17780427312  2.20655741266  2.22133983983  2.22851282902  2.23179926599  2.23320460278  2.23371156782  2.23371156782  2.23320460278  2.23179926599  2.22851282902  2.22133983983  2.20655741266  2.17780427312  2.1251442695  2.0346009634  1.8889275801  1.67041396044  1.36600414332  0.973743509423  0.507984708425  
0.217110182012  0.416625987884  0.585364157096  0.717045024442  0.812177831763  0.876030223086  0.915988020096  0.93938025863  0.952231751066  0.958876622414  0.962117708551  0.9636095653  0.964250046231  0.964481771928  0.964481771928  0.964250046231  0.9636095653  0.962117708551  0.958876622414  0.952231751066  0.93938025863  0.915988020096  0.876030223086  0.812177831763  0.717045024442  0.585364157096  0.416625987884  0.217110182012  
0.0886597862002  0.170280331941  0.239540207448  0.293832712442  0.333261905737  0.359875005625  0.376623810359  0.386483423799  0.391928810796  0.394758204222  0.396144488445  0.396785179434  0.397061201479  0.397161324148  0.397161324148  0.397061201479  0.396785179434  0.396144488445  0.394758204222  0.391928810796  0.386483423799  0.376623810359  0.359875005625  0.333261905737  0.293832712442  0.239540207448  0.170280331941  0.0886597862002  
0.0346201421642  0.066537053987  0.0936930628266  0.115058255511  0.130641185861  0.141208021589  0.147889936827  0.151841925543  0.154034426388  0.155178465623  0.155741189904  0.156002181831  0.156114966549  0.156155970239  0.156155970239  0.156114966549  0.156002181831  0.155741189904  0.155178465623  0.154034426388  0.151841925543  0.147889936827  0.141208021589  0.130641185861  0.115058255511  0.0936930628266  0.066537053987  0.0346201421642  
0.0129382065818  0.0248799210592  0.0350624880715  0.0430976638419  0.0489790493988  0.0529827377789  0.0555246334705  0.0570340312895  0.0578746529614  0.0583148867125  0.0585321601572  0.058633242085  0.0586770402363  0.0586929949426  0.0586929949426  0.0586770402363  0.058633242085  0.0585321601572  0.0583148867125  0.0578746529614  0.0570340312895  0.0555246334705  0.0529827377789  0.0489790493988  0.0430976638419  0.0350624880715  0.0248799210592  0.0129382065818  
0.00463211543624  0.00891149631584  0.0125670026225  0.0154587292218  0.0175816058537  0.0190314399464  0.0199550467248  0.0205053548954  0.0208128475717  0.0209743870699  0.0210543468635  0.0210916458564  0.0211078448222  0.0211137559352  0.0211137559352  0.0211078448222  0.0210916458564  0.0210543468635  0.0209743870699  0.0208128475717  0.0205053548954  0.0199550467248  0.0190314399464  0.0175816058537  0.0154587292218  0.0125670026225  0.00891149631584  0.00463211543624  
0.00159029575127  0.00306063137931  0.00431846991242  0.00531553968984  0.00604932086078  0.00655183650765  0.0068728805936  0.00706472016149  0.00717221632878  0.0072288412137  0.00725694052465  0.00727007834073  0.00727579557958  0.00727788495846  0.00727788495846  0.00727579557958  0.00727007834073  0.00725694052465  0.0072288412137  0.00717221632878  0.00706472016149  0.0068728805936  0.00655183650765  0.00604932086078  0.00531553968984  0.00431846991242  0.00306063137931  0.00159029575127  
0.000524094373945  0.00100896709071  0.00142427512514  0.00175404857049  0.0019972456782  0.00216418004427  0.00227109005983  0.00233513155187  0.00237110362354  0.00239009623444  0.00239954153341  0.00240396646748  0.00240589542471  0.00240660127509  0.00240660127509  0.00240589542471  0.00240396646748  0.00239954153341  0.00239009623444  0.00237110362354  0.00233513155187  0.00227109005983  0.00216418004427  0.0019972456782  0.00175404857049  0.00142427512514  0.00100896709071  0.000524094373945  
0.000165964015305  0.000319590303968  0.000451311262923  0.000556054307137  0.000633434120459  0.000686652880237  0.000720806417854  0.000741308143644  0.000752847760239  0.000758952560764  0.00076199422413  0.00076342161599  0.000764044782811  0.000764273065611  0.000764273065611  0.000764044782811  0.00076342161599  0.00076199422413  0.000758952560764  0.000752847760239  0.000741308143644  0.000720806417854  0.000686652880237  0.000633434120459  0.000556054307137  0.000451311262923  0.000319590303968  0.000165964015305  
5.05505781976e-05  9.7364307653e-05  0.000137537614223  0.000169521694602  0.000193185129921  0.000209486892227  0.000219967068776  0.000226269378169  0.000229822956901  0.000231706091155  0.000232645839618  0.000233087487291  0.000233280544753  0.000233351333173  0.000233351333173  0.000233280544753  0.000233087487291  0.000232645839618  0.000231706091155  0.000229822956901  0.000226269378169  0.000219967068776  0.000209486892227  0.000193185129921  0.000169521694602  0.000137537614223  9.7364307653e-05  5.05505781976e-05  
1.48242536125e-05  2.85578473066e-05  4.03519256715e-05  4.97514030689e-05  5.67142948684e-05  6.151777456e-05  6.46104733048e-05  6.64731119879e-05  6.75249424556e-05  6.80831379882e-05  6.83620731879e-05  6.84933244027e-05  6.85507595767e-05  6.85718359401e-05  6.85718359401e-05  6.85507595767e-05  6.84933244027e-05  6.83620731879e-05  6.80831379882e-05  6.75249424556e-05  6.64731119879e-05  6.46104733048e-05  6.151777456e-05  5.67142948684e-05  4.97514030689e-05  4.03519256715e-05  2.85578473066e-05  1.48242536125e-05  
4.18957892233e-06  8.07215435026e-06  1.14084565179e-05  1.40696657272e-05  1.60431005573e-05  1.74061284229e-05  1.82848166519e-05  1.88147055751e-05  1.91143134043e-05  1.92735058455e-05  1.9353146352e-05  1.93906595208e-05  1.94070898299e-05  1.9413123027e-05  1.9413123027e-05  1.94070898299e-05  1.93906595208e-05  1.9353146352e-05  1.92735058455e-05  1.91143134043e-05  1.88147055751e-05  1.82848166519e-05  1.74061284229e-05  1.60431005573e-05  1.40696657272e-05  1.14084565179e-05  8.07215435026e-06  4.18957892233e-06  
1.14214961778e-06  2.20088821114e-06  3.11113222779e-06  3.8377173653e-06  4.3769998727e-06  4.74984916628e-06  4.99046606316e-06  5.13572654523e-06  5.21794696228e-06  5.26167827357e-06  5.28357690905e-06  5.2939007149e-06  5.29842573496e-06  5.30008820596e-06  5.30008820596e-06  5.29842573496e-06  5.2939007149e-06  5.28357690905e-06  5.26167827357e-06  5.21794696228e-06  5.13572654523e-06  4.99046606316e-06  4.74984916628e-06  4.3769998727e-06  3.8377173653e-06  3.11113222779e-06  2.20088821114e-06  1.14214961778e-06  
3.00621183541e-07  5.79350674076e-07  8.19090312312e-07  1.01057464402e-06  1.15280342806e-06  1.25122039158e-06  1.31479022281e-06  1.35320223908e-06  1.37496361797e-06  1.38654785597e-06  1.39235325927e-06  1.39509205478e-06  1.39629320485e-06  1.39673468942e-06  1.39673468942e-06  1.39629320485e-06  1.39509205478e-06  1.39235325927e-06  1.38654785597e-06  1.37496361797e-06  1.35320223908e-06  1.31479022281e-06  1.25122039158e-06  1.15280342806e-06  1.01057464402e-06  8.19090312312e-07  5.79350674076e-07  3.00621183541e-07  
7.64517155971e-08  1.47349427532e-07  2.08351735793e-07  2.57100211612e-07  2.93331719294e-07  3.18420170025e-07  3.34637455984e-07  3.44444125364e-07  3.5000393728e-07  3.52965646917e-07  3.54450839975e-07  3.55151896432e-07  3.55459500469e-07  3.55572597809e-07  3.55572597809e-07  3.55459500469e-07  3.55151896432e-07  3.54450839975e-07  3.52965646917e-07  3.5000393728e-07  3.44444125364e-07  3.34637455984e-07  3.18420170025e-07  2.93331719294e-07  2.57100211612e-07  2.08351735793e-07  1.47349427532e-07  7.64517155971e-08  
1.87587110261e-08  3.61573603644e-08  5.11321089526e-08  6.3103847781e-08  7.20062301285e-08  7.81742332637e-08  8.21636901856e-08  8.45776152734e-08  8.59469837148e-08  8.66768501395e-08  8.70430350429e-08  8.7215959893e-08  8.72918608437e-08  8.73197741284e-08  8.73197741284e-08  8.72918608437e-08  8.7215959893e-08  8.70430350429e-08  8.66768501395e-08  8.59469837148e-08  8.45776152734e-08  8.21636901856e-08  7.81742332637e-08  7.20062301285e-08  6.3103847781e-08  5.11321089526e-08  3.61573603644e-08  1.87587110261e-08  
4.24739209231e-09  8.18730800866e-09  1.15791140826e-08  1.42916114565e-08  1.63094658944e-08  1.7708150733e-08  1.86132377395e-08  1.91611379083e-08  1.94720878309e-08  1.96378901067e-08  1.97211054689e-08  1.97604143919e-08  1.9777672067e-08  1.97840197096e-08  1.97840197096e-08  1.9777672067e-08  1.97604143919e-08  1.97211054689e-08  1.96378901067e-08  1.94720878309e-08  1.91611379083e-08  1.86132377395e-08  1.7708150733e-08  1.63094658944e-08  1.42916114565e-08  1.15791140826e-08  8.18730800866e-09  4.24739209231e-09  
