0.00370361487149  0.00901034194379  0.0178584010067  0.0327931383879  0.0570833405699  0.0945498416284  0.148963875644  0.222940531219  0.316435638071  0.425236104116  0.540107336076  0.647333681135  0.731064963418  0.777135112144  
0.00901034194379  0.0219436175188  0.0435572163305  0.0801283301963  0.139765948819  0.232021988848  0.366436642849  0.549805902659  0.782401817529  1.05408473248  1.34197312072  1.6115957716  1.82271096128  1.9390781235  
0.0178584010067  0.0435572163305  0.0866465997716  0.159814390325  0.279592353404  0.465674615296  0.738072714197  1.11159448382  1.58799591936  2.14762029306  2.74395968011  3.30536164831  3.74682513864  3.99085850212  
0.0327931383879  0.0801283301963  0.159814390325  0.295710761498  0.519235682186  0.868342650408  1.3824243652  2.09198051317  3.00340564171  4.08205034656  5.24010396802  6.33802211798  7.20652072156  7.68855709781  
0.0570833405699  0.139765948819  0.279592353404  0.519235682186  0.915582094971  1.53848006784  2.46224612065  3.74742640055  5.41275238902  7.40220966631  9.55887428533  11.6227014853  13.2684907343  14.1871002425  
0.0945498416284  0.232021988848  0.465674615296  0.868342650408  1.53848006784  2.59924947635  4.18545367224  6.41323933082  9.33095946108  12.8577306646  16.7287286603  20.4792068163  23.5033016781  25.2047929823  
0.148963875644  0.366436642849  0.738072714197  1.3824243652  2.46224612065  4.18545367224  6.78697167846  10.4818497923  15.3840284701  21.3969693184  28.1035393823  34.7100524371  40.1203322615  43.2004589311  
0.222940531219  0.549805902659  1.11159448382  2.09198051317  3.74742640055  6.41323933082  10.4818497923  16.336433775  24.2258633546  34.0810772187  45.3039671739  56.6112572942  66.0795632714  71.5681395846  
0.316435638071  0.782401817529  1.58799591936  3.00340564171  5.41275238902  9.33095946108  15.3840284701  24.2258633546  36.3630874145  51.8700061012  70.0102319495  88.8589867609  105.165950462  114.896467581  
0.425236104116  1.05408473248  2.14762029306  4.08205034656  7.40220966631  12.8577306646  21.3969693184  34.0810772187  51.8700061012  75.2282091106  103.511728854  134.168104152  162.014212976  179.458132922  
0.540107336076  1.34197312072  2.74395968011  5.24010396802  9.55887428533  16.7287286603  28.1035393823  45.3039671739  70.0102319495  103.511728854  145.869260568  194.488260673  242.003579572  274.40307589  
0.647333681135  1.6115957716  3.30536164831  6.33802211798  11.6227014853  20.4792068163  34.7100524371  56.6112572942  88.8589867609  134.168104152  194.488260673  269.140136237  350.48304338  414.989223088  
0.731064963418  1.82271096128  3.74682513864  7.20652072156  13.2684907343  23.5033016781  40.1203322615  66.0795632714  105.165950462  162.014212976  242.003579572  350.48304338  488.518671515  631.883336149  
0.777135112144  1.9390781235  3.99085850212  7.68855709781  14.1871002425  25.2047929823  43.2004589311  71.5681395846  114.896467581  179.458132922  274.40307589  414.989223088  631.883336149  1000.0  
