0.321378946857  0.667792765035  1.06272410014  1.52633781638  2.0733628402  2.71062655255  3.43445035967  4.22835142166  5.06171471082  5.89022155606  6.65874076416  7.30700612184  7.77768813942  8.02554447865  
0.667792765035  1.38846549862  2.21178368555  3.18080924163  4.32751201853  5.66755270921  7.19463353663  8.8753251554  10.6457839398  12.4121103594  14.05603075  15.4468504015  16.4590753809  16.9929264107  
1.06272410014  2.21178368555  3.52885908138  5.08548876266  6.93614482608  9.10971746254  11.5999304096  14.3560673035  17.2763171041  20.2068073595  22.9495804322  25.2818292918  26.9861497436  27.887419836  
1.52633781638  3.18080924163  5.08548876266  7.349004804  10.0567881783  13.2585203016  16.9532834803  21.0741950692  25.4758516834  29.9294572086  34.131469612  37.7309518392  40.3772413262  41.7822659005  
2.0733628402  4.32751201853  6.93614482608  10.0567881783  13.8180604495  18.3023120804  23.5238386935  29.4045839496  35.7516052525  42.2434322174  48.4351593561  53.7930553595  57.7657376391  59.8872164562  
2.71062655255  5.66755270921  9.10971746254  13.2585203016  18.3023120804  24.3737272373  31.5192485296  39.6624212975  48.5653392035  57.7977362248  66.7290267409  74.5640461244  80.4427544771  83.6083000753  
3.43445035967  7.19463353663  11.5999304096  16.9532834803  23.5238386935  31.5192485296  41.045514883  52.054108834  64.2797037431  77.1784987315  89.8881724704  101.245620053  109.910917634  114.634553152  
4.22835142166  8.8753251554  14.3560673035  21.0741950692  29.4045839496  39.6624212975  52.054108834  66.6063434243  83.0722410747  100.82036547  118.728807983  135.137978037  147.961677001  155.084701217  
5.06171471082  10.6457839398  17.2763171041  25.4758516834  35.7516052525  48.5653392035  64.2797037431  83.0722410747  104.806845713  128.854772985  153.872565065  177.592642915  196.793150754  207.784370415  
5.89022155606  12.4121103594  20.2068073595  29.9294572086  42.2434322174  57.7977362248  77.1784987315  100.82036547  128.854772985  160.860138773  195.472820006  229.85301075  259.177095653  276.834833636  
6.65874076416  14.05603075  22.9495804322  34.131469612  48.4351593561  66.7290267409  89.8881724704  118.728807983  153.872565065  195.472820006  242.671576446  292.576622385  338.60333167  368.87539696  
7.30700612184  15.4468504015  25.2818292918  37.7309518392  53.7930553595  74.5640461244  101.245620053  135.137978037  177.592642915  229.85301075  292.576622385  364.491776074  438.910374959  496.152516431  
7.77768813942  16.4590753809  26.9861497436  40.3772413262  57.7657376391  80.4427544771  109.910917634  147.961677001  196.793150754  259.177095653  338.60333167  438.910374959  560.946956038  684.814283096  
8.02554447865  16.9929264107  27.887419836  41.7822659005  59.8872164562  83.6083000753  114.634553152  155.084701217  207.784370415  276.834833636  368.87539696  496.152516431  684.814283096  1000.0  
