0.238084897952  0.498624386098  0.802939558291  1.16982638448  1.61372398393  2.14241091906  2.75441235966  3.4365552542  4.16235121407  4.8920332828  5.57501144692  6.15513530611  6.57842523418  6.80198428943  
0.498624386098  1.04497915029  1.68453277271  2.45766190219  3.3958397462  4.51673700376  5.81857923391  7.27465489909  8.82942396667  10.3980657704  11.8712762633  13.1264015992  14.0444169591  14.5300236646  
0.802939558291  1.68453277271  2.72009373578  3.97727632813  5.51002440451  7.35051831284  9.49955828519  11.9167464828  14.5128404997  17.1474990706  19.6358939745  21.7667409397  23.3316892612  24.1617429738  
1.16982638448  2.45766190219  3.97727632813  5.83241653226  8.10823730895  10.8593368263  14.0947842515  17.7619011344  21.73222749  25.7947856124  29.6628224022  32.9995915952  35.4650777855  36.7780600427  
1.61372398393  3.3958397462  5.51002440451  8.10823730895  11.3194839572  15.2331446321  19.8769057166  25.1911872839  31.0044947552  37.0171783831  42.8039653149  47.8466359741  51.6043619701  53.6171156833  
2.14241091906  4.51673700376  7.35051831284  10.8593368263  15.2331446321  20.6143596104  27.0669105724  34.5376131896  42.814704155  51.4933581524  59.9642894335  67.4471075389  73.0895034458  76.1369389709  
2.75441235966  5.81857923391  9.49955828519  14.0947842515  19.8769057166  27.0669105724  35.7931385763  46.0358499341  57.5609228349  69.8532770464  82.0721018692  93.0654346027  101.494007172  106.102268172  
3.4365552542  7.27465489909  11.9167464828  17.7619011344  25.1911872839  34.5376131896  46.0358499341  59.7479296622  75.4639980503  92.5846641715  110.008368754  126.079406016  138.698798724  145.728812072  
4.16235121407  8.82942396667  14.5128404997  21.73222749  31.0044947552  42.814704155  57.5609228349  75.4639980503  96.432155512  119.873086365  144.462149189  167.924806409  187.004095692  197.9568759  
4.8920332828  10.3980657704  17.1474990706  25.7947856124  37.0171783831  51.4933581524  69.8532770464  92.5846641715  119.873086365  151.340803863  185.643917765  219.923709829  249.288669848  267.018589362  
5.57501144692  11.8712762633  19.6358939745  29.6628224022  42.8039653149  59.9642894335  82.0721018692  110.008368754  144.462149189  185.643917765  232.724552999  282.788332816  329.144693131  359.708166191  
6.15513530611  13.1264015992  21.7667409397  32.9995915952  47.8466359741  67.4471075389  93.0654346027  126.079406016  167.924806409  219.923709829  282.788332816  355.246091416  430.490233687  488.486559474  
6.57842523418  14.0444169591  23.3316892612  35.4650777855  51.6043619701  73.0895034458  101.494007172  138.698798724  187.004095692  249.288669848  329.144693131  430.490233687  554.166403896  679.891951379  
6.80198428943  14.5300236646  24.1617429738  36.7780600427  53.6171156833  76.1369389709  106.102268172  145.728812072  197.9568759  267.018589362  359.708166191  488.486559474  679.891951379  1000.0  
