0.346711095951  0.719056550187  1.14100926969  1.63301895386  2.20982269683  2.87794265302  3.63308506579  4.45788595987  5.32066175314  6.17593910182  6.96745427219  7.63392964624  8.11722291397  8.371528349  
0.719056550187  1.49218056462  2.370103702  3.39643837012  4.60314650138  6.00525102712  7.59519792115  9.33777744003  11.1670057019  12.9866916405  14.6763375308  16.1032862619  17.1404871379  17.6870950605  
1.14100926969  2.370103702  3.77037434344  5.41413515324  7.35578385552  9.62318438443  12.2081106124  15.057130629  18.0652173589  21.0751108308  23.8856294129  26.2711877767  28.0122363341  28.9322236294  
1.63301895386  3.39643837012  5.41413515324  7.7956721842  10.6262597687  13.9540773734  17.775482784  22.0198883745  26.5375961  31.0953979724  35.3856867024  39.0541683061  41.7477243885  43.1767430744  
2.20982269683  4.60314650138  7.35578385552  10.6262597687  14.5427135181  19.1853960027  24.5649901509  30.5986682873  37.088110417  43.7065162168  50.0043169077  55.4442229205  59.4725450156  61.6220775691  
2.87794265302  6.00525102712  9.62318438443  13.9540773734  19.1853960027  25.4469176201  32.7804714973  41.103654653  50.1720811622  59.5493675453  68.600001386  76.5256172666  82.4647452697  85.660370716  
3.63308506579  7.59519792115  12.2081106124  17.775482784  24.5649901509  32.7804714973  42.5220341924  53.7338591873  66.1429692007  79.1987722054  92.0341563683  103.483941555  112.208766879  116.961241308  
4.45788595987  9.33777744003  15.057130629  22.0198883745  30.5986682873  41.103654653  53.7338591873  68.5070988878  85.1674885252  103.076130184  121.106826559  137.599983773  150.473615655  157.619046754  
5.32066175314  11.1670057019  18.0652173589  26.5375961  37.088110417  50.1720811622  66.1429692007  85.1674885252  107.098805145  131.299765117  156.423212189  180.204556658  199.432113611  210.430861501  
6.17593910182  12.9866916405  21.0751108308  31.0953979724  43.7065162168  59.5493675453  79.1987722054  103.076130184  131.299765117  163.437933737  198.123214025  232.522036694  261.829624801  279.465324504  
6.96745427219  14.6763375308  23.8856294129  35.3856867024  50.0043169077  68.600001386  92.0341563683  121.106826559  156.423212189  198.123214025  245.342779161  295.197190491  341.130653633  371.322550945  
7.63392964624  16.1032862619  26.2711877767  39.0541683061  55.4442229205  76.5256172666  103.483941555  137.599983773  180.204556658  232.522036694  295.197190491  366.959825363  441.153902563  498.193395619  
8.11722291397  17.1404871379  28.0122363341  41.7477243885  59.4725450156  82.4647452697  112.208766879  150.473615655  199.432113611  261.829624801  341.130653633  441.153902563  562.750543887  686.122714977  
8.371528349  17.6870950605  28.9322236294  43.1767430744  61.6220775691  85.660370716  116.961241308  157.619046754  210.430861501  279.465324504  371.322550945  498.193395619  686.122714977  1000.0  
