0.00456954015156  0.0110179403378  0.0215835570308  0.0391471646177  0.067333374548  0.110290228115  0.172004809965  0.255094130515  0.359208174362  0.479472538949  0.605667387453  0.722891630548  0.814108021755  0.864189481648  
0.0110179403378  0.0265938035249  0.0521743231547  0.0948035848462  0.163398924513  0.268248257121  0.419366100159  0.623529556389  0.880291050337  1.17799166198  1.49151276098  1.78371479277  2.01170315414  2.13710184382  
0.0215835570308  0.0521743231547  0.102584230831  0.186895287251  0.323094493569  0.532180427378  0.834973388052  1.24618128073  1.76619362337  2.37256954491  3.01477627117  3.61642871733  4.08787803365  4.34792902711  
0.0391471646177  0.0948035848462  0.186895287251  0.341601074206  0.592729720571  0.98033286032  1.54503267055  2.31701853459  3.30028086467  4.45548407145  5.68820863792  6.85129652728  7.76812531171  8.27589982258  
0.067333374548  0.163398924513  0.323094493569  0.592729720571  1.0328813946  1.71655026826  2.71975623422  4.10227523188  5.87880378892  7.98585703128  10.2563040172  12.4186721746  14.1370565157  15.0941497719  
0.110290228115  0.268248257121  0.532180427378  0.98033286032  1.71655026826  2.86844160915  4.5729389993  6.94451876175  10.0250202534  13.7221769425  17.7562189941  21.6463266887  24.7722521361  26.5273344922  
0.172004809965  0.419366100159  0.834973388052  1.54503267055  2.71975623422  4.5729389993  7.34182443678  11.2381785888  16.365791625  22.6114623694  29.5372322995  36.3282758486  41.8709248756  45.0198384031  
0.255094130515  0.623529556389  1.24618128073  2.31701853459  4.10227523188  6.94451876175  11.2381785888  17.3604762998  25.5449781604  35.6990630198  47.1968560845  58.7291582516  68.3541065461  73.9220489176  
0.359208174362  0.880291050337  1.76619362337  3.30028086467  5.87880378892  10.0250202534  16.365791625  25.5449781604  38.0468359258  53.9132672186  72.3720696944  91.468742352  107.937738056  117.745316896  
0.479472538949  1.17799166198  2.37256954491  4.45548407145  7.98585703128  13.7221769425  22.6114623694  35.6990630198  53.9132672186  77.6748416281  106.29424845  137.186327102  165.162098243  182.65384967  
0.605667387453  1.49151276098  3.01477627117  5.68820863792  10.2563040172  17.7562189941  29.5372322995  47.1968560845  72.3720696944  106.29424845  148.965406922  197.753327372  245.301263603  277.666458247  
0.722891630548  1.78371479277  3.61642871733  6.85129652728  12.4186721746  21.6463266887  36.3282758486  58.7291582516  91.468742352  137.186327102  197.753327372  272.437921555  353.614406916  417.893393536  
0.814108021755  2.01170315414  4.08787803365  7.76812531171  14.1370565157  24.7722521361  41.8709248756  68.3541065461  107.937738056  165.162098243  245.301263603  353.614406916  491.14010895  633.815348037  
0.864189481648  2.13710184382  4.34792902711  8.27589982258  15.0941497719  26.5273344922  45.0198384031  73.9220489176  117.745316896  182.65384967  277.666458247  417.893393536  633.815348037  1000.0  
