0.11664393767  0.249383471136  0.413997291038  0.6253181337  0.896046024608  1.23489653363  1.64418914669  2.11725307122  2.63631280519  3.17172294978  3.68342252014  4.1251438559  4.45118681448  4.62458134672  
0.249383471136  0.533600468924  0.886908803255  1.34173025377  1.92615633921  2.65995587342  3.54926757086  4.58075248061  5.71662974227  6.89253900572  8.02027623689  8.99680981764  9.71939993247  10.1043068498  
0.413997291038  0.886908803255  1.47696783963  2.23986870414  3.2247586196  4.46754781142  5.98172388026  7.74785261337  9.70411872074  11.741329983  13.7062817786  15.416588564  16.6874406033  17.3662589069  
0.6253181337  1.34173025377  2.23986870414  3.40759787285  4.92428267274  6.85064184285  9.21420739792  11.991908354  15.0932185822  18.3493376834  21.5152853356  24.2913682464  26.3667328711  27.4797876481  
0.896046024608  1.92615633921  3.2247586196  4.92428267274  7.14764409541  9.99383495382  13.5161541556  17.6946521408  22.4072736904  27.4077584898  32.3217689  36.6740424442  39.9553784288  41.7254089864  
1.23489653363  2.65995587342  4.46754781142  6.85064184285  9.99383495382  14.0541401669  19.1300348992  25.2197282891  32.1735790585  39.6513424657  47.1020113538  53.790156389  58.891999547  61.6668877479  
1.64418914669  3.54926757086  5.98172388026  9.21420739792  13.5161541556  19.1300348992  26.2299132307  34.8614046798  44.866719541  55.8065211853  66.9030214717  77.045269363  84.9102942679  89.2403850946  
2.11725307122  4.58075248061  7.74785261337  11.991908354  17.6946521408  25.2197282891  34.8614046798  46.7638418524  60.8099996999  76.4880072968  92.7613815294  108.003596477  120.105658825  126.893586207  
2.63631280519  5.71662974227  9.70411872074  15.0932185822  22.4072736904  32.1735790585  44.866719541  60.8099996999  80.0245675564  102.019971675  125.537846475  148.312817336  167.031612408  177.848810416  
3.17172294978  6.89253900572  11.741329983  18.3493376834  27.4077584898  39.6513424657  55.8065211853  76.4880072968  102.019971675  132.147347394  165.598654133  199.501132891  228.83693935  246.661031185  
3.68342252014  8.02027623689  13.7062817786  21.5152853356  32.3217689  47.1020113538  66.9030214717  92.7613815294  125.537846475  165.598654133  212.210307287  262.434670305  309.372062881  340.496408898  
4.1251438559  8.99680981764  15.416588564  24.2913682464  36.6740424442  53.790156389  77.045269363  108.003596477  148.312817336  199.501132891  262.434670305  335.867526029  412.753858087  472.302765135  
4.45118681448  9.71939993247  16.6874406033  26.3667328711  39.9553784288  58.891999547  84.9102942679  120.105658825  167.031612408  228.83693935  309.372062881  412.753858087  539.817748537  669.456696506  
4.62458134672  10.1043068498  17.3662589069  27.4797876481  41.7254089864  61.6668877479  89.2403850946  126.893586207  177.848810416  246.661031185  340.496408898  472.302765135  669.456696506  1000.0  
