0.0073951644929  0.0174766396609  0.0333406183583  0.0587901903152  0.0983836046049  0.157076140636  0.239320849839  0.347608550843  0.480657701475  0.631770402004  0.788122977679  0.931759996992  1.04263659771  1.10321743819  
0.0174766396609  0.041344522641  0.0789932585871  0.13954643148  0.234012468835  0.374467465049  0.571927077047  0.832825080218  1.15456340736  1.52135505436  1.90225038168  2.25332737908  2.52506001992  2.67379257086  
0.0333406183583  0.0789932585871  0.151259109612  0.267929281543  0.450682345314  0.723618536521  1.10920657548  1.62137724206  2.25654144748  2.98484433736  3.74546036136  4.4501987933  4.99800905865  5.29871072719  
0.0587901903152  0.13954643148  0.267929281543  0.476160413979  0.803982211369  1.29631257676  1.99616415682  2.93210106163  4.1013129612  5.45226051006  6.87397703698  8.2007078436  9.23820844916  9.81002787433  
0.0983836046049  0.234012468835  0.450682345314  0.803982211369  1.36344938539  2.20920374568  3.42037053434  5.05352903191  7.11229097673  9.51414924437  12.0669576172  14.4719276897  16.3680203564  17.4189968791  
0.157076140636  0.374467465049  0.723618536521  1.29631257676  2.20920374568  3.59966466938  5.6081462613  8.34317838966  11.8292081973  15.9456053599  20.3767240284  24.6041462806  27.974640425  29.8579798939  
0.239320849839  0.571927077047  1.10920657548  1.99616415682  3.42037053434  5.6081462613  8.79990874201  13.1969322823  18.8766250881  25.6851039821  33.1353971266  40.3642939901  46.2190840028  49.5295842318  
0.347608550843  0.832825080218  1.62137724206  2.93210106163  5.05352903191  8.34317838966  13.1969322823  19.9744329176  28.8704403349  39.7358754563  51.8807064988  63.9377257587  73.925327969  79.6761448331  
0.480657701475  1.15456340736  2.25654144748  4.1013129612  7.11229097673  11.8292081973  18.8766250881  28.8704403349  42.239438598  58.9491346851  78.1459187227  97.8103699524  114.646614538  124.627394699  
0.631770402004  1.52135505436  2.98484433736  5.45226051006  9.51414924437  15.9456053599  25.6851039821  39.7358754563  58.9491346851  83.6440300687  113.028743356  144.448414179  172.70734855  190.299643463  
0.788122977679  1.90225038168  3.74546036136  6.87397703698  12.0669576172  20.3767240284  33.1353971266  51.8807064988  78.1459187227  113.028743356  156.400200605  205.548912218  253.14601498  285.416310582  
0.931759996992  2.25332737908  4.4501987933  8.2007078436  14.4719276897  24.6041462806  40.3642939901  63.9377257587  97.8103699524  144.448414179  205.548912218  280.267943726  361.023614739  424.754555847  
1.04263659771  2.52506001992  4.99800905865  9.23820844916  16.3680203564  27.974640425  46.2190840028  73.925327969  114.646614538  172.70734855  253.14601498  361.023614739  497.322779849  638.366313176  
1.10321743819  2.67379257086  5.29871072719  9.81002787433  17.4189968791  29.8579798939  49.5295842318  79.6761448331  124.627394699  190.299643463  285.416310582  424.754555847  638.366313176  1000.0  
