0.0178011410863  0.040626355066  0.073943930307  0.123915875406  0.197255596938  0.300516997869  0.438721860573  0.613414259875  0.820510171559  1.04862015911  1.27871765537  1.48591548172  1.64356331765  1.72895023819  
0.040626355066  0.0928113118919  0.169176006212  0.284023565126  0.453060184021  0.691796468045  1.01238383472  1.41904779936  1.90293074787  2.43791308822  2.97951314028  3.46880712147  3.84207306619  4.04459587102  
0.073943930307  0.169176006212  0.309053702621  0.520272824016  0.832494967868  1.27551840813  1.87345366122  2.63607568282  3.54873491107  4.56371767108  5.59717107196  6.53572194537  7.25478451528  7.6460361106  
0.123915875406  0.284023565126  0.520272824016  0.87880894289  1.41166193678  2.1722250084  3.20541790577  4.53253259839  6.13280479925  7.92653770065  9.76724415884  11.4511096972  12.7490179634  13.4581140588  
0.197255596938  0.453060184021  0.832494967868  1.41166193678  2.27784228193  3.52283402838  5.22732734722  7.4357005088  10.123805897  13.1671269483  16.322045805  19.2362360785  21.5011326359  22.7456230192  
0.300516997869  0.691796468045  1.27551840813  2.1722250084  3.52283402838  5.4796933779  8.18325977148  11.7222799345  16.0798291311  21.075236789  26.3220384106  31.2312964703  35.090418589  37.2281983329  
0.438721860573  1.01238383472  1.87345366122  3.20541790577  5.22732734722  8.18325977148  12.3099971907  17.7777541004  24.6041606534  32.5525794642  41.0430593228  49.1256608376  55.5814476351  59.200647792  
0.613414259875  1.41904779936  2.63607568282  4.53253259839  7.4357005088  11.7222799345  17.7777541004  25.9145574421  36.2433609791  48.504331534  61.8901864685  74.9346866795  85.5946065244  91.6810565236  
0.820510171559  1.90293074787  3.54873491107  6.13280479925  10.123805897  16.0798291311  24.6041606534  36.2433609791  51.3106694289  69.6263943837  90.1930047884  110.886166479  128.372764355  138.654410636  
1.04862015911  2.43791308822  4.56371767108  7.92653770065  13.1671269483  21.075236789  32.5525794642  48.504331534  69.6263943837  96.0495222876  126.805591693  159.133466978  187.851032339  205.589575615  
1.27871765537  2.97951314028  5.59717107196  9.76724415884  16.322045805  26.3220384106  41.0430593228  61.8901864685  90.1930047884  126.805591693  171.375797816  221.075177821  268.658431531  300.689487281  
1.48591548172  3.46880712147  6.53572194537  11.4511096972  19.2362360785  31.2312964703  49.1256608376  74.9346866795  110.886166479  159.133466978  221.075177821  295.693298613  375.521146831  438.139535425  
1.64356331765  3.84207306619  7.25478451528  12.7490179634  21.5011326359  35.090418589  55.5814476351  85.5946065244  128.372764355  187.851032339  268.658431531  375.521146831  509.344007714  647.193256983  
1.72895023819  4.04459587102  7.6460361106  13.4581140588  22.7456230192  37.2281983329  59.200647792  91.6810565236  138.654410636  205.589575615  300.689487281  438.139535425  647.193256983  1000.0  
