0.216073607196  0.453727084987  0.73353488067  1.07379060403  1.48876768065  1.98647269412  2.56606488341  3.21537411374  3.90919919384  4.60922305826  5.26632710892  5.82571394816  6.23451856439  6.45063178841  
0.453727084987  0.953426987728  1.54307281732  2.26204523881  3.14150794796  4.1996216538  5.4359212571  6.82574118044  8.31614448907  9.82521778484  11.2465803105  12.4602391734  13.3493387437  13.8200986938  
0.73353488067  1.54307281732  2.50168526914  3.67555879678  5.1182313737  6.86270557936  8.91184920645  11.2284318558  13.7271823693  16.2721292761  18.6827647385  20.751661623  22.2735476227  23.0815378347  
1.07379060403  2.26204523881  3.67555879678  5.41618386166  7.56865257532  10.1888283512  13.2887324266  16.8200900189  20.6598488663  24.60285043  28.3679411574  31.6232080827  34.0323410393  35.3165538569  
1.48876768065  3.14150794796  5.1182313737  7.56865257532  10.6214571191  14.3678904078  18.8396485053  23.9829433649  29.633205034  35.4980067453  41.1587412259  46.102613053  49.7926256812  51.7710227622  
1.98647269412  4.1996216538  6.86270557936  10.1888283512  14.3678904078  19.5449826189  25.7893267887  33.0551157168  41.1391284519  49.6450898489  57.9711166066  65.3422199482  70.9092160259  73.9188232584  
2.56606488341  5.4359212571  8.91184920645  13.2887324266  18.8396485053  25.7893267887  34.2729686347  44.2800566926  55.5867818402  67.6878710156  79.750226125  90.6263767139  98.9781517786  103.548772749  
3.21537411374  6.82574118044  11.2284318558  16.8200900189  23.9829433649  33.0551157168  44.2800566926  57.7312165786  73.2110922653  90.131394822  107.39817167  123.358166801  135.909475621  142.908099002  
3.90919919384  8.31614448907  13.7271823693  20.6598488663  29.633205034  41.1391284519  55.5867818402  73.2110922653  93.9351535248  117.179393518  141.626548153  165.001345714  184.03706734  194.974755602  
4.60922305826  9.82521778484  16.2721292761  24.60285043  35.4980067453  49.6450898489  67.6878710156  90.131394822  117.179393518  148.469427806  182.665484957  216.904537091  246.275179044  264.023816519  
5.26632710892  11.2465803105  18.6827647385  28.3679411574  41.1587412259  57.9711166066  79.750226125  107.39817167  141.626548153  182.665484957  229.696760605  279.798988617  326.249863169  356.899675883  
5.82571394816  12.4602391734  20.751661623  31.6232080827  46.102613053  65.3422199482  90.6263767139  123.358166801  165.001345714  216.904537091  279.798988617  352.413465087  427.905373687  486.131113861  
6.23451856439  13.3493387437  22.2735476227  34.0323410393  49.7926256812  70.9092160259  98.9781517786  135.909475621  184.03706734  246.275179044  326.249863169  427.905373687  552.081034639  678.37698242  
6.45063178841  13.8200986938  23.0815378347  35.3165538569  51.7710227622  73.9188232584  103.548772749  142.908099002  194.974755602  264.023816519  356.899675883  486.131113861  678.37698242  1000.0  
