0.160381992769  0.339641991195  0.556014715349  0.826150747352  1.16365381506  1.57701972116  2.06711890854  2.6246333824  3.22812749069  3.84361219977  4.42643291847  4.92595274706  5.2927722668  5.48725243937  
0.339641991195  0.719794539056  1.17971405107  1.75549666862  2.47701706327  3.36351310236  4.41807628521  5.62189021823  6.92967193544  8.26823206075  9.54010852514  10.6335418556  11.4384681282  11.8659051704  
0.556014715349  1.17971405107  1.93702121043  2.88921706  4.08804540366  5.56837980906  7.33876046721  9.3710864818  11.5918566265  13.8783214407  16.0632749142  17.9513496475  19.3470301352  20.0901981008  
0.826150747352  1.75549666862  2.88921706  4.32270787844  6.13860414886  8.39576286151  11.1144053571  14.2590798802  17.7229241084  21.3185787541  24.7823463695  27.7976572076  30.0401734687  31.2391063084  
1.16365381506  2.47701706327  4.08804540366  6.13860414886  8.75529837132  12.0339612743  16.0175804922  20.6694261655  25.8458981002  31.2769471143  36.5650776654  41.2150932618  44.7027881976  46.5782444329  
1.57701972116  3.36351310236  5.56837980906  8.39576286151  12.0339612743  16.6348809601  22.2828584566  28.9540668969  36.4714635013  44.4656393889  52.3586277522  59.3935727276  64.7324909945  67.6272876905  
2.06711890854  4.41807628521  7.33876046721  11.1144053571  16.0175804922  22.2828584566  30.0652958695  39.3821551526  50.04159084  61.5695979911  73.1586307254  83.6773118638  91.7931779127  96.2476186566  
2.6246333824  5.62189021823  9.3710864818  14.2590798802  20.6694261655  28.9540668969  39.3821551526  52.0618585933  66.8343240894  83.147133848  99.9323396441  115.547377857  127.884591242  134.78349336  
3.22812749069  6.92967193544  11.5918566265  17.7229241084  25.8458981002  36.4714635013  50.04159084  66.8343240894  86.8195849844  109.459327873  133.462373236  156.555289059  175.445710703  186.330028364  
3.84361219977  8.26823206075  13.8783214407  21.3185787541  31.2769471143  44.4656393889  61.5695979911  83.147133848  109.459327873  140.193668762  174.042433788  208.134291637  237.502308993  255.296146113  
4.42643291847  9.54010852514  16.0632749142  24.7823463695  36.5650776654  52.3586277522  73.1586307254  99.9323396441  133.462373236  174.042433788  220.892103853  271.077949673  317.786960463  348.681063543  
4.92595274706  10.6335418556  17.9513496475  27.7976572076  41.2150932618  59.3935727276  83.6773118638  115.547377857  156.555289059  208.134291637  271.077949673  344.123791797  420.325969037  479.218355275  
5.2927722668  11.4384681282  19.3470301352  30.0401734687  44.7027881976  64.7324909945  91.7931779127  127.884591242  175.445710703  237.502308993  317.786960463  420.325969037  545.95517231  673.923531784  
5.48725243937  11.8659051704  20.0901981008  31.2391063084  46.5782444329  67.6272876905  96.2476186566  134.78349336  186.330028364  255.296146113  348.681063543  479.218355275  673.923531784  1000.0  
