0.200155928664  0.421196835915  0.683100011496  1.00374900525  1.39726653355  1.8718141214  2.42702422418  3.0514925665  3.72101326277  4.39840043956  5.03569178299  5.57915954989  5.97682430554  6.18720516391  
0.421196835915  0.886966405344  1.44008230734  2.1191091047  2.95492447755  3.96602528083  5.15292635098  6.49252807493  7.93391082291  9.39743465816  10.7790217551  11.9607887457  12.8276088612  13.2869170014  
0.683100011496  1.44008230734  2.34221085179  3.45446218903  4.82998693072  6.50235949205  8.47600177021  10.7161163541  13.1405204019  15.6166721231  17.9674810479  19.9885922098  21.4772004147  22.2681213686  
1.00374900525  2.1191091047  3.45446218903  5.11008446084  7.17027751493  9.69179864663  12.6889000246  16.1167045758  19.856384154  23.7073694152  27.3929607086  30.585121332  32.9505370144  34.2124053407  
1.39726653355  2.95492447755  4.82998693072  7.17027751493  10.104097161  13.7240300882  18.064820627  23.0771718021  28.6019499638  34.3524571365  39.9154259817  44.7824550506  48.419693604  50.3712799541  
1.8718141214  3.96602528083  6.50235949205  9.69179864663  13.7240300882  18.7460921444  24.8312548871  31.9394604162  39.8742293134  48.2461108023  56.4592059023  63.742971984  69.2508806883  72.2307984882  
2.42702422418  5.15292635098  8.47600177021  12.6889000246  18.064820627  24.8312548871  33.1286822833  42.9538070356  54.0909992807  66.0428648633  77.9826136067  88.7665907377  97.057765963  101.598620251  
3.0514925665  6.49252807493  10.7161163541  16.1167045758  23.0771718021  31.9394604162  42.9538070356  56.202638976  71.4982899987  88.2614436043  105.40446086  121.276390712  133.773399043  140.746868018  
3.72101326277  7.93391082291  13.1405204019  19.856384154  28.6019499638  39.8742293134  54.0909992807  71.4982899987  92.0310689311  115.120098237  139.454336063  162.758410727  181.758412995  192.683370189  
4.39840043956  9.39743465816  15.6166721231  23.7073694152  34.3524571365  48.2461108023  66.0428648633  88.2614436043  115.120098237  146.268805036  180.378247214  214.582572849  243.955336688  261.717292343  
5.03569178299  10.7790217551  17.9674810479  27.3929607086  39.9154259817  56.4592059023  77.9826136067  105.40446086  139.454336063  180.378247214  227.367072664  277.495579881  324.017221055  354.732673074  
5.57915954989  11.9607887457  19.9885922098  30.585121332  44.7824550506  63.742971984  88.7665907377  121.276390712  162.758410727  214.582572849  277.495579881  350.227793396  425.90914981  484.311354889  
5.97682430554  12.8276088612  21.4772004147  32.9505370144  48.419693604  69.2508806883  97.057765963  133.773399043  181.758412995  243.955336688  324.017221055  425.90914981  550.469264116  677.205702549  
6.18720516391  13.2869170014  22.2681213686  34.2124053407  50.3712799541  72.2307984882  101.598620251  140.746868018  192.683370189  261.717292343  354.732673074  484.311354889  677.205702549  1000.0  
