0.205403715124  0.431927675283  0.699751725402  1.02689928064  1.42754587113  1.90980300603  2.47314574291  3.10591332558  3.78356532167  4.46853464085  5.11246848045  5.66127723574  6.06268145625  6.27498717478  
0.431927675283  0.908902478833  1.47410522391  2.16637912821  3.01670247641  4.04346326891  5.24685012619  6.60323864531  8.06103068352  9.53981961933  10.9347493417  12.1272222658  13.001525394  13.4646810708  
0.699751725402  1.47410522391  2.39493890114  3.527643182  4.92550593724  6.62191556525  8.62077593493  10.8864734231  13.3357853777  15.8350121718  18.2059070663  20.2430735624  21.7428685943  22.5395294761  
1.02689928064  2.16637912821  3.527643182  5.21150817082  7.30243040037  9.85687490126  12.8883490041  16.3508342717  20.1240784802  24.0059608433  27.718272315  30.9316594838  33.3117880948  34.5811789151  
1.42754587113  3.01670247641  4.92550593724  7.30243040037  10.2759193498  13.9381170347  18.3227482482  23.3790051485  28.9459186413  34.7348508635  40.3307211161  45.2236311858  48.8786548204  50.8392797918  
1.90980300603  4.04346326891  6.62191556525  9.85687490126  13.9381170347  19.012037307  25.1505493377  32.3116581795  40.2966048069  48.7136233748  56.9647775191  64.2780034315  69.8058565565  72.7958001142  
2.47314574291  5.24685012619  8.62077593493  12.8883490041  18.3227482482  25.1505493377  33.5104601825  43.3967485091  54.5910146691  66.5931867077  78.5743199615  89.3894432546  97.7011141412  102.252042183  
3.10591332558  6.60323864531  10.8864734231  16.3508342717  23.3790051485  32.3116581795  43.3967485091  56.713671053  72.0714243953  88.8876373877  106.072505969  121.974263839  134.489692974  141.471706584  
3.78356532167  8.06103068352  13.3357853777  20.1240784802  28.9459186413  40.2966048069  54.5910146691  72.0714243953  92.6687724105  115.810298567  140.18281803  163.510946837  182.523158905  193.452500873  
4.46853464085  9.53981961933  15.8350121718  24.0059608433  34.7348508635  48.7136233748  66.5931867077  88.8876373877  115.810298567  147.006914454  181.145857923  215.362176671  244.734449196  262.492039254  
5.11246848045  10.9347493417  18.2059070663  27.718272315  40.3307211161  56.9647775191  78.5743199615  106.072505969  140.18281803  181.145857923  228.149377882  278.269386  324.767456643  355.460945324  
5.66127723574  12.1272222658  20.2430735624  30.9316594838  45.2236311858  64.2780034315  89.3894432546  121.974263839  163.510946837  215.362176671  278.269386  350.962344591  426.580202567  484.923156501  
6.06268145625  13.001525394  21.7428685943  33.3117880948  48.8786548204  69.8058565565  97.7011141412  134.489692974  182.523158905  244.734449196  324.767456643  426.580202567  551.011205815  677.599569967  
6.27498717478  13.4646810708  22.5395294761  34.5811789151  50.8392797918  72.7958001142  102.252042183  141.471706584  193.452500873  262.492039254  355.460945324  484.923156501  677.599569967  1000.0  
