0.00161667391993  0.00407866392926  0.00847087994075  0.0163340083866  0.0298048561532  0.0515828203538  0.0845909422237  0.131223542572  0.19219863116  0.265270846795  0.344334602652  0.419582660193  0.479175338022  0.512245263073  
0.00407866392926  0.0103003827612  0.0214235115303  0.0413817766181  0.0756588991125  0.131227739495  0.215710525032  0.335464573463  0.492609578611  0.681624398683  0.886878188237  1.08287586363  1.23852005555  1.32504901459  
0.00847087994075  0.0214235115303  0.0446500872337  0.0864610553782  0.158526927044  0.275827976772  0.454964635205  0.710143353309  1.04677362968  1.4539129546  1.89846517322  2.32514274722  2.66541496887  2.85512788408  
0.0163340083866  0.0413817766181  0.0864610553782  0.167930224761  0.308969642606  0.539681834341  0.893992994349  1.40186006092  2.07640033902  2.89811150511  3.80188972489  4.67533636481  5.37599403669  5.76820460694  
0.0298048561532  0.0756588991125  0.158526927044  0.308969642606  0.570749515245  1.00148003409  1.66739920391  2.6291573929  3.91729714069  5.50074865819  7.25875868415  8.97332338528  10.3596665213  11.1400506515  
0.0515828203538  0.131227739495  0.275827976772  0.539681834341  1.00148003409  1.76646579609  2.9584610904  4.69562171606  7.04624235945  9.96866939994  13.2526582368  16.4944643305  19.1444146276  20.6479850546  
0.0845909422237  0.215710525032  0.454964635205  0.893992994349  1.66739920391  2.9584610904  4.98857148386  7.97900635601  12.0761434012  17.2426195399  23.1395692066  29.0560743131  33.96689648  36.7860288516  
0.131223542572  0.335464573463  0.710143353309  1.40186006092  2.6291573929  4.69562171606  7.97900635601  12.8766748623  19.6884022228  28.4311597428  38.6140356079  49.0585368259  57.919954477  63.0989574981  
0.19219863116  0.492609578611  1.04677362968  2.07640033902  3.91729714069  7.04624235945  12.0761434012  19.6884022228  30.4667376502  44.606762568  61.5137359353  79.3870842174  95.047328832  104.466786736  
0.265270846795  0.681624398683  1.4539129546  2.89811150511  5.50074865819  9.96866939994  17.2426195399  28.4311597428  44.606762568  66.4008731548  93.3533443576  123.052898555  150.355841661  167.590220303  
0.344334602652  0.886878188237  1.89846517322  3.80188972489  7.25875868415  13.2526582368  23.1395692066  38.6140356079  61.5137359353  93.3533443576  134.433548378  182.325560409  229.652458124  262.149203175  
0.419582660193  1.08287586363  2.32514274722  4.67533636481  8.97332338528  16.4944643305  29.0560743131  49.0585368259  79.3870842174  123.052898555  182.325560409  256.753427124  338.660584105  403.999542797  
0.479175338022  1.23852005555  2.66541496887  5.37599403669  10.3596665213  19.1444146276  33.96689648  57.919954477  95.047328832  150.355841661  229.652458124  338.660584105  478.573575687  624.540042112  
0.512245263073  1.32504901459  2.85512788408  5.76820460694  11.1400506515  20.6479850546  36.7860288516  63.0989574981  104.466786736  167.590220303  262.149203175  403.999542797  624.540042112  1000.0  
