0.0375529318153  0.0833704140635  0.146053231686  0.234608579332  0.358013090355  0.524097545106  0.737725704524  0.998473536456  1.29831667108  1.62011946181  1.93784198863  2.21917201997  2.43064717369  2.54435429799  
0.0833704140635  0.185261742356  0.325010885766  0.522992216318  0.799697732582  1.17327088932  1.65539462233  2.24595065647  2.92756003664  3.66181076042  4.38934756265  5.03562333118  5.52268497387  5.78501449797  
0.146053231686  0.325010885766  0.571397049252  0.921926782974  1.4140427175  2.08164072655  2.94770223652  4.01443938107  5.25282557186  6.59476917956  7.93211813368  9.12632536937  10.030173252  10.5183543419  
0.234608579332  0.522992216318  0.921926782974  1.49250231336  2.29811550197  3.39776082789  4.83393144682  6.61580451254  8.70049011183  10.9776739239  13.2651251581  15.3227811989  16.8896358767  17.7393778474  
0.358013090355  0.799697732582  1.4140427175  2.29811550197  3.5547113507  5.28255613996  7.55756561556  10.4055536701  13.7700108589  17.4829758178  21.2515664603  24.6750759671  27.3038790233  28.7377559494  
0.524097545106  1.17327088932  2.08164072655  3.39776082789  5.28255613996  7.89605929581  11.3699934509  15.76553987  21.0201088945  26.8939287624  32.936083498  38.49736182  42.8171621319  45.1927598289  
0.737725704524  1.65539462233  2.94770223652  4.83393144682  7.55756561556  11.3699934509  16.492999878  23.056937587  31.0167933017  40.0581945272  49.52065465  58.3844638653  65.3816337855  69.2761743953  
0.998473536456  2.24595065647  4.01443938107  6.61580451254  10.4055536701  15.76553987  23.056937587  32.5359299371  44.2291635105  57.7771146949  72.2756456425  86.1842600678  97.4209714759  103.791450965  
1.29831667108  2.92756003664  5.25282557186  8.70049011183  13.7700108589  21.0201088945  31.0167933017  44.2291635105  60.8597183552  80.6027508575  102.346796089  123.895480966  141.905219343  152.421695381  
1.62011946181  3.66181076042  6.59476917956  10.9776739239  17.4829758178  26.8939287624  40.0581945272  57.7771146949  80.6027508575  108.506829805  140.385911264  173.413179538  202.447282995  220.263909549  
1.93784198863  4.38934756265  7.93211813368  13.2651251581  21.2515664603  32.936083498  49.52065465  72.2756456425  102.346796089  140.385911264  185.871139945  235.905309229  283.35044082  315.097422252  
2.21917201997  5.03562333118  9.12632536937  15.3227811989  24.6750759671  38.49736182  58.3844638653  86.1842600678  123.895480966  173.413179538  235.905309229  310.238520737  389.082391898  450.615781834  
2.43064717369  5.52268497387  10.030173252  16.8896358767  27.3038790233  42.8171621319  65.3816337855  97.4209714759  141.905219343  202.447282995  283.35044082  389.082391898  520.505224686  655.364982092  
2.54435429799  5.78501449797  10.5183543419  17.7393778474  28.7377559494  45.1927598289  69.2761743953  103.791450965  152.421695381  220.263909549  315.097422252  450.615781834  655.364982092  1000.0  
