0.0012096858931  0.00568348304449  0.0240073948504  0.0942537017773  0.343243730605  1.15544167098  3.58286485814  10.2020768206  26.6137448376  63.5567321618  139.265436901  282.182083001  538.129427115  1000.0  
0.00102077181352  0.00479363006322  0.0202325260358  0.0793368044373  0.288397271369  0.968214465963  2.99032898163  8.46337286701  21.8694631049  51.4227445221  109.69347856  211.451683354  364.454797077  538.129427115  
0.000731217555087  0.00343140088214  0.0144650747673  0.0566126668791  0.205207676385  0.686069770556  2.10614528312  5.90835720411  15.0680172576  34.7340402154  71.8632250261  132.070565729  211.451683354  282.182083001  
0.000449032580653  0.00210573458912  0.00886539220723  0.034625995379  0.125126273894  0.416471143708  1.27037312086  3.53153127729  8.89074222712  20.1205942927  40.5543760163  71.8632250261  109.69347856  139.265436901  
0.000239066253189  0.00112057507365  0.00471285366211  0.018374299846  0.0662148163539  0.219498391902  0.665694641747  1.8357348383  4.57041998216  10.1875254803  20.1205942927  34.7340402154  51.4227445221  63.5567321618  
0.000111599308267  0.000523024899383  0.00219827847138  0.0085591425141  0.0307763774307  0.101684140015  0.306927087976  0.840833103115  2.0748130037  4.57041998216  8.89074222712  15.0680172576  21.8694631049  26.6137448376  
4.61613158047e-05  0.000216388973168  0.000909296786763  0.00353755645632  0.0127003434207  0.0418571931924  0.125882214837  0.343101557573  0.840833103115  1.8357348383  3.53153127729  5.90835720411  8.46337286701  10.2020768206  
1.70803283383e-05  8.01136422208e-05  0.000336728660049  0.00130965540308  0.00469755959605  0.0154558557792  0.0463599970825  0.125882214837  0.306927087976  0.665694641747  1.27037312086  2.10614528312  2.99032898163  3.58286485814  
5.70143580967e-06  2.67667338827e-05  0.000112577791277  0.000437947506838  0.00157034936497  0.00516174226443  0.0154558557792  0.0418571931924  0.101684140015  0.219498391902  0.416471143708  0.686069770556  0.968214465963  1.15544167098  
1.72974094113e-06  8.1306852989e-06  3.42319440985e-05  0.000133255275233  0.000477907866914  0.00157034936497  0.00469755959605  0.0127003434207  0.0307763774307  0.0662148163539  0.125126273894  0.205207676385  0.288397271369  0.343243730605  
4.80110213284e-07  2.26017250427e-06  9.52879283771e-06  3.713147922e-05  0.000133255275233  0.000437947506838  0.00130965540308  0.00353755645632  0.0085591425141  0.018374299846  0.034625995379  0.0566126668791  0.0793368044373  0.0942537017773  
1.22619784968e-07  5.78257331662e-07  2.441946332e-06  9.52879283771e-06  3.42319440985e-05  0.000112577791277  0.000336728660049  0.000909296786763  0.00219827847138  0.00471285366211  0.00886539220723  0.0144650747673  0.0202325260358  0.0240073948504  
2.89250624482e-08  1.36672843061e-07  5.78257331662e-07  2.26017250427e-06  8.1306852989e-06  2.67667338827e-05  8.01136422208e-05  0.000216388973168  0.000523024899383  0.00112057507365  0.00210573458912  0.00343140088214  0.00479363006322  0.00568348304449  
6.1095579687e-09  2.89250624482e-08  1.22619784968e-07  4.80110213284e-07  1.72974094113e-06  5.70143580967e-06  1.70803283383e-05  4.61613158047e-05  0.000111599308267  0.000239066253189  0.000449032580653  0.000731217555087  0.00102077181352  0.0012096858931  
