1.48647192739  3.51810068566  6.75573372722  12.0939652099  20.7822626973  34.548574974  55.7283653253  87.4185407794  133.721200081  200.254170194  295.392089605  433.516634808  644.151955467  1000.0  
1.4103101542  3.3353969925  6.39740593845  11.4340267537  19.6059741418  32.4990510054  52.2145276032  81.4446231971  123.537827889  182.558741055  263.270516601  370.507730829  505.197876848  644.151955467  
1.2701028461  2.99964183596  5.74077889705  10.2296240085  17.4714249239  28.809921781  45.9645626598  71.0111517204  106.265680361  153.985579551  215.666391601  290.343945462  370.507730829  433.516634808  
1.08671190493  2.56163926232  4.88785479581  8.67457971295  14.7380496666  24.1390357375  38.1759094447  58.3014833447  85.9154133862  121.953062939  166.134508769  215.666391601  263.270516601  295.392089605  
0.88440699291  2.0800460944  3.95494424402  6.98596225762  11.7983123337  19.1793176325  30.0461774338  45.3399343243  65.8104527028  91.6517657874  121.953062939  153.985579551  182.558741055  200.254170194  
0.685544319387  1.60836276038  3.04644651099  5.35425052441  8.9861187175  14.4959012018  22.496624081  33.5607414983  48.0421554267  65.8104527028  85.9154133862  106.265680361  123.537827889  133.721200081  
0.506843000154  1.18608667277  2.23785244151  3.91324375295  6.52701710953  10.450818831  16.0756669711  23.732068835  33.5607414983  45.3399343243  58.3014833447  71.0111517204  81.4446231971  87.4185407794  
0.357897713645  0.835424237814  1.57020865817  2.73229969264  4.53036272422  7.20343899217  10.9910574306  16.0756669711  22.496624081  30.0461774338  38.1759094447  45.9645626598  52.2145276032  55.7283653253  
0.241665157128  0.56274277655  1.05383333717  1.8252787572  3.00983076237  4.75537237891  7.20343899217  10.450818831  14.4959012018  19.1793176325  24.1390357375  28.809921781  32.4990510054  34.548574974  
0.15615281233  0.362792885039  0.677081262936  1.16772472547  1.91591421074  3.00983076237  4.53036272422  6.52701710953  8.9861187175  11.7983123337  14.7380496666  17.4714249239  19.6059741418  20.7822626973  
0.0964672695796  0.223658780761  0.416122857011  0.714901152583  1.16772472547  1.8252787572  2.73229969264  3.91324375295  5.35425052441  6.98596225762  8.67457971295  10.2296240085  11.4340267537  12.0939652099  
0.0565969490532  0.130979348574  0.243028279234  0.416122857011  0.677081262936  1.05383333717  1.57020865817  2.23785244151  3.04644651099  3.95494424402  4.88785479581  5.74077889705  6.39740593845  6.75573372722  
0.0306161808738  0.070747416372  0.130979348574  0.223658780761  0.362792885039  0.56274277655  0.835424237814  1.18608667277  1.60836276038  2.0800460944  2.56163926232  2.99964183596  3.3353969925  3.51810068566  
0.0132627020557  0.0306161808738  0.0565969490532  0.0964672695796  0.15615281233  0.241665157128  0.357897713645  0.506843000154  0.685544319387  0.88440699291  1.08671190493  1.2701028461  1.4103101542  1.48647192739  
