7.15295976115  15.2379040835  25.2358435446  38.2262763925  55.439404408  78.3178494898  108.603408784  148.482065498  200.858792676  269.925422412  362.428808724  490.765175534  681.356349116  1000.0  
6.92218023278  14.7379289741  24.3845053511  36.8856571653  53.3938161139  75.2344888232  103.959704715  141.422943589  189.892890989  252.215177271  331.95031242  432.991836141  556.182850536  681.356349116  
6.48482652437  13.7918954802  22.7779635169  34.3659654541  49.5712838647  69.5203625825  95.4586334269  128.74005925  170.774300836  222.858825993  285.688460588  357.990061226  432.991836141  490.765175534  
5.88452880363  12.4965098054  20.587156259  30.950632066  44.4338367328  61.9309793483  84.3542746663  112.564787113  147.230588264  188.544093176  235.666559722  285.688460588  331.95031242  362.428808724  
5.17630862411  10.9728173176  18.0232836095  26.983066508  38.5257489033  53.3213359577  71.9865539717  94.9928189982  122.508806691  154.142798876  188.544093176  222.858825993  252.215177271  269.925422412  
4.41758823885  9.34596550114  15.3012254264  22.8044851786  32.3701978041  44.4766652314  59.5113007019  77.6816633702  98.8821456977  122.508806691  147.230588264  170.774300836  189.892890989  200.858792676  
3.66035013507  7.72801730294  12.6098690857  18.706869416  26.3986293303  36.0130364698  47.7762961815  61.7396311465  77.6816633702  94.9928189982  112.564787113  128.74005925  141.422943589  148.482065498  
2.94574432768  6.20655971784  10.0936972377  14.9066829423  20.9174598755  28.3432285948  37.3056766154  47.7762961815  59.5113007019  71.9865539717  84.3542746663  95.4586334269  103.959704715  108.603408784  
2.30149917206  4.83963437082  7.84575440554  11.5375384055  16.1047460955  21.6870540135  28.3432285948  36.0130364698  44.4766652314  53.3213359577  61.9309793483  69.5203625825  75.2344888232  78.3178494898  
1.74176703469  3.65594574699  5.9095121576  8.6563673678  12.0256321888  16.1047460955  20.9174598755  26.3986293303  32.3701978041  38.5257489033  44.4338367328  49.5712838647  53.3938161139  55.439404408  
1.26865719947  2.65857460782  4.28622379821  6.25701628632  8.6563673678  11.5375384055  14.9066829423  18.706869416  22.8044851786  26.983066508  30.950632066  34.3659654541  36.8856571653  38.2262763925  
0.874640825133  1.83038231342  2.94459060944  4.28622379821  5.9095121576  7.84575440554  10.0936972377  12.6098690857  15.3012254264  18.0232836095  20.587156259  22.7779635169  24.3845053511  25.2358435446  
0.545151603592  1.13966426915  1.83038231342  2.65857460782  3.65594574699  4.83963437082  6.20655971784  7.72801730294  9.34596550114  10.9728173176  12.4965098054  13.7918954802  14.7379289741  15.2379040835  
0.260941456292  0.545151603592  0.874640825133  1.26865719947  1.74176703469  2.30149917206  2.94574432768  3.66035013507  4.41758823885  5.17630862411  5.88452880363  6.48482652437  6.92218023278  7.15295976115  
