7.50305123298  15.9428311615  26.3027311417  39.6601756532  57.2372702446  80.4616719464  111.053315499  151.170128572  203.68388718  272.748551899  365.066201559  492.971191277  682.773034009  1000.0  
7.26527522363  15.4289593612  25.4308683923  38.2930112032  55.1602979026  77.3441804856  106.376218717  144.084004446  192.706655054  255.058800243  334.67130957  435.414699911  558.134227671  682.773034009  
6.81427808771  14.4557955186  23.7841694181  35.7211888158  51.2757349926  71.5617894927  97.8066677395  131.341878364  173.552662473  225.713657686  288.503783162  360.650027323  435.414699911  492.971191277  
6.19437139691  13.1213485746  21.5353562324  32.2301400127  46.0473638473  63.8707185167  86.5970549829  115.068692857  149.934147698  191.369233058  238.526738538  288.503783162  334.67130957  365.066201559  
5.46154916385  11.5485430917  18.8982619624  28.1663773649  40.0225470701  55.1282522097  74.0875678852  97.3565419964  125.088141667  156.877881732  191.369233058  225.713657686  255.058800243  272.748551899  
4.67442724986  9.86485971966  16.0911131468  23.875245008  33.7289847304  46.1239492679  61.4373314287  79.8641542295  101.285942922  125.088141667  149.934147698  173.552662473  192.706655054  203.68388718  
3.88630353395  8.18496073612  13.3066049187  19.6535987416  27.6038313557  37.4800849785  49.5004119735  63.7058094427  79.8641542295  97.3565419964  115.068692857  131.341878364  144.084004446  151.170128572  
3.13964461099  6.59906026802  10.6931380051  15.7230663142  21.959834026  29.6168281499  38.8092988806  49.5004119735  61.4373314287  74.0875678852  86.5970549829  97.8066677395  106.376218717  111.053315499  
2.46337036064  5.16759844144  8.34738958668  12.2221612342  16.9812586466  22.7615664621  29.6168281499  37.4800849785  46.1239492679  55.1282522097  63.8707185167  71.5617894927  77.3441804856  80.4616719464  
1.87258643503  3.92121536929  6.31580616146  9.21191338728  12.7385848595  16.9812586466  21.959834026  27.6038313557  33.7289847304  40.0225470701  46.0473638473  51.2757349926  55.1602979026  57.2372702446  
1.37003396473  2.86428934338  4.60167246425  6.68903879006  9.21191338728  12.2221612342  15.7230663142  19.6535987416  23.875245008  28.1663773649  32.2301400127  35.7211888158  38.2930112032  39.6601756532  
0.948452725381  1.98025011429  3.17462201141  4.60167246425  6.31580616146  8.34738958668  10.6931380051  13.3066049187  16.0911131468  18.8982619624  21.5353562324  23.7841694181  25.4308683923  26.3027311417  
0.593185734445  1.23723545852  1.98025011429  2.86428934338  3.92121536929  5.16759844144  6.59906026802  8.18496073612  9.86485971966  11.5485430917  13.1213485746  14.4557955186  15.4289593612  15.9428311615  
0.284582197637  0.593185734445  0.948452725381  1.37003396473  1.87258643503  2.46337036064  3.13964461099  3.88630353395  4.67442724986  5.46154916385  6.19437139691  6.81427808771  7.26527522363  7.50305123298  
