0.0203183329528  0.0716847493054  0.222313207606  0.645464533874  1.75992071646  4.50100594252  10.7850877274  24.2000988152  50.879787556  100.468637159  187.307180381  333.067277061  575.595431057  1000.0  
0.0180962808483  0.0637962991582  0.197625578579  0.572897086698  1.5587337178  3.97464206897  9.48357733078  21.1476603923  44.0413307259  85.6470400818  155.557865824  263.585631799  413.179209487  575.595431057  
0.0143854063137  0.0506451225926  0.156573559488  0.452661326809  1.2270787291  3.11326911038  7.37676952436  16.2887187177  33.4447372178  63.6925376266  112.082571418  180.936833985  263.585631799  333.067277061  
0.0102456156644  0.0360091252693  0.111048325458  0.31997185149  0.863514074095  2.17778771879  5.1187622318  11.1797152835  22.6129380069  42.1830857251  72.1487251177  112.082571418  155.557865824  187.307180381  
0.00656947773975  0.0230471024257  0.0708872879417  0.203533826951  0.546736266108  1.37048922668  3.19555005073  6.90616973251  13.7770703188  25.2405973638  42.1830857251  63.6925376266  85.6470400818  100.468637159  
0.00381237560818  0.0133512529628  0.0409609463798  0.117211807951  0.31347307257  0.781310291673  1.80845997711  3.87190862926  7.63262741016  13.7770703188  22.6129380069  33.4447372178  44.0413307259  50.879787556  
0.00201308452157  0.00703898083187  0.0215459499305  0.0614679501081  0.163745069536  0.406072316405  0.933935766467  1.98363294684  3.87190862926  6.90616973251  11.1797152835  16.2887187177  21.1476603923  24.2000988152  
0.000972282898075  0.00339524012581  0.0103724762262  0.0295145905349  0.0783597264064  0.193493327809  0.442636445953  0.933935766467  1.80845997711  3.19555005073  5.1187622318  7.37676952436  9.48357733078  10.7850877274  
0.000431648393097  0.00150576973949  0.0045929171092  0.0130411669749  0.0345273777742  0.0849569673955  0.193493327809  0.406072316405  0.781310291673  1.37048922668  2.17778771879  3.11326911038  3.97464206897  4.50100594252  
0.000176958724902  0.000616840526771  0.00187924264368  0.00532699851298  0.0140722696386  0.0345273777742  0.0783597264064  0.163745069536  0.31347307257  0.546736266108  0.863514074095  1.2270787291  1.5587337178  1.75992071646  
6.72747844939e-05  0.000234391981908  0.000713487418204  0.00201996269046  0.00532699851298  0.0130411669749  0.0295145905349  0.0614679501081  0.117211807951  0.203533826951  0.31997185149  0.452661326809  0.572897086698  0.645464533874  
2.38010761746e-05  8.2905827981e-05  0.000252233950372  0.000713487418204  0.00187924264368  0.0045929171092  0.0103724762262  0.0215459499305  0.0409609463798  0.0708872879417  0.111048325458  0.156573559488  0.197625578579  0.222313207606  
7.82500775733e-06  2.72562902333e-05  8.2905827981e-05  0.000234391981908  0.000616840526771  0.00150576973949  0.00339524012581  0.00703898083187  0.0133512529628  0.0230471024257  0.0360091252693  0.0506451225926  0.0637962991582  0.0716847493054  
2.2461840041e-06  7.82500775733e-06  2.38010761746e-05  6.72747844939e-05  0.000176958724902  0.000431648393097  0.000972282898075  0.00201308452157  0.00381237560818  0.00656947773975  0.0102456156644  0.0143854063137  0.0180962808483  0.0203183329528  
