1.00399931822  2.45214431727  4.90877562512  9.18566799782  16.4800273095  28.5224107048  47.7329652164  77.3969595802  121.914809141  187.298187209  282.383480063  422.075349873  636.591421198  1000.0  
0.947692504356  2.31286122595  4.6244179418  8.63939159803  15.4661883675  26.68940005  44.4853728821  71.71674742  112.00016407  169.743074991  250.07383411  358.128543472  494.910245859  636.591421198  
0.844830293205  2.05886838126  4.10735222903  7.65008616719  13.6404925953  23.4150188262  38.7523024434  61.8694498297  95.3046813997  141.590834822  202.491303337  277.203989813  358.128543472  422.075349873  
0.711985389131  1.73172265777  3.44421484365  6.3888654643  11.3318541492  19.3204828974  31.6945978798  50.0160688701  75.858856949  110.372250367  153.477091645  202.491303337  250.07383411  282.383480063  
0.567995015997  1.37830191688  2.73153830916  5.04305300996  8.89153463542  15.0463238434  24.4501159698  38.1233478835  56.9476563132  81.2815582496  110.372250367  141.590834822  169.743074991  187.298187209  
0.429579816279  1.03980113486  2.05280285603  3.77104771679  6.60761553634  11.096357444  17.8634522137  27.5363990432  40.5660422827  56.9476563132  75.858856949  95.3046813997  112.00016407  121.914809141  
0.308500079779  0.744801681262  1.4646855524  2.67720431213  4.66233552398  7.77214357902  12.4024948048  18.9204704617  27.5363990432  38.1233478835  50.0160688701  61.8694498297  71.71674742  77.3969595802  
0.21069669903  0.507386588598  0.994005137036  1.80810886744  3.13055081404  5.18300510013  8.20504452647  12.4024948048  17.8634522137  24.4501159698  31.6945978798  38.7523024434  44.4853728821  47.7329652164  
0.137050571614  0.3292353586  0.642667456315  1.16372537194  2.00406155805  3.29737444305  5.18300510013  7.77214357902  11.096357444  15.0463238434  19.3204828974  23.4150188262  26.68940005  28.5224107048  
0.0849975416055  0.203725868831  0.396341624109  0.71469864468  1.22480323385  2.00406155805  3.13055081404  4.66233552398  6.60761553634  8.89153463542  11.3318541492  13.6404925953  15.4661883675  16.4800273095  
0.0502572208711  0.120209339186  0.23315225621  0.418854548547  0.71469864468  1.16372537194  1.80810886744  2.67720431213  3.77104771679  5.04305300996  6.3888654643  7.65008616719  8.63939159803  9.18566799782  
0.028194030948  0.0673133565942  0.130208529544  0.23315225621  0.396341624109  0.642667456315  0.994005137036  1.4646855524  2.05280285603  2.73153830916  3.44421484365  4.10735222903  4.6244179418  4.90877562512  
0.0146295501226  0.0348753772935  0.0673133565942  0.120209339186  0.203725868831  0.3292353586  0.507386588598  0.744801681262  1.03980113486  1.37830191688  1.73172265777  2.05886838126  2.31286122595  2.45214431727  
0.00614319658422  0.0146295501226  0.028194030948  0.0502572208711  0.0849975416055  0.137050571614  0.21069669903  0.308500079779  0.429579816279  0.567995015997  0.711985389131  0.844830293205  0.947692504356  1.00399931822  
