1.85609588355  4.31875921476  8.10511426394  14.1537506915  23.7356277324  38.5650340482  60.9161937082  93.7691009682  141.053472543  208.168848943  303.238708585  440.357108794  648.649509414  1000.0  
1.76603712183  4.10627012095  7.69747310619  13.4204677234  22.457986524  36.3848768354  57.2470260199  87.6300198747  130.726829355  190.412366867  271.253952381  377.928310415  511.330808677  648.649509414  
1.59953814641  3.7141013716  6.9472641481  12.0764543179  20.1295943571  32.4439423151  50.6933733946  76.8638077778  113.141263943  161.630755766  223.686611422  298.26722694  377.928310415  440.357108794  
1.38021539265  3.1988688602  5.9658473049  10.328845623  17.1270070143  27.41953083  42.4704201134  63.6613174488  92.2884675787  129.168121554  173.915291754  223.686611422  271.253952381  303.238708585  
1.13589302443  2.62677325361  4.88181327556  8.41251140488  13.866363513  22.0333262862  33.8067361951  50.0739640124  71.5050578772  98.2011932348  129.168121554  161.630755766  190.412366867  208.168848943  
0.892718837801  2.05941936607  3.81292331864  6.5377034901  10.7087589518  16.8854313361  25.6655005259  37.5824880081  52.9299729028  71.5050578772  92.2884675787  113.141263943  130.726829355  141.053472543  
0.670885347758  1.54378846942  2.84717850125  4.85712398268  7.90654506067  12.3739626198  18.6415071194  27.0123550833  37.5824880081  50.0739640124  63.6613174488  76.8638077778  87.6300198747  93.7691009682  
0.48270842484  1.10800444584  2.03566945365  3.4556396843  5.59171912379  8.68996413896  12.9852858725  18.6415071194  25.6655005259  33.8067361951  42.4704201134  50.6933733946  57.2470260199  60.9161937082  
0.332875842923  0.762247115446  1.3953171992  2.35758419097  3.79376340621  5.85804875303  8.68996413896  12.3739626198  16.8854313361  22.0333262862  27.41953083  32.4439423151  36.3848768354  38.5650340482  
0.220109736379  0.502889933805  0.917418545215  1.54343687951  2.47110261515  3.79376340621  5.59171912379  7.90654506067  10.7087589518  13.866363513  17.1270070143  20.1295943571  22.457986524  23.7356277324  
0.139358701333  0.317739683344  0.577852944362  0.968388316298  1.54343687951  2.35758419097  3.4556396843  4.85712398268  6.5377034901  8.41251140488  10.328845623  12.0764543179  13.4204677234  14.1537506915  
0.0838180075122  0.190759810825  0.345981342902  0.577852944362  0.917418545215  1.3953171992  2.03566945365  2.84717850125  3.81292331864  4.88181327556  5.9658473049  6.9472641481  7.69747310619  8.10511426394  
0.0463835928842  0.105408343686  0.190759810825  0.317739683344  0.502889933805  0.762247115446  1.10800444584  1.54378846942  2.05941936607  2.62677325361  3.1988688602  3.7141013716  4.10627012095  4.31875921476  
0.0204306719703  0.0463835928842  0.0838180075122  0.139358701333  0.220109736379  0.332875842923  0.48270842484  0.670885347758  0.892718837801  1.13589302443  1.38021539265  1.59953814641  1.76603712183  1.85609588355  
