8.54368298725  18.0321753468  29.4508521553  43.8676708003  62.4798745185  86.6728207585  118.106753529  158.864339289  211.728990435  280.753716978  372.519773732  499.191051483  686.762028669  1000.0  
8.28623275863  17.4793536064  28.5217640721  42.4270138112  60.3167766182  83.4627087586  113.3404728  151.708313449  200.726968854  263.129210148  342.367447743  442.250894618  563.631973881  686.762028669  
7.7967848218  16.4299770418  26.7628421077  39.7105103051  56.2615224459  77.4944451264  104.587092087  138.810952782  181.486974891  233.830522305  296.480377302  368.167268687  442.250894618  499.191051483  
7.12141039965  14.9853913398  24.3513045874  36.0084804704  50.7818549764  69.5250556905  93.0928890187  122.277663453  157.676776909  199.423799674  246.651957754  296.480377302  342.367447743  372.519773732  
6.31863613709  13.2733812622  21.5077073928  31.6751835498  44.4325131242  60.4166137012  80.1968384957  104.18825222  132.502967046  164.704499734  199.423799674  233.830522305  263.129210148  280.753716978  
5.45021988539  11.4275336212  18.458946811  27.0664872161  37.7524362776  50.9689363893  67.064999915  86.2021602648  108.228505508  132.502967046  157.676776909  181.486974891  200.726968854  211.728990435  
4.5729657093  9.56940529971  15.4077350616  22.4919199316  31.1933828176  41.8198281654  54.5666829069  69.4475102933  86.2021602648  104.18825222  122.277663453  138.810952782  151.708313449  158.864339289  
3.73290085078  7.79628492651  12.5129505344  18.1867902542  25.0846798435  33.4085579984  43.2556652186  54.5666829069  67.064999915  80.1968384957  93.0928890187  104.587092087  113.3404728  118.106753529  
2.96222482103  6.17518834963  9.88116761114  14.3028566353  19.6272187251  25.9825994851  33.4085579984  41.8198281654  50.9689363893  60.4166137012  69.5250556905  77.4944451264  83.4627087586  86.6728207585  
2.27873075346  4.74219132881  7.56713639896  10.9125005342  14.9061305409  19.6272187251  25.0846798435  31.1933828176  37.7524362776  44.4325131242  50.7818549764  56.2615224459  60.3167766182  62.4798745185  
1.6870164231  3.50546784318  5.58004311486  8.02070188128  10.9125005342  14.3028566353  18.1867902542  22.4919199316  27.0664872161  31.6751835498  36.0084804704  39.7105103051  42.4270138112  43.8676708003  
1.18071652875  2.45032174366  3.89254731648  5.58004311486  7.56713639896  9.88116761114  12.5129505344  15.4077350616  18.458946811  21.5077073928  24.3513045874  26.7628421077  28.5217640721  29.4508521553  
0.745101090914  1.54481740064  2.45032174366  3.50546784318  4.74219132881  6.17518834963  7.79628492651  9.56940529971  11.4275336212  13.2733812622  14.9853913398  16.4299770418  17.4793536064  18.0321753468  
0.35959474022  0.745101090914  1.18071652875  1.6870164231  2.27873075346  2.96222482103  3.73290085078  4.5729657093  5.45021988539  6.31863613709  7.12141039965  7.7967848218  8.28623275863  8.54368298725  
