0.47951288841  1.24764302501  2.70813135693  5.51260812537  10.7233902973  20.0091425827  35.8663913397  61.860680115  102.916215078  165.801607511  260.282925045  402.31349693  623.408711788  1000.0  
0.448151159135  1.16511303731  2.52589272422  5.13311140276  9.96312144063  18.5351461502  33.0872523573  56.7303231572  93.5471156588  148.603379999  227.775916084  336.850672845  477.04410551  623.408711788  
0.391714384091  1.01686649661  2.1994762891  4.45609537203  8.61435289152  15.9408293149  28.2525703928  47.9636945032  77.9905752887  121.391072134  180.487165115  254.866384836  336.850672845  402.31349693  
0.320612509424  0.830607013338  1.79109682705  3.61401386658  6.9499663387  12.7740491376  22.4403687551  37.6526838705  60.2716872701  91.8471796306  132.719005858  180.487165115  227.775916084  260.282925045  
0.246137769083  0.636158215086  1.36692746874  2.7453678729  5.24859215139  9.57566863154  16.6643922997  27.628732112  43.5571834782  65.106827907  91.8471796306  121.391072134  148.603379999  165.801607511  
0.177576865995  0.45779495901  0.979969154513  1.95864829689  3.7219990766  6.7401184518  11.622558406  19.0534029605  29.6269914706  43.5571834782  60.2716872701  77.9905752887  93.5471156588  102.916215078  
0.120634611189  0.310199546738  0.661513325512  1.31580915277  2.4857694946  4.46961267742  7.64190087932  12.4009928277  19.0534029605  27.628732112  37.6526838705  47.9636945032  56.7303231572  61.860680115  
0.0773220977042  0.198330329977  0.421407270876  0.834384484013  1.56762270818  2.80036597183  4.75133055162  7.64190087932  11.622558406  16.6643922997  22.4403687551  28.2525703928  33.0872523573  35.8663913397  
0.0468510828511  0.119890067848  0.253870654165  0.500533678249  0.935670496624  1.6616846715  2.80036597183  4.46961267742  6.7401184518  9.57566863154  12.7740491376  15.9408293149  18.5351461502  20.0091425827  
0.0268828215699  0.0686430897353  0.144899736147  0.284587759665  0.529598972041  0.935670496624  1.56762270818  2.4857694946  3.7219990766  5.24859215139  6.9499663387  8.61435289152  9.96312144063  10.7233902973  
0.0146227985619  0.0372651117225  0.0784428145211  0.153536665463  0.284587759665  0.500533678249  0.834384484013  1.31580915277  1.95864829689  2.7453678729  3.61401386658  4.45609537203  5.13311140276  5.51260812537  
0.00752461326035  0.0191429302533  0.0401967107579  0.0784428145211  0.144899736147  0.253870654165  0.421407270876  0.661513325512  0.979969154513  1.36692746874  1.79109682705  2.1994762891  2.52589272422  2.70813135693  
0.00359590894143  0.00913506448194  0.0191429302533  0.0372651117225  0.0686430897353  0.119890067848  0.198330329977  0.310199546738  0.45779495901  0.636158215086  0.830607013338  1.01686649661  1.16511303731  1.24764302501  
0.00141691096588  0.00359590894143  0.00752461326035  0.0146227985619  0.0268828215699  0.0468510828511  0.0773220977042  0.120634611189  0.177576865995  0.246137769083  0.320612509424  0.391714384091  0.448151159135  0.47951288841  
