0.000294431147326  0.00159599843747  0.00782689544304  0.0355522455851  0.149076841123  0.574538918603  2.02591619658  6.50688489969  18.9603717244  49.9897540435  119.269912952  258.977381196  520.088185699  1000.0  
0.000240572478854  0.00130377575782  0.00639051098292  0.0290003605289  0.121415925428  0.466803386526  1.63987657724  5.23640292346  15.1173935001  39.2504288165  91.1729704443  188.307779481  341.511875377  520.088185699  
0.00016219615363  0.000878857505482  0.00430492779756  0.0195101844166  0.0815018817508  0.312253384851  1.09110856232  3.45612439434  9.85647229664  25.1145943299  56.649045288  111.686347658  188.307779481  258.977381196  
9.15960326399e-05  0.0004963503887  0.00243021880651  0.0110011001385  0.0458582774665  0.175090529102  0.608611679556  1.91279002317  5.39280693065  13.5126346212  29.7467924337  56.649045288  91.1729704443  119.269912952  
4.40313794934e-05  0.00023871342643  0.00116876567232  0.00528702748067  0.0220036612817  0.0837772059965  0.289935513662  0.905313145303  2.52848732785  6.25189426791  13.5126346212  25.1145943299  39.2504288165  49.9897540435  
1.82940156703e-05  9.9269133389e-05  0.000486267873631  0.00219938613832  0.00914498182946  0.0347512820738  0.119876327625  0.372458639347  1.03283473917  2.52848732785  5.39280693065  9.85647229664  15.1173935001  18.9603717244  
6.65897527959e-06  3.61815712654e-05  0.000177409512772  0.000802781039766  0.00333717449305  0.0126677400044  0.0436044424013  0.13500882234  0.372458639347  0.905313145303  1.91279002317  3.45612439434  5.23640292346  6.50688489969  
2.14871447228e-06  1.16950893797e-05  5.74279008355e-05  0.000260119105415  0.00108176844965  0.00410515140299  0.0141143139711  0.0436044424013  0.119876327625  0.289935513662  0.608611679556  1.09110856232  1.63987657724  2.02591619658  
6.2092199257e-07  3.38655905471e-06  1.66605090751e-05  7.55745797823e-05  0.000314604605709  0.00119435289692  0.00410515140299  0.0126677400044  0.0347512820738  0.0837772059965  0.175090529102  0.312253384851  0.466803386526  0.574538918603  
1.62100183524e-07  8.8620783423e-07  4.36951716543e-06  1.98582615327e-05  8.2788689513e-05  0.000314604605709  0.00108176844965  0.00333717449305  0.00914498182946  0.0220036612817  0.0458582774665  0.0815018817508  0.121415925428  0.149076841123  
3.85213035178e-08  2.11154488137e-07  1.04376739246e-06  4.7543255459e-06  1.98582615327e-05  7.55745797823e-05  0.000260119105415  0.000802781039766  0.00219938613832  0.00528702748067  0.0110011001385  0.0195101844166  0.0290003605289  0.0355522455851  
8.38745423626e-09  4.61082316114e-08  2.28563141401e-07  1.04376739246e-06  4.36951716543e-06  1.66605090751e-05  5.74279008355e-05  0.000177409512772  0.000486267873631  0.00116876567232  0.00243021880651  0.00430492779756  0.00639051098292  0.00782689544304  
1.68168937104e-09  9.27315864273e-09  4.61082316114e-08  2.11154488137e-07  8.8620783423e-07  3.38655905471e-06  1.16950893797e-05  3.61815712654e-05  9.9269133389e-05  0.00023871342643  0.0004963503887  0.000878857505482  0.00130377575782  0.00159599843747  
3.04039603942e-10  1.68168937104e-09  8.38745423626e-09  3.85213035178e-08  1.62100183524e-07  6.2092199257e-07  2.14871447228e-06  6.65897527959e-06  1.82940156703e-05  4.40313794934e-05  9.15960326399e-05  0.00016219615363  0.000240572478854  0.000294431147326  
