9.14116541506  19.2282765496  31.2449028097  46.251689957  65.4312076475  90.1458568767  122.024713577  163.111922499  216.146041955  285.128692536  376.578663951  502.569548272  688.925624719  1000.0  
8.87311674467  18.654545189  30.2852660994  44.7720985707  63.2229261262  86.8877698137  117.213106328  155.921757528  205.134890456  267.544099066  346.562166554  445.967091444  566.615795638  688.925624719  
8.36290205044  17.5641478501  28.4662736741  41.9787253969  59.0778314331  80.8228346211  108.365695516  142.947343956  185.85656353  238.279555093  300.83606731  372.260814442  445.967091444  502.569548272  
7.65744187531  16.0600233684  25.9672438052  38.1640711429  53.4652081958  72.70778352  96.7246207156  126.282644542  161.953940677  203.851870215  251.101582775  300.83606731  346.562166554  376.578663951  
6.81649863697  14.2723069031  23.0119283242  33.6859635567  46.9429684274  63.4062681686  83.6270159972  107.999510593  136.615793138  169.024420031  203.851870215  238.279555093  267.544099066  285.128692536  
5.90338398974  12.3375833418  19.8314255647  28.9052642618  40.055196809  53.7224711626  70.241263765  89.7561245827  112.098759862  136.615793138  161.953940677  185.85656353  205.134890456  216.146041955  
4.97666270478  10.3808517576  16.6333994033  24.1376748389  33.2606188093  44.3013855517  57.4434143217  72.6863022595  89.7561245827  107.999510593  126.282644542  142.947343956  155.921757528  163.111922499  
4.08418144885  8.50299812149  13.5820136338  19.6253298696  26.8967212134  35.5915292427  45.7973737107  57.4434143217  70.241263765  83.6270159972  96.7246207156  108.365695516  117.213106328  122.024713577  
3.25985061165  6.7744538785  10.7889483522  15.5267596151  21.1728074574  27.8504275944  35.5915292427  44.3013855517  53.7224711626  63.4062681686  72.70778352  80.8228346211  86.8877698137  90.1458568767  
2.52290459999  5.23419800114  8.31336039472  11.9203209606  16.1816507794  21.1728074574  26.8967212134  33.2606188093  40.055196809  46.9429684274  53.4652081958  59.0778314331  63.2229261262  65.4312076475  
1.87898382868  3.89252645797  6.16771218379  8.81554106645  11.9203209606  15.5267596151  19.6253298696  24.1376748389  28.9052642618  33.6859635567  38.1640711429  41.9787253969  44.7720985707  46.251689957  
1.32229044686  2.73592079318  4.32653882831  6.16771218379  8.31336039472  10.7889483522  13.5820136338  16.6333994033  19.8314255647  23.0119283242  25.9672438052  28.4662736741  30.2852660994  31.2449028097  
0.838174067787  1.73264619004  2.73592079318  3.89252645797  5.23419800114  6.7744538785  8.50299812149  10.3808517576  12.3375833418  14.2723069031  16.0600233684  17.5641478501  18.654545189  19.2282765496  
0.405703554554  0.838174067787  1.32229044686  1.87898382868  2.52290459999  3.25985061165  4.08418144885  4.97666270478  5.90338398974  6.81649863697  7.65744187531  8.36290205044  8.87311674467  9.14116541506  
