0.695093619186  1.75093374384  3.647860121  7.11762474921  13.2950818218  23.8900025286  41.3739652656  69.1846246935  111.990570784  176.178808231  271.038788226  411.985572669  629.881461737  1000.0  
0.652911435526  1.64339224506  3.41965450737  6.66133386271  12.4154400158  22.2434197079  38.3651254057  63.7792671773  102.342050722  158.78767041  238.607555611  347.24749447  485.80455781  629.881461737  
0.576419609265  1.44873068879  3.00775904907  5.84107779526  10.8430033891  19.3234320508  33.0917042078  54.4747380775  86.2066593715  131.081784888  191.133462747  265.739964579  347.24749447  411.985572669  
0.478828765303  1.20104850491  2.48590795388  4.80798417765  8.87839571925  15.7151923447  26.6752542774  43.4016796909  67.6188120069  100.676815963  142.699352403  191.133462747  238.607555611  271.038788226  
0.374816850328  0.937945402176  1.93441897526  3.72384456068  6.8357367448  12.0094586986  20.1932871756  32.4633379532  49.811557111  72.7478663909  100.676815963  131.081784888  158.78767041  176.178808231  
0.276941031305  0.691262584899  1.420224968  2.72051124907  4.96337122316  8.65430307633  14.4172673752  22.9153672319  34.6775494896  49.811557111  67.6188120069  86.2066593715  102.342050722  111.990570784  
0.193488277226  0.481711122827  0.985882322535  1.87922099331  3.40793539577  5.89929247816  9.74280836975  15.3268575145  22.9153672319  32.4633379532  43.4016796909  54.4747380775  63.7792671773  69.1846246935  
0.128052811459  0.317995709608  0.648384825238  1.23007852698  2.21809721686  3.81396451449  6.24962839047  9.74280836975  14.4172673752  20.1932871756  26.6752542774  33.0917042078  38.3651254057  41.3739652656  
0.0804120907297  0.199208771306  0.404748849139  0.764488259944  1.37135975779  2.34377331187  3.81396451449  5.89929247816  8.65430307633  12.0094586986  15.7151923447  19.3234320508  22.2434197079  23.8900025286  
0.0479814608233  0.118601547922  0.240188487764  0.451843977692  0.806723271498  1.37135975779  2.21809721686  3.40793539577  4.96337122316  6.8357367448  8.87839571925  10.8430033891  12.4154400158  13.2950818218  
0.0272193724485  0.0671449117416  0.135579995582  0.254135038264  0.451843977692  0.764488259944  1.23007852698  1.87922099331  2.72051124907  3.72384456068  4.80798417765  5.84107779526  6.66133386271  7.11762474921  
0.014631239767  0.036027755725  0.0725596130939  0.135579995582  0.240188487764  0.404748849139  0.648384825238  0.985882322535  1.420224968  1.93441897526  2.48590795388  3.00775904907  3.41965450737  3.647860121  
0.00729119830171  0.0179270584678  0.036027755725  0.0671449117416  0.118601547922  0.199208771306  0.317995709608  0.481711122827  0.691262584899  0.937945402176  1.20104850491  1.44873068879  1.64339224506  1.75093374384  
0.00296851064203  0.00729119830171  0.014631239767  0.0272193724485  0.0479814608233  0.0804120907297  0.128052811459  0.193488277226  0.276941031305  0.374816850328  0.478828765303  0.576419609265  0.652911435526  0.695093619186  
