5.66170742558  12.2207027009  20.6354465319  31.9859462651  47.5344375862  68.7920385452  97.6062109181  136.302352309  187.952651308  256.939799619  350.232835839  480.525911768  674.766768771  1000.0  
5.46316918409  11.7851163432  19.8800322329  30.7708120523  45.6392947944  65.8751137762  93.1291552998  129.383722496  177.05719249  239.153381585  319.383878017  421.758844427  547.114560517  674.766768771  
5.08848526422  10.9643796635  18.4605441397  28.4966908177  42.1129724945  60.4923223862  84.9674939711  117.004390017  158.137281494  209.782629165  272.721448778  345.68903849  421.758844427  480.525911768  
4.57777862955  9.84841906092  16.5384427962  25.4359788983  37.4070040888  53.3929124874  74.3796965596  101.321945892  134.988292163  175.659732419  222.548017199  272.721448778  319.383878017  350.232835839  
3.98112432699  8.54862792799  14.3111669976  21.9153995551  32.0481880302  45.4172172585  62.699593514  84.4432908167  110.898090677  141.741462114  175.659732419  209.782629165  239.153381585  256.939799619  
3.34996509006  7.17836635232  11.9764430021  18.2545498796  26.5352354231  37.3257792211  51.0619386438  68.0134160973  88.1409236531  110.898090677  134.988292163  158.137281494  177.05719249  187.952651308  
2.72981317754  5.83681581207  9.70405533905  14.7205361042  21.2698023763  29.7013312765  40.2794393756  53.1056087137  68.0134160973  84.4432908167  101.321945892  117.004390017  129.383722496  136.302352309  
2.15548100163  4.59883078269  7.61928999821  11.5041547033  16.5262925829  22.9185539338  30.8322880329  40.2794393756  51.0619386438  62.699593514  74.3796965596  84.9674939711  93.1291552998  97.6062109181  
1.64911165785  3.51113686571  5.79787775985  8.71535420213  12.4523319142  17.1595522308  22.9185539338  29.7013312765  37.3257792211  45.4172172585  53.3929124874  60.4923223862  65.8751137762  68.7920385452  
1.22054944397  2.59363351832  4.26961892909  6.39198900266  9.08786963113  12.4523319142  16.5262925829  21.2698023763  26.5352354231  32.0481880302  37.4070040888  42.1129724945  45.6392947944  47.5344375862  
0.869228863782  1.84386587597  3.02699559269  4.51532799098  6.39198900266  8.71535420213  11.5041547033  14.7205361042  18.2545498796  21.9153995551  25.4359788983  28.4966908177  30.7708120523  31.9859462651  
0.58672592318  1.24275804038  2.03542483772  3.02699559269  4.26961892909  5.79787775985  7.61928999821  9.70405533905  11.9764430021  14.3111669976  16.5384427962  18.4605441397  19.8800322329  20.6354465319  
0.359290693926  0.760150672176  1.24275804038  1.84386587597  2.59363351832  3.51113686571  4.59883078269  5.83681581207  7.17836635232  8.54862792799  9.84841906092  10.9643796635  11.7851163432  12.2207027009  
0.169945450907  0.359290693926  0.58672592318  0.869228863782  1.22054944397  1.64911165785  2.15548100163  2.72981317754  3.34996509006  3.98112432699  4.57777862955  5.08848526422  5.46316918409  5.66170742558  
