4.96732005077  10.8057145032  18.4544053812  28.9875503614  43.680157143  64.0781195864  92.0866313844  130.110096855  181.317296978  250.201610799  343.858991338  475.147912701  671.295851706  1000.0  
4.78533627498  10.4034435195  17.7492223512  27.839153983  41.866516917  61.2533404571  87.7044346587  123.275169313  170.470811331  232.388120371  312.827611058  415.867806243  542.34388776  671.295851706  
4.44270070417  9.64727343835  16.4272820742  25.6950774066  38.4999207461  56.0529899621  79.7344924153  111.073859976  151.678213215  203.035420475  265.980471111  339.259647039  415.867806243  475.147912701  
3.97750210507  8.62314843372  14.6443512745  22.8208342557  34.0248684504  49.221056488  69.4352237227  95.6749760135  128.76808797  169.049865274  215.766371448  265.980471111  312.827611058  343.858991338  
3.43698574506  7.43687664324  12.5897470743  19.5329964848  28.9569925382  41.5875224368  58.1339679533  79.1875111685  105.045705683  135.428947809  169.049865274  203.035420475  232.388120371  250.201610799  
2.86923553816  6.19512793756  10.4512910435  16.1383679753  23.7800225097  33.8970192437  46.9506009561  63.2452445384  82.7805293743  105.045705683  128.76808797  151.678213215  170.470811331  181.317296978  
2.31621042613  4.98994171061  8.38801253158  12.8897581751  18.8780462657  26.7119915782  36.6756463608  48.8982585843  63.2452445384  79.1875111685  95.6749760135  111.073859976  123.275169313  130.110096855  
1.80933684795  3.88930794438  6.51469962785  9.9636668434  14.5072503471  20.3849281008  27.7630846762  36.6756463608  46.9506009561  58.1339679533  69.4352237227  79.7344924153  87.7044346587  92.0866313844  
1.36787619434  2.93406116103  4.89794358359  7.45733023475  10.7985889108  15.0768523058  20.3849281008  26.7119915782  33.8970192437  41.5875224368  49.221056488  56.0529899621  61.2533404571  64.0781195864  
0.999558067253  2.13973751712  3.56067052991  5.39883485735  7.77884975408  10.7985889108  14.5072503471  18.8780462657  23.7800225097  28.9569925382  34.0248684504  38.4999207461  41.866516917  43.680157143  
0.702624511887  1.5013840182  2.49132994468  3.76353269431  5.39883485735  7.45733023475  9.9636668434  12.8897581751  16.1383679753  19.5329964848  22.8208342557  25.6950774066  27.839153983  28.9875503614  
0.468418002133  0.999384130783  1.65433576914  2.49132994468  3.56067052991  4.89794358359  6.51469962785  8.38801253158  10.4512910435  12.5897470743  14.6443512745  16.4272820742  17.7492223512  18.4544053812  
0.283841883363  0.604859461147  0.999384130783  1.5013840182  2.13973751712  2.93406116103  3.88930794438  4.98994171061  6.19512793756  7.43687664324  8.62314843372  9.64727343835  10.4034435195  10.8057145032  
0.133300766251  0.283841883363  0.468418002133  0.702624511887  0.999558067253  1.36787619434  1.80933684795  2.31621042613  2.86923553816  3.43698574506  3.97750210507  4.44270070417  4.78533627498  4.96732005077  
