3.14808755016  7.05244665738  12.5604107943  20.6993977498  32.7629652573  50.3964230637  75.6931154155  111.331927197  160.829892478  229.08570307  323.654539522  457.96329757  660.15440128  1000.0  
3.01549450365  6.75091003456  12.0102634216  19.762387934  31.2152914757  47.8825974214  71.6440654694  104.808654865  150.19617175  211.248685402  292.100869919  397.088917448  527.060183187  660.15440128  
2.7679175951  6.18882085974  10.9876057535  18.0276883503  28.3665153148  43.2933003373  64.3407488391  93.2580585313  131.917339634  182.077535571  244.790935519  318.874667602  397.088917448  457.96329757  
2.43639266843  5.4380573839  9.62745142047  15.7345045849  24.6320788889  37.3465612778  55.0298334837  78.8715703681  109.914999763  148.705444194  194.637880552  244.790935519  292.100869919  323.654539522  
2.05854791923  4.58511197129  8.09021242379  13.1617702828  20.4837045922  30.8274312913  45.0022577472  63.7458719687  87.5289248167  116.238726648  148.705444194  182.077535571  211.248685402  229.08570307  
1.67136013622  3.71416523463  6.52953062254  10.5705501933  16.3490628379  24.4172863278  35.313121777  49.456743132  66.9866161845  87.5289248167  109.914999763  131.917339634  150.19617175  160.829892478  
1.30544144829  2.8940909679  5.06868766693  8.16460801138  12.5496663329  18.6031285674  26.6663320011  36.9586284743  49.456743132  63.7458719687  78.8715703681  93.2580585313  104.808654865  111.331927197  
0.981872496182  2.17158320529  3.78913060119  6.07367664073  9.28008322342  13.6596778562  19.4207082092  26.6663320011  35.313121777  45.0022577472  55.0298334837  64.3407488391  71.6440654694  75.6931154155  
0.711606548795  1.57022902554  2.73005680017  4.3557641527  6.61813634763  9.67851775548  13.6596778562  18.6031285674  24.4172863278  30.8274312913  37.3465612778  43.2933003373  47.8825974214  50.3964230637  
0.496788034685  1.09384645061  1.89545604931  3.01119409239  4.55189741688  6.61813634763  9.28008322342  12.5496663329  16.3490628379  20.4837045922  24.6320788889  28.3665153148  31.2152914757  32.7629652573  
0.33306859991  0.73192266703  1.26446908382  2.00103879214  3.01119409239  4.3557641527  6.07367664073  8.16460801138  10.5705501933  13.1617702828  15.7345045849  18.0276883503  19.762387934  20.6993977498  
0.212082572453  0.46525960117  0.801681844294  1.26446908382  1.89545604931  2.73005680017  3.78913060119  5.06868766693  6.52953062254  8.09021242379  9.62745142047  10.9876057535  12.0102634216  12.5604107943  
0.123505811833  0.270575740686  0.46525960117  0.73192266703  1.09384645061  1.57022902554  2.17158320529  2.8940909679  3.71416523463  4.58511197129  5.4380573839  6.18882085974  6.75091003456  7.05244665738  
0.0564250415625  0.123505811833  0.212082572453  0.33306859991  0.496788034685  0.711606548795  0.981872496182  1.30544144829  1.67136013622  2.05854791923  2.43639266843  2.7679175951  3.01549450365  3.14808755016  
