8.80075584405  18.5470938621  30.2238499202  44.895985285  63.7544588784  88.1746401953  119.803110252  160.705583205  213.645701943  282.653842415  374.283834858  500.660116303  687.703082885  1000.0  
8.53868644744  17.9851530221  29.2814248026  43.4383053999  61.5715685497  84.9434604116  115.016849003  153.534383525  202.639341237  265.046312615  344.190228174  443.866555808  564.929626043  687.703082885  
8.04019232995  16.917895915  27.4962913626  40.6882125273  57.4769861959  78.9327798306  106.222073548  140.602892692  183.381964706  235.7617174  298.372425688  369.946389546  443.866555808  500.660116303  
7.35172356422  15.4473805052  25.0466112662  36.9370165118  51.9391778817  70.8995592685  94.6633314816  124.011610953  159.53057957  201.344788828  248.583739128  298.372425688  344.190228174  374.283834858  
6.53235678136  13.7024395581  22.1543705921  32.540584496  45.5143347588  61.7066463125  81.6788980248  105.836994086  134.284136859  166.577132109  201.344788828  235.7617174  265.046312615  282.653842415  
5.64453945246  11.8179924641  19.0483383486  27.8570197439  38.7437176468  52.1558609499  68.4359664893  87.7380758226  109.902999211  134.284136859  159.53057957  183.381964706  202.639341237  213.645701943  
4.74585465273  9.91712084353  15.9334245116  23.1985988314  32.0821999866  42.8882424694  55.8069106625  70.8456107419  87.7380758226  105.836994086  124.011610953  140.602892692  153.534383525  160.705583205  
3.88313178922  8.09870086231  12.9708436176  18.8036539479  25.8627331823  34.347181399  44.3500379419  55.8069106625  68.4359664893  81.6788980248  94.6633314816  106.222073548  115.016849003  119.803110252  
3.08932154737  6.43124924286  10.2694165302  14.8269282136  20.2899236403  26.7845998962  34.347181399  42.8882424694  52.1558609499  61.7066463125  70.8995592685  78.9327798306  84.9434604116  88.1746401953  
2.38284636329  4.95211034306  7.88582124598  11.3434212555  15.452256639  20.2899236403  25.8627331823  32.0821999866  38.7437176468  45.5143347588  51.9391778817  57.4769861959  61.5715685497  63.7544588784  
1.76875511235  3.67037699203  5.83066447066  8.36008783014  11.3434212555  14.8269282136  18.8036539479  23.1985988314  27.8570197439  32.540584496  36.9370165118  40.6882125273  43.4383053999  44.895985285  
1.24092243042  2.57185181477  4.07740207192  5.83066447066  7.88582124598  10.2694165302  12.9708436176  15.9334245116  19.0483383486  22.1543705921  25.0466112662  27.4962913626  29.2814248026  30.2238499202  
0.784642327721  1.62466514376  2.57185181477  3.67037699203  4.95211034306  6.43124924286  8.09870086231  9.91712084353  11.8179924641  13.7024395581  15.4473805052  16.917895915  17.9851530221  18.5470938621  
0.379171239619  0.784642327721  1.24092243042  1.76875511235  2.38284636329  3.08932154737  3.88313178922  4.74585465273  5.64453945246  6.53235678136  7.35172356422  8.04019232995  8.53868644744  8.80075584405  
