0.00374064001903  0.0156686116862  0.0585901754174  0.204227712298  0.663270676236  2.00170548795  5.59933438798  14.4880330479  34.6376855307  76.5664768286  157.06699163  301.720762561  552.816138662  1000.0  
0.0032302625962  0.0135223222009  0.0505160074185  0.175840632415  0.569953082076  1.71521544637  4.77816399627  12.2871674952  29.096318916  63.32752336  126.487947339  231.263748309  383.393032122  552.816138662  
0.00241856024097  0.0101139317403  0.0377227858831  0.131008138968  0.423263453957  1.26795572449  3.5093380858  8.94041855841  20.8835198947  44.5327365299  86.2152899509  150.197959021  231.263748309  301.720762561  
0.00158071696539  0.00660246285111  0.0245805866391  0.0851412225123  0.274057684962  0.816762921625  2.2444526657  5.66138538162  13.0416377778  27.2734717282  51.3796918978  86.2152899509  126.487947339  157.06699163  
0.000909253375348  0.0037936884274  0.01409892051  0.0487105688277  0.156230210902  0.463306204439  1.26458872099  3.16072837525  7.19184517636  14.7941374674  27.2734717282  44.5327365299  63.32752336  76.5664768286  
0.000464253371041  0.001935330399  0.00718190033294  0.0247580026899  0.07915725524  0.233727810254  0.634231622034  1.57290016679  3.54252963654  7.19184517636  13.0416377778  20.8835198947  29.096318916  34.6376855307  
0.000212155290998  0.000883909347818  0.00327655545342  0.0112754876014  0.0359583956043  0.105797022222  0.28570924987  0.704091509873  1.57290016679  3.16072837525  5.66138538162  8.94041855841  12.2871674952  14.4880330479  
8.74428822041e-05  0.000364228361646  0.00134923893069  0.00463731428243  0.0147601944252  0.0433074954782  0.116513227973  0.28570924987  0.634231622034  1.26458872099  2.2444526657  3.5093380858  4.77816399627  5.59933438798  
3.2735286424e-05  0.000136364396772  0.000505008169686  0.00173439704601  0.00551307241353  0.0161429942633  0.0433074954782  0.105797022222  0.233727810254  0.463306204439  0.816762921625  1.26795572449  1.71521544637  2.00170548795  
1.12016072808e-05  4.66801858837e-05  0.000172893112202  0.000593603908781  0.00188537279469  0.00551307241353  0.0147601944252  0.0359583956043  0.07915725524  0.156230210902  0.274057684962  0.423263453957  0.569953082076  0.663270676236  
3.52358859405e-06  1.469350048e-05  5.44462664895e-05  0.000186952989257  0.000593603908781  0.00173439704601  0.00463731428243  0.0112754876014  0.0247580026899  0.0487105688277  0.0851412225123  0.131008138968  0.175840632415  0.204227712298  
1.02398548059e-06  4.27395055951e-06  1.58490537647e-05  5.44462664895e-05  0.000172893112202  0.000505008169686  0.00134923893069  0.00327655545342  0.00718190033294  0.01409892051  0.0245805866391  0.0377227858831  0.0505160074185  0.0585901754174  
2.75544299783e-07  1.15136440908e-06  4.27395055951e-06  1.469350048e-05  4.66801858837e-05  0.000136364396772  0.000364228361646  0.000883909347818  0.001935330399  0.0037936884274  0.00660246285111  0.0101139317403  0.0135223222009  0.0156686116862  
6.58658136566e-08  2.75544299783e-07  1.02398548059e-06  3.52358859405e-06  1.12016072808e-05  3.2735286424e-05  8.74428822041e-05  0.000212155290998  0.000464253371041  0.000909253375348  0.00158071696539  0.00241856024097  0.0032302625962  0.00374064001903  
