0.58155014154  1.48767777725  3.16083016655  6.29403324672  11.9882885043  21.93595944  38.6239271248  65.554638336  107.521596397  171.095004053  265.790932939  407.279989043  626.737542179  1000.0  
0.544945860483  1.39293860309  2.95592915586  5.87627158415  11.1679164882  20.3742058397  35.726890047  60.2818100745  98.0061334897  153.793341527  233.317744539  342.185050905  481.546516857  626.737542179  
0.478810764056  1.22207722938  2.58744769952  5.12801119234  9.70673573841  17.6145922329  30.6674485271  51.2371329792  82.1474512272  126.319600041  185.923721878  260.435258733  342.185050905  407.279989043  
0.394939637938  1.00598375848  2.12339857828  4.19121125354  7.89191497187  14.2244226739  24.5466703803  40.533585288  63.9770909619  96.3238542338  137.800134052  185.923721878  233.317744539  265.790932939  
0.306288940662  0.778333318396  1.63703280861  3.21615813241  6.02024731908  10.7703888911  18.4117126789  30.0407898212  46.6978913971  68.9645110927  96.3238542338  126.319600041  153.793341527  171.095004053  
0.22373807189  0.567114172159  1.18825990395  2.32305752023  4.32204842364  7.67441761199  12.9985909499  20.9695603203  32.1494055298  46.6978913971  63.9770909619  82.1474512272  98.0061334897  107.521596397  
0.154230871611  0.389924794672  0.813878723499  1.58339946665  2.92843265907  5.16266360559  8.66936304863  13.8430564945  20.9695603203  30.0407898212  40.533585288  51.2371329792  60.2818100745  65.554638336  
0.10051721947  0.253487443277  0.527141316992  1.02078341465  1.8773545618  3.28781844269  5.47834449847  8.66936304863  12.9985909499  18.4117126789  24.5466703803  30.6674485271  35.726890047  38.6239271248  
0.0620481369055  0.156102298041  0.323495432375  0.623724260099  1.14123719712  1.98675686918  3.28781844269  5.16266360559  7.67441761199  10.7703888911  14.2244226739  17.6145922329  20.3742058397  21.93595944  
0.0363347927096  0.0912105840038  0.188414482279  0.361847151653  0.659027866183  1.14123719712  1.8773545618  2.92843265907  4.32204842364  6.02024731908  7.89191497187  9.70673573841  11.1679164882  11.9882885043  
0.0202008292355  0.0506085109055  0.104241327855  0.199489077675  0.361847151653  0.623724260099  1.02078341465  1.58339946665  2.32305752023  3.21615813241  4.19121125354  5.12801119234  5.87627158415  6.29403324672  
0.0106338586899  0.0265937532412  0.0546381824964  0.104241327855  0.188414482279  0.323495432375  0.527141316992  0.813878723499  1.18825990395  1.63703280861  2.12339857828  2.58744769952  2.95592915586  3.16083016655  
0.00519422175556  0.0129709980095  0.0265937532412  0.0506085109055  0.0912105840038  0.156102298041  0.253487443277  0.389924794672  0.567114172159  0.778333318396  1.00598375848  1.22207722938  1.39293860309  1.48767777725  
0.00208215268337  0.00519422175556  0.0106338586899  0.0202008292355  0.0363347927096  0.0620481369055  0.10051721947  0.154230871611  0.22373807189  0.306288940662  0.394939637938  0.478810764056  0.544945860483  0.58155014154  
