0.183990045677  0.522732110091  1.26367278173  2.86876185936  6.19107803048  12.7223371476  24.9096265839  46.5209243432  83.0469882315  142.228483676  235.139984698  379.244225104  607.791034697  1000.0  
0.16964785519  0.481589784766  1.16278180367  2.63534623856  5.67474233443  11.6261753633  22.6677914372  42.0777234798  74.4310661121  125.631519158  202.62285065  312.199097023  456.009306484  607.791034697  
0.144367710522  0.409203548732  0.985772004544  2.22742596327  4.7772872456  9.73565070607  18.845393749  34.6339924827  60.3982845744  99.8496021349  156.110622348  229.428312872  312.199097023  379.244225104  
0.113583513402  0.321295940965  0.77168829472  1.73682641318  3.70610012467  7.50262004944  14.3963339993  26.1509130428  44.8945241019  72.6559230877  110.36550939  156.110622348  202.62285065  235.139984698  
0.0828088962717  0.233699658214  0.559392464919  1.25346330369  2.65969558792  5.34592594151  10.1646962807  18.249055664  30.8613487154  48.9954572926  72.6559230877  99.8496021349  125.631519158  142.228483676  
0.0560897649228  0.157908695295  0.376640657508  0.840140900471  1.77260019174  3.53783209688  6.66800786673  11.8416023845  19.7584681229  30.8613487154  44.8945241019  60.3982845744  74.4310661121  83.0469882315  
0.0353932380893  0.099402153366  0.236270059953  0.524715556856  1.10111704176  2.18318971278  4.0819230854  7.1791789905  11.8416023845  18.249055664  26.1509130428  34.6339924827  42.0777234798  46.5209243432  
0.0208629377047  0.0584599450621  0.138500425632  0.306328093571  0.639642113926  1.26067298674  2.34039355784  4.0819230854  6.66800786673  10.1646962807  14.3963339993  18.845393749  22.6677914372  24.9096265839  
0.0115187899247  0.0322090650179  0.0760805266101  0.167647750546  0.348509833712  0.683270767053  1.26067298674  2.18318971278  3.53783209688  5.34592594151  7.50262004944  9.73565070607  11.6261753633  12.7223371476  
0.00597187685274  0.0166673089857  0.0392648165675  0.0862382674676  0.178575115484  0.348509833712  0.639642113926  1.10111704176  1.77260019174  2.65969558792  3.70610012467  4.7772872456  5.67474233443  6.19107803048  
0.00291355968295  0.00811825941118  0.019080483693  0.0417872604839  0.0862382674676  0.167647750546  0.306328093571  0.524715556856  0.840140900471  1.25346330369  1.73682641318  2.22742596327  2.63534623856  2.86876185936  
0.0013381492217  0.00372332887653  0.00873359907051  0.019080483693  0.0392648165675  0.0760805266101  0.138500425632  0.236270059953  0.376640657508  0.559392464919  0.77168829472  0.985772004544  1.16278180367  1.26367278173  
0.000572070568026  0.00158992413338  0.00372332887653  0.00811825941118  0.0166673089857  0.0322090650179  0.0584599450621  0.099402153366  0.157908695295  0.233699658214  0.321295940965  0.409203548732  0.481589784766  0.522732110091  
0.000206004106942  0.000572070568026  0.0013381492217  0.00291355968295  0.00597187685274  0.0115187899247  0.0208629377047  0.0353932380893  0.0560897649228  0.0828088962717  0.113583513402  0.144367710522  0.16964785519  0.183990045677  
