4.28598394028  9.40912779324  16.2825118921  25.9692354439  39.7545719556  59.2203879157  86.3352559456  123.592885042  174.273045797  242.997048942  337.006420332  469.343787201  667.541738324  1000.0  
4.1213724405  9.04203746018  15.6308877512  24.8928757284  38.0301663391  56.4981433335  82.0607068293  116.855807725  163.4888004  225.164710396  305.788056219  409.517304545  537.188800345  667.541738324  
3.81227062956  8.35384982515  14.4126499144  22.888741485  34.8378804615  51.5000431393  74.3072325321  104.860616988  144.85150511  195.851943983  258.762411214  332.346686298  409.517304545  469.343787201  
3.39445901599  7.42594963602  12.7769449124  20.214150211  30.6134903507  44.9628654904  64.3312970652  89.7860987045  122.223520615  162.043591279  208.535798019  258.762411214  305.788056219  337.006420332  
2.91200313356  6.35781637917  10.9037582718  17.1737716011  25.8591373999  37.7034073438  53.4506345182  73.7404101195  98.9255174027  128.777735601  162.043591279  195.851943983  225.164710396  242.997048942  
2.40926253347  5.24864354968  8.96970274736  14.0596800302  21.0409068977  30.4469706051  42.7661466703  58.3415528864  77.2174441942  98.9255174027  122.223520615  144.85150511  163.4888004  174.273045797  
1.92432194926  4.18262575067  7.12185601642  11.1085542458  16.5226991612  23.7321851795  33.0416693288  44.6109076986  58.3415528864  73.7404101195  89.7860987045  104.860616988  116.855807725  123.592885042  
1.48499306911  3.22037179967  5.46359175012  8.48112844257  12.5402865598  17.8862424457  24.7007873499  33.0416693288  42.7661466703  53.4506345182  64.3312970652  74.3072325321  82.0607068293  86.3352559456  
1.10754417369  2.39655273937  4.0518319288  6.26100212601  9.20646216924  13.0468368494  17.8862424457  23.7321851795  30.4469706051  37.7034073438  44.9628654904  51.5000431393  56.4981433335  59.2203879157  
0.797595940802  1.7223188181  2.90250923917  4.46617591246  6.53420088928  9.20646216924  12.5402865598  16.5226991612  21.0409068977  25.8591373999  30.6134903507  34.8378804615  38.0301663391  39.7545719556  
0.552299032042  1.19040532473  2.00027884629  3.06632035981  4.46617591246  6.26100212601  8.48112844257  11.1085542458  14.0596800302  17.1737716011  20.214150211  22.888741485  24.8928757284  25.9692354439  
0.36292447489  0.78098184507  1.3090449414  2.00027884629  2.90250923917  4.0518319288  5.46359175012  7.12185601642  8.96970274736  10.9037582718  12.7769449124  14.4126499144  15.6308877512  16.2825118921  
0.21721673038  0.466845036605  0.78098184507  1.19040532473  1.7223188181  2.39655273937  3.22037179967  4.18262575067  5.24864354968  6.35781637917  7.42594963602  8.35384982515  9.04203746018  9.40912779324  
0.101150025874  0.21721673038  0.36292447489  0.552299032042  0.797595940802  1.10754417369  1.48499306911  1.92432194926  2.40926253347  2.91200313356  3.39445901599  3.81227062956  4.1213724405  4.28598394028  
