0.956180730865  2.34477181946  4.71855074421  8.87873008236  16.0149059744  27.8561178702  46.8308954111  76.2461362123  120.538573913  185.769422398  280.834075878  420.703729098  635.681677405  1000.0  
0.901975082367  2.21015816059  4.44232712733  8.34526712112  15.019846767  26.0487570564  43.6156099316  70.6024758403  110.658532786  168.234375457  248.505416929  356.64732685  493.674296843  635.681677405  
0.803047327671  1.96491921699  3.94054122709  7.38010506251  13.2296997487  22.8232887838  37.9449510247  60.8276688257  94.0364330107  140.13868098  200.932633366  275.638562372  356.64732685  420.703729098  
0.675488202055  1.64955535974  3.29803178274  6.15162641674  10.969594034  18.7962195212  30.9748016512  49.0791853375  74.7040806625  109.025496074  151.99044153  200.932633366  248.505416929  280.834075878  
0.537532970098  1.30961734873  2.60904998003  4.8436296365  8.58576505214  14.6014874904  23.8352179639  37.3158339678  55.9403958367  80.0877389932  109.025496074  140.13868098  168.234375457  185.769422398  
0.405290915166  0.984942684841  1.95471352951  3.61079284379  6.36083037731  10.7353901543  17.36112372  26.8711364255  39.7273764717  55.9403958367  74.7040806625  94.0364330107  110.658532786  120.538573913  
0.290001105693  0.702945554664  1.38963935911  2.55415920299  4.47202331888  7.49231057167  12.0106049776  18.397514101  26.8711364255  37.3158339678  49.0791853375  60.8276688257  70.6024758403  76.2461362123  
0.197239410747  0.476882600415  0.939161973534  1.71787171028  2.9903923319  4.97589473301  7.9133218896  12.0106049776  17.36112372  23.8352179639  30.9748016512  37.9449510247  43.6156099316  46.8308954111  
0.127700288513  0.308002819041  0.604390543914  1.10053231128  1.90551731831  3.15109154297  4.97589473301  7.49231057167  10.7353901543  14.6014874904  18.7962195212  22.8232887838  26.0487570564  27.8561178702  
0.0787944044213  0.18961543099  0.370838469901  0.672459769648  1.15869211766  1.90551731831  2.9903923319  4.47202331888  6.36083037731  8.58576505214  10.969594034  13.2296997487  15.019846767  16.0149059744  
0.0463347650517  0.111272227756  0.216960383469  0.391958053119  0.672459769648  1.10053231128  1.71787171028  2.55415920299  3.61079284379  4.8436296365  6.15162641674  7.38010506251  8.34526712112  8.87873008236  
0.0258474988174  0.0619589471225  0.12048652127  0.216960383469  0.370838469901  0.604390543914  0.939161973534  1.38963935911  1.95471352951  2.60904998003  3.29803178274  3.94054122709  4.44232712733  4.71855074421  
0.013341147624  0.0319317748645  0.0619589471225  0.111272227756  0.18961543099  0.308002819041  0.476882600415  0.702945554664  0.984942684841  1.30961734873  1.64955535974  1.96491921699  2.21015816059  2.34477181946  
0.00557975529745  0.013341147624  0.0258474988174  0.0463347650517  0.0787944044213  0.127700288513  0.197239410747  0.290001105693  0.405290915166  0.537532970098  0.675488202055  0.803047327671  0.901975082367  0.956180730865  
