6.53847554869  13.9977181647  23.3520957775  35.6831146179  52.2347388429  74.4768434592  104.192116142  143.619729728  195.727998041  264.780997898  357.610299937  486.727423092  678.760631562  1000.0  
6.32047971117  13.523201392  22.5385156817  34.3916010592  50.2476059069  71.4575945313  99.6118707429  136.613034785  184.786341531  247.03694209  326.982199125  428.559655734  552.609061889  678.760631562  
5.90801427809  12.626788334  21.005724777  31.968174516  46.5403850569  65.8713928854  91.2404771835  124.044254574  165.739306408  217.667426916  280.554942931  353.130202168  428.559655734  486.727423092  
5.34339062592  11.4026496331  18.9211521444  28.6922518338  41.5714270109  58.4718626579  80.3344318777  108.055832585  142.341873851  183.417613773  230.461978416  280.554942931  326.982199125  357.610299937  
4.67975940925  9.96819755313  16.4908618854  24.9010998033  35.8787241229  50.1090121739  68.2322239084  90.7489778647  117.858340234  149.193916212  183.417613773  217.667426916  247.03694209  264.780997898  
3.97226403692  8.44410627875  13.9232706354  20.9278749288  29.9764733459  41.5592355446  56.0825086284  73.7776233264  94.5638554955  117.858340234  142.341873851  165.739306408  184.786341531  195.727998041  
3.27039845053  6.93750304487  11.3999913393  17.0551664213  24.2849961019  33.4263270621  44.7203850985  58.2377075994  73.7776233264  90.7489778647  108.055832585  124.044254574  136.613034785  143.619729728  
2.61284845403  5.53104134108  9.0581095689  13.4896194218  19.0985687895  26.1087571723  34.6536513409  44.7203850985  56.0825086284  68.2322239084  80.3344318777  91.2404771835  99.6118707429  104.192116142  
2.02514137639  4.27831826224  6.98390507346  10.3556621477  14.5835269791  19.8119296826  26.1087571723  33.4263270621  41.5592355446  50.1090121739  58.4718626579  65.8713928854  71.4575945313  74.4768434592  
1.51970013827  3.2045155644  5.21540855247  7.70268409809  10.7951278647  14.5835269791  19.0985687895  24.2849961019  29.9764733459  35.8787241229  41.5714270109  46.5403850569  50.2476059069  52.2347388429  
1.09752379976  2.31042561183  3.75026991701  5.51940486246  7.70268409809  10.3556621477  13.4896194218  17.0551664213  20.9278749288  24.9010998033  28.6922518338  31.968174516  34.3916010592  35.6831146179  
0.750660585054  1.57800592154  2.55568605865  3.75026991701  5.21540855247  6.98390507346  9.0581095689  11.3999913393  13.9232706354  16.4908618854  18.9211521444  21.005724777  22.5385156817  23.3520957775  
0.464791928023  0.976007857387  1.57800592154  2.31042561183  3.2045155644  4.27831826224  5.53104134108  6.93750304487  8.44410627875  9.96819755313  11.4026496331  12.626788334  13.523201392  13.9977181647  
0.221493883914  0.464791928023  0.750660585054  1.09752379976  1.51970013827  2.02514137639  2.61284845403  3.27039845053  3.97226403692  4.67975940925  5.34339062592  5.90801427809  6.32047971117  6.53847554869  
