8.62953323062  18.2041833866  29.7091869529  44.2115269884  62.9063533287  87.1756687927  118.675110632  159.481618043  212.371918978  281.391373003  373.11198019  499.684350048  687.078071704  1000.0  
8.37053028723  17.6482952522  28.7756116682  42.7651383713  60.7365848026  83.9584472092  113.902074153  152.320440311  201.368376607  263.772501398  342.979312168  442.793376364  564.067748995  687.078071704  
7.87804231511  16.5929077775  27.0078733856  40.0373286363  56.6680803188  77.9758754979  105.134706526  139.411511457  182.122422418  234.478415213  297.115375235  368.764530653  442.793376364  499.684350048  
7.19826936914  15.1396091444  24.5835123472  36.3187573891  51.1688347131  69.9849684522  93.6187164287  122.858602418  158.298221928  200.068076763  247.300104775  297.115375235  342.979312168  373.11198019  
6.3899249111  13.4165404279  21.7235715691  31.9642333854  44.7940869691  60.8480744743  80.6928612084  104.740413469  133.099820197  165.332309094  200.068076763  234.478415213  263.772501398  281.391373003  
5.51500071379  11.5577407902  18.6555838981  27.330385892  38.0835703648  51.3657012466  67.5236023435  86.7162731417  108.789331372  133.099820197  158.298221928  182.122422418  201.368376607  212.371918978  
4.63056466803  9.68528379996  15.5830070619  22.7276769797  31.4901038566  42.1767580731  54.9813012415  69.9152148542  86.7162731417  104.740413469  122.858602418  139.411511457  152.320440311  159.481618043  
3.78291519972  7.89699503915  12.6655102415  18.3924398473  25.3442444572  33.7219149019  43.6212781445  54.9813012415  67.5236023435  80.6928612084  93.6187164287  105.134706526  113.902074153  118.675110632  
3.00450522914  6.26039689252  10.0104265093  14.4774418365  19.8481406111  26.250152258  33.7219149019  42.1767580731  51.3657012466  60.8480744743  69.9849684522  77.9758754979  83.9584472092  87.1756687927  
2.31333958733  4.81199204726  7.67315518101  11.0559467677  15.0880548255  19.8481406111  25.3442444572  31.4901038566  38.0835703648  44.7940869691  51.1688347131  56.6680803188  60.7365848026  62.9063533287  
1.71416709204  3.56026227748  5.66335863191  8.1335971196  11.0559467677  14.4774418365  18.3924398473  22.7276769797  27.330385892  31.9642333854  36.3187573891  40.0373286363  42.7651383713  44.2115269884  
1.20070182733  2.49067659925  3.95396045916  5.66335863191  7.67315518101  10.0104265093  12.6655102415  15.5830070619  18.6555838981  21.7235715691  24.5835123472  27.0078733856  28.7756116682  29.7091869529  
0.758220064493  1.5713178982  2.49067659925  3.56026227748  4.81199204726  6.26039689252  7.89699503915  9.68528379996  11.5577407902  13.4165404279  15.1396091444  16.5929077775  17.6482952522  18.2041833866  
0.366087689681  0.758220064493  1.20070182733  1.71416709204  2.31333958733  3.00450522914  3.78291519972  4.63056466803  5.51500071379  6.3899249111  7.19826936914  7.87804231511  8.37053028723  8.62953323062  
