0.618122260745  1.57287253638  3.31943216245  6.56403380297  12.4194815046  22.5845966835  39.541725808  66.7718497838  109.026177396  172.812219698  267.568059787  408.876301299  627.805154645  1000.0  
0.579694268511  1.47392794032  3.1068276215  6.13344930622  11.5792514254  20.9942389231  36.6067574873  61.4537804076  99.464955018  155.479274478  235.108033124  343.901531119  482.99184665  627.805154645  
0.510177059771  1.29525771627  2.72401207699  5.3612559559  10.0808381545  18.1806115424  31.4748103706  52.3205306483  83.5113382373  127.925079211  187.684715933  262.231759376  343.901531119  408.876301299  
0.421834504807  1.06882036119  2.24091548528  4.39250766711  8.2159869814  14.7171400948  25.2540512007  41.4913231257  65.1981905323  97.7884266235  139.452928347  187.684715933  235.108033124  267.568059787  
0.328191266123  0.829592620634  1.73314795945  3.38135939134  6.28736030093  11.1787303844  19.0020820199  30.847468328  47.7390328122  70.2339624772  97.7884266235  127.925079211  155.479274478  172.812219698  
0.240677277108  0.606833208403  1.26295011101  2.4519102548  4.53134450923  7.99617521718  13.4670231985  21.6151988164  32.9918076664  47.7390328122  65.1981905323  83.5113382373  99.464955018  109.026177396  
0.166673068694  0.419157670275  0.869014803449  1.67888004723  3.08423485638  5.40349844329  9.0222852087  14.3333082502  21.6151988164  30.847468328  41.4913231257  52.3205306483  61.4537804076  66.7718497838  
0.109198477171  0.273925553917  0.565805731862  1.08799146138  1.98751023939  3.45897545124  5.73066362318  9.0222852087  13.4670231985  19.0020820199  25.2540512007  31.4748103706  36.6067574873  39.541725808  
0.0678035475877  0.169679489482  0.349256313484  0.66866533703  1.21520647058  2.10223750308  3.45897545124  5.40349844329  7.99617521718  11.1787303844  14.7171400948  18.1806115424  20.9942389231  22.5845966835  
0.0399611164393  0.0997819624322  0.20472365917  0.390397084307  0.706202489905  1.21520647058  1.98751023939  3.08423485638  4.53134450923  6.28736030093  8.2159869814  10.0808381545  11.5792514254  12.4194815046  
0.0223707740215  0.0557470927512  0.114044944094  0.216705689253  0.390397084307  0.66866533703  1.08799146138  1.67888004723  2.4519102548  3.38135939134  4.39250766711  5.3612559559  6.13344930622  6.56403380297  
0.0118607759086  0.0295041963787  0.0602044873393  0.114044944094  0.20472365917  0.349256313484  0.565805731862  0.869014803449  1.26295011101  1.73314795945  2.24091548528  2.72401207699  3.1068276215  3.31943216245  
0.00583344460639  0.0144895900296  0.0295041963787  0.0557470927512  0.0997819624322  0.169679489482  0.273925553917  0.419157670275  0.606833208403  0.829592620634  1.06882036119  1.29525771627  1.47392794032  1.57287253638  
0.00235093705211  0.00583344460639  0.0118607759086  0.0223707740215  0.0399611164393  0.0678035475877  0.109198477171  0.166673068694  0.240677277108  0.328191266123  0.421834504807  0.510177059771  0.579694268511  0.618122260745  
