6.71416055408  14.3526964243  23.8922177809  36.4138860917  53.1577970657  75.5859008116  105.468846365  145.030049128  197.21900184  266.278313014  359.01446722  487.905074006  679.518067356  1000.0  
6.49244180255  13.8707563458  23.0676062036  35.1079884424  51.1534869698  72.5477395429  100.869783427  138.007662196  186.269802465  248.543618608  328.429536496  429.852008998  553.651680943  679.518067356  
6.07273369189  12.9598854811  21.5132845803  32.6563863963  47.4124115505  66.9238413544  92.4599958263  125.404845885  167.200989872  219.17695012  282.049540635  354.546436518  429.852008998  487.905074006  
5.49774144171  11.7150135512  19.397737353  29.3397139153  42.3940567926  59.4684582192  81.4953658865  109.360911087  143.759636957  184.906776566  231.975808201  282.049540635  328.429536496  359.01446722  
4.82117296416  10.2546372993  16.9285676144  25.4970900766  36.6383304883  51.033160408  69.3149304574  91.9756023573  119.205161123  150.629563613  184.906776566  219.17695012  248.543618608  266.278313014  
4.09884812672  8.70076128262  14.3161203694  21.4640876961  30.6621411496  42.3970421473  57.0695900762  74.9040763745  95.8123439892  119.205161123  143.759636957  167.200989872  186.269802465  197.21900184  
3.38099655511  7.16197431444  11.7441686083  17.5260954835  24.8891425325  34.167598266  45.5982991532  59.2460738742  74.9040763745  91.9756023573  109.360911087  125.404845885  138.007662196  145.030049128  
2.70702900145  5.72238350559  9.35198273733  13.8926680032  19.6172222116  26.7475737688  35.4137584999  45.5982991532  57.0695900762  69.3149304574  81.4953658865  92.4599958263  100.869783427  105.468846365  
2.10311642213  4.43688754323  7.22782816002  10.6909373112  15.0161779442  20.3466433541  26.7475737688  34.167598266  42.3970421473  51.033160408  59.4684582192  66.9238413544  72.5477395429  75.5859008116  
1.58218324394  3.33169125015  5.41131940334  7.97249484182  11.1441629234  15.0161779442  19.6172222116  24.8891425325  30.6621411496  36.6383304883  42.3940567926  47.4124115505  51.1534869698  53.1577970657  
1.14554561612  2.40824176771  3.90114030994  5.72753640463  7.97249484182  10.6909373112  13.8926680032  17.5260954835  21.4640876961  25.4970900766  29.3397139153  32.6563863963  35.1079884424  36.4138860917  
0.785365821345  1.64874171629  2.66489904023  3.90114030994  5.41131940334  7.22782816002  9.35198273733  11.7441686083  14.3161203694  16.9285676144  19.397737353  21.5132845803  23.0676062036  23.8922177809  
0.487242477018  1.0217877718  1.64874171629  2.40824176771  3.33169125015  4.43688754323  5.72238350559  7.16197431444  8.70076128262  10.2546372993  11.7150135512  12.9598854811  13.8707563458  14.3526964243  
0.232500466128  0.487242477018  0.785365821345  1.14554561612  1.58218324394  2.10311642213  2.70702900145  3.38099655511  4.09884812672  4.82117296416  5.49774144171  6.07273369189  6.49244180255  6.71416055408  
