1.54556544694  3.64688876477  6.97465474142  12.4313758145  21.270750413  35.2189803243  56.6014595626  88.4950703633  134.971787024  201.610841183  296.7422481  434.696798447  644.92907589  1000.0  
1.46711482079  3.45924939503  6.60808418473  11.7590555084  20.077175138  33.1469468709  53.0605804754  82.4920708435  124.762755301  183.903668106  264.643004448  371.786973753  506.256890213  644.92907589  
1.32258513807  3.11416297369  5.93584293644  10.5311262818  17.909624184  29.4145116658  46.7578605328  72.0001820001  107.43482479  155.292240837  217.042614836  291.707426282  371.786973753  434.696798447  
1.13330489642  2.66342439886  5.06154378076  8.9437287741  15.1305538118  24.6830158879  38.8940220045  59.2043603363  86.9957416178  123.18247424  167.465710913  217.042614836  264.643004448  296.7422481  
0.924142408506  2.16696921178  4.10359840893  7.21701129458  12.1365753906  19.6504941894  30.6722771513  46.1339863972  66.7717161974  92.7631474959  123.18247424  155.292240837  183.903668106  201.610841183  
0.718087017309  1.67965985921  3.16867258392  5.54484319569  9.26631129961  14.8882205274  23.0213406491  34.2316922284  48.8628504984  66.7717161974  86.9957416178  107.43482479  124.762755301  134.971787024  
0.532430731703  1.24223617729  2.33435342839  4.06422534348  6.74990070695  10.7644770106  16.4977498282  24.2757780169  34.2316922284  46.1339863972  59.2043603363  72.0001820001  82.4920708435  88.4950703633  
0.377208804866  0.877869162969  1.64334067748  2.84709638979  4.70050983504  7.44402302799  11.3166129338  16.4977498282  23.0213406491  30.6722771513  38.8940220045  46.7578605328  53.0605804754  56.6014595626  
0.255649111473  0.593528006736  1.10700636343  1.90900937508  3.13440169122  4.93228267703  7.44402302799  10.7644770106  14.8882205274  19.6504941894  24.6830158879  29.4145116658  33.1469468709  35.2189803243  
0.16586043496  0.384196688741  0.714136921794  1.22624858448  2.00328638658  3.13440169122  4.70050983504  6.74990070695  9.26631129961  12.1365753906  15.1305538118  17.909624184  20.077175138  21.270750413  
0.102908654418  0.237881380455  0.440799263531  0.753979459069  1.22624858448  1.90900937508  2.84709638979  4.06422534348  5.54484319569  7.21701129458  8.9437287741  10.5311262818  11.7590555084  12.4313758145  
0.0606418159017  0.13992186543  0.258573475999  0.440799263531  0.714136921794  1.10700636343  1.64334067748  2.33435342839  3.16867258392  4.10359840893  5.06154378076  5.93584293644  6.60808418473  6.97465474142  
0.0329369558749  0.0758836430827  0.13992186543  0.237881380455  0.384196688741  0.593528006736  0.877869162969  1.24223617729  1.67965985921  2.16696921178  2.66342439886  3.11416297369  3.45924939503  3.64688876477  
0.014310590146  0.0329369558749  0.0606418159017  0.102908654418  0.16586043496  0.255649111473  0.377208804866  0.532430731703  0.718087017309  0.924142408506  1.13330489642  1.32258513807  1.46711482079  1.54556544694  
