3.38433453701  7.54476887959  13.3451040131  21.8224536652  34.2699621307  52.3195428667  78.0363653894  114.056260499  163.840149777  232.220555623  326.677938551  460.54897708  661.836033202  1000.0  
3.2447415112  7.22881087053  12.7724219629  20.8541423865  32.682083476  49.7576552575  73.9345214565  107.481922274  153.168910948  214.380776223  295.19669713  399.90985562  529.363951657  661.836033202  
2.98374664103  6.63904832073  11.7064379491  19.0590700034  29.755361918  45.0743526929  66.5261850975  95.8257593137  134.802381534  185.169976489  247.943501884  321.92558937  399.90985562  460.54897708  
2.63347989212  5.84956803519  10.2854884591  16.6807721617  25.9102186494  38.99245752  57.0609597598  81.2771743856  112.649576854  151.688357878  197.762084248  247.943501884  295.19669713  326.677938551  
2.23304236547  4.94985535076  8.67454773062  14.0042725091  21.6257172558  32.3049017078  46.8368042329  65.9366370749  90.0472892516  119.028152184  151.688357878  185.169976489  214.380776223  232.220555623  
1.82108153862  4.02751203706  7.03254901989  11.2978783104  17.3386498116  25.7037014409  36.9202049098  51.3908433424  69.2320445328  90.0472892516  112.649576854  134.802381534  153.168910948  163.840149777  
1.42987588581  3.15485194108  5.48817321505  8.77291925943  13.3804164088  19.6880938375  28.0295104658  38.6106493697  51.3908433424  65.9366370749  81.2771743856  95.8257593137  107.481922274  114.056260499  
1.08197797144  2.38163321203  4.12774654389  6.56611523474  9.95500169601  14.5449614985  20.5387603756  28.0295104658  36.9202049098  46.8368042329  57.0609597598  66.5261850975  73.9345214565  78.0363653894  
0.789471689692  1.73381819307  2.99430674176  4.74109311094  7.14801656499  10.3763041215  14.5449614985  19.6880938375  25.7037014409  32.3049017078  38.99245752  45.0743526929  49.7576552575  52.3195428667  
0.555207229692  1.21672656905  2.09432145401  3.30190138104  4.95286815533  7.14801656499  9.95500169601  13.3804164088  17.3386498116  21.6257172558  25.9102186494  29.755361918  32.682083476  34.2699621307  
0.375100905199  0.820429406576  1.40794867477  2.21124653748  3.30190138104  4.74109311094  6.56611523474  8.77291925943  11.2978783104  14.0042725091  16.6807721617  19.0590700034  20.8541423865  21.8224536652  
0.240650582278  0.525470447466  0.899431998856  1.40794867477  2.09432145401  2.99430674176  4.12774654389  5.48817321505  7.03254901989  8.67454773062  10.2854884591  11.7064379491  12.7724219629  13.3451040131  
0.141070226376  0.307621845437  0.525470447466  0.820429406576  1.21672656905  1.73381819307  2.38163321203  3.15485194108  4.02751203706  4.94985535076  5.84956803519  6.63904832073  7.22881087053  7.54476887959  
0.0647488581818  0.141070226376  0.240650582278  0.375100905199  0.555207229692  0.789471689692  1.08197797144  1.42987588581  1.82108153862  2.23304236547  2.63347989212  2.98374664103  3.2447415112  3.38433453701  
