1.92107489125  4.45841959758  8.33789573662  14.504637952  24.2323478045  39.2323871694  61.7686628677  94.8024654125  142.236664012  209.43733773  304.48970503  441.443714868  649.362458469  1000.0  
1.82866891996  4.24093974541  7.92208612021  13.7593665747  22.9383697675  37.0314674689  58.0751593817  88.6379239364  131.888483353  191.672711161  272.528307826  379.108341079  512.303857208  649.362458469  
1.65771846736  3.83929557506  7.1563383233  12.3924776123  20.5786542966  33.0504055553  51.4737826391  77.8202015979  114.255357967  162.860950982  224.970145443  299.530280032  379.108341079  441.443714868  
1.43228745372  3.31103895849  6.15349987681  10.6131887381  17.5323844688  27.9694118204  43.1822498291  64.5409524876  93.3255116357  130.333929399  175.165553273  224.970145443  272.528307826  304.48970503  
1.18078202333  2.72359513733  5.0441297473  8.65917937659  14.2193712404  22.514540462  34.4337085046  50.8553973418  72.4370125563  99.2654311881  130.333929399  162.860950982  191.672711161  209.43733773  
0.929977978952  2.13989985857  3.94815638906  6.74386126037  11.0049853868  17.2912996553  26.1976973859  38.2511788227  53.7356684235  72.4370125563  93.3255116357  114.255357967  131.888483353  142.236664012  
0.700652638819  1.60818369322  2.95564355821  5.02300844872  8.14586835969  12.7034925755  19.0762085797  27.5625271697  38.2511788227  50.8553973418  64.5409524876  77.8202015979  88.6379239364  94.8024654125  
0.505591184966  1.15758217132  2.11937748187  3.58406794208  5.77772729996  8.9472756417  13.3265783377  19.0762085797  26.1976973859  34.4337085046  43.1822498291  51.4737826391  58.0751593817  61.7686628677  
0.349792386412  0.79895346234  1.45743784992  2.45318194023  3.93272888497  6.05110404821  8.9472756417  12.7034925755  17.2912996553  22.514540462  27.9694118204  33.0504055553  37.0314674689  39.2323871694  
0.232121494923  0.528991024723  0.961688990007  1.61175827048  2.57075160438  3.93272888497  5.77772729996  8.14586835969  11.0049853868  14.2193712404  17.5323844688  20.5786542966  22.9383697675  24.2323478045  
0.147520907199  0.335499441264  0.60803686285  1.0150904916  1.61175827048  2.45318194023  3.58406794208  5.02300844872  6.74386126037  8.65917937659  10.6131887381  12.3924776123  13.7593665747  14.504637952  
0.0890659117193  0.202191923154  0.365445754576  0.60803686285  0.961688990007  1.45743784992  2.11937748187  2.95564355821  3.94815638906  5.0441297473  6.15349987681  7.1563383233  7.92208612021  8.33789573662  
0.0494585074254  0.112113164936  0.202191923154  0.335499441264  0.528991024723  0.79895346234  1.15758217132  1.60818369322  2.13989985857  2.72359513733  3.31103895849  3.83929557506  4.24093974541  4.45841959758  
0.021839973364  0.0494585074254  0.0890659117193  0.147520907199  0.232121494923  0.349792386412  0.505591184966  0.700652638819  0.929977978952  1.18078202333  1.43228745372  1.65771846736  1.82866891996  1.92107489125  
