9.64620889003  20.2376223789  32.7548615168  48.25150065  67.8975410277  93.0366513859  125.273079305  166.620666826  219.78286059  288.720950749  379.90417884  505.333380202  690.694037298  1000.0  
9.36956514043  19.6469685121  31.7705837904  46.740648528  65.6531988565  89.7405843882  120.426036559  159.404555009  208.766450289  271.171265528  350.000836309  449.008638606  569.0555578  690.694037298  
8.84248066846  18.5233152711  29.9030510445  43.8854379172  61.4362469925  83.5989051956  111.504784652  146.370873483  189.461042433  241.939150972  304.41074379  375.614749095  449.008638606  505.333380202  
8.11251203676  16.9707848575  27.3331147263  39.9799010801  55.7169125585  75.367729289  99.7476635283  129.603806945  165.488793031  207.500827883  254.75972199  304.41074379  350.000836309  379.90417884  
7.2403544168  15.1212750054  24.2868926971  35.3844422854  49.0552641079  65.9114693886  86.4896975127  111.168052947  140.023253939  172.592848479  207.500827883  241.939150972  271.171265528  288.720950749  
6.29050348954  13.113643757  20.9986398808  30.463615916  41.999083625  56.0372469143  72.9004250934  92.7199276979  115.31499335  140.023253939  165.488793031  189.461042433  208.766450289  219.78286059  
5.32288007766  11.0755309924  17.6797934109  25.5377795366  35.0122722437  46.3952728927  59.8606070342  75.3969652856  92.7199276979  111.168052947  129.603806945  146.370873483  159.404555009  166.620666826  
4.38674880247  9.1106175473  14.4986023496  20.8543060541  28.4385211872  37.4410202243  47.9416720708  59.8606070342  72.9004250934  86.4896975127  99.7476635283  111.504784652  120.426036559  125.273079305  
3.51737203053  7.29202688968  11.5707540338  16.5770113304  22.4936573743  29.4397560742  37.4410202243  46.3952728927  56.0372469143  65.9114693886  75.367729289  83.5989051956  89.7405843882  93.0366513859  
2.73514408379  5.66106888099  8.95893005804  12.7890089043  17.2765047978  22.4936573743  28.4385211872  35.0122722437  41.999083625  49.0552641079  55.7169125585  61.4362469925  65.6531988565  67.8975410277  
2.04656963362  4.2297939479  6.67829082368  9.50355171037  12.7890089043  16.5770113304  20.8543060541  25.5377795366  30.463615916  35.3844422854  39.9799010801  43.8854379172  46.740648528  48.25150065  
1.44635532328  2.98572576016  4.70501905678  6.67829082368  8.95893005804  11.5707540338  14.4986023496  17.6797934109  20.9986398808  24.2868926971  27.3331147263  29.9030510445  31.7705837904  32.7548615168  
0.919981042524  1.89742457341  2.98572576016  4.2297939479  5.66106888099  7.29202688968  9.1106175473  11.0755309924  13.113643757  15.1212750054  16.9707848575  18.5233152711  19.6469685121  20.2376223789  
0.446308981961  0.919981042524  1.44635532328  2.04656963362  2.73514408379  3.51737203053  4.38674880247  5.32288007766  6.29050348954  7.2403544168  8.11251203676  8.84248066846  9.36956514043  9.64620889003  
