2.05374267187  4.742682643  8.8096081262  15.212110072  25.2287378805  40.5645490812  63.4628120938  96.8481037928  144.571123509  211.933313158  306.946141161  443.574270256  650.759218072  1000.0  
1.95662444731  4.51521476088  8.37752489349  14.4430805355  23.9025635146  38.3229402807  59.7218912016  90.6342803102  134.181692707  194.153944479  275.031816534  381.42306927  514.210853026  650.759218072  
1.77672842307  4.09458881221  7.58078961339  13.0308132131  21.4810546917  34.2631552883  53.0274112786  79.7166789834  116.457109673  165.285419046  227.494267808  302.010262948  381.42306927  443.574270256  
1.53900231644  3.5401989542  6.53516291955  11.1885777357  18.3484666553  29.0709633487  44.6018287769  66.2882220925  95.3784515006  132.635295381  177.628195658  227.494267808  275.031816534  306.946141161  
1.27300532216  2.92188844147  5.37507084254  9.15953995777  14.9317302672  23.480822099  35.6869918608  52.4111987064  74.2861308244  101.371016562  132.635295381  165.285419046  194.153944479  211.933313158  
1.00676325019  2.30523328817  4.22471996141  7.16331281486  11.6045532349  18.1087068976  27.2646601625  39.5863935329  55.3388806682  74.2861308244  95.3784515006  116.457109673  134.181692707  144.571123509  
0.762225049574  1.74095857223  3.17827254559  5.36173926558  8.6320000664  13.3695177902  19.9507866822  28.6649359819  39.5863935329  52.4111987064  66.2882220925  79.7166789834  90.6342803102  96.8481037928  
0.553125100068  1.26023883209  2.29191528581  3.84741077353  6.1571297925  9.4694818672  14.0160389406  19.9507866822  27.2646601625  35.6869918608  44.6018287769  53.0274112786  59.7218912016  63.4628120938  
0.385101094601  0.875320560346  1.58608622454  2.65012738975  4.21750226399  6.44472350704  9.4694818672  13.3695177902  18.1087068976  23.480822099  29.0709633487  34.2631552883  38.3229402807  40.5645490812  
0.257323767779  0.583576353576  1.05384431871  1.75323302882  2.77599810966  4.21750226399  6.1571297925  8.6320000664  11.6045532349  14.9317302672  18.3484666553  21.4810546917  23.9025635146  25.2287378805  
0.164740175489  0.372843135471  0.67120975814  1.11231887265  1.75323302882  2.65012738975  3.84741077353  5.36173926558  7.16331281486  9.15953995777  11.1885777357  13.0308132131  14.4430805355  15.212110072  
0.100196889423  0.226359653418  0.406401138783  0.67120975814  1.05384431871  1.58608622454  2.29191528581  3.17827254559  4.22471996141  5.37507084254  6.53516291955  7.58078961339  8.37752489349  8.8096081262  
0.0560115666621  0.126354474007  0.226359653418  0.372843135471  0.583576353576  0.875320560346  1.26023883209  1.74095857223  2.30523328817  2.92188844147  3.5401989542  4.09458881221  4.51521476088  4.742682643  
0.0248534717263  0.0560115666621  0.100196889423  0.164740175489  0.257323767779  0.385101094601  0.553125100068  0.762225049574  1.00676325019  1.27300532216  1.53900231644  1.77672842307  1.95662444731  2.05374267187  
