0.00087603201161  0.00425289721398  0.0185933716116  0.0754919368729  0.283979455961  0.986082729941  3.14894554627  9.2160854565  24.653572199  60.2086427531  134.484663398  276.766940545  533.981633961  1000.0  
0.000734052983319  0.00356212260445  0.0155618602141  0.0631101361685  0.236985142187  0.820739156572  2.61061798809  7.59469508163  20.1250347428  48.3933881246  105.229882051  206.011437986  359.147547109  533.981633961  
0.000518876424218  0.00251641062233  0.0109811956368  0.0444538388213  0.166475694466  0.574233487509  1.81578137083  5.23667391774  13.6979884155  32.2983090659  68.1334938257  127.198630024  206.011437986  276.766940545  
0.000312773792926  0.00151606650548  0.00660858841352  0.0267030835266  0.0997140876218  0.342492277269  1.07635903569  3.07695160905  7.94770826731  18.4043466939  37.8365513953  68.1334938257  105.229882051  134.484663398  
0.000162765570075  0.000788739861033  0.00343533550378  0.0138594735783  0.0516237783207  0.17664576617  0.552126347951  1.56621449238  4.00226661809  9.13211441395  18.4043466939  32.2983090659  48.3933881246  60.2086427531  
7.40160848701e-05  0.000358701658435  0.00156168855171  0.00629372340587  0.0233978747934  0.0798218850145  0.248393169955  0.700243775622  1.77417744568  4.00226661809  7.94770826731  13.6979884155  20.1250347428  24.653572199  
2.97431255931e-05  0.000144209745873  0.000627885853346  0.00252909586824  0.00939047338832  0.0319660737776  0.0991440009893  0.278174446569  0.700243775622  1.56621449238  3.07695160905  5.23667391774  7.59469508163  9.2160854565  
1.0668408461e-05  5.17689237245e-05  0.000225515218109  0.00090837018763  0.00337068271519  0.0114583678191  0.0354568996864  0.0991440009893  0.248393169955  0.552126347951  1.07635903569  1.81578137083  2.61061798809  3.14894554627  
3.44594423666e-06  1.67412634264e-05  7.29955800228e-05  0.000294170149999  0.00109154230221  0.0037081611041  0.0114583678191  0.0319660737776  0.0798218850145  0.17664576617  0.342492277269  0.574233487509  0.820739156572  0.986082729941  
1.01014810464e-06  4.91484412628e-06  2.14576428591e-05  8.65542310811e-05  0.000321322307498  0.00109154230221  0.00337068271519  0.00939047338832  0.0233978747934  0.0516237783207  0.0997140876218  0.166475694466  0.236985142187  0.283979455961  
2.70575096941e-07  1.31879202106e-06  5.76707556263e-06  2.32933361507e-05  8.65542310811e-05  0.000294170149999  0.00090837018763  0.00252909586824  0.00629372340587  0.0138594735783  0.0267030835266  0.0444538388213  0.0631101361685  0.0754919368729  
6.66190446453e-08  3.25353332597e-07  1.4254978081e-06  5.76707556263e-06  2.14576428591e-05  7.29955800228e-05  0.000225515218109  0.000627885853346  0.00156168855171  0.00343533550378  0.00660858841352  0.0109811956368  0.0155618602141  0.0185933716116  
1.51389747215e-08  7.40983222041e-08  3.25353332597e-07  1.31879202106e-06  4.91484412628e-06  1.67412634264e-05  5.17689237245e-05  0.000144209745873  0.000358701658435  0.000788739861033  0.00151606650548  0.00251641062233  0.00356212260445  0.00425289721398  
3.08619364236e-09  1.51389747215e-08  6.66190446453e-08  2.70575096941e-07  1.01014810464e-06  3.44594423666e-06  1.0668408461e-05  2.97431255931e-05  7.40160848701e-05  0.000162765570075  0.000312773792926  0.000518876424218  0.000734052983319  0.00087603201161  
