8.45767973109  17.859809724  29.191861088  43.5227401296  62.051781653  86.1677233056  117.535469341  158.243491816  211.081984658  280.111716936  371.923314401  498.694082156  686.443586809  1000.0  
8.20179531333  17.3100813252  28.2673022139  42.0878729126  59.8954287638  82.9648095837  112.77604208  151.092714233  200.081560632  262.481600314  341.751245364  441.704419962  563.192919552  686.443586809  
7.71541223433  16.2667668499  26.5172766062  39.3827869127  55.853568135  77.0110263634  104.036841079  138.207117997  180.847697822  233.178410776  295.840999044  367.565717527  441.704419962  498.694082156  
7.0444702867  14.8309643169  24.1186730369  35.697453135  50.3936797483  69.0633995252  92.5647048401  121.693744177  157.051783264  198.775524908  245.999531123  295.840999044  341.751245364  371.923314401  
6.2473057473  13.1300950619  21.2915496337  31.3855674485  44.0699860432  59.9837096213  79.698809588  103.633494968  131.902955817  164.073051517  198.775524908  233.178410776  262.481600314  280.111716936  
5.38543843219  11.2972852489  18.2621535699  26.8022191869  37.4206119603  50.571059951  66.6047877939  85.6859002116  107.665001091  131.902955817  157.051783264  180.847697822  200.081560632  211.081984658  
4.51540436775  9.45356651077  15.2324384205  22.2559853021  30.8962326089  41.4621227924  54.1508661048  68.9781374967  85.6859002116  103.633494968  121.693744177  138.207117997  151.092714233  158.243491816  
3.68295577788  7.69568265943  12.3604795455  17.9811326819  24.8249229597  33.0947384364  42.8892463926  54.1508661048  66.6047877939  79.698809588  92.5647048401  104.036841079  112.77604208  117.535469341  
2.92003573123  6.09013671848  9.75208268257  14.1283967193  19.4062983018  25.7148490532  33.0947384364  41.4621227924  50.571059951  59.9837096213  69.0633995252  77.0110263634  82.9648095837  86.1677233056  
2.24422374041  4.67257346412  7.46134213889  10.7692668209  14.7243447991  19.4062983018  24.8249229597  30.8962326089  37.4206119603  44.0699860432  50.3936797483  55.853568135  59.8954287638  62.051781653  
1.6599658867  3.45085761397  5.49696536697  7.90805614746  10.7692668209  14.1283967193  17.9811326819  22.2559853021  26.8022191869  31.3855674485  35.697453135  39.3827869127  42.0878729126  43.5227401296  
1.16081811341  2.41012901799  3.83134938679  5.49696536697  7.46134213889  9.75208268257  12.3604795455  15.2324384205  18.2621535699  21.2915496337  24.1186730369  26.5172766062  28.2673022139  29.191861088  
0.732045975876  1.51843708629  2.41012901799  3.45085761397  4.67257346412  6.09013671848  7.69568265943  9.45356651077  11.2972852489  13.1300950619  14.8309643169  16.2667668499  17.3100813252  17.859809724  
0.353135566822  0.732045975876  1.16081811341  1.6599658867  2.24422374041  2.92003573123  3.68295577788  4.51540436775  5.38543843219  6.2473057473  7.0444702867  7.71541223433  8.20179531333  8.45767973109  
