0.000622387942821  0.00312801721759  0.0141801406257  0.0596475915524  0.232184335386  0.833106047871  2.74451308702  8.26971243845  22.7209367941  56.8283801808  129.561707761  271.107469214  529.607552265  1000.0  
0.000517543199329  0.00260014315113  0.0117791989162  0.0494937892488  0.192332722456  0.688341950197  2.25881484976  6.76572989798  18.4146530101  45.3510329238  100.65604566  200.35067704  353.571391786  529.607552265  
0.000360588830396  0.00181072563305  0.00819492539654  0.0343765556145  0.133243912106  0.475027651365  1.54990308613  4.60303059451  12.3696942419  29.878669104  64.3517759073  122.180459055  200.35067704  271.107469214  
0.0002130474293  0.00106946056801  0.00483576446693  0.0202519075986  0.0782890318642  0.277992902181  0.901709226207  2.65526450822  7.04841565328  16.7269998139  35.1246672869  64.3517759073  100.65604566  129.561707761  
0.000108185301744  0.000543044906404  0.00245406728797  0.0102641720082  0.039590099169  0.140090466277  0.4520779548  1.3214869369  3.4718190129  8.12202406577  16.7269998139  29.878669104  45.3510329238  56.8283801808  
4.78367647316e-05  0.000240199757592  0.00108534188143  0.00453590641372  0.0174672762054  0.0616427953731  0.198118448211  0.575759088631  1.50041636386  3.4718190129  7.04841565328  12.3696942419  18.4146530101  22.7209367941  
1.86397411318e-05  9.36624056609e-05  0.0004233584727  0.00176891731687  0.00680550211397  0.0239729156776  0.0768211391257  0.22228325385  0.575759088631  1.3214869369  2.65526450822  4.60303059451  6.76572989798  8.26971243845  
6.46843684955e-06  3.25389494526e-05  0.00014719512099  0.000615215330638  0.00236619928077  0.00832648079744  0.0266303562098  0.0768211391257  0.198118448211  0.4520779548  0.901709226207  1.54990308613  2.25881484976  2.74451308702  
2.01774210702e-06  1.01647991052e-05  4.60380230286e-05  0.000192573531718  0.000740874177436  0.00260621739473  0.00832648079744  0.0239729156776  0.0616427953731  0.140090466277  0.277992902181  0.475027651365  0.688341950197  0.833106047871  
5.70361069737e-07  2.8783671769e-06  1.30572923191e-05  5.46847647209e-05  0.000210551492972  0.000740874177436  0.00236619928077  0.00680550211397  0.0174672762054  0.039590099169  0.0782890318642  0.133243912106  0.192332722456  0.232184335386  
1.47134944077e-07  7.44035665103e-07  3.38166878989e-06  1.41853624118e-05  5.46847647209e-05  0.000192573531718  0.000615215330638  0.00176891731687  0.00453590641372  0.0102641720082  0.0202519075986  0.0343765556145  0.0494937892488  0.0596475915524  
3.48522775584e-08  1.76642162869e-07  8.04609198545e-07  3.38166878989e-06  1.30572923191e-05  4.60380230286e-05  0.00014719512099  0.0004233584727  0.00108534188143  0.00245406728797  0.00483576446693  0.00819492539654  0.0117791989162  0.0141801406257  
7.61401963767e-09  3.8685523297e-08  1.76642162869e-07  7.44035665103e-07  2.8783671769e-06  1.01647991052e-05  3.25389494526e-05  9.36624056609e-05  0.000240199757592  0.000543044906404  0.00106946056801  0.00181072563305  0.00260014315113  0.00312801721759  
1.49487348797e-09  7.61401963767e-09  3.48522775584e-08  1.47134944077e-07  5.70361069737e-07  2.01774210702e-06  6.46843684955e-06  1.86397411318e-05  4.78367647316e-05  0.000108185301744  0.0002130474293  0.000360588830396  0.000517543199329  0.000622387942821  
