0.388964497054  1.03116808017  2.29112273167  4.77645978992  9.5056227769  18.116361063  33.1077989932  58.1055408762  98.1698616934  160.28432119  254.491660238  397.059628231  619.87496033  1000.0  
0.362477406445  0.960175881108  2.13076432547  4.43476511434  8.80608635912  16.7329727298  30.4529179162  53.1284440585  88.9619928796  143.205575051  221.960803763  331.217741831  472.271561872  619.87496033  
0.315022182386  0.833215592899  1.84480097323  3.82785533134  7.57045998917  14.3086393079  25.8541194056  44.6594520571  73.7357996769  116.288026376  174.806945686  249.009736419  331.217741831  397.059628231  
0.255667209604  0.67485217034  1.4896073267  3.07837109591  6.05649426511  11.3700577577  20.3635271249  34.7654065266  56.5056033733  87.2438316757  127.445754685  174.806945686  221.960803763  254.491660238  
0.194113007928  0.511163595879  1.12431776095  2.31280411837  4.52384784629  8.43042952892  14.958147281  25.2344313365  40.3951758928  61.1769257103  87.2438316757  116.288026376  143.205575051  160.28432119  
0.138153292838  0.362884727436  0.795198043066  1.62794431133  3.16530981462  5.85537434976  10.2950455412  17.1740615384  27.1175256292  40.3951758928  56.5056033733  73.7357996769  88.9619928796  98.1698616934  
0.0923682826157  0.242004973061  0.528336236298  1.07651159067  2.08105056564  3.82278696234  6.664880524  11.0067893703  17.1740615384  25.2344313365  34.7654065266  44.6594520571  53.1284440585  58.1055408762  
0.0581393970377  0.151950551348  0.330547173393  0.670489817986  1.28916774391  2.35298447326  4.0714392214  6.664880524  10.2950455412  14.958147281  20.3635271249  25.8541194056  30.4529179162  33.1077989932  
0.0345228408351  0.0900190630961  0.195171562183  0.394255066806  0.754326425294  1.36890523089  2.35298447326  3.82278696234  5.85537434976  8.43042952892  11.3700577577  14.3086393079  16.7329727298  18.116361063  
0.0193757853  0.0504158424503  0.108975388283  0.219313481906  0.417774069142  0.754326425294  1.28916774391  2.08105056564  3.16530981462  4.52384784629  6.05649426511  7.57045998917  8.80608635912  9.5056227769  
0.0102921270995  0.0267292122112  0.0576191645183  0.115574823557  0.219313481906  0.394255066806  0.670489817986  1.07651159067  1.62794431133  2.31280411837  3.07837109591  3.82785533134  4.43476511434  4.77645978992  
0.00516670514602  0.0133958510403  0.0288084939269  0.0576191645183  0.108975388283  0.195171562183  0.330547173393  0.528336236298  0.795198043066  1.12431776095  1.4896073267  1.84480097323  2.13076432547  2.29112273167  
0.00241056261039  0.00624127827516  0.0133958510403  0.0267292122112  0.0504158424503  0.0900190630961  0.151950551348  0.242004973061  0.362884727436  0.511163595879  0.67485217034  0.833215592899  0.960175881108  1.03116808017  
0.000931939684525  0.00241056261039  0.00516670514602  0.0102921270995  0.0193757853  0.0345228408351  0.0581393970377  0.0923682826157  0.138153292838  0.194113007928  0.255667209604  0.315022182386  0.362477406445  0.388964497054  
