3.30505327187  7.37975438204  13.0825682819  21.4475137826  33.7679706528  51.6803428096  77.2591087021  113.154235922  162.845002734  231.185535551  325.680691856  459.696688745  661.281950129  1000.0  
3.16778682252  7.06858350648  12.5173522986  20.4895490683  32.1933474703  49.1342577439  73.1745705959  106.596571291  152.185915013  213.346415094  294.175328116  398.979833501  528.604754669  661.281950129  
2.91125379231  6.48801142189  11.4657298037  18.7144423668  29.2923374167  44.4818810321  65.8006835949  94.9749162967  133.847887513  184.148194826  246.902911654  320.919286427  398.979833501  459.696688745  
2.56722415052  5.71139936437  10.0649482929  16.3643150056  25.4837430431  38.4444896188  56.3861303178  80.4793991513  111.74414421  150.70199983  196.730076275  246.902911654  294.175328116  325.680691856  
2.17431361162  4.82724780925  8.47848423164  13.7221974096  21.2442346285  31.8124603255  46.2266162206  65.2093190803  89.212551192  118.104800693  150.70199983  184.148194826  213.346415094  231.185535551  
1.77061786612  3.92203021887  6.86352959868  11.0540201814  17.0076209011  25.274343113  36.3849372077  50.7478601329  68.4867689651  89.212551192  111.74414421  133.847887513  152.185915013  162.845002734  
1.38786340438  3.06692250925  5.34698307903  8.56862218564  13.1020565531  19.3253719621  27.5747324891  38.0605452942  50.7478601329  65.2093190803  80.4793991513  94.9749162967  106.596571291  113.154235922  
1.04811328139  2.31066525232  4.01355397975  6.40041383893  9.72842246688  14.2484320293  20.1650533381  27.5747324891  36.3849372077  46.2266162206  56.3861303178  65.8006835949  73.1745705959  77.2591087021  
0.763073272104  1.6784275974  2.90500041778  4.61115479048  6.96974883625  10.1420813702  14.2484320293  19.3253719621  25.274343113  31.8124603255  38.4444896188  44.4818810321  49.1342577439  51.6803428096  
0.535355253831  1.17502304867  2.02695695762  3.20364505051  4.81766048649  6.96974883625  9.72842246688  13.1020565531  17.0076209011  21.2442346285  25.4837430431  29.2923374167  32.1933474703  33.7679706528  
0.36078339428  0.790320166451  1.35923070891  2.14003097771  3.20364505051  4.61115479048  6.40041383893  8.56862218564  11.0540201814  13.7221974096  16.3643150056  18.7144423668  20.4895490683  21.4475137826  
0.230897283364  0.504940789105  0.866166432849  1.35923070891  2.02695695762  2.90500041778  4.01355397975  5.34698307903  6.86352959868  8.47848423164  10.0649482929  11.4657298037  12.5173522986  13.0825682819  
0.135062050912  0.294966219382  0.504940789105  0.790320166451  1.17502304867  1.6784275974  2.31066525232  3.06692250925  3.92203021887  4.82724780925  5.71139936437  6.48801142189  7.06858350648  7.37975438204  
0.0618978292124  0.135062050912  0.230897283364  0.36078339428  0.535355253831  0.763073272104  1.04811328139  1.38786340438  1.77061786612  2.17431361162  2.56722415052  2.91125379231  3.16778682252  3.30505327187  
