0.0678815557587  0.212355031174  0.57482368695  1.46017229717  3.50599212424  7.95827920572  17.0747204146  34.6426778569  66.5666412039  121.529775831  212.060059355  357.394604416  592.730739016  1000.0  
0.0616579912268  0.192729027945  0.521071072076  1.32147906695  3.16602099336  7.16494105411  15.3074660937  30.8659725865  58.7573301288  105.681782551  179.769572544  289.063898692  435.877862226  592.730739016  
0.0509400426476  0.158991158139  0.428919972309  1.08460856974  2.58845852218  5.82735203868  12.3610599805  24.6769774689  46.3090524163  81.5640932191  134.44376709  206.048462512  289.063898692  357.394604416  
0.0383740578847  0.119539538134  0.321581376672  0.810159298325  1.92408148471  4.30398239281  9.05228339327  17.8661836783  33.0124073858  56.9278474227  91.1680244658  134.44376709  179.769572544  212.060059355  
0.0264436436405  0.0821972512313  0.220435164986  0.553084373333  1.30668100486  2.90327636031  6.05332568692  11.8132465143  21.5114332766  36.4036461559  56.9278474227  81.5640932191  105.681782551  121.529775831  
0.0167293303658  0.0518871714691  0.138711773949  0.346621581221  0.8146931574  1.79839684522  3.71901726226  7.18336766765  12.9136159939  21.5114332766  33.0124073858  46.3090524163  58.7573301288  66.5666412039  
0.00975301850986  0.0301861669527  0.0804559652249  0.200278354941  0.468476934973  1.02799684031  2.11028218152  4.03953152441  7.18336766765  11.8132465143  17.8661836783  24.6769774689  30.8659725865  34.6426778569  
0.00525921577191  0.0162463938921  0.0431838600253  0.107124882222  0.249504593262  0.544623334561  1.11089275108  2.11028218152  3.71901726226  6.05332568692  9.05228339327  12.3610599805  15.3074660937  17.0747204146  
0.00263262147354  0.00811879882891  0.0215284928562  0.0532429543213  0.123545390512  0.268457542438  0.544623334561  1.02799684031  1.79839684522  2.90327636031  4.30398239281  5.82735203868  7.16494105411  7.95827920572  
0.00122750916669  0.00378011035522  0.0100031354606  0.0246750086371  0.0570742646602  0.123545390512  0.249504593262  0.468476934973  0.8146931574  1.30668100486  1.92408148471  2.58845852218  3.16602099336  3.50599212424  
0.000534793395836  0.00164494725371  0.0043455502654  0.0106961162508  0.0246750086371  0.0532429543213  0.107124882222  0.200278354941  0.346621581221  0.553084373333  0.810159298325  1.08460856974  1.32147906695  1.46017229717  
0.000218157202256  0.000670390660604  0.00176858796694  0.0043455502654  0.0100031354606  0.0215284928562  0.0431838600253  0.0804559652249  0.138711773949  0.220435164986  0.321581376672  0.428919972309  0.521071072076  0.57482368695  
8.28382368422e-05  0.000254380605896  0.000670390660604  0.00164494725371  0.00378011035522  0.00811879882891  0.0162463938921  0.0301861669527  0.0518871714691  0.0821972512313  0.119539538134  0.158991158139  0.192729027945  0.212355031174  
2.69883820109e-05  8.28382368422e-05  0.000218157202256  0.000534793395836  0.00122750916669  0.00263262147354  0.00525921577191  0.00975301850986  0.0167293303658  0.0264436436405  0.0383740578847  0.0509400426476  0.0616579912268  0.0678815557587  
