0.546257486064  1.40506482592  3.00604434318  6.02871813502  11.5617480662  21.2903413268  37.7052867312  64.3303110278  106.001857241  169.354509397  263.984921125  405.654714284  625.649405965  1000.0  
0.511439640084  1.31446516911  2.80877557219  5.62375013414  10.7613270384  19.7575175761  34.846858277  59.103828027  96.5336307379  152.085678087  231.499472165  340.438382323  480.074062354  625.649405965  
0.448613464743  1.15128092567  2.45447842533  4.89933956773  9.3375079199  17.0524654717  29.8611205429  50.1497447588  80.7727063352  124.695640117  184.137538212  258.609427563  340.438382323  405.654714284  
0.369108098174  0.945336317881  2.0092399498  3.99431337531  7.57279034014  13.7361899958  23.841758241  39.5744152043  62.7489072105  94.8455323805  136.127131605  184.137538212  231.499472165  263.984921125  
0.285318152065  0.729012953764  1.54395076908  3.05505809678  5.75800512274  10.366972894  17.8251438321  29.2352684992  45.6537357863  67.6867932237  94.8455323805  124.695640117  152.085678087  169.354509397  
0.207581945323  0.529044138261  1.11620200379  2.19787830471  4.11733944371  7.3577244957  12.5348934824  20.3272097318  31.3076312368  45.6537357863  62.7489072105  80.7727063352  96.5336307379  106.001857241  
0.142418202827  0.362033107716  0.760926282507  1.49105763976  2.77672549968  4.92667147207  8.32154886934  13.357438356  20.3272097318  29.2352684992  39.5744152043  50.1497447588  59.103828027  64.3303110278  
0.0923185925066  0.234089137469  0.490201473958  0.956121158715  1.7706464983  3.12096233949  5.23094478276  8.32154886934  12.5348934824  17.8251438321  23.841758241  29.8611205429  34.846858277  37.7052867312  
0.0566448168549  0.143291643321  0.299027549396  0.58073720192  1.06999818514  1.87482755985  3.12096233949  4.92667147207  7.3577244957  10.366972894  13.7361899958  17.0524654717  19.7575175761  21.2903413268  
0.0329524220487  0.0831754182438  0.173023570724  0.334713477754  0.613884308707  1.06999818514  1.7706464983  2.77672549968  4.11733944371  5.75800512274  7.57279034014  9.3375079199  10.7613270384  11.5617480662  
0.0181909610936  0.0458248053121  0.0950535657402  0.183239002266  0.334713477754  0.58073720192  0.956121158715  1.49105763976  2.19787830471  3.05505809678  3.99431337531  4.89933956773  5.62375013414  6.02871813502  
0.00950560179358  0.0239036604985  0.0494586303352  0.0950535657402  0.173023570724  0.299027549396  0.490201473958  0.760926282507  1.11620200379  1.54395076908  2.0092399498  2.45447842533  2.80877557219  3.00604434318  
0.00461037419339  0.0115768243355  0.0239036604985  0.0458248053121  0.0831754182438  0.143291643321  0.234089137469  0.362033107716  0.529044138261  0.729012953764  0.945336317881  1.15128092567  1.31446516911  1.40506482592  
0.00183791565983  0.00461037419339  0.00950560179358  0.0181909610936  0.0329524220487  0.0566448168549  0.0923185925066  0.142418202827  0.207581945323  0.285318152065  0.369108098174  0.448613464743  0.511439640084  0.546257486064  
