0.00606728416737  0.0241942102048  0.0858042548159  0.284022917718  0.877802694332  2.52728140245  6.76380184937  16.8003125915  38.7065321783  82.8151332025  165.243670852  310.403443722  559.214996891  1000.0  
0.00528818678142  0.0210732276797  0.07465980901  0.246778307943  0.761150732152  2.18512361391  5.82373103241  14.37584188  32.8053978568  69.1118767322  134.285922535  240.153973278  391.711801333  559.214996891  
0.00403074859346  0.0160439557557  0.0567435369591  0.187103192161  0.575142682329  1.64334910612  4.35076060631  10.6381377423  23.9418896253  49.4087752217  93.035695772  158.516385617  240.153973278  310.403443722  
0.00270233951507  0.0107418220874  0.0379135587039  0.124656450849  0.381675165988  1.0846629625  2.85034677384  6.89822781417  15.3051446748  30.9631057172  56.7101556588  93.035695772  134.285922535  165.243670852  
0.00160488153123  0.00637095200009  0.022440808304  0.073572953722  0.224386300539  0.634297086994  1.65498180228  3.96708827161  8.68982453578  17.2839129478  30.9631057172  49.4087752217  69.1118767322  82.8151332025  
0.000850649307185  0.00337298390029  0.0118595018848  0.0387821410811  0.117863202538  0.331598412783  0.859755476685  2.04389453065  4.42927274493  8.68982453578  15.3051446748  23.9418896253  32.8053978568  38.7065321783  
0.000405380029659  0.00160600010624  0.00563854951253  0.0183995511666  0.0557525937851  0.156228974734  0.402932955152  0.951372476628  2.04389453065  3.96708827161  6.89822781417  10.6381377423  14.37584188  16.8003125915  
0.000174902918545  0.000692521283497  0.00242882846801  0.00791266614206  0.0239197948217  0.0668124235192  0.171587068321  0.402932955152  0.859755476685  1.65498180228  2.85034677384  4.35076060631  5.82373103241  6.76380184937  
6.87604680405e-05  0.000272184471277  0.000953988076429  0.00310431697457  0.00936777503271  0.0261013648488  0.0668124235192  0.156228974734  0.331598412783  0.634297086994  1.0846629625  1.64334910612  2.18512361391  2.52728140245  
2.47755927955e-05  9.80769427467e-05  0.00034365902189  0.00111749579599  0.00336814563174  0.00936777503271  0.0239197948217  0.0557525937851  0.117863202538  0.224386300539  0.381675165988  0.575142682329  0.761150732152  0.877802694332  
8.22517888988e-06  3.25706725509e-05  0.00011413543302  0.000371033512806  0.00111749579599  0.00310431697457  0.00791266614206  0.0183995511666  0.0387821410811  0.073572953722  0.124656450849  0.187103192161  0.246778307943  0.284022917718  
2.52757062747e-06  1.00145536702e-05  3.51070377898e-05  0.00011413543302  0.00034365902189  0.000953988076429  0.00242882846801  0.00563854951253  0.0118595018848  0.022440808304  0.0379135587039  0.0567435369591  0.07465980901  0.0858042548159  
7.19976841797e-07  2.85486194828e-06  1.00145536702e-05  3.25706725509e-05  9.80769427467e-05  0.000272184471277  0.000692521283497  0.00160600010624  0.00337298390029  0.00637095200009  0.0107418220874  0.0160439557557  0.0210732276797  0.0241942102048  
1.81417955391e-07  7.19976841797e-07  2.52757062747e-06  8.22517888988e-06  2.47755927955e-05  6.87604680405e-05  0.000174902918545  0.000405380029659  0.000850649307185  0.00160488153123  0.00270233951507  0.00403074859346  0.00528818678142  0.00606728416737  
