8.285233874  17.5140401683  28.6719500068  42.8296880966  61.1907654027  85.1507574229  116.384052603  156.990974893  209.775580205  278.814490468  370.717431158  497.688944525  685.799381412  1000.0  
8.03252066744  16.9705800407  27.7565770208  41.4065773184  59.0481294594  81.962511573  111.638632042  149.850990408  198.778588892  261.173235714  340.505620204  440.599291634  562.304803936  685.799381412  
7.55234229122  15.9395445988  26.0245868589  38.7246647029  55.0334926637  76.0382161011  102.928381584  136.989526556  179.557516362  231.861355408  294.548900782  366.349539414  440.599291634  497.688944525  
6.89036773167  14.521520688  23.6521857685  35.0731928646  49.6137746811  68.1348629563  91.5012361729  120.516892452  155.791034527  197.466828006  244.681655382  294.548900782  340.505620204  370.717431158  
6.10454168504  12.8431810476  20.8584038453  30.8046883812  43.3421145005  59.1135930856  78.6967242466  102.516146344  130.693373361  162.799115288  197.466828006  231.861355408  261.173235714  278.814490468  
5.2558953593  11.0367052241  17.8681516622  26.272632607  36.7549450239  49.7720095937  65.6795476148  84.6469208811  106.529904667  130.693373361  155.791034527  179.557516362  198.778588892  209.775580205  
4.40041589957  9.22204828406  14.881825448  21.7836447637  30.3007052758  40.7444368097  53.3156708279  68.0343971317  84.6469208811  102.516146344  120.516892452  136.989526556  149.850990408  156.990974893  
3.58329388021  7.49484055487  12.0558573063  17.5698565113  24.3048981057  32.465772828  42.1540415025  53.3156708279  65.6795476148  78.6967242466  91.5012361729  102.928381584  111.638632042  116.384052603  
2.83595034354  5.92054043193  9.49448557014  13.7799141363  18.964528796  25.1788221893  32.465772828  40.7444368097  49.7720095937  59.1135930856  68.1348629563  76.0382161011  81.962511573  85.1507574229  
2.17553181884  4.53391858599  7.25047315373  10.483493724  14.3612528743  18.964528796  24.3048981057  30.3007052758  36.7549450239  43.3421145005  49.6137746811  55.0334926637  59.0481294594  61.1907654027  
1.60617912858  3.34221696088  5.3315623487  7.68356241368  10.483493724  13.7799141363  17.5698565113  21.7836447637  26.272632607  30.8046883812  35.0731928646  38.7246647029  41.4065773184  42.8296880966  
1.12129270706  2.33025112072  3.70962993448  5.3315623487  7.25047315373  9.49448557014  12.0558573063  14.881825448  17.8681516622  20.8584038453  23.6521857685  26.0245868589  27.7565770208  28.6719500068  
0.706134656685  1.46605147161  2.33025112072  3.34221696088  4.53391858599  5.92054043193  7.49484055487  9.22204828406  11.0367052241  12.8431810476  14.521520688  15.9395445988  16.9705800407  17.5140401683  
0.340322259419  0.706134656685  1.12129270706  1.60617912858  2.17553181884  2.83595034354  3.58329388021  4.40041589957  5.2558953593  6.10454168504  6.89036773167  7.55234229122  8.03252066744  8.285233874  
