3.14846731935e-07  2.05509763665e-07  9.43994186518e-08  3.26537110344e-08  8.94207472158e-09  2.01028490341e-09  3.81136300272e-10  6.22021810654e-11  8.87938434575e-12  1.12295384068e-12  1.27133940495e-13  1.29963749341e-14  1.2082898134e-15  1.02224226347e-16  
3.34578551677e-06  2.19050780979e-06  1.01124881271e-06  3.52018576421e-07  9.70988242106e-08  2.20025232033e-08  4.20693996937e-09  6.92710164775e-10  9.9803951225e-11  1.27433458338e-11  1.45700848502e-12  1.50457126665e-13  1.41336227735e-14  1.2082898134e-15  
3.24448564803e-05  2.12995203477e-05  9.87850579469e-06  3.45927723187e-06  9.60815313456e-07  2.193928869e-07  4.22951693057e-08  7.02512550573e-09  1.02140742248e-09  1.31652857504e-10  1.51996536122e-11  1.58535064538e-12  1.50457126665e-13  1.29963749341e-14  
0.000287551682046  0.000189197374232  8.81030156244e-05  3.10189246409e-05  8.67098180887e-06  1.99426174011e-06  3.87484745249e-07  6.48999231854e-08  9.5192006198e-09  1.23822955983e-09  1.44315139238e-10  1.51996536122e-11  1.45700848502e-12  1.27133940495e-13  
0.00231489324803  0.00152557784406  0.000712741926245  0.000252114861781  7.08850372085e-05  1.64121464942e-05  3.2124731759e-06  5.42347836852e-07  8.0220916624e-08  1.0527244162e-08  1.23822955983e-09  1.31652857504e-10  1.27433458338e-11  1.12295384068e-12  
0.0168067952631  0.0110844356878  0.00519020973055  0.00184277681714  0.000520710695951  0.000121286763484  2.39025118599e-05  4.06555579304e-06  6.06175829961e-07  8.0220916624e-08  9.5192006198e-09  1.02140742248e-09  9.9803951225e-11  8.87938434575e-12  
0.109142165206  0.0719434535913  0.0337136299472  0.0119994750905  0.00340407620028  0.000796988842495  0.000158027842129  2.70640022842e-05  4.06555579304e-06  5.42347836852e-07  6.48999231854e-08  7.02512550573e-09  6.92710164775e-10  6.22021810654e-11  
0.627941971758  0.412887176986  0.193226381344  0.0688206734914  0.0195730017428  0.00460112632469  0.000917086518415  0.000158027842129  2.39025118599e-05  3.2124731759e-06  3.87484745249e-07  4.22951693057e-08  4.20693996937e-09  3.81136300272e-10  
3.16620630207  2.06996085535  0.964294968491  0.342799712476  0.097551680831  0.0229907273623  0.00460112632469  0.000796988842495  0.000121286763484  1.64121464942e-05  1.99426174011e-06  2.193928869e-07  2.20025232033e-08  2.01028490341e-09  
13.8225591616  8.93445807414  4.12172795638  1.4568693129  0.413690441283  0.097551680831  0.0195730017428  0.00340407620028  0.000520710695951  7.08850372085e-05  8.67098180887e-06  9.60815313456e-07  9.70988242106e-08  8.94207472158e-09  
51.5946135698  32.6207248846  14.7743866596  5.16193736215  1.4568693129  0.342799712476  0.0688206734914  0.0119994750905  0.00184277681714  0.000252114861781  3.10189246409e-05  3.45927723187e-06  3.52018576421e-07  3.26537110344e-08  
162.93028163  98.5471981699  43.1668492672  14.7743866596  4.12172795638  0.964294968491  0.193226381344  0.0337136299472  0.00519020973055  0.000712741926245  8.81030156244e-05  9.87850579469e-06  1.01124881271e-06  9.43994186518e-08  
434.467791618  238.742731802  98.5471981699  32.6207248846  8.93445807414  2.06996085535  0.412887176986  0.0719434535913  0.0110844356878  0.00152557784406  0.000189197374232  2.12995203477e-05  2.19050780979e-06  2.05509763665e-07  
1000.0  434.467791618  162.93028163  51.5946135698  13.8225591616  3.16620630207  0.627941971758  0.109142165206  0.0168067952631  0.00231489324803  0.000287551682046  3.24448564803e-05  3.34578551677e-06  3.14846731935e-07  
