1.26787984264e-12  3.79384134849e-13  6.20954942683e-14  6.76804744567e-15  5.40430980462e-16  3.34183061819e-17  1.65850846992e-18  6.77019037938e-20  2.31345089209e-21  6.7032292611e-23  1.66267316238e-24  3.55525176718e-26  6.58646011594e-28  1.06056469889e-29  
4.44198294081e-11  1.36568988452e-11  2.30924970554e-12  2.60757557173e-13  2.16182464201e-14  1.39071776804e-15  7.19467653042e-17  3.06782774863e-18  1.09743831961e-19  3.33673044167e-21  8.70724224784e-23  1.96431600051e-24  3.85144657694e-26  6.58646011594e-28  
1.39040695512e-09  4.38642147964e-10  7.65148711186e-11  8.93769770178e-12  7.68126205744e-13  5.13214596397e-14  2.76268652163e-15  1.22813824007e-16  4.5895805331e-18  1.46094303748e-19  4.00066817771e-21  9.49549407346e-23  1.96431600051e-24  3.55525176718e-26  
3.86982581093e-08  1.25101852443e-08  2.24797604432e-09  2.71233126807e-10  2.41271193053e-11  1.6715464721e-12  9.34689638593e-14  4.32397637809e-15  1.68472325964e-16  5.60246380808e-18  1.60621917775e-19  4.00066817771e-21  8.70724224784e-23  1.66267316238e-24  
9.51391564077e-07  3.14727829807e-07  5.81741094908e-08  7.23969081386e-09  6.65567835455e-10  4.77398894894e-11  2.76848787426e-12  1.33049099874e-13  5.3948345906e-15  1.87050483292e-16  5.60246380808e-18  1.46094303748e-19  3.33673044167e-21  6.7032292611e-23  
2.0493476343e-05  6.92719729956e-06  1.31513558684e-06  1.68563111628e-07  1.59921381951e-08  1.18582578593e-09  7.1206494559e-11  3.54922881852e-12  1.49509941103e-13  5.3948345906e-15  1.68472325964e-16  4.5895805331e-18  1.09743831961e-19  2.31345089209e-21  
0.000382891084312  0.000132027925859  2.57036099473e-05  3.38783306278e-06  3.31200566818e-07  2.53504527878e-08  1.57385435542e-09  8.12349329193e-11  3.54922881852e-12  1.33049099874e-13  4.32397637809e-15  1.22813824007e-16  3.06782774863e-18  6.77019037938e-20  
0.00612665057354  0.00215074200324  0.000428568946635  5.79902247873e-05  5.83269021935e-06  4.60135928641e-07  2.94910217374e-08  1.57385435542e-09  7.1206494559e-11  2.76848787426e-12  9.34689638593e-14  2.76268652163e-15  7.19467653042e-17  1.65850846992e-18  
0.0826060393903  0.0294423862428  0.0059909324144  0.000830581920285  8.58004946609e-05  6.96517271938e-06  4.60135928641e-07  2.53504527878e-08  1.18582578593e-09  4.77398894894e-11  1.6715464721e-12  5.13214596397e-14  1.39071776804e-15  3.34183061819e-17  
0.918883278611  0.331146249685  0.0685848482526  0.00971831644626  0.0010289727616  8.58004946609e-05  5.83269021935e-06  3.31200566818e-07  1.59921381951e-08  6.65567835455e-10  2.41271193053e-11  7.68126205744e-13  2.16182464201e-14  5.40430980462e-16  
8.19884668074  2.9658540775  0.622121227522  0.0897861815852  0.00971831644626  0.000830581920285  5.79902247873e-05  3.38783306278e-06  1.68563111628e-07  7.23969081386e-09  2.71233126807e-10  8.93769770178e-12  2.60757557173e-13  6.76804744567e-15  
56.488172471  20.2044002913  4.25490326397  0.622121227522  0.0685848482526  0.0059909324144  0.000428568946635  2.57036099473e-05  1.31513558684e-06  5.81741094908e-08  2.24797604432e-09  7.65148711186e-11  2.30924970554e-12  6.20954942683e-14  
285.601744062  97.2290775355  20.2044002913  2.9658540775  0.331146249685  0.0294423862428  0.00215074200324  0.000132027925859  6.92719729956e-06  3.14727829807e-07  1.25101852443e-08  4.38642147964e-10  1.36568988452e-11  3.79384134849e-13  
1000.0  285.601744062  56.488172471  8.19884668074  0.918883278611  0.0826060393903  0.00612665057354  0.000382891084312  2.0493476343e-05  9.51391564077e-07  3.86982581093e-08  1.39040695512e-09  4.44198294081e-11  1.26787984264e-12  
