0.0389214363689  0.035041740078  0.0284518190489  0.0208965236795  0.0139368411704  0.00847728305399  0.00472368911131  0.00242179779786  0.00114722084701  0.000504108717269  0.000206228319022  7.87647823631e-05  2.79849353828e-05  8.6052996116e-06  
0.128654170556  0.115737687293  0.0938371947354  0.0687920070211  0.0457879154953  0.0277952092404  0.0154589903493  0.00791257121239  0.00374297485626  0.00164285701971  0.000671495684555  0.000256303140195  9.10273131925e-05  2.79849353828e-05  
0.370869204153  0.333243551533  0.269617246453  0.197126945146  0.130825289426  0.0791873047137  0.0439237895179  0.0224285730517  0.0105881225107  0.0046395666364  0.00189386707742  0.000722157986755  0.000256303140195  7.87647823631e-05  
1.00230476984  0.899182024057  0.725443024972  0.528509762042  0.349407511853  0.210697743512  0.116464047839  0.0592864989702  0.0279145030752  0.0122051017668  0.00497340301547  0.00189386707742  0.000671495684555  0.000206228319022  
2.55258292729  2.28499424135  1.83650420074  1.33168050027  0.876024389647  0.525711908815  0.289309005813  0.146703367522  0.0688457546974  0.0300189380808  0.0122051017668  0.0046395666364  0.00164285701971  0.000504108717269  
6.12261599524  5.4643585933  4.36930040871  3.14857953263  2.05789502772  1.22738867109  0.671715689874  0.338974557443  0.158427010313  0.0688457546974  0.0279145030752  0.0105881225107  0.00374297485626  0.00114722084701  
13.8230152883  12.2845702058  9.75343177905  6.97019567407  4.51753112988  2.67338872339  1.45297442713  0.728891294564  0.338974557443  0.146703367522  0.0592864989702  0.0224285730517  0.00791257121239  0.00242179779786  
29.3759306477  25.9449898301  20.3955227454  14.4126649182  9.23931376133  5.41375587044  2.91727341302  1.45297442713  0.671715689874  0.289309005813  0.116464047839  0.0439237895179  0.0154589903493  0.00472368911131  
58.8291447294  51.4701058798  39.8878482091  27.7591485539  17.5427681048  10.1520218837  5.41375587044  2.67338872339  1.22738867109  0.525711908815  0.210697743512  0.0791873047137  0.0277952092404  0.00847728305399  
111.338475178  95.9500144642  72.8143874211  49.6220539625  30.7844446703  17.5427681048  9.23931376133  4.51753112988  2.05789502772  0.876024389647  0.349407511853  0.130825289426  0.0457879154953  0.0139368411704  
200.265600919  168.191184577  123.667521446  81.8924502255  49.6220539625  27.7591485539  14.4126649182  6.97019567407  3.14857953263  1.33168050027  0.528509762042  0.197126945146  0.0687920070211  0.0208965236795  
345.931366933  277.019050722  194.088236848  123.667521446  72.8143874211  39.8878482091  20.3955227454  9.75343177905  4.36930040871  1.83650420074  0.725443024972  0.269617246453  0.0938371947354  0.0284518190489  
584.708892618  425.222586255  277.019050722  168.191184577  95.9500144642  51.4701058798  25.9449898301  12.2845702058  5.4643585933  2.28499424135  0.899182024057  0.333243551533  0.115737687293  0.035041740078  
1000.0  584.708892618  345.931366933  200.265600919  111.338475178  58.8291447294  29.3759306477  13.8230152883  6.12261599524  2.55258292729  1.00230476984  0.370869204153  0.128654170556  0.0389214363689  
