4.70991396951  4.53435345989  4.20412862001  3.75649573483  3.23754955247  2.69402041067  2.16645122695  1.68493780719  1.26762941205  0.921461030541  0.644250855385  0.427293805691  0.257786236101  0.120700472717  
10.2791422019  9.88985116037  9.15878742657  8.1702557189  7.02778071127  5.83532222609  4.68205956926  3.63327227279  2.72751040817  1.97866203881  1.38087982931  0.914424895175  0.550999591861  0.257786236101  
17.6379711284  16.9524836211  15.6687156284  13.9400654964  11.952498955  9.8897917357  7.90663291257  6.1136348849  4.5738186206  3.30749309257  2.30164834112  1.52044281115  0.914424895175  0.427293805691  
27.8570822015  26.7350661393  24.6422888748  21.841354522  18.6445887492  15.3535092041  12.2150972821  9.40011272236  7.00078017875  5.04143075227  3.49524649946  2.30164834112  1.38087982931  0.644250855385  
42.2156792469  40.4345605647  37.131559815  32.7481194164  27.7951049411  22.7499603984  17.9895241497  13.7625903222  10.1934734233  7.30384656943  5.04143075227  3.30749309257  1.97866203881  0.921461030541  
62.2730344607  59.4854217742  54.3584723922  47.6337216164  40.1365685326  32.6048268272  25.5924487914  19.4428147807  14.3084646025  10.1934734233  7.00078017875  4.5738186206  2.72751040817  1.26762941205  
89.9574326656  85.6140031222  77.7221454006  67.5397954329  56.3910935715  45.3893232632  35.3155668607  26.6129233727  19.4428147807  13.7625903222  9.40011272236  6.1136348849  3.63327227279  1.68493780719  
127.705488384  120.905463128  108.777899303  93.495517606  77.167385365  61.4219554557  47.2992463686  35.3155668607  25.5924487914  17.9895241497  12.2150972821  7.90663291257  4.68205956926  2.16645122695  
178.725782548  167.900933758  149.162995834  126.353169646  102.782778689  80.7183384425  61.4219554557  45.3893232632  32.6048268272  22.7499603984  15.3535092041  9.8897917357  5.83532222609  2.69402041067  
247.557463634  229.735814181  200.395236917  166.470999057  132.975864067  102.782778689  77.167385365  56.3910935715  40.1365685326  27.7951049411  18.6445887492  11.952498955  7.02778071127  3.23754955247  
341.348677675  310.247675808  263.332678357  213.110171599  166.470999057  126.353169646  93.495517606  67.5397954329  47.6337216164  32.7481194164  21.841354522  13.9400654964  8.1702557189  3.75649573483  
473.024419089  413.543516782  336.72729822  263.332678357  200.395236917  149.162995834  108.777899303  77.7221454006  54.3584723922  37.131559815  24.6422888748  15.6687156284  9.15878742657  4.20412862001  
669.923382661  540.458641605  413.543516782  310.247675808  229.735814181  167.900933758  120.905463128  85.6140031222  59.4854217742  40.4345605647  26.7350661393  16.9524836211  9.88985116037  4.53435345989  
1000.0  669.923382661  473.024419089  341.348677675  247.557463634  178.725782548  127.705488384  89.9574326656  62.2730344607  42.2156792469  27.8570822015  17.6379711284  10.2791422019  4.70991396951  
