5.48725243937  5.2927722668  4.92595274706  4.42643291847  3.84361219977  3.22812749069  2.6246333824  2.06711890854  1.57701972116  1.16365381506  0.826150747352  0.556014715349  0.339641991195  0.160381992769  
11.8659051704  11.4384681282  10.6335418556  9.54010852514  8.26823206075  6.92967193544  5.62189021823  4.41807628521  3.36351310236  2.47701706327  1.75549666862  1.17971405107  0.719794539056  0.339641991195  
20.0901981008  19.3470301352  17.9513496475  16.0632749142  13.8783214407  11.5918566265  9.3710864818  7.33876046721  5.56837980906  4.08804540366  2.88921706  1.93702121043  1.17971405107  0.556014715349  
31.2391063084  30.0401734687  27.7976572076  24.7823463695  21.3185787541  17.7229241084  14.2590798802  11.1144053571  8.39576286151  6.13860414886  4.32270787844  2.88921706  1.75549666862  0.826150747352  
46.5782444329  44.7027881976  41.2150932618  36.5650776654  31.2769471143  25.8458981002  20.6694261655  16.0175804922  12.0339612743  8.75529837132  6.13860414886  4.08804540366  2.47701706327  1.16365381506  
67.6272876905  64.7324909945  59.3935727276  52.3586277522  44.4656393889  36.4714635013  28.9540668969  22.2828584566  16.6348809601  12.0339612743  8.39576286151  5.56837980906  3.36351310236  1.57701972116  
96.2476186566  91.7931779127  83.6773118638  73.1586307254  61.5695979911  50.04159084  39.3821551526  30.0652958695  22.2828584566  16.0175804922  11.1144053571  7.33876046721  4.41807628521  2.06711890854  
134.78349336  127.884591242  115.547377857  99.9323396441  83.147133848  66.8343240894  52.0618585933  39.3821551526  28.9540668969  20.6694261655  14.2590798802  9.3710864818  5.62189021823  2.6246333824  
186.330028364  175.445710703  156.555289059  133.462373236  109.459327873  86.8195849844  66.8343240894  50.04159084  36.4714635013  25.8458981002  17.7229241084  11.5918566265  6.92967193544  3.22812749069  
255.296146113  237.502308993  208.134291637  174.042433788  140.193668762  109.459327873  83.147133848  61.5695979911  44.4656393889  31.2769471143  21.3185787541  13.8783214407  8.26823206075  3.84361219977  
348.681063543  317.786960463  271.077949673  220.892103853  174.042433788  133.462373236  99.9323396441  73.1586307254  52.3586277522  36.5650776654  24.7823463695  16.0632749142  9.54010852514  4.42643291847  
479.218355275  420.325969037  344.123791797  271.077949673  208.134291637  156.555289059  115.547377857  83.6773118638  59.3935727276  41.2150932618  27.7976572076  17.9513496475  10.6335418556  4.92595274706  
673.923531784  545.95517231  420.325969037  317.786960463  237.502308993  175.445710703  127.884591242  91.7931779127  64.7324909945  44.7027881976  30.0401734687  19.3470301352  11.4384681282  5.2927722668  
1000.0  673.923531784  479.218355275  348.681063543  255.296146113  186.330028364  134.78349336  96.2476186566  67.6272876905  46.5782444329  31.2391063084  20.0901981008  11.8659051704  5.48725243937  
