5.92413821414  5.71961603905  5.33332578861  4.8060866669  4.18894854397  3.53452126275  2.88956512578  2.29009761266  1.75930480982  1.30781511644  0.935526706617  0.634138428348  0.389701814631  0.184771978867  
12.7536175156  12.3060338747  11.4620018506  10.312802805  8.97174378992  7.55449809341  6.1627442011  4.87376891441  3.73642069286  2.7722093274  1.97964543855  1.33992608604  0.822507791763  0.389701814631  
21.4525478436  20.6791503863  19.2246721388  17.2524909265  14.9628027346  12.5567306859  10.2077919604  8.04496674483  6.14725701913  4.54698202695  3.23816804489  2.18671225415  1.33992608604  0.634138428348  
33.1019981278  31.8631505962  29.5427294823  26.4154099145  22.8113138194  19.0543758191  15.4166155486  12.0938161255  9.2004374522  6.77788157634  4.80965743707  3.23816804489  1.97964543855  0.935526706617  
48.9589426277  47.0350967913  43.4524019279  38.6646492574  33.2022951209  27.5690513476  22.1725392094  17.2934516509  13.0852749003  9.59269170303  6.77788157634  4.54698202695  2.7722093274  1.30781511644  
70.5218502856  67.5728087163  62.126268319  54.9330231181  46.8366580303  38.6029077506  30.8212946026  23.8740760197  17.9506949499  13.0852749003  9.2004374522  6.14725701913  3.73642069286  1.75930480982  
99.6179205383  95.1082293252  86.8803772946  76.1924527986  64.3800476184  52.5825875867  41.6200757601  31.9815537906  23.8740760197  17.2934516509  12.0938161255  8.04496674483  4.87376891441  2.29009761266  
138.545312383  131.598476493  119.15873256  103.379234109  86.365489687  69.7657076116  54.6606513066  41.6200757601  30.8212946026  22.1725392094  15.4166155486  10.2077919604  6.1627442011  2.88956512578  
190.343233556  179.43231953  160.470853016  137.241947614  113.026569905  90.099763705  69.7657076116  52.5825875867  38.6029077506  27.5690513476  19.0543758191  12.5567306859  7.55449809341  3.53452126275  
259.35668107  241.582105129  212.209242111  178.043532062  144.026547431  113.026569905  86.365489687  64.3800476184  46.8366580303  33.2022951209  22.8113138194  14.9628027346  8.97174378992  4.18894854397  
352.511196571  321.729358292  275.137161794  224.98483207  178.043532062  137.241947614  103.379234109  76.1924527986  54.9330231181  38.6646492574  26.4154099145  17.2524909265  10.312802805  4.8060866669  
482.443701044  423.861102372  347.987131388  275.137161794  212.209242111  160.470853016  119.15873256  86.8803772946  62.126268319  43.4524019279  29.5427294823  19.2246721388  11.4620018506  5.33332578861  
676.002805587  548.814455392  423.861102372  321.729358292  241.582105129  179.43231953  131.598476493  95.1082293252  67.5728087163  47.0350967913  31.8631505962  20.6791503863  12.3060338747  5.71961603905  
1000.0  676.002805587  482.443701044  352.511196571  259.35668107  190.343233556  138.545312383  99.6179205383  70.5218502856  48.9589426277  33.1019981278  21.4525478436  12.7536175156  5.92413821414  
