8.54368298725  8.28623275863  7.7967848218  7.12141039965  6.31863613709  5.45021988539  4.5729657093  3.73290085078  2.96222482103  2.27873075346  1.6870164231  1.18071652875  0.745101090914  0.35959474022  
18.0321753468  17.4793536064  16.4299770418  14.9853913398  13.2733812622  11.4275336212  9.56940529971  7.79628492651  6.17518834963  4.74219132881  3.50546784318  2.45032174366  1.54481740064  0.745101090914  
29.4508521553  28.5217640721  26.7628421077  24.3513045874  21.5077073928  18.458946811  15.4077350616  12.5129505344  9.88116761114  7.56713639896  5.58004311486  3.89254731648  2.45032174366  1.18071652875  
43.8676708003  42.4270138112  39.7105103051  36.0084804704  31.6751835498  27.0664872161  22.4919199316  18.1867902542  14.3028566353  10.9125005342  8.02070188128  5.58004311486  3.50546784318  1.6870164231  
62.4798745185  60.3167766182  56.2615224459  50.7818549764  44.4325131242  37.7524362776  31.1933828176  25.0846798435  19.6272187251  14.9061305409  10.9125005342  7.56713639896  4.74219132881  2.27873075346  
86.6728207585  83.4627087586  77.4944451264  69.5250556905  60.4166137012  50.9689363893  41.8198281654  33.4085579984  25.9825994851  19.6272187251  14.3028566353  9.88116761114  6.17518834963  2.96222482103  
118.106753529  113.3404728  104.587092087  93.0928890187  80.1968384957  67.064999915  54.5666829069  43.2556652186  33.4085579984  25.0846798435  18.1867902542  12.5129505344  7.79628492651  3.73290085078  
158.864339289  151.708313449  138.810952782  122.277663453  104.18825222  86.2021602648  69.4475102933  54.5666829069  41.8198281654  31.1933828176  22.4919199316  15.4077350616  9.56940529971  4.5729657093  
211.728990435  200.726968854  181.486974891  157.676776909  132.502967046  108.228505508  86.2021602648  67.064999915  50.9689363893  37.7524362776  27.0664872161  18.458946811  11.4275336212  5.45021988539  
280.753716978  263.129210148  233.830522305  199.423799674  164.704499734  132.502967046  104.18825222  80.1968384957  60.4166137012  44.4325131242  31.6751835498  21.5077073928  13.2733812622  6.31863613709  
372.519773732  342.367447743  296.480377302  246.651957754  199.423799674  157.676776909  122.277663453  93.0928890187  69.5250556905  50.7818549764  36.0084804704  24.3513045874  14.9853913398  7.12141039965  
499.191051483  442.250894618  368.167268687  296.480377302  233.830522305  181.486974891  138.810952782  104.587092087  77.4944451264  56.2615224459  39.7105103051  26.7628421077  16.4299770418  7.7967848218  
686.762028669  563.631973881  442.250894618  342.367447743  263.129210148  200.726968854  151.708313449  113.3404728  83.4627087586  60.3167766182  42.4270138112  28.5217640721  17.4793536064  8.28623275863  
1000.0  686.762028669  499.191051483  372.519773732  280.753716978  211.728990435  158.864339289  118.106753529  86.6728207585  62.4798745185  43.8676708003  29.4508521553  18.0321753468  8.54368298725  
