0.221233566343  0.204532527005  0.174973560051  0.13873626016  0.102175711042  0.0700659318101  0.044852187765  0.0268718602613  0.0151056737583  0.00798619156936  0.00397877933408  0.0018679182292  0.000816073780753  0.000299169982924  
0.617739555963  0.57063929907  0.487429927441  0.385698011577  0.283392682  0.193854682352  0.123790689992  0.0739923553137  0.0415041140703  0.0219000428631  0.0108920204478  0.00510590658168  0.00222800064147  0.000816073780753  
1.46252079278  1.34934520083  1.1499684427  0.907217045955  0.66428952185  0.452775740675  0.288107906295  0.171631455643  0.0959760340112  0.050502808791  0.0250566079589  0.0117213473881  0.00510590658168  0.0018679182292  
3.2514081776  2.9948206884  2.5445757586  1.99947086093  1.45753574873  0.988879173558  0.626420926165  0.371606531356  0.207008783932  0.108558185588  0.0537001675528  0.0250566079589  0.0108920204478  0.00397877933408  
6.87873072259  6.32184540861  5.34998695726  4.18235249486  3.03151066795  2.04496612932  1.28829873859  0.76037040208  0.421643226202  0.220225887247  0.108558185588  0.050502808791  0.0219000428631  0.00798619156936  
13.8764416604  12.7146761961  10.7029503076  8.31130785025  5.98103666239  4.00591137701  2.50678751216  1.47055857956  0.811074169012  0.421643226202  0.207008783932  0.0959760340112  0.0415041140703  0.0151056737583  
26.7127090133  24.3737355194  20.3698491675  15.6797577696  11.1802583713  7.42207381314  4.60690070103  2.6830878923  1.47055857956  0.76037040208  0.371606531356  0.171631455643  0.0739923553137  0.0268718602613  
49.1309472845  44.5586336621  36.8685977454  28.0501434031  19.7666020522  12.9788126007  7.97751231928  4.60690070103  2.50678751216  1.28829873859  0.626420926165  0.288107906295  0.123790689992  0.044852187765  
86.5247192244  77.7613257455  63.4338673766  47.509206336  32.9775597403  21.3625536391  12.9788126007  7.42207381314  4.00591137701  2.04496612932  0.988879173558  0.452775740675  0.193854682352  0.0700659318101  
146.450871271  129.728040605  103.655900245  75.9989881522  51.7479973443  32.9775597403  19.7666020522  11.1802583713  5.98103666239  3.03151066795  1.45753574873  0.66428952185  0.283392682  0.102175711042  
239.72427647  207.190275004  160.498439847  114.33403785  75.9989881522  47.509206336  28.0501434031  15.6797577696  8.31130785025  4.18235249486  1.99947086093  0.907217045955  0.385698011577  0.13873626016  
383.502854966  316.733356988  234.068690327  160.498439847  103.655900245  63.4338673766  36.8685977454  20.3698491675  10.7029503076  5.34998695726  2.5445757586  1.1499684427  0.487429927441  0.174973560051  
610.694529252  459.908298389  316.733356988  207.190275004  129.728040605  77.7613257455  44.5586336621  24.3737355194  12.7146761961  6.32184540861  2.9948206884  1.34934520083  0.57063929907  0.204532527005  
1000.0  610.694529252  383.502854966  239.72427647  146.450871271  86.5247192244  49.1309472845  26.7127090133  13.8764416604  6.87873072259  3.2514081776  1.46252079278  0.617739555963  0.221233566343  
