0.000433025014799  0.000357079632351  0.000244910754746  0.000141598033782  7.00321385134e-05  3.00503457065e-05  1.1330202184e-05  3.79589301738e-06  1.14102254619e-06  3.10336175903e-07  7.69308934819e-08  1.7492557873e-08  3.66555549973e-09  6.91483386677e-10  
0.00225764319498  0.00186114573976  0.00127606873965  0.000737664500217  0.000364908598996  0.000156674107433  5.91322453238e-05  1.98384069977e-05  5.97371332581e-06  1.62807314823e-06  4.04530533801e-07  9.22179754583e-08  1.93775605738e-08  3.66555549973e-09  
0.0106333155564  0.00876057641287  0.0060015885345  0.00346700393696  0.0017145323665  0.00073625801631  0.000278061008532  9.33911021965e-05  2.81648132937e-05  7.69059366625e-06  1.91513800283e-06  4.37671270676e-07  9.22179754583e-08  1.7492557873e-08  
0.0464301688631  0.0382136267542  0.0261398036235  0.0150790553545  0.00744945563543  0.00319745115694  0.00120769234688  0.00040588034696  0.000122542366144  3.35128099512e-05  8.36147110568e-06  1.91513800283e-06  4.04530533801e-07  7.69308934819e-08  
0.187384418794  0.153973091754  0.105070905351  0.0604659743028  0.0298139805475  0.0127803119971  0.00482429663298  0.00162142181721  0.000489840106974  0.000134111476068  3.35128099512e-05  7.69059366625e-06  1.62807314823e-06  3.10336175903e-07  
0.696096618396  0.570551414051  0.387907585856  0.222399549426  0.10931350881  0.0467503685051  0.0176213595294  0.00591844641971  0.00178803036538  0.000489840106974  0.000122542366144  2.81648132937e-05  5.97371332581e-06  1.14102254619e-06  
2.37005883256  1.93519652714  1.30842728497  0.745985441789  0.364920368649  0.155494466464  0.0584596292152  0.0196040429625  0.00591844641971  0.00162142181721  0.00040588034696  9.33911021965e-05  1.98384069977e-05  3.79589301738e-06  
7.36572776508  5.97886053961  4.00902919725  2.26707596509  1.10132450752  0.466746954008  0.174789039644  0.0584596292152  0.0176213595294  0.00482429663298  0.00120769234688  0.000278061008532  5.91322453238e-05  1.1330202184e-05  
20.8212402252  16.7435601946  11.0876280496  6.19581773868  2.98024121051  1.25341008613  0.466746954008  0.155494466464  0.0467503685051  0.0127803119971  0.00319745115694  0.00073625801631  0.000156674107433  3.00503457065e-05  
53.4203088542  42.3012076639  27.48164322  15.0943541058  7.16077907595  2.98024121051  1.10132450752  0.364920368649  0.10931350881  0.0298139805475  0.00744945563543  0.0017145323665  0.000364908598996  7.00321385134e-05  
124.491676198  95.9706233374  60.521945457  32.4254855276  15.0943541058  6.19581773868  2.26707596509  0.745985441789  0.222399549426  0.0604659743028  0.0150790553545  0.00346700393696  0.000737664500217  0.000141598033782  
265.184638926  194.454736985  117.011195529  60.521945457  27.48164322  11.0876280496  4.00902919725  1.30842728497  0.387907585856  0.105070905351  0.0261398036235  0.0060015885345  0.00127606873965  0.000244910754746  
524.984905525  347.702006557  194.454736985  95.9706233374  42.3012076639  16.7435601946  5.97886053961  1.93519652714  0.570551414051  0.153973091754  0.0382136267542  0.00876057641287  0.00186114573976  0.000357079632351  
1000.0  524.984905525  265.184638926  124.491676198  53.4203088542  20.8212402252  7.36572776508  2.37005883256  0.696096618396  0.187384418794  0.0464301688631  0.0106333155564  0.00225764319498  0.000433025014799  
