4.53950720995  4.36829078318  4.04645152129  3.61066880963  3.10624258969  2.57897209919  2.06843149121  1.60381245932  1.20251540749  0.870947470514  0.606653461097  0.400910110361  0.241124006104  0.11266012332  
9.92986008478  9.54936560292  8.83530057153  7.87083032477  6.75789781533  5.59859395806  4.48013662568  3.46595935536  2.59307027424  1.87425974188  1.30310139115  0.859802145188  0.516482946365  0.241124006104  
17.0948206074  16.4227233809  15.1648827365  13.4730430124  11.5308381478  9.51924244369  7.58995716861  5.8507404277  4.36219447983  3.14287815993  2.17883120474  1.43408337582  0.859802145188  0.400910110361  
27.1023174448  25.99830857  23.9405140432  21.189490881  18.0545914192  14.8336528241  11.7696248056  9.0293254764  6.70156888381  4.80816244164  3.32086545455  2.17883120474  1.30310139115  0.606653461097  
41.2341317963  39.4753153183  36.2158809806  31.8950933743  27.0204491148  22.0649847727  17.4004943209  13.2706691362  9.79528241973  6.99255161349  4.80816244164  3.14287815993  1.87425974188  0.870947470514  
61.0585356586  58.2965439424  53.220134165  46.5690434908  39.1653803765  31.7421320011  24.8473016664  18.8179478999  13.8007781306  9.79528241973  6.70156888381  4.36219447983  2.59307027424  1.20251540749  
88.5196568625  84.2031193857  76.3653416918  66.2637763856  55.220170124  44.3430713132  34.4068978657  25.847154792  18.8179478999  13.2706691362  9.0293254764  5.8507404277  3.46595935536  1.60381245932  
126.076422664  119.300833603  107.224748957  92.0233895829  75.8056226392  60.1959677333  46.2272787274  34.4068978657  24.8473016664  17.4004943209  11.7696248056  7.58995716861  4.48013662568  2.06843149121  
176.965135201  166.155816814  147.456645212  124.717268592  101.252869564  79.3275984091  60.1959677333  44.3430713132  31.7421320011  22.0649847727  14.8336528241  9.51924244369  5.59859395806  2.57897209919  
245.756889077  227.930501803  198.599849835  164.719820073  131.313330763  101.252869564  75.8056226392  55.220170124  39.1653803765  27.0204491148  18.0545914192  11.5308381478  6.75789781533  3.10624258969  
339.636181046  308.488424978  261.528761892  211.303042715  164.719820073  124.717268592  92.0233895829  66.2637763856  46.5690434908  31.8950933743  21.189490881  13.4730430124  7.87083032477  3.61066880963  
471.57400061  411.956540545  334.999712784  261.528761892  198.599849835  147.456645212  107.224748957  76.3653416918  53.220134165  36.2158809806  23.9405140432  15.1648827365  8.83530057153  4.04645152129  
668.985275372  539.170433489  411.956540545  308.488424978  227.930501803  166.155816814  119.300833603  84.2031193857  58.2965439424  39.4753153183  25.99830857  16.4227233809  9.54936560292  4.36829078318  
1000.0  668.985275372  471.57400061  339.636181046  245.756889077  176.965135201  126.076422664  88.5196568625  61.0585356586  41.2341317963  27.1023174448  17.0948206074  9.92986008478  4.53950720995  
