10.389786847  10.1010529781  9.55019424244  8.78557866245  7.86910327217  6.86680729794  5.84040208459  4.84105075743  3.90585515172  3.05682095323  2.30169345237  1.63595719527  1.04538126384  0.508672564571  
21.7211937469  21.1067858884  19.9363619046  18.3155380348  16.3784647141  14.2669454769  12.1120914824  10.0213128122  8.07138554009  6.30684979526  4.74226815026  3.36676409847  2.14952537512  1.04538126384  
34.9684253295  33.9496779805  32.0141076776  29.3444575111  26.1698195819  22.7284924759  19.2368339411  15.8685128858  12.7446296468  9.93273204721  7.45182842308  5.28061349755  3.36676409847  1.63595719527  
51.1733590007  49.6189863884  46.6775014155  42.6447233531  37.8841868532  32.7650821524  27.6137638911  22.6844983044  18.1481991286  14.0945149797  10.5419860258  7.45182842308  4.74226815026  2.30169345237  
71.4872777239  69.1930515709  64.8764511515  59.0085536102  52.1518164561  44.8584855729  37.5990032256  30.725139045  24.46141949  18.9149362522  14.0945149797  9.93273204721  6.30684979526  3.05682095323  
97.2272818196  93.8791350991  87.6318843489  79.2401915971  69.5687397107  59.4278579773  49.4741538978  40.1720380712  31.7970262067  24.46141949  18.1481991286  12.7446296468  8.07138554009  3.90585515172  
129.963297206  125.068345017  116.046731588  104.130759251  90.6515312186  76.7790955859  63.3996831078  51.0942468346  40.1720380712  30.725139045  22.6844983044  15.8685128858  10.0213128122  4.84105075743  
171.667842586  164.417811577  151.305496875  134.400534219  115.756462985  97.0256774787  79.3495775622  63.3996831078  49.4741538978  37.5990032256  27.6137638911  19.2368339411  12.1120914824  5.84040208459  
224.996724032  213.976169569  194.638674718  170.576344509  144.940102462  119.970524834  97.0256774787  76.7790955859  59.4278579773  44.8584855729  32.7650821524  22.7284924759  14.2669454769  6.86680729794  
293.856325655  276.359741076  247.180562863  212.736874171  177.726174144  144.940102462  115.756462985  90.6515312186  69.5687397107  52.1518164561  37.8841868532  26.1698195819  16.3784647141  7.86910327217  
384.647605814  354.908450503  309.518494863  259.996211296  212.736874171  170.576344509  134.400534219  104.130759251  79.2401915971  59.0085536102  42.6447233531  29.3444575111  18.3155380348  8.78557866245  
509.269408807  453.342328773  380.398796547  309.518494863  247.180562863  194.638674718  151.305496875  116.046731588  87.6318843489  64.8764511515  46.6775014155  32.0141076776  19.9363619046  9.55019424244  
693.210181979  572.528307961  453.342328773  354.908450503  276.359741076  213.976169569  164.417811577  125.068345017  93.8791350991  69.1930515709  49.6189863884  33.9496779805  21.1067858884  10.1010529781  
1000.0  693.210181979  509.269408807  384.647605814  293.856325655  224.996724032  171.667842586  129.963297206  97.2272818196  71.4872777239  51.1733590007  34.9684253295  21.7211937469  10.389786847  
