0.0241445764985  0.0215670109173  0.0172426195891  0.0123826491626  0.00802414920989  0.00471559897541  0.00252607202585  0.00123962024107  0.000559913229659  0.000233810334652  9.06326032632e-05  3.27212781952e-05  1.09813354769e-05  3.21066461034e-06  
0.0837176751316  0.0747224176936  0.0596572970521  0.0427676546984  0.0276621899417  0.01622680723  0.00867812079629  0.00425262487138  0.00191864893387  0.000800507149806  0.000310119415017  0.000111924736665  3.75576596116e-05  1.09813354769e-05  
0.254656492659  0.227034634386  0.180894056315  0.129351440963  0.0834375535033  0.0488160072523  0.0260444302807  0.0127365084839  0.00573657536311  0.00239027101441  0.000925101265179  0.000333661969376  0.000111924736665  3.27212781952e-05  
0.725493938806  0.645790799177  0.513134058748  0.365675991537  0.235027056481  0.137026720634  0.0728763783658  0.0355415965268  0.0159718183868  0.0066429636844  0.00256745648283  0.000925101265179  0.000310119415017  9.06326032632e-05  
1.9427303134  1.72560001719  1.36605388466  0.96908969513  0.619909738367  0.359793375102  0.190576180091  0.0926179702988  0.0414994429715  0.0172195989067  0.0066429636844  0.00239027101441  0.000800507149806  0.000233810334652  
4.8848080821  4.32594319491  3.40730926765  2.40258867791  1.52739520237  0.881347790757  0.464423338415  0.224706242882  0.100313752434  0.0414994429715  0.0159718183868  0.00573657536311  0.00191864893387  0.000559913229659  
11.5213125494  10.159990767  7.94665781312  5.55801438146  3.50480762785  2.0073209754  1.05086636043  0.505649798962  0.224706242882  0.0926179702988  0.0355415965268  0.0127365084839  0.00425262487138  0.00123962024107  
25.4812774128  22.3311188011  17.2948959945  11.9636311173  7.4641655814  4.23443987412  2.19880919052  1.05086636043  0.464423338415  0.190576180091  0.0728763783658  0.0260444302807  0.00867812079629  0.00252607202585  
52.8841385385  45.908343797  35.0533188765  23.8848307548  14.6952994801  8.23678242145  4.23443987412  2.0073209754  0.881347790757  0.359793375102  0.137026720634  0.0488160072523  0.01622680723  0.00471559897541  
103.252035814  88.2771923775  66.006342367  44.0515587252  26.614785739  14.6952994801  7.4641655814  3.50480762785  1.52739520237  0.619909738367  0.235027056481  0.0834375535033  0.0276621899417  0.00802414920989  
190.666062522  158.823187291  115.058668461  74.627994197  44.0515587252  23.8848307548  11.9636311173  5.55801438146  2.40258867791  0.96908969513  0.365675991537  0.129351440963  0.0427676546984  0.0123826491626  
336.430748592  267.089095045  184.3468764  115.058668461  66.006342367  35.0533188765  17.2948959945  7.94665781312  3.40730926765  1.36605388466  0.513134058748  0.180894056315  0.0596572970521  0.0172426195891  
577.990255791  416.337348948  267.089095045  158.823187291  88.2771923775  45.908343797  22.3311188011  10.159990767  4.32594319491  1.72560001719  0.645790799177  0.227034634386  0.0747224176936  0.0215670109173  
1000.0  577.990255791  336.430748592  190.666062522  103.252035814  52.8841385385  25.4812774128  11.5213125494  4.8848080821  1.9427303134  0.725493938806  0.254656492659  0.0837176751316  0.0241445764985  
