2.75233104858e-05  2.11008790477e-05  1.2671113318e-05  6.12957035005e-06  2.45284561944e-06  8.30566044846e-07  2.42478411423e-07  6.19792096936e-08  1.40476729191e-08  2.85322202443e-09  5.2395783587e-10  8.76516909981e-11  1.34409332497e-11  1.87097670163e-12  
0.000189074824539  0.000145024071769  8.71821703416e-05  4.22479351617e-05  1.6946617224e-05  5.75530800576e-06  1.68600786528e-06  4.32617442603e-07  9.84660263284e-08  2.00896294352e-08  3.70679973698e-09  6.23199007632e-10  9.60599731991e-11  1.34409332497e-11  
0.00118218200809  0.000906921928032  0.00054556697564  0.000264729763524  0.000106402822561  3.62313325506e-05  1.06477963261e-05  2.74216171584e-06  6.26668995882e-07  1.28420513407e-07  2.38066769253e-08  4.02228228297e-09  6.23199007632e-10  8.76516909981e-11  
0.00681112181942  0.00522389944875  0.00314261185618  0.00152594391141  0.000614185709529  0.000209578097719  6.17598899499e-05  1.59572178697e-05  3.66029953998e-06  7.53171537334e-07  1.40242956569e-07  2.38066769253e-08  3.70679973698e-09  5.2395783587e-10  
0.0359882314462  0.0275780436029  0.0165769975485  0.00804767638917  0.00324117647663  0.00110756931443  0.000327090499475  8.47470873505e-05  1.95037482366e-05  4.02828774706e-06  7.53171537334e-07  1.28420513407e-07  2.00896294352e-08  2.85322202443e-09  
0.173411350912  0.132655712449  0.0795787215943  0.0385807056531  0.0155320025651  0.00531058836156  0.00157059556829  0.000407819350319  9.41188618314e-05  1.95037482366e-05  3.66029953998e-06  6.26668995882e-07  9.84660263284e-08  1.40476729191e-08  
0.757375417833  0.577606411333  0.34521319508  0.166865683902  0.0670584927292  0.0229154912167  0.00678080189402  0.00176323160038  0.000407819350319  8.47470873505e-05  1.59572178697e-05  2.74216171584e-06  4.32617442603e-07  6.19792096936e-08  
2.97867225271  2.2600338522  1.34230348042  0.645423105236  0.258435600506  0.088135207546  0.0260632458625  0.00678080189402  0.00157059556829  0.000327090499475  6.17598899499e-05  1.06477963261e-05  1.68600786528e-06  2.42478411423e-07  
10.4789573642  7.88297470702  4.63460653013  2.20947303727  0.879239808202  0.298665026785  0.088135207546  0.0229154912167  0.00531058836156  0.00110756931443  0.000209578097719  3.62313325506e-05  5.75530800576e-06  8.30566044846e-07  
32.7749377076  24.2980243896  14.0538302524  6.610778785  2.6052692862  0.879239808202  0.258435600506  0.0670584927292  0.0155320025651  0.00324117647663  0.000614185709529  0.000106402822561  1.6946617224e-05  2.45284561944e-06  
90.7638904743  65.56202619  36.9309081721  17.0193123088  6.610778785  2.20947303727  0.645423105236  0.166865683902  0.0385807056531  0.00804767638917  0.00152594391141  0.000264729763524  4.22479351617e-05  6.12957035005e-06  
222.758977374  153.166294719  82.6313726225  36.9309081721  14.0538302524  4.63460653013  1.34230348042  0.34521319508  0.0795787215943  0.0165769975485  0.00314261185618  0.00054556697564  8.71821703416e-05  1.2671113318e-05  
490.280223652  304.483736439  153.166294719  65.56202619  24.2980243896  7.88297470702  2.2600338522  0.577606411333  0.132655712449  0.0275780436029  0.00522389944875  0.000906921928032  0.000145024071769  2.11008790477e-05  
1000.0  490.280223652  222.758977374  90.7638904743  32.7749377076  10.4789573642  2.97867225271  0.757375417833  0.173411350912  0.0359882314462  0.00681112181942  0.00118218200809  0.000189074824539  2.75233104858e-05  
