7.8518018817  7.60725093992  7.14302735036  6.50407493868  5.74729393024  4.93241857921  4.11398721994  3.33571734909  2.62767126965  2.00588002793  1.47371146427  1.02419031697  0.642603433146  0.308945534767  
16.6439903351  16.1166852056  15.1172653602  13.7449435261  12.1243892658  10.3852628658  8.64467161929  6.99532011303  5.49994333426  4.19105650296  3.07432182285  2.13376860327  1.33744640806  0.642603433146  
27.3614228661  26.4697748897  24.7843193771  22.4794135066  19.7713196111  16.8813744571  14.0058396799  11.2968167715  8.85444715804  6.72804996632  4.92291261693  3.40964361087  2.13376860327  1.02419031697  
41.0788672031  39.6862084284  37.0642564536  33.5002489972  29.3435295828  24.9432475928  20.6007968597  16.5426590196  12.9120013845  9.77379510896  7.12757204174  4.92291261693  3.07432182285  1.47371146427  
59.010215242  56.9032404185  52.959294996  47.6436861833  41.5065341336  35.079655512  28.8054760823  23.0026580981  17.8613349027  13.457093709  9.77379510896  6.72804996632  4.19105650296  2.00588002793  
82.5685970675  79.4186667572  73.5712840602  65.7831442009  56.9134536382  47.7556199424  38.9375856524  30.8863775883  23.8365050185  17.8613349027  12.9120013845  8.85444715804  5.49994333426  2.62767126965  
113.453105335  108.744530501  100.110259274  88.8008065844  76.1562656826  63.3385356995  51.2073345465  40.3028477539  30.8863775883  23.0026580981  16.5426590196  11.2968167715  6.99532011303  3.33571734909  
153.795166887  146.683986931  133.886555407  117.521331363  99.6765390639  82.0116019959  65.6460523433  51.2073345465  38.9375856524  28.8054760823  20.6007968597  14.0058396799  8.64467161929  4.11398721994  
206.435330525  195.448397013  176.262566849  152.575001655  127.612629604  103.644377876  82.0116019959  63.3385356995  47.7556199424  35.079655512  24.9432475928  16.8813744571  10.3852628658  4.93241857921  
275.491912689  257.823351954  228.491726054  194.122363196  159.548395672  127.612629604  99.6765390639  76.1562656826  56.9134536382  41.5065341336  29.3435295828  19.7713196111  12.1243892658  5.74729393024  
367.624590349  337.311926668  291.238390086  241.308776504  194.122363196  152.575001655  117.521331363  88.8008065844  65.7831442009  47.6436861833  33.5002489972  22.4794135066  13.7449435261  6.50407493868  
495.108497578  437.762986553  363.230284962  291.238390086  228.491726054  176.262566849  133.886555407  100.110259274  73.5712840602  52.959294996  37.0642564536  24.7843193771  15.1172653602  7.14302735036  
684.144630671  560.024076126  437.762986553  337.311926668  257.823351954  195.448397013  146.683986931  108.744530501  79.4186667572  56.9032404185  39.6862084284  26.4697748897  16.1166852056  7.60725093992  
1000.0  684.144630671  495.108497578  367.624590349  275.491912689  206.435330525  153.795166887  113.453105335  82.5685970675  59.010215242  41.0788672031  27.3614228661  16.6439903351  7.8518018817  
