0.0770492026045  0.0701227585652  0.0581578463619  0.0440600255006  0.0305848095102  0.019520745988  0.0114969595951  0.00627081149509  0.00317853534689  0.00150219035628  0.000663929693157  0.000274938683321  0.000105990299075  3.49828957532e-05  
0.238056465311  0.216479481523  0.179274514975  0.135552640222  0.0938900209122  0.0597914692619  0.035139293333  0.0191283432022  0.00967881483721  0.00456739956993  0.00201615475634  0.000834067626444  0.000321290925141  0.000105990299075  
0.635206222587  0.576935098408  0.476733867099  0.359442594941  0.248180133774  0.157540558889  0.0923026363991  0.0501048816029  0.0252899091476  0.0119087890508  0.00524743096183  0.00216767147257  0.000834067626444  0.000274938683321  
1.59082255512  1.44253170096  1.1885038888  0.892735469844  0.613860463244  0.388059693958  0.226475027315  0.122501783842  0.061638235916  0.0289469748868  0.0127263084713  0.00524743096183  0.00201615475634  0.000663929693157  
3.76857277948  3.40977138454  2.79838838655  2.09170239978  1.4306991644  0.899718453281  0.522526072566  0.281400266908  0.141048099686  0.0660232771161  0.0289469748868  0.0119087890508  0.00456739956993  0.00150219035628  
8.44726337533  7.61998537234  6.2210184316  4.62013383989  3.13869717275  1.9608631145  1.13193709215  0.606333419118  0.302512209687  0.141048099686  0.061638235916  0.0252899091476  0.00967881483721  0.00317853534689  
17.9146210532  16.091739847  13.043636558  9.60458586574  6.46791790257  4.00741399073  2.29617547142  1.22202106038  0.606333419118  0.281400266908  0.122501783842  0.0501048816029  0.0191283432022  0.00627081149509  
35.9656713068  32.1075030257  25.766674151  18.7568225764  12.4887323198  7.65783752337  4.3480688916  2.29617547142  1.13193709215  0.522526072566  0.226475027315  0.0923026363991  0.035139293333  0.0114969595951  
68.4633203892  60.5512066323  47.9034067175  34.3338895126  22.5272452525  13.6357464905  7.65783752337  4.00741399073  1.9608631145  0.899718453281  0.388059693958  0.157540558889  0.0597914692619  0.019520745988  
123.977043955  108.028189827  83.6914921726  58.7271683261  37.8116222512  22.5272452525  12.4887323198  6.46791790257  3.13869717275  1.4306991644  0.613860463244  0.248180133774  0.0938900209122  0.0305848095102  
214.846568005  182.515415295  137.020184412  93.4138565851  58.7271683261  34.3338895126  18.7568225764  9.60458586574  4.62013383989  2.09170239978  0.892735469844  0.359442594941  0.135552640222  0.0440600255006  
360.071625152  291.886300688  208.872839411  137.020184412  83.6914921726  47.9034067175  25.766674151  13.043636558  6.2210184316  2.79838838655  1.1885038888  0.476733867099  0.179274514975  0.0581578463619  
594.59154351  438.356487304  291.886300688  182.515415295  108.028189827  60.5512066323  32.1075030257  16.091739847  7.61998537234  3.40977138454  1.44253170096  0.576935098408  0.216479481523  0.0701227585652  
1000.0  594.59154351  360.071625152  214.846568005  123.977043955  68.4633203892  35.9656713068  17.9146210532  8.44726337533  3.76857277948  1.59082255512  0.635206222587  0.238056465311  0.0770492026045  
