4.62458134672  4.45118681448  4.1251438559  3.68342252014  3.17172294978  2.63631280519  2.11725307122  1.64418914669  1.23489653363  0.896046024608  0.6253181337  0.413997291038  0.249383471136  0.11664393767  
10.1043068498  9.71939993247  8.99680981764  8.02027623689  6.89253900572  5.71662974227  4.58075248061  3.54926757086  2.65995587342  1.92615633921  1.34173025377  0.886908803255  0.533600468924  0.249383471136  
17.3662589069  16.6874406033  15.416588564  13.7062817786  11.741329983  9.70411872074  7.74785261337  5.98172388026  4.46754781142  3.2247586196  2.23986870414  1.47696783963  0.886908803255  0.413997291038  
27.4797876481  26.3667328711  24.2913682464  21.5152853356  18.3493376834  15.0932185822  11.991908354  9.21420739792  6.85064184285  4.92428267274  3.40759787285  2.23986870414  1.34173025377  0.6253181337  
41.7254089864  39.9553784288  36.6740424442  32.3217689  27.4077584898  22.4072736904  17.6946521408  13.5161541556  9.99383495382  7.14764409541  4.92428267274  3.2247586196  1.92615633921  0.896046024608  
61.6668877479  58.891999547  53.790156389  47.1020113538  39.6513424657  32.1735790585  25.2197282891  19.1300348992  14.0541401669  9.99383495382  6.85064184285  4.46754781142  2.65995587342  1.23489653363  
89.2403850946  84.9102942679  77.045269363  66.9030214717  55.8065211853  44.866719541  34.8614046798  26.2299132307  19.1300348992  13.5161541556  9.21420739792  5.98172388026  3.54926757086  1.64418914669  
126.893586207  120.105658825  108.003596477  92.7613815294  76.4880072968  60.8099996999  46.7638418524  34.8614046798  25.2197282891  17.6946521408  11.991908354  7.74785261337  4.58075248061  2.11725307122  
177.848810416  167.031612408  148.312817336  125.537846475  102.019971675  80.0245675564  60.8099996999  44.866719541  32.1735790585  22.4072736904  15.0932185822  9.70411872074  5.71662974227  2.63631280519  
246.661031185  228.83693935  199.501132891  165.598654133  132.147347394  102.019971675  76.4880072968  55.8065211853  39.6513424657  27.4077584898  18.3493376834  11.741329983  6.89253900572  3.17172294978  
340.496408898  309.372062881  262.434670305  212.210307287  165.598654133  125.537846475  92.7613815294  66.9030214717  47.1020113538  32.3217689  21.5152853356  13.7062817786  8.02027623689  3.68342252014  
472.302765135  412.753858087  335.867526029  262.434670305  199.501132891  148.312817336  108.003596477  77.045269363  53.790156389  36.6740424442  24.2913682464  15.416588564  8.99680981764  4.1251438559  
669.456696506  539.817748537  412.753858087  309.372062881  228.83693935  167.031612408  120.105658825  84.9102942679  58.891999547  39.9553784288  26.3667328711  16.6874406033  9.71939993247  4.45118681448  
1000.0  669.456696506  472.302765135  340.496408898  246.661031185  177.848810416  126.893586207  89.2403850946  61.6668877479  41.7254089864  27.4797876481  17.3662589069  10.1043068498  4.62458134672  
