6.80198428943  6.57842523418  6.15513530611  5.57501144692  4.8920332828  4.16235121407  3.4365552542  2.75441235966  2.14241091906  1.61372398393  1.16982638448  0.802939558291  0.498624386098  0.238084897952  
14.5300236646  14.0444169591  13.1264015992  11.8712762633  10.3980657704  8.82942396667  7.27465489909  5.81857923391  4.51673700376  3.3958397462  2.45766190219  1.68453277271  1.04497915029  0.498624386098  
24.1617429738  23.3316892612  21.7667409397  19.6358939745  17.1474990706  14.5128404997  11.9167464828  9.49955828519  7.35051831284  5.51002440451  3.97727632813  2.72009373578  1.68453277271  0.802939558291  
36.7780600427  35.4650777855  32.9995915952  29.6628224022  25.7947856124  21.73222749  17.7619011344  14.0947842515  10.8593368263  8.10823730895  5.83241653226  3.97727632813  2.45766190219  1.16982638448  
53.6171156833  51.6043619701  47.8466359741  42.8039653149  37.0171783831  31.0044947552  25.1911872839  19.8769057166  15.2331446321  11.3194839572  8.10823730895  5.51002440451  3.3958397462  1.61372398393  
76.1369389709  73.0895034458  67.4471075389  59.9642894335  51.4933581524  42.814704155  34.5376131896  27.0669105724  20.6143596104  15.2331446321  10.8593368263  7.35051831284  4.51673700376  2.14241091906  
106.102268172  101.494007172  93.0654346027  82.0721018692  69.8532770464  57.5609228349  46.0358499341  35.7931385763  27.0669105724  19.8769057166  14.0947842515  9.49955828519  5.81857923391  2.75441235966  
145.728812072  138.698798724  126.079406016  110.008368754  92.5846641715  75.4639980503  59.7479296622  46.0358499341  34.5376131896  25.1911872839  17.7619011344  11.9167464828  7.27465489909  3.4365552542  
197.9568759  187.004095692  167.924806409  144.462149189  119.873086365  96.432155512  75.4639980503  57.5609228349  42.814704155  31.0044947552  21.73222749  14.5128404997  8.82942396667  4.16235121407  
267.018589362  249.288669848  219.923709829  185.643917765  151.340803863  119.873086365  92.5846641715  69.8532770464  51.4933581524  37.0171783831  25.7947856124  17.1474990706  10.3980657704  4.8920332828  
359.708166191  329.144693131  282.788332816  232.724552999  185.643917765  144.462149189  110.008368754  82.0721018692  59.9642894335  42.8039653149  29.6628224022  19.6358939745  11.8712762633  5.57501144692  
488.486559474  430.490233687  355.246091416  282.788332816  219.923709829  167.924806409  126.079406016  93.0654346027  67.4471075389  47.8466359741  32.9995915952  21.7667409397  13.1264015992  6.15513530611  
679.891951379  554.166403896  430.490233687  329.144693131  249.288669848  187.004095692  138.698798724  101.494007172  73.0895034458  51.6043619701  35.4650777855  23.3316892612  14.0444169591  6.57842523418  
1000.0  679.891951379  488.486559474  359.708166191  267.018589362  197.9568759  145.728812072  106.102268172  76.1369389709  53.6171156833  36.7780600427  24.1617429738  14.5300236646  6.80198428943  
