0.000622387942821  0.000517543199329  0.000360588830396  0.0002130474293  0.000108185301744  4.78367647316e-05  1.86397411318e-05  6.46843684955e-06  2.01774210702e-06  5.70361069737e-07  1.47134944077e-07  3.48522775584e-08  7.61401963767e-09  1.49487348797e-09  
0.00312801721759  0.00260014315113  0.00181072563305  0.00106946056801  0.000543044906404  0.000240199757592  9.36624056609e-05  3.25389494526e-05  1.01647991052e-05  2.8783671769e-06  7.44035665103e-07  1.76642162869e-07  3.8685523297e-08  7.61401963767e-09  
0.0141801406257  0.0117791989162  0.00819492539654  0.00483576446693  0.00245406728797  0.00108534188143  0.0004233584727  0.00014719512099  4.60380230286e-05  1.30572923191e-05  3.38166878989e-06  8.04609198545e-07  1.76642162869e-07  3.48522775584e-08  
0.0596475915524  0.0494937892488  0.0343765556145  0.0202519075986  0.0102641720082  0.00453590641372  0.00176891731687  0.000615215330638  0.000192573531718  5.46847647209e-05  1.41853624118e-05  3.38166878989e-06  7.44035665103e-07  1.47134944077e-07  
0.232184335386  0.192332722456  0.133243912106  0.0782890318642  0.039590099169  0.0174672762054  0.00680550211397  0.00236619928077  0.000740874177436  0.000210551492972  5.46847647209e-05  1.30572923191e-05  2.8783671769e-06  5.70361069737e-07  
0.833106047871  0.688341950197  0.475027651365  0.277992902181  0.140090466277  0.0616427953731  0.0239729156776  0.00832648079744  0.00260621739473  0.000740874177436  0.000192573531718  4.60380230286e-05  1.01647991052e-05  2.01774210702e-06  
2.74451308702  2.25881484976  1.54990308613  0.901709226207  0.4520779548  0.198118448211  0.0768211391257  0.0266303562098  0.00832648079744  0.00236619928077  0.000615215330638  0.00014719512099  3.25389494526e-05  6.46843684955e-06  
8.26971243845  6.76572989798  4.60303059451  2.65526450822  1.3214869369  0.575759088631  0.22228325385  0.0768211391257  0.0239729156776  0.00680550211397  0.00176891731687  0.0004233584727  9.36624056609e-05  1.86397411318e-05  
22.7209367941  18.4146530101  12.3696942419  7.04841565328  3.4718190129  1.50041636386  0.575759088631  0.198118448211  0.0616427953731  0.0174672762054  0.00453590641372  0.00108534188143  0.000240199757592  4.78367647316e-05  
56.8283801808  45.3510329238  29.878669104  16.7269998139  8.12202406577  3.4718190129  1.3214869369  0.4520779548  0.140090466277  0.039590099169  0.0102641720082  0.00245406728797  0.000543044906404  0.000108185301744  
129.561707761  100.65604566  64.3517759073  35.1246672869  16.7269998139  7.04841565328  2.65526450822  0.901709226207  0.277992902181  0.0782890318642  0.0202519075986  0.00483576446693  0.00106946056801  0.0002130474293  
271.107469214  200.35067704  122.180459055  64.3517759073  29.878669104  12.3696942419  4.60303059451  1.54990308613  0.475027651365  0.133243912106  0.0343765556145  0.00819492539654  0.00181072563305  0.000360588830396  
529.607552265  353.571391786  200.35067704  100.65604566  45.3510329238  18.4146530101  6.76572989798  2.25881484976  0.688341950197  0.192332722456  0.0494937892488  0.0117791989162  0.00260014315113  0.000517543199329  
1000.0  529.607552265  271.107469214  129.561707761  56.8283801808  22.7209367941  8.26971243845  2.74451308702  0.833106047871  0.232184335386  0.0596475915524  0.0141801406257  0.00312801721759  0.000622387942821  
