7.15295976115  6.92218023278  6.48482652437  5.88452880363  5.17630862411  4.41758823885  3.66035013507  2.94574432768  2.30149917206  1.74176703469  1.26865719947  0.874640825133  0.545151603592  0.260941456292  
15.2379040835  14.7379289741  13.7918954802  12.4965098054  10.9728173176  9.34596550114  7.72801730294  6.20655971784  4.83963437082  3.65594574699  2.65857460782  1.83038231342  1.13966426915  0.545151603592  
25.2358435446  24.3845053511  22.7779635169  20.587156259  18.0232836095  15.3012254264  12.6098690857  10.0936972377  7.84575440554  5.9095121576  4.28622379821  2.94459060944  1.83038231342  0.874640825133  
38.2262763925  36.8856571653  34.3659654541  30.950632066  26.983066508  22.8044851786  18.706869416  14.9066829423  11.5375384055  8.6563673678  6.25701628632  4.28622379821  2.65857460782  1.26865719947  
55.439404408  53.3938161139  49.5712838647  44.4338367328  38.5257489033  32.3701978041  26.3986293303  20.9174598755  16.1047460955  12.0256321888  8.6563673678  5.9095121576  3.65594574699  1.74176703469  
78.3178494898  75.2344888232  69.5203625825  61.9309793483  53.3213359577  44.4766652314  36.0130364698  28.3432285948  21.6870540135  16.1047460955  11.5375384055  7.84575440554  4.83963437082  2.30149917206  
108.603408784  103.959704715  95.4586334269  84.3542746663  71.9865539717  59.5113007019  47.7762961815  37.3056766154  28.3432285948  20.9174598755  14.9066829423  10.0936972377  6.20655971784  2.94574432768  
148.482065498  141.422943589  128.74005925  112.564787113  94.9928189982  77.6816633702  61.7396311465  47.7762961815  36.0130364698  26.3986293303  18.706869416  12.6098690857  7.72801730294  3.66035013507  
200.858792676  189.892890989  170.774300836  147.230588264  122.508806691  98.8821456977  77.6816633702  59.5113007019  44.4766652314  32.3701978041  22.8044851786  15.3012254264  9.34596550114  4.41758823885  
269.925422412  252.215177271  222.858825993  188.544093176  154.142798876  122.508806691  94.9928189982  71.9865539717  53.3213359577  38.5257489033  26.983066508  18.0232836095  10.9728173176  5.17630862411  
362.428808724  331.95031242  285.688460588  235.666559722  188.544093176  147.230588264  112.564787113  84.3542746663  61.9309793483  44.4338367328  30.950632066  20.587156259  12.4965098054  5.88452880363  
490.765175534  432.991836141  357.990061226  285.688460588  222.858825993  170.774300836  128.74005925  95.4586334269  69.5203625825  49.5712838647  34.3659654541  22.7779635169  13.7918954802  6.48482652437  
681.356349116  556.182850536  432.991836141  331.95031242  252.215177271  189.892890989  141.422943589  103.959704715  75.2344888232  53.3938161139  36.8856571653  24.3845053511  14.7379289741  6.92218023278  
1000.0  681.356349116  490.765175534  362.428808724  269.925422412  200.858792676  148.482065498  108.603408784  78.3178494898  55.439404408  38.2262763925  25.2358435446  15.2379040835  7.15295976115  
