2.40025146329  2.29128974343  2.08886137082  1.82005350866  1.51723611215  1.21151334548  0.927761024135  0.682133847704  0.481953407113  0.327258518344  0.213104797231  0.131835078157  0.0748330706036  0.0335723959295  
5.48017329551  5.22777191966  4.75965811434  4.1396527258  3.44345025641  2.74308170498  2.09545840392  1.53691521416  1.083327659  0.733975806199  0.47698368934  0.294558366955  0.166961107529  0.0748330706036  
10.0217130989  9.54940381487  8.67590604649  7.52390186297  6.23707303012  4.94997368609  3.76682239527  2.75231854477  1.93299205259  1.30520135278  0.845589983202  0.520788613177  0.294558366955  0.131835078157  
17.0101160163  16.1830335358  14.6596430534  12.6627052567  10.4483411482  8.25096985601  6.24713864223  4.5421546297  3.17513667862  2.13467314454  1.37759475504  0.845589983202  0.47698368934  0.213104797231  
27.7327165165  26.3288255688  23.7578253605  20.4156444177  16.7457631798  13.1415120055  9.88809012705  7.14648684139  4.96780428856  3.32289228278  2.13467314454  1.30520135278  0.733975806199  0.327258518344  
43.8766428283  41.5380301168  37.2901213821  31.8311683414  25.9147927341  20.1812263007  15.0715333131  10.8161787733  7.47027182801  4.96780428856  3.17513667862  1.93299205259  1.083327659  0.481953407113  
67.6339091731  63.7813893901  56.8671803352  48.1238514337  38.8125590216  29.9428916641  22.1632725116  15.7760536057  10.8161787733  7.14648684139  4.5421546297  2.75231854477  1.53691521416  0.682133847704  
101.841402601  95.5133131706  84.3632049182  70.5854375564  56.257102561  42.9082782905  31.4288806274  22.1632725116  15.0715333131  9.88809012705  6.24713864223  3.76682239527  2.09545840392  0.927761024135  
150.227842022  139.745102833  121.811653916  100.389687567  78.8225997698  59.2971181227  42.9082782905  29.9428916641  20.1812263007  13.1415120055  8.25096985601  4.94997368609  2.74308170498  1.21151334548  
217.945411518  200.137348029  171.145707907  138.218272535  106.504380721  78.8225997698  56.257102561  38.8125590216  25.9147927341  16.7457631798  10.4483411482  6.23707303012  3.44345025641  1.51723611215  
312.835956758  281.040864349  233.566456303  183.573463985  138.218272535  100.389687567  70.5854375564  48.1238514337  31.8311683414  20.4156444177  12.6627052567  7.52390186297  4.1396527258  1.82005350866  
448.666482557  386.960686682  307.955872161  233.566456303  171.145707907  121.811653916  84.3632049182  56.8671803352  37.2901213821  23.7578253605  14.6596430534  8.67590604649  4.75965811434  2.08886137082  
654.091558822  518.764002736  386.960686682  281.040864349  200.137348029  139.745102833  95.5133131706  63.7813893901  41.5380301168  26.3288255688  16.1830335358  9.54940381487  5.22777191966  2.29128974343  
1000.0  654.091558822  448.666482557  312.835956758  217.945411518  150.227842022  101.841402601  67.6339091731  43.8766428283  27.7327165165  17.0101160163  10.0217130989  5.48017329551  2.40025146329  
