2.05374267187  1.95662444731  1.77672842307  1.53900231644  1.27300532216  1.00676325019  0.762225049574  0.553125100068  0.385101094601  0.257323767779  0.164740175489  0.100196889423  0.0560115666621  0.0248534717263  
4.742682643  4.51521476088  4.09458881221  3.5401989542  2.92188844147  2.30523328817  1.74095857223  1.26023883209  0.875320560346  0.583576353576  0.372843135471  0.226359653418  0.126354474007  0.0560115666621  
8.8096081262  8.37752489349  7.58078961339  6.53516291955  5.37507084254  4.22471996141  3.17827254559  2.29191528581  1.58608622454  1.05384431871  0.67120975814  0.406401138783  0.226359653418  0.100196889423  
15.212110072  14.4430805355  13.0308132131  11.1885777357  9.15953995777  7.16331281486  5.36173926558  3.84741077353  2.65012738975  1.75323302882  1.11231887265  0.67120975814  0.372843135471  0.164740175489  
25.2287378805  23.9025635146  21.4810546917  18.3484666553  14.9317302672  11.6045532349  8.6320000664  6.1571297925  4.21750226399  2.77599810966  1.75323302882  1.05384431871  0.583576353576  0.257323767779  
40.5645490812  38.3229402807  34.2631552883  29.0709633487  23.480822099  18.1087068976  13.3695177902  9.4694818672  6.44472350704  4.21750226399  2.65012738975  1.58608622454  0.875320560346  0.385101094601  
63.4628120938  59.7218912016  53.0274112786  44.6018287769  35.6869918608  27.2646601625  19.9507866822  14.0160389406  9.4694818672  6.1571297925  3.84741077353  2.29191528581  1.26023883209  0.553125100068  
96.8481037928  90.6342803102  79.7166789834  66.2882220925  52.4111987064  39.5863935329  28.6649359819  19.9507866822  13.3695177902  8.6320000664  5.36173926558  3.17827254559  1.74095857223  0.762225049574  
144.571123509  134.181692707  116.457109673  95.3784515006  74.2861308244  55.3388806682  39.5863935329  27.2646601625  18.1087068976  11.6045532349  7.16331281486  4.22471996141  2.30523328817  1.00676325019  
211.933313158  194.153944479  165.285419046  132.635295381  101.371016562  74.2861308244  52.4111987064  35.6869918608  23.480822099  14.9317302672  9.15953995777  5.37507084254  2.92188844147  1.27300532216  
306.946141161  275.031816534  227.494267808  177.628195658  132.635295381  95.3784515006  66.2882220925  44.6018287769  29.0709633487  18.3484666553  11.1885777357  6.53516291955  3.5401989542  1.53900231644  
443.574270256  381.42306927  302.010262948  227.494267808  165.285419046  116.457109673  79.7166789834  53.0274112786  34.2631552883  21.4810546917  13.0308132131  7.58078961339  4.09458881221  1.77672842307  
650.759218072  514.210853026  381.42306927  275.031816534  194.153944479  134.181692707  90.6342803102  59.7218912016  38.3229402807  23.9025635146  14.4430805355  8.37752489349  4.51521476088  1.95662444731  
1000.0  650.759218072  443.574270256  306.946141161  211.933313158  144.571123509  96.8481037928  63.4628120938  40.5645490812  25.2287378805  15.212110072  8.8096081262  4.742682643  2.05374267187  
