7.24058417827  7.00803460895  6.56723073296  5.96197782191  5.24754693072  4.48166593331  3.71665331182  2.99399443424  2.34172011305  1.77422355825  1.29377236621  0.892903182266  0.557023684908  0.266780526705  
15.4144461021  14.9109528966  13.958054055  12.6527910575  11.1166920406  9.47550255393  7.84195013809  6.30429153409  4.9211776949  3.72180252913  2.7095722088  1.86748699654  1.163796146  0.557023684908  
25.5032821164  24.646742323  23.0300278906  20.8245374477  18.2421490812  15.4986021638  12.7837591873  10.2431030357  7.97060226415  6.01048159807  4.36450455449  3.0016010522  1.86748699654  0.892903182266  
38.5861304556  37.2387741674  34.7058581419  31.2713323839  27.279408692  23.0723667064  18.9434388655  15.1104096316  11.7081403118  8.79460168041  6.36436223356  4.36450455449  2.7095722088  1.29377236621  
55.8911819176  53.8376143622  49.999319286  44.838786541  38.9010948498  32.7105919304  26.7001932998  21.1779380954  16.3234679519  12.203282378  8.79460168041  6.01048159807  3.72180252913  1.77422355825  
78.8572758257  75.765218347  70.0337087309  62.4184566359  53.7750669705  44.8899008474  36.3806316519  28.6619373643  21.9555678537  16.3234679519  11.7081403118  7.97060226415  4.9211776949  2.34172011305  
109.220644897  104.568405909  96.0498483855  84.9186494121  72.5148354701  59.9951113416  48.2088917786  37.6824653302  28.6619373643  21.1779380954  15.1104096316  10.2431030357  6.30429153409  2.99399443424  
149.160106529  142.09404309  129.395962606  113.195637572  95.5878879921  78.2305795909  62.2335862225  48.2088917786  36.3806316519  26.7001932998  18.9434388655  12.7837591873  7.84195013809  3.71665331182  
201.572141053  190.603245455  171.47545281  147.912473847  123.158865624  99.4873932926  78.2305795909  59.9951113416  44.8899008474  32.7105919304  23.0723667064  15.4986021638  9.47550255393  4.48166593331  
270.63889335  252.933699792  223.579918914  189.257291293  154.832748973  123.158865624  95.5878879921  72.5148354701  53.7750669705  38.9010948498  27.279408692  18.2421490812  11.1166920406  5.24754693072  
363.095789995  332.638323668  286.400076707  236.389127321  189.257291293  147.912473847  113.195637572  84.9186494121  62.4184566359  44.838786541  31.2713323839  20.8245374477  12.6527910575  5.96197782191  
491.323328254  433.604765453  358.662754481  286.400076707  223.579918914  171.47545281  129.395962606  96.0498483855  70.0337087309  49.999319286  34.7058581419  23.0300278906  13.958054055  6.56723073296  
681.714887093  556.676651692  433.604765453  332.638323668  252.933699792  190.603245455  142.09404309  104.568405909  75.765218347  53.8376143622  37.2387741674  24.646742323  14.9109528966  7.00803460895  
1000.0  681.714887093  491.323328254  363.095789995  270.63889335  201.572141053  149.160106529  109.220644897  78.8572758257  55.8911819176  38.5861304556  25.5032821164  15.4144461021  7.24058417827  
