0.0012096858931  0.00102077181352  0.000731217555087  0.000449032580653  0.000239066253189  0.000111599308267  4.61613158047e-05  1.70803283383e-05  5.70143580967e-06  1.72974094113e-06  4.80110213284e-07  1.22619784968e-07  2.89250624482e-08  6.1095579687e-09  
0.00568348304449  0.00479363006322  0.00343140088214  0.00210573458912  0.00112057507365  0.000523024899383  0.000216388973168  8.01136422208e-05  2.67667338827e-05  8.1306852989e-06  2.26017250427e-06  5.78257331662e-07  1.36672843061e-07  2.89250624482e-08  
0.0240073948504  0.0202325260358  0.0144650747673  0.00886539220723  0.00471285366211  0.00219827847138  0.000909296786763  0.000336728660049  0.000112577791277  3.42319440985e-05  9.52879283771e-06  2.441946332e-06  5.78257331662e-07  1.22619784968e-07  
0.0942537017773  0.0793368044373  0.0566126668791  0.034625995379  0.018374299846  0.0085591425141  0.00353755645632  0.00130965540308  0.000437947506838  0.000133255275233  3.713147922e-05  9.52879283771e-06  2.26017250427e-06  4.80110213284e-07  
0.343243730605  0.288397271369  0.205207676385  0.125126273894  0.0662148163539  0.0307763774307  0.0127003434207  0.00469755959605  0.00157034936497  0.000477907866914  0.000133255275233  3.42319440985e-05  8.1306852989e-06  1.72974094113e-06  
1.15544167098  0.968214465963  0.686069770556  0.416471143708  0.219498391902  0.101684140015  0.0418571931924  0.0154558557792  0.00516174226443  0.00157034936497  0.000437947506838  0.000112577791277  2.67667338827e-05  5.70143580967e-06  
3.58286485814  2.99032898163  2.10614528312  1.27037312086  0.665694641747  0.306927087976  0.125882214837  0.0463599970825  0.0154558557792  0.00469755959605  0.00130965540308  0.000336728660049  8.01136422208e-05  1.70803283383e-05  
10.2020768206  8.46337286701  5.90835720411  3.53153127729  1.8357348383  0.840833103115  0.343101557573  0.125882214837  0.0418571931924  0.0127003434207  0.00353755645632  0.000909296786763  0.000216388973168  4.61613158047e-05  
26.6137448376  21.8694631049  15.0680172576  8.89074222712  4.57041998216  2.0748130037  0.840833103115  0.306927087976  0.101684140015  0.0307763774307  0.0085591425141  0.00219827847138  0.000523024899383  0.000111599308267  
63.5567321618  51.4227445221  34.7340402154  20.1205942927  10.1875254803  4.57041998216  1.8357348383  0.665694641747  0.219498391902  0.0662148163539  0.018374299846  0.00471285366211  0.00112057507365  0.000239066253189  
139.265436901  109.69347856  71.8632250261  40.5543760163  20.1205942927  8.89074222712  3.53153127729  1.27037312086  0.416471143708  0.125126273894  0.034625995379  0.00886539220723  0.00210573458912  0.000449032580653  
282.182083001  211.451683354  132.070565729  71.8632250261  34.7340402154  15.0680172576  5.90835720411  2.10614528312  0.686069770556  0.205207676385  0.0566126668791  0.0144650747673  0.00343140088214  0.000731217555087  
538.129427115  364.454797077  211.451683354  109.69347856  51.4227445221  21.8694631049  8.46337286701  2.99032898163  0.968214465963  0.288397271369  0.0793368044373  0.0202325260358  0.00479363006322  0.00102077181352  
1000.0  538.129427115  282.182083001  139.265436901  63.5567321618  26.6137448376  10.2020768206  3.58286485814  1.15544167098  0.343243730605  0.0942537017773  0.0240073948504  0.00568348304449  0.0012096858931  
