3.54440059854  3.40017697021  3.13029549214  2.76759197899  2.35212140038  1.92361907783  1.51545637978  1.1511605923  0.843574594262  0.596033483503  0.404649014145  0.260846655636  0.153546625397  0.0706806471158  
7.87733965866  7.5518711253  6.9438373355  6.12874461348  5.19800962643  4.24145403137  3.33364016897  2.52634830404  1.84712954268  1.30233096106  0.882450901898  0.567900183442  0.333851783616  0.153546625397  
13.8728418648  13.2853676336  12.1909099531  10.7299283617  9.07032448819  7.37444662617  5.77448642926  4.35997346442  3.17650039971  2.23221951017  1.50802358538  0.967991437793  0.567900183442  0.260846655636  
22.5738164004  21.5850743239  19.7505488666  17.3165195378  14.5718885  11.7896053318  9.18588777567  6.90201409966  5.00532507719  3.50238260649  2.3570560247  1.50802358538  0.882450901898  0.404649014145  
35.2726642749  33.658707449  30.6813649407  26.7641764843  22.3908360489  18.0039349218  13.941214723  10.4127614524  7.50929782361  5.22780193784  3.50238260649  2.23221951017  1.30233096106  0.596033483503  
53.5922614102  50.9994076642  46.2554543921  40.0861650564  33.2893750112  26.563799305  20.4164610296  15.1420683512  10.849409938  7.50929782361  5.00532507719  3.17650039971  1.84712954268  0.843574594262  
79.5794149155  75.443808194  67.9681943788  58.4038550081  48.0530076062  37.9892175854  28.9399485902  21.2889659198  15.1420683512  10.4127614524  6.90201409966  4.35997346442  2.52634830404  1.1511605923  
115.842313602  109.235633259  97.5124217677  82.8604946778  67.3824013445  52.671499307  39.7089149559  28.9399485902  20.4164610296  13.941214723  9.18588777567  5.77448642926  3.33364016897  1.51545637978  
165.806171381  155.111646883  136.69021037  114.442430779  91.702729722  70.7129585023  52.671499307  37.9892175854  26.563799305  18.0039349218  11.7896053318  7.37444662617  4.24145403137  1.92361907783  
234.261600328  216.42124254  187.187096399  153.637734945  120.855795932  91.702729722  67.3824013445  48.0530076062  33.2893750112  22.3908360489  14.5718885  9.07032448819  5.19800962643  2.35212140038  
328.641722092  297.208643548  249.994740109  199.798627159  153.637734945  114.442430779  82.8604946778  58.4038550081  40.0861650564  26.7641764843  17.3165195378  10.7299283617  6.12874461348  2.76759197899  
462.225662535  401.73999904  323.907145022  249.994740109  187.187096399  136.69021037  97.5124217677  67.9681943788  46.2554543921  30.6813649407  19.7505488666  12.1909099531  6.9438373355  3.13029549214  
662.925459407  530.857023964  401.73999904  297.208643548  216.42124254  155.111646883  109.235633259  75.443808194  50.9994076642  33.658707449  21.5850743239  13.2853676336  7.5518711253  3.40017697021  
1000.0  662.925459407  462.225662535  328.641722092  234.261600328  165.806171381  115.842313602  79.5794149155  53.5922614102  35.2726642749  22.5738164004  13.8728418648  7.87733965866  3.54440059854  
