5.74909579941  5.54854908712  5.16997085519  4.65372005826  4.05020178929  3.41125334079  2.78280811209  2.20008423673  1.68557495916  1.2493867372  0.891107875948  0.602353369685  0.369304367479  0.174824270709  
12.3982656678  11.9586499418  11.1300919552  10.0029778434  8.68934951267  7.30334972701  5.94500321746  4.68998398553  3.58573083903  2.65268206455  1.88870337698  1.27480598622  0.780696852735  0.369304367479  
20.9079424073  20.1464823566  18.7152348951  16.7763122854  14.5280891959  12.1694428359  9.87141985761  7.76055240074  5.91367151609  4.36142138104  3.0967976067  2.08537162813  1.27480598622  0.602353369685  
32.358550385  31.1354338058  28.8457325679  25.7626199487  22.2139756488  18.5208693676  14.9520715138  11.700063231  8.87631264297  6.5198644369  4.61273385411  3.0967976067  1.88870337698  0.891107875948  
48.0105959053  46.1057764364  42.5604563825  37.8269433139  32.433285213  26.8798956435  21.570455368  16.7814965554  12.6626222636  9.25537254012  6.5198644369  4.36142138104  2.65268206455  1.2493867372  
69.370955313  66.4431836832  61.038871771  53.9078069027  45.8914417439  37.7520936787  30.07480591  23.2368281138  17.4227451614  12.6626222636  8.87631264297  5.91367151609  3.58573083903  1.68557495916  
98.2802545863  93.792151931  85.6080991751  74.9864608607  63.2616920526  51.5701550688  40.7270475961  31.2155684023  23.2368281138  16.7814965554  11.700063231  7.76055240074  4.68998398553  2.20008423673  
137.054674314  130.126461591  117.726630448  102.011304663  85.0869540378  68.5996973023  53.6253828832  40.7270475961  30.07480591  21.570455368  14.9520715138  9.87141985761  5.94500321746  2.78280811209  
188.755225255  177.854451294  158.920339698  135.744164758  111.611511966  88.7969485522  68.5996973023  51.5701550688  37.7520936787  26.8798956435  18.5208693676  12.1694428359  7.30334972701  3.41125334079  
257.751819137  239.969256719  210.59754298  176.45988858  142.507991378  111.611511966  85.0869540378  63.2616920526  45.8914417439  32.433285213  22.2139756488  14.5280891959  8.68934951267  4.05020178929  
350.998765158  320.172260997  273.533199418  223.36648215  176.45988858  135.744164758  102.011304663  74.9864608607  53.9078069027  37.8269433139  25.7626199487  16.7763122854  10.0029778434  4.65372005826  
481.170890097  422.465774455  346.461607889  273.533199418  210.59754298  158.920339698  117.726630448  85.6080991751  61.038871771  42.5604563825  28.8457325679  18.7152348951  11.1300919552  5.16997085519  
675.18256166  547.686334003  422.465774455  320.172260997  239.969256719  177.854451294  130.126461591  93.792151931  66.4431836832  46.1057764364  31.1354338058  20.1464823566  11.9586499418  5.54854908712  
1000.0  675.18256166  481.170890097  350.998765158  257.751819137  188.755225255  137.054674314  98.2802545863  69.370955313  48.0105959053  32.358550385  20.9079424073  12.3982656678  5.74909579941  
