2.32933695796  2.22274777823  2.02483859175  1.76227703787  1.46687976025  1.16914149748  0.893354072329  0.65518389673  0.461606923774  0.312477132722  0.202817629666  0.125064069545  0.0707833854331  0.0316893986462  
5.32977847877  5.08235362484  4.62372934445  4.01686201159  3.33629892081  2.65279824095  2.02204184839  1.47932771937  1.03978969599  0.702304029746  0.454914547887  0.280016875909  0.158256508539  0.0707833854331  
9.77579665922  9.31147324998  8.45323300363  7.32241478675  6.0608966814  4.8012044856  3.64556980401  2.65699158503  1.86076255165  1.2525484499  0.808831304471  0.496528091746  0.280016875909  0.125064069545  
16.647486614  15.8318563024  14.3304137539  12.3640926109  10.1865084378  8.02919891193  6.06582615404  4.39917491049  3.06648547605  2.05525594054  1.32201589596  0.808831304471  0.454914547887  0.202817629666  
27.2307763061  25.8421131102  23.3004407487  19.9994634322  16.3794897588  12.830062101  9.63245872991  6.94413832667  4.81349435555  3.20973696648  2.05525594054  1.2525484499  0.702304029746  0.312477132722  
43.2165916058  40.8968538997  36.6855993799  31.2787360394  25.426253521  19.763742772  14.7272123906  10.5423897955  7.26061626801  4.81349435555  3.06648547605  1.86076255165  1.03978969599  0.461606923774  
66.8071311831  62.9761682695  56.1044701991  47.4227685034  38.1886203203  29.4063443521  21.7181384678  15.4202051212  10.5423897955  6.94413832667  4.39917491049  2.65699158503  1.47932771937  0.65518389673  
100.856350728  94.5501433547  83.4446645051  69.7341672469  55.4930865743  42.2460247417  30.8755181712  21.7181384678  14.7272123906  9.63245872991  6.06582615404  3.64556980401  2.02204184839  0.893354072329  
149.116438332  138.651305428  120.757497147  99.4010822851  77.9251598848  58.5113178681  42.2460247417  29.4063443521  19.763742772  12.830062101  8.02919891193  4.8012044856  2.65279824095  1.16914149748  
216.768100577  198.964912042  169.995890966  137.120651131  105.492378714  77.9251598848  55.4930865743  38.1886203203  25.426253521  16.3794897588  10.1865084378  6.0608966814  3.33629892081  1.46687976025  
311.685533413  279.866457459  232.378217502  182.407768763  137.120651131  99.4010822851  69.7341672469  47.4227685034  31.2787360394  19.9994634322  12.3640926109  7.32241478675  4.01686201159  1.76227703787  
447.673616605  385.880408051  306.794622756  232.378217502  169.995890966  120.757497147  83.4446645051  56.1044701991  36.6855993799  23.3004407487  14.3304137539  8.45323300363  4.62372934445  2.02483859175  
653.442484637  517.876757095  385.880408051  279.866457459  198.964912042  138.651305428  94.5501433547  62.9761682695  40.8968538997  25.8421131102  15.8318563024  9.31147324998  5.08235362484  2.22274777823  
1000.0  653.442484637  447.673616605  311.685533413  216.768100577  149.116438332  100.856350728  66.8071311831  43.2165916058  27.2307763061  16.647486614  9.77579665922  5.32977847877  2.32933695796  
