3.07044109001  2.94019388747  2.69710928955  2.37184902661  2.00153924234  1.6225897932  1.26505072584  0.9495101585  0.686547383457  0.478078055391  0.319673691799  0.203021721693  0.117957485196  0.0538029486656  
6.89022684596  6.59353572155  6.04073567862  5.30294747766  4.4656402635  3.61183034226  2.80922780567  2.10349843477  1.51744124408  1.0543857135  0.703640713784  0.44611039856  0.258841172812  0.117957485196  
12.3008909562  11.7583445822  10.7502868843  9.41058625038  7.89808771176  6.36462431215  4.93164333758  3.67894739249  2.64445391072  1.8313421882  1.21843843292  0.770469104808  0.44611039856  0.203021721693  
20.3263381663  19.3999363104  17.6856768401  15.4212629742  12.8835238447  10.3310344365  7.96497421117  5.91270889247  4.23036366693  2.91703580147  1.93328524558  1.21843843292  0.703640713784  0.319673691799  
32.2600599247  30.7260822708  27.9038318431  24.207007138  20.1047739078  16.0216459325  12.2757386189  9.05841164054  6.44486275994  4.4213950921  2.91703580147  1.8313421882  1.0543857135  0.478078055391  
49.7517732641  47.2544107519  42.697278327  36.7967004601  30.334954012  23.9897038673  18.2437214539  13.3675584131  9.44926686643  6.44486275994  4.23036366693  2.64445391072  1.51744124408  0.686547383457  
74.9043756709  70.8735194769  63.6063446227  54.3484212493  44.3881686667  34.776676417  26.212823565  19.0501848792  13.3675584131  9.05841164054  5.91270889247  3.67894739249  2.10349843477  0.9495101585  
110.411537166  103.90600024  92.3919859635  78.0615004924  63.0097713832  48.8086784589  36.4069146184  26.212823565  18.2437214539  12.2757386189  7.96497421117  4.93164333758  2.80922780567  1.26505072584  
159.809706082  149.189221515  130.941122645  108.991180369  86.6799926698  66.2317572087  48.8086784589  34.776676417  23.9897038673  16.0216459325  10.3310344365  6.36462431215  3.61183034226  1.6225897932  
228.020560685  210.185006101  181.028389047  147.695041626  115.295878143  86.6799926698  63.0097713832  44.3881686667  30.334954012  20.1047739078  12.8835238447  7.89808771176  4.4656402635  2.00153924234  
322.625238976  291.047394772  243.719195712  193.577401014  147.695041626  108.991180369  78.0615004924  54.3484212493  36.7967004601  24.207007138  15.4212629742  9.41058625038  5.30294747766  2.37184902661  
457.081809459  396.127618664  317.835951105  243.719195712  181.028389047  130.941122645  92.3919859635  63.6063446227  42.697278327  27.9038318431  17.6856768401  10.7502868843  6.04073567862  2.69710928955  
659.580666889  526.274451258  396.127618664  291.047394772  210.185006101  149.189221515  103.90600024  70.8735194769  47.2544107519  30.7260822708  19.3999363104  11.7583445822  6.59353572155  2.94019388747  
1000.0  659.580666889  457.081809459  322.625238976  228.020560685  159.809706082  110.411537166  74.9043756709  49.7517732641  32.2600599247  20.3263381663  12.3008909562  6.89022684596  3.07044109001  
