0.655971383155  0.615683663996  0.542713436085  0.449796656996  0.351031999161  0.258408834257  0.179755545043  0.118373484795  0.0739214963203  0.0438403945585  0.0247079270265  0.0131915108399  0.00653132844734  0.00264585253738  
1.66063126196  1.55741825482  1.37081284072  1.13384356716  0.882795744925  0.64821280404  0.449748166655  0.29542239827  0.184042238221  0.108906711713  0.0612546025205  0.0326454007725  0.0161393469488  0.00653132844734  
3.48179473928  3.26142036911  2.8641304009  2.36176228434  1.83228224551  1.34027266423  0.926346223868  0.606214337799  0.376333488812  0.221974243342  0.124484594229  0.0661731523642  0.0326454007725  0.0131915108399  
6.83860323121  6.39517349764  5.5989773338  4.59812504575  3.55060718114  2.58440591759  1.77749095889  1.15775434172  0.715580634874  0.420388212344  0.234913194997  0.124484594229  0.0612546025205  0.0247079270265  
12.8551402845  11.9951515905  10.4596487231  8.5448617269  6.55922865685  4.74514638224  3.2440854504  2.1010974224  1.2919126569  0.755428300436  0.420388212344  0.221974243342  0.108906711713  0.0438403945585  
23.2360193573  21.6173847989  18.7502976584  15.2141316607  11.5918137179  8.3228518082  5.6490752497  3.63437699399  2.22125029528  1.2919126569  0.715580634874  0.376333488812  0.184042238221  0.0739214963203  
40.4584715098  37.4862390636  32.2829703114  25.9636569685  19.5960160749  13.9399827685  9.38015355613  5.98779436336  3.63437699399  2.1010974224  1.15775434172  0.606214337799  0.29542239827  0.118373484795  
67.9818675349  62.6196314067  53.3997805157  42.4474198441  31.6550612628  22.2638797798  14.827978399  9.38015355613  5.6490752497  3.2440854504  1.77749095889  0.926346223868  0.449748166655  0.179755545043  
110.515776164  100.910218311  84.8643955539  66.4121217498  48.7769776943  33.8345979982  22.2638797798  13.9399827685  8.3228518082  4.74514638224  2.58440591759  1.34027266423  0.64821280404  0.258408834257  
174.506658213  157.143909725  129.512375791  99.2393716262  71.4950948256  48.7769776943  31.6550612628  19.5960160749  11.5918137179  6.55922865685  3.55060718114  1.83228224551  0.882795744925  0.351031999161  
269.317091534  236.871068595  189.421106673  141.08588103  99.2393716262  66.4121217498  42.4474198441  25.9636569685  15.2141316607  8.5448617269  4.59812504575  2.36176228434  1.13384356716  0.449796656996  
410.444544312  345.588724396  263.999736031  189.421106673  129.512375791  84.8643955539  53.3997805157  32.2829703114  18.7502976584  10.4596487231  5.5989773338  2.8641304009  1.37081284072  0.542713436085  
628.852914431  484.410917883  345.588724396  236.871068595  157.143909725  100.910218311  62.6196314067  37.4862390636  21.6173847989  11.9951515905  6.39517349764  3.26142036911  1.55741825482  0.615683663996  
1000.0  628.852914431  410.444544312  269.317091534  174.506658213  110.515776164  67.9818675349  40.4584715098  23.2360193573  12.8551402845  6.83860323121  3.48179473928  1.66063126196  0.655971383155  
