2.91691757348  2.79137772656  2.55730101394  2.24458690659  1.8893411062  1.52682515535  1.18595593323  0.886334893125  0.637798990663  0.44181715646  0.29381352473  0.185593381725  0.107319014484  0.0487861436125  
6.56884279874  6.2818950544  5.74775975223  5.03601053826  4.23003194333  3.41047659082  2.64270322765  1.970313044  1.41453698836  0.977747798585  0.648923832446  0.40919861152  0.23629266302  0.107319014484  
11.7852311068  11.2580158442  10.279384048  8.9808561168  7.5180730455  6.03918292961  4.66191396998  3.46275571296  2.4770696873  1.70644113614  1.12910696959  0.710115771179  0.40919861152  0.185593381725  
19.5825182083  18.6775919537  17.0046816779  14.7983944904  12.3312358782  9.85668628903  7.57066387386  5.59574557394  3.98428053745  2.7329418445  1.8013178177  1.12910696959  0.648923832446  0.29381352473  
31.2537291401  29.7475918789  26.9792183264  23.3586882452  19.3498834274  15.3708252661  11.7326803161  8.62028862671  6.10355933025  4.16528011571  2.7329418445  1.70644113614  0.977747798585  0.44181715646  
48.4572821545  45.9935285912  41.5020026406  35.6954486316  29.3503631975  23.136732558  17.5286317337  12.7881042884  8.99605507353  6.10355933025  3.98428053745  2.4770696873  1.41453698836  0.637798990663  
73.3154111344  69.3218712685  62.1287466077  52.9792201454  43.1563883652  33.7029802636  25.3074879004  18.3127332811  12.7881042884  8.62028862671  5.59574557394  3.46275571296  1.970313044  0.886334893125  
108.552020286  102.083076251  90.644413177  76.4290170994  61.5288991305  47.5077233859  35.3022373159  25.3074879004  17.5286317337  11.7326803161  7.57066387386  4.66191396998  2.64270322765  1.18595593323  
157.743498188  147.150644557  128.966387634  107.124777528  84.9677866555  64.712530666  47.5077233859  33.7029802636  23.136732558  15.3708252661  9.85668628903  6.03918292961  3.41047659082  1.52682515535  
225.858969339  208.027215292  178.901769341  145.649462424  113.390240586  84.9677866555  61.5288991305  43.1563883652  29.3503631975  19.3498834274  12.3312358782  7.5180730455  4.23003194333  1.8893411062  
320.533161557  288.906949159  241.543295015  191.426925474  145.649462424  107.124777528  76.4290170994  52.9792201454  35.6954486316  23.3586882452  14.7983944904  8.9808561168  5.03601053826  2.24458690659  
455.288242715  394.172283891  315.724661402  241.543295015  178.901769341  128.966387634  90.644413177  62.1287466077  41.5020026406  26.9792183264  17.0046816779  10.279384048  5.74775975223  2.55730101394  
658.412576056  524.675161343  394.172283891  288.906949159  208.027215292  147.150644557  102.083076251  69.3218712685  45.9935285912  29.7475918789  18.6775919537  11.2580158442  6.2818950544  2.79137772656  
1000.0  658.412576056  455.288242715  320.533161557  225.858969339  157.743498188  108.552020286  73.3154111344  48.4572821545  31.2537291401  19.5825182083  11.7852311068  6.56884279874  2.91691757348  
