0.00759765394115  0.00664979869906  0.00510981449656  0.00346571877096  0.00208852960088  0.00112617550386  0.000547161703597  0.000241124264149  9.69713928506e-05  3.57898333279e-05  1.21842350957e-05  3.84308234029e-06  1.12417159923e-06  2.9027036098e-07  
0.0296120584231  0.0258997652827  0.0198780497619  0.0134629938721  0.00810155161917  0.00436297581993  0.00211764048392  0.000932537767406  0.000374879190679  0.000138343361029  4.71050773286e-05  1.48637554541e-05  4.35063750301e-06  1.12417159923e-06  
0.102448902439  0.0895122378693  0.0685780478858  0.046347362515  0.0278301718799  0.0149583912091  0.00724858906016  0.00318812380705  0.00128055974379  0.000472358434746  0.000160819333528  5.07566909041e-05  1.48637554541e-05  3.84308234029e-06  
0.331015221822  0.288793969493  0.220703818504  0.148717592656  0.0890337700637  0.047724391016  0.023073186857  0.0101296873333  0.0040632852734  0.00149749063878  0.00050959654783  0.000160819333528  4.71050773286e-05  1.21842350957e-05  
0.999608841358  0.870323117216  0.662836437176  0.444833660387  0.265232275533  0.141646522518  0.0682658218226  0.0298940267761  0.0119678739593  0.00440448498793  0.00149749063878  0.000472358434746  0.000138343361029  3.57898333279e-05  
2.81545811544  2.44421451024  1.85262012859  1.23644381208  0.733213003725  0.389643042558  0.186999167576  0.0816084275841  0.0325841368166  0.0119678739593  0.0040632852734  0.00128055974379  0.000374879190679  9.69713928506e-05  
7.38164954481  6.38152742711  4.80454985827  3.18238939087  1.87340404261  0.989105653359  0.472096901134  0.205110959545  0.0816084275841  0.0298940267761  0.0101296873333  0.00318812380705  0.000932537767406  0.000241124264149  
17.9904812421  15.4566551373  11.5260740784  7.55545256282  4.40447905029  2.3057705248  1.09279921836  0.472096901134  0.186999167576  0.0682658218226  0.023073186857  0.00724858906016  0.00211764048392  0.000547161703597  
40.7444072126  34.6726740816  25.4977538375  16.4748160185  9.47989669631  4.90862217713  2.3057705248  0.989105653359  0.389643042558  0.141646522518  0.047724391016  0.0149583912091  0.00436297581993  0.00112617550386  
85.8717266615  71.9552912322  51.8302176842  32.8238919925  18.5653056647  9.47989669631  4.40447905029  1.87340404261  0.733213003725  0.265232275533  0.0890337700637  0.0278301718799  0.00810155161917  0.00208852960088  
169.167364281  138.045086326  96.3561612923  59.3449851304  32.8238919925  16.4748160185  7.55545256282  3.18238939087  1.23644381208  0.444833660387  0.148717592656  0.046347362515  0.0134629938721  0.00346571877096  
314.51190101  244.377961423  162.506267298  96.3561612923  51.8302176842  25.4977538375  11.5260740784  4.80454985827  1.85262012859  0.662836437176  0.220703818504  0.0685780478858  0.0198780497619  0.00510981449656  
562.217776901  395.628951324  244.377961423  138.045086326  71.9552912322  34.6726740816  15.4566551373  6.38152742711  2.44421451024  0.870323117216  0.288793969493  0.0895122378693  0.0258997652827  0.00664979869906  
1000.0  562.217776901  314.51190101  169.167364281  85.8717266615  40.7444072126  17.9904812421  7.38164954481  2.81545811544  0.999608841358  0.331015221822  0.102448902439  0.0296120584231  0.00759765394115  
