7.50305123298  7.26527522363  6.81427808771  6.19437139691  5.46154916385  4.67442724986  3.88630353395  3.13964461099  2.46337036064  1.87258643503  1.37003396473  0.948452725381  0.593185734445  0.284582197637  
15.9428311615  15.4289593612  14.4557955186  13.1213485746  11.5485430917  9.86485971966  8.18496073612  6.59906026802  5.16759844144  3.92121536929  2.86428934338  1.98025011429  1.23723545852  0.593185734445  
26.3027311417  25.4308683923  23.7841694181  21.5353562324  18.8982619624  16.0911131468  13.3066049187  10.6931380051  8.34738958668  6.31580616146  4.60167246425  3.17462201141  1.98025011429  0.948452725381  
39.6601756532  38.2930112032  35.7211888158  32.2301400127  28.1663773649  23.875245008  19.6535987416  15.7230663142  12.2221612342  9.21191338728  6.68903879006  4.60167246425  2.86428934338  1.37003396473  
57.2372702446  55.1602979026  51.2757349926  46.0473638473  40.0225470701  33.7289847304  27.6038313557  21.959834026  16.9812586466  12.7385848595  9.21191338728  6.31580616146  3.92121536929  1.87258643503  
80.4616719464  77.3441804856  71.5617894927  63.8707185167  55.1282522097  46.1239492679  37.4800849785  29.6168281499  22.7615664621  16.9812586466  12.2221612342  8.34738958668  5.16759844144  2.46337036064  
111.053315499  106.376218717  97.8066677395  86.5970549829  74.0875678852  61.4373314287  49.5004119735  38.8092988806  29.6168281499  21.959834026  15.7230663142  10.6931380051  6.59906026802  3.13964461099  
151.170128572  144.084004446  131.341878364  115.068692857  97.3565419964  79.8641542295  63.7058094427  49.5004119735  37.4800849785  27.6038313557  19.6535987416  13.3066049187  8.18496073612  3.88630353395  
203.68388718  192.706655054  173.552662473  149.934147698  125.088141667  101.285942922  79.8641542295  61.4373314287  46.1239492679  33.7289847304  23.875245008  16.0911131468  9.86485971966  4.67442724986  
272.748551899  255.058800243  225.713657686  191.369233058  156.877881732  125.088141667  97.3565419964  74.0875678852  55.1282522097  40.0225470701  28.1663773649  18.8982619624  11.5485430917  5.46154916385  
365.066201559  334.67130957  288.503783162  238.526738538  191.369233058  149.934147698  115.068692857  86.5970549829  63.8707185167  46.0473638473  32.2301400127  21.5353562324  13.1213485746  6.19437139691  
492.971191277  435.414699911  360.650027323  288.503783162  225.713657686  173.552662473  131.341878364  97.8066677395  71.5617894927  51.2757349926  35.7211888158  23.7841694181  14.4557955186  6.81427808771  
682.773034009  558.134227671  435.414699911  334.67130957  255.058800243  192.706655054  144.084004446  106.376218717  77.3441804856  55.1602979026  38.2930112032  25.4308683923  15.4289593612  7.26527522363  
1000.0  682.773034009  492.971191277  365.066201559  272.748551899  203.68388718  151.170128572  111.053315499  80.4616719464  57.2372702446  39.6601756532  26.3027311417  15.9428311615  7.50305123298  
