7.32814568197  7.09384004386  6.64961224173  6.03943945461  5.31883794742  4.5458363709  3.77308441519  3.04239865449  2.38210931478  1.80684878785  1.31904277524  0.911294547375  0.568988020146  0.272667649193  
15.5907898238  15.0838078908  14.1240990138  12.8090334939  11.2606135146  9.60517276947  7.95609349723  6.40229351706  5.00302664759  3.78797257709  2.76086225359  1.90483702639  1.18810453907  0.568988020146  
25.7702532112  24.908559006  23.2817612225  21.0617091564  18.4609456331  15.6960541804  12.9578568492  10.3928228855  8.09583428746  6.11186269174  4.44318032784  3.05894878147  1.90483702639  0.911294547375  
38.9450743671  37.591048614  35.0450368064  31.5914953142  27.5754203463  23.3401337048  19.1800970909  15.3143957612  11.8791240038  8.93328207538  6.47215749226  4.44318032784  2.76086225359  1.31904277524  
56.3414239724  54.2799667087  50.4260802439  45.2427000259  39.2756874157  33.0505336966  27.0015954161  21.4385075276  16.5424747523  12.3813376006  8.93328207538  6.11186269174  3.78797257709  1.80684878785  
79.3943863916  76.2937425803  70.545063059  62.9042427548  54.227470213  45.3022032101  36.7476837514  28.9804541519  22.224172437  16.5424747523  11.8791240038  8.09583428746  5.00302664759  2.38210931478  
109.834696408  105.174048414  96.6382515786  85.4805672779  73.0410988774  60.4773917191  48.6404519911  38.0586774047  28.9804541519  21.4385075276  15.3143957612  10.3928228855  6.40229351706  3.04239865449  
149.834108099  142.761232121  130.048215913  113.823225691  96.1801908074  78.7772987998  62.7259386381  48.6404519911  36.7476837514  27.0015954161  19.1800970909  12.9578568492  7.95609349723  3.77308441519  
202.280739783  191.308959504  172.172202449  148.590339569  123.80542504  100.089766707  78.7772987998  60.4773917191  45.3022032101  33.0505336966  23.3401337048  15.6960541804  9.60517276947  4.5458363709  
271.347197432  253.647104591  224.296051692  189.965849019  155.518555001  123.80542504  96.1801908074  73.0410988774  54.227470213  39.2756874157  27.5754203463  18.4609456331  11.2606135146  5.31883794742  
363.757638153  333.321115911  287.106459743  237.106641108  189.965849019  148.590339569  113.823225691  85.4805672779  62.9042427548  45.2427000259  31.5914953142  21.0617091564  12.8090334939  6.03943945461  
491.87700775  434.212842322  359.330268324  287.106459743  224.296051692  172.172202449  130.048215913  96.6382515786  70.545063059  50.4260802439  35.0450368064  23.2817612225  14.1240990138  6.64961224173  
682.070486445  557.16644456  434.212842322  333.321115911  253.647104591  191.308959504  142.761232121  105.174048414  76.2937425803  54.2799667087  37.591048614  24.908559006  15.0838078908  7.09384004386  
1000.0  682.070486445  491.87700775  363.757638153  271.347197432  202.280739783  149.834108099  109.834696408  79.3943863916  56.3414239724  38.9450743671  25.7702532112  15.5907898238  7.32814568197  
