0.388964497054  0.362477406445  0.315022182386  0.255667209604  0.194113007928  0.138153292838  0.0923682826157  0.0581393970377  0.0345228408351  0.0193757853  0.0102921270995  0.00516670514602  0.00241056261039  0.000931939684525  
1.03116808017  0.960175881108  0.833215592899  0.67485217034  0.511163595879  0.362884727436  0.242004973061  0.151950551348  0.0900190630961  0.0504158424503  0.0267292122112  0.0133958510403  0.00624127827516  0.00241056261039  
2.29112273167  2.13076432547  1.84480097323  1.4896073267  1.12431776095  0.795198043066  0.528336236298  0.330547173393  0.195171562183  0.108975388283  0.0576191645183  0.0288084939269  0.0133958510403  0.00516670514602  
4.77645978992  4.43476511434  3.82785533134  3.07837109591  2.31280411837  1.62794431133  1.07651159067  0.670489817986  0.394255066806  0.219313481906  0.115574823557  0.0576191645183  0.0267292122112  0.0102921270995  
9.5056227769  8.80608635912  7.57045998917  6.05649426511  4.52384784629  3.16530981462  2.08105056564  1.28916774391  0.754326425294  0.417774069142  0.219313481906  0.108975388283  0.0504158424503  0.0193757853  
18.116361063  16.7329727298  14.3086393079  11.3700577577  8.43042952892  5.85537434976  3.82278696234  2.35298447326  1.36890523089  0.754326425294  0.394255066806  0.195171562183  0.0900190630961  0.0345228408351  
33.1077989932  30.4529179162  25.8541194056  20.3635271249  14.958147281  10.2950455412  6.664880524  4.0714392214  2.35298447326  1.28916774391  0.670489817986  0.330547173393  0.151950551348  0.0581393970377  
58.1055408762  53.1284440585  44.6594520571  34.7654065266  25.2344313365  17.1740615384  11.0067893703  6.664880524  3.82278696234  2.08105056564  1.07651159067  0.528336236298  0.242004973061  0.0923682826157  
98.1698616934  88.9619928796  73.7357996769  56.5056033733  40.3951758928  27.1175256292  17.1740615384  10.2950455412  5.85537434976  3.16530981462  1.62794431133  0.795198043066  0.362884727436  0.138153292838  
160.28432119  143.205575051  116.288026376  87.2438316757  61.1769257103  40.3951758928  25.2344313365  14.958147281  8.43042952892  4.52384784629  2.31280411837  1.12431776095  0.511163595879  0.194113007928  
254.491660238  221.960803763  174.806945686  127.445754685  87.2438316757  56.5056033733  34.7654065266  20.3635271249  11.3700577577  6.05649426511  3.07837109591  1.4896073267  0.67485217034  0.255667209604  
397.059628231  331.217741831  249.009736419  174.806945686  116.288026376  73.7357996769  44.6594520571  25.8541194056  14.3086393079  7.57045998917  3.82785533134  1.84480097323  0.833215592899  0.315022182386  
619.87496033  472.271561872  331.217741831  221.960803763  143.205575051  88.9619928796  53.1284440585  30.4529179162  16.7329727298  8.80608635912  4.43476511434  2.13076432547  0.960175881108  0.362477406445  
1000.0  619.87496033  397.059628231  254.491660238  160.28432119  98.1698616934  58.1055408762  33.1077989932  18.116361063  9.5056227769  4.77645978992  2.29112273167  1.03116808017  0.388964497054  
