0.000125818179842  0.000100630094573  6.52212852556e-05  3.49128733056e-05  1.57404667237e-05  6.08445775947e-06  2.047863995e-06  6.08076485189e-07  1.61074325938e-07  3.84248626876e-08  8.32195946322e-09  1.64771042277e-09  2.99904506377e-10  4.9369801373e-11  
0.000742853399738  0.000594135712825  0.000385160194752  0.000206304226101  9.31152140999e-05  3.60509392983e-05  1.21585952867e-05  3.61911829843e-06  9.61359787311e-07  2.30048589316e-07  4.99914021405e-08  9.93373844782e-09  1.81493231461e-09  2.99904506377e-10  
0.00397870575696  0.00318121040309  0.00206179647595  0.00110452271369  0.000498858336835  0.000193376600745  6.53324578329e-05  1.94899484689e-05  5.19080378167e-06  1.24584280467e-06  2.71623240066e-07  5.416600686e-08  9.93373844782e-09  1.64771042277e-09  
0.0196996613182  0.0157395036203  0.0101920176368  0.00545692707971  0.00246464938189  0.000956001596235  0.000323386512465  9.66444576186e-05  2.57975997667e-05  6.208157422e-06  1.35760094551e-06  2.71623240066e-07  4.99914021405e-08  8.32195946322e-09  
0.089812521439  0.0716619497089  0.0463220173901  0.0247645491016  0.0111755670849  0.00433436426778  0.00146706896808  0.000438980185874  0.00011738887199  2.83135895718e-05  6.208157422e-06  1.24584280467e-06  2.30048589316e-07  3.84248626876e-08  
0.375205404938  0.298716597461  0.192507123215  0.1026353065  0.046225117016  0.0179089463628  0.00606052630064  0.00181449673916  0.000485822249241  0.00011738887199  2.57975997667e-05  5.19080378167e-06  9.61359787311e-07  1.61074325938e-07  
1.42896120627  1.13363860163  0.727060882412  0.385895412669  0.173196213675  0.0669464176817  0.0226279517631  0.00677309506645  0.00181449673916  0.000438980185874  9.66444576186e-05  1.94899484689e-05  3.61911829843e-06  6.08076485189e-07  
4.935283656  3.89336209784  2.47840112316  1.30631918078  0.583069816743  0.224493221578  0.0756911880869  0.0226279517631  0.00606052630064  0.00146706896808  0.000323386512465  6.53324578329e-05  1.21585952867e-05  2.047863995e-06  
15.3811673031  12.0242970884  7.56629915417  3.94642245323  1.7469155458  0.668547051642  0.224493221578  0.0669464176817  0.0179089463628  0.00433436426778  0.000956001596235  0.000193376600745  3.60509392983e-05  6.08445775947e-06  
43.0882630616  33.1778638385  20.5045067988  10.528847862  4.60479623336  1.7469155458  0.583069816743  0.173196213675  0.046225117016  0.0111755670849  0.00246464938189  0.000498858336835  9.31152140999e-05  1.57404667237e-05  
108.354769009  81.2433214101  48.8015333449  24.487837746  10.528847862  3.94642245323  1.30631918078  0.385895412669  0.1026353065  0.0247645491016  0.00545692707971  0.00110452271369  0.000206304226101  3.49128733056e-05  
245.613521371  175.191253127  100.555141132  48.8015333449  20.5045067988  7.56629915417  2.47840112316  0.727060882412  0.192507123215  0.0463220173901  0.0101920176368  0.00206179647595  0.000385160194752  6.52212852556e-05  
509.350404243  328.039947133  175.191253127  81.2433214101  33.1778638385  12.0242970884  3.89336209784  1.13363860163  0.298716597461  0.0716619497089  0.0157395036203  0.00318121040309  0.000594135712825  0.000100630094573  
1000.0  509.350404243  245.613521371  108.354769009  43.0882630616  15.3811673031  4.935283656  1.42896120627  0.375205404938  0.089812521439  0.0196996613182  0.00397870575696  0.000742853399738  0.000125818179842  
