0.0678815557587  0.0616579912268  0.0509400426476  0.0383740578847  0.0264436436405  0.0167293303658  0.00975301850986  0.00525921577191  0.00263262147354  0.00122750916669  0.000534793395836  0.000218157202256  8.28382368422e-05  2.69883820109e-05  
0.212355031174  0.192729027945  0.158991158139  0.119539538134  0.0821972512313  0.0518871714691  0.0301861669527  0.0162463938921  0.00811879882891  0.00378011035522  0.00164494725371  0.000670390660604  0.000254380605896  8.28382368422e-05  
0.57482368695  0.521071072076  0.428919972309  0.321581376672  0.220435164986  0.138711773949  0.0804559652249  0.0431838600253  0.0215284928562  0.0100031354606  0.0043455502654  0.00176858796694  0.000670390660604  0.000218157202256  
1.46017229717  1.32147906695  1.08460856974  0.810159298325  0.553084373333  0.346621581221  0.200278354941  0.107124882222  0.0532429543213  0.0246750086371  0.0106961162508  0.0043455502654  0.00164494725371  0.000534793395836  
3.50599212424  3.16602099336  2.58845852218  1.92408148471  1.30668100486  0.8146931574  0.468476934973  0.249504593262  0.123545390512  0.0570742646602  0.0246750086371  0.0100031354606  0.00378011035522  0.00122750916669  
7.95827920572  7.16494105411  5.82735203868  4.30398239281  2.90327636031  1.79839684522  1.02799684031  0.544623334561  0.268457542438  0.123545390512  0.0532429543213  0.0215284928562  0.00811879882891  0.00263262147354  
17.0747204146  15.3074660937  12.3610599805  9.05228339327  6.05332568692  3.71901726226  2.11028218152  1.11089275108  0.544623334561  0.249504593262  0.107124882222  0.0431838600253  0.0162463938921  0.00525921577191  
34.6426778569  30.8659725865  24.6769774689  17.8661836783  11.8132465143  7.18336766765  4.03953152441  2.11028218152  1.02799684031  0.468476934973  0.200278354941  0.0804559652249  0.0301861669527  0.00975301850986  
66.5666412039  58.7573301288  46.3090524163  33.0124073858  21.5114332766  12.9136159939  7.18336766765  3.71901726226  1.79839684522  0.8146931574  0.346621581221  0.138711773949  0.0518871714691  0.0167293303658  
121.529775831  105.681782551  81.5640932191  56.9278474227  36.4036461559  21.5114332766  11.8132465143  6.05332568692  2.90327636031  1.30668100486  0.553084373333  0.220435164986  0.0821972512313  0.0264436436405  
212.060059355  179.769572544  134.44376709  91.1680244658  56.9278474227  33.0124073858  17.8661836783  9.05228339327  4.30398239281  1.92408148471  0.810159298325  0.321581376672  0.119539538134  0.0383740578847  
357.394604416  289.063898692  206.048462512  134.44376709  81.5640932191  46.3090524163  24.6769774689  12.3610599805  5.82735203868  2.58845852218  1.08460856974  0.428919972309  0.158991158139  0.0509400426476  
592.730739016  435.877862226  289.063898692  179.769572544  105.681782551  58.7573301288  30.8659725865  15.3074660937  7.16494105411  3.16602099336  1.32147906695  0.521071072076  0.192729027945  0.0616579912268  
1000.0  592.730739016  357.394604416  212.060059355  121.529775831  66.5666412039  34.6426778569  17.0747204146  7.95827920572  3.50599212424  1.46017229717  0.57482368695  0.212355031174  0.0678815557587  
