10.3080503742  10.0206140366  9.47230935827  8.71142205803  7.79972654279  6.80310345966  5.78307883435  4.79061773407  3.86262836216  3.0209448306  2.27317799869  1.61472505347  1.03131787464  0.501672040901  
21.5582487999  20.9463875636  19.7809829372  18.1675005988  16.2398622586  14.1395699072  11.9973763364  9.92030330587  7.98474295281  6.23489187605  4.68504077327  3.32413384736  2.12127915054  1.03131787464  
34.7256164961  33.7105581171  31.7822770695  29.1233285768  25.9625058204  22.5376962251  19.0647518476  15.7167790096  12.6143104005  9.82437732975  7.36557250092  5.21631003112  3.32413384736  1.61472505347  
50.8533851129  49.3036586618  46.3713948735  42.3522421658  37.6094274134  32.5116752815  27.3847285272  22.4821410737  17.9740846383  13.9495158975  10.4264053323  7.36557250092  4.68504077327  2.27317799869  
71.0949058254  68.805987598  64.5000045604  58.6479696884  51.8121207608  44.544266538  37.3141894656  30.4728293959  24.2438066856  18.7333400591  13.9495158975  9.82437732975  6.23489187605  3.0209448306  
96.770144331  93.4275135063  87.1914637342  78.8168463835  69.1683607853  59.0560444722  49.13587198  39.8713427682  31.5369092925  24.2438066856  17.9740846383  12.6143104005  7.98474295281  3.86262836216  
129.452679015  124.562762283  115.551728295  103.652567011  90.1968566994  76.3546539634  63.0116677634  50.7478886566  39.8713427682  30.4728293959  22.4821410737  15.7167790096  9.92030330587  4.79061773407  
171.119394689  163.872861091  150.768724513  133.878228208  115.256171736  96.5554437113  78.9171058432  63.0116677634  49.13587198  37.3141894656  27.3847285272  19.0647518476  11.9973763364  5.78307883435  
224.431117961  213.410825451  194.076439132  170.023342697  144.404958781  119.463018376  96.5554437113  76.3546539634  59.0560444722  44.544266538  32.5116752815  22.5376962251  14.1395699072  6.80310345966  
293.300030538  275.797517365  246.612241964  212.168591456  177.168334096  144.404958781  115.256171736  90.1968566994  69.1683607853  51.8121207608  37.6094274134  25.9625058204  16.2398622586  7.79972654279  
384.134348911  354.3772744  308.965325019  259.428577888  212.168591456  170.023342697  133.878228208  103.652567011  78.8168463835  58.6479696884  42.3522421658  29.1233285768  18.1675005988  8.71142205803  
508.843856097  452.873663038  379.881138151  308.965325019  246.612241964  194.076439132  150.768724513  115.551728295  87.1914637342  64.5000045604  46.3713948735  31.7822770695  19.7809829372  9.47230935827  
692.938268465  572.152940041  452.873663038  354.3772744  275.797517365  213.410825451  163.872861091  124.562762283  93.4275135063  68.805987598  49.3036586618  33.7105581171  20.9463875636  10.0206140366  
1000.0  692.938268465  508.843856097  384.134348911  293.300030538  224.431117961  171.119394689  129.452679015  96.770144331  71.0949058254  50.8533851129  34.7256164961  21.5582487999  10.3080503742  
