2.54435429799  2.43064717369  2.21917201997  1.93784198863  1.62011946181  1.29831667108  0.998473536456  0.737725704524  0.524097545106  0.358013090355  0.234608579332  0.146053231686  0.0833704140635  0.0375529318153  
5.78501449797  5.52268497387  5.03562333118  4.38934756265  3.66181076042  2.92756003664  2.24595065647  1.65539462233  1.17327088932  0.799697732582  0.522992216318  0.325010885766  0.185261742356  0.0833704140635  
10.5183543419  10.030173252  9.12632536937  7.93211813368  6.59476917956  5.25282557186  4.01443938107  2.94770223652  2.08164072655  1.4140427175  0.921926782974  0.571397049252  0.325010885766  0.146053231686  
17.7393778474  16.8896358767  15.3227811989  13.2651251581  10.9776739239  8.70049011183  6.61580451254  4.83393144682  3.39776082789  2.29811550197  1.49250231336  0.921926782974  0.522992216318  0.234608579332  
28.7377559494  27.3038790233  24.6750759671  21.2515664603  17.4829758178  13.7700108589  10.4055536701  7.55756561556  5.28255613996  3.5547113507  2.29811550197  1.4140427175  0.799697732582  0.358013090355  
45.1927598289  42.8171621319  38.49736182  32.936083498  26.8939287624  21.0201088945  15.76553987  11.3699934509  7.89605929581  5.28255613996  3.39776082789  2.08164072655  1.17327088932  0.524097545106  
69.2761743953  65.3816337855  58.3844638653  49.52065465  40.0581945272  31.0167933017  23.056937587  16.492999878  11.3699934509  7.55756561556  4.83393144682  2.94770223652  1.65539462233  0.737725704524  
103.791450965  97.4209714759  86.1842600678  72.2756456425  57.7771146949  44.2291635105  32.5359299371  23.056937587  15.76553987  10.4055536701  6.61580451254  4.01443938107  2.24595065647  0.998473536456  
152.421695381  141.905219343  123.895480966  102.346796089  80.6027508575  60.8597183552  44.2291635105  31.0167933017  21.0201088945  13.7700108589  8.70049011183  5.25282557186  2.92756003664  1.29831667108  
220.263909549  202.447282995  173.413179538  140.385911264  108.506829805  80.6027508575  57.7771146949  40.0581945272  26.8939287624  17.4829758178  10.9776739239  6.59476917956  3.66181076042  1.62011946181  
315.097422252  283.35044082  235.905309229  185.871139945  140.385911264  102.346796089  72.2756456425  49.52065465  32.936083498  21.2515664603  13.2651251581  7.93211813368  4.38934756265  1.93784198863  
450.615781834  389.082391898  310.238520737  235.905309229  173.413179538  123.895480966  86.1842600678  58.3844638653  38.49736182  24.6750759671  15.3227811989  9.12632536937  5.03562333118  2.21917201997  
655.364982092  520.505224686  389.082391898  283.35044082  202.447282995  141.905219343  97.4209714759  65.3816337855  42.8171621319  27.3038790233  16.8896358767  10.030173252  5.52268497387  2.43064717369  
1000.0  655.364982092  450.615781834  315.097422252  220.263909549  152.421695381  103.791450965  69.2761743953  45.1927598289  28.7377559494  17.7393778474  10.5183543419  5.78501449797  2.54435429799  
