5.31330422437  5.1229363875  4.76408099545  4.2758769606  3.70702707535  3.10733994126  2.52059198746  1.97993320957  1.50608274675  1.10783021412  0.784004310635  0.526046047484  0.320509194986  0.151082729472  
11.5116879254  11.0925204748  10.3036269414  9.23301159026  7.98936488592  6.68279812591  5.40900995069  4.23949025662  3.21805854713  2.36244202622  1.66891968839  1.11810887077  0.680442986179  0.320509194986  
19.5447883653  18.8140739659  17.4425870823  15.5890506544  13.4469866806  11.2093264849  9.04062451555  7.06103485951  5.34179142827  3.90928163451  2.75395100919  1.84066075811  1.11810887077  0.526046047484  
30.4902718763  29.3078596352  27.0975478283  24.1284441541  20.7224015413  17.1928504174  13.7999704939  10.7275928638  8.07943167263  5.88850827697  4.13311656564  2.75395100919  1.66891968839  0.784004310635  
45.617016293  43.7616992467  40.3134891043  35.7205959253  30.5045036271  25.1567436691  20.0704993731  15.5113335564  11.6187256933  8.426137409  5.88850827697  3.90928163451  2.36244202622  1.10783021412  
66.4533487486  63.5812737229  58.2873646703  51.318459109  43.5100368578  35.6150782917  28.2065846641  21.6485118814  16.1127024902  11.6187256933  8.07943167263  5.34179142827  3.21805854713  1.50608274675  
94.8749101726  90.4437998286  82.3751187625  71.9275199681  60.4319357056  49.0161451815  38.4822832494  29.2979287215  21.6485118814  15.5113335564  10.7275928638  7.06103485951  4.23949025662  1.97993320957  
133.245397157  126.36699867  114.073451807  98.5280816356  81.8391534839  65.6465621682  51.0126182701  38.4822832494  28.2065846641  20.0704993731  13.7999704939  9.04062451555  5.40900995069  2.52059198746  
184.683644643  173.811178223  154.951755344  131.917268561  108.004489406  85.4857917531  65.6465621682  49.0161451815  35.6150782917  25.1567436691  17.1928504174  11.2093264849  6.68279812591  3.10733994126  
253.625735986  235.824893183  206.460749087  172.402051222  138.625912352  108.004489406  81.8391534839  60.4319357056  43.5100368578  30.5045036271  20.7224015413  13.4469866806  7.98936488592  3.70702707535  
347.102065709  316.162505446  269.407152399  219.210323085  172.402051222  131.917268561  98.5280816356  71.9275199681  51.318459109  35.7205959253  24.1284441541  15.5890506544  9.23301159026  4.2758769606  
477.886701821  418.867069381  342.531051979  269.407152399  206.460749087  154.951755344  114.073451807  82.3751187625  58.2873646703  40.3134891043  27.0975478283  17.4425870823  10.3036269414  4.76408099545  
673.064329864  544.774084995  418.867069381  316.162505446  235.824893183  173.811178223  126.36699867  90.4437998286  63.5812737229  43.7616992467  29.3078596352  18.8140739659  11.0925204748  5.1229363875  
1000.0  673.064329864  477.886701821  347.102065709  253.625735986  184.683644643  133.245397157  94.8749101726  66.4533487486  45.617016293  30.4902718763  19.5447883653  11.5116879254  5.31330422437  
