1.00399931822  0.947692504356  0.844830293205  0.711985389131  0.567995015997  0.429579816279  0.308500079779  0.21069669903  0.137050571614  0.0849975416055  0.0502572208711  0.028194030948  0.0146295501226  0.00614319658422  
2.45214431727  2.31286122595  2.05886838126  1.73172265777  1.37830191688  1.03980113486  0.744801681262  0.507386588598  0.3292353586  0.203725868831  0.120209339186  0.0673133565942  0.0348753772935  0.0146295501226  
4.90877562512  4.6244179418  4.10735222903  3.44421484365  2.73153830916  2.05280285603  1.4646855524  0.994005137036  0.642667456315  0.396341624109  0.23315225621  0.130208529544  0.0673133565942  0.028194030948  
9.18566799782  8.63939159803  7.65008616719  6.3888654643  5.04305300996  3.77104771679  2.67720431213  1.80810886744  1.16372537194  0.71469864468  0.418854548547  0.23315225621  0.120209339186  0.0502572208711  
16.4800273095  15.4661883675  13.6404925953  11.3318541492  8.89153463542  6.60761553634  4.66233552398  3.13055081404  2.00406155805  1.22480323385  0.71469864468  0.396341624109  0.203725868831  0.0849975416055  
28.5224107048  26.68940005  23.4150188262  19.3204828974  15.0463238434  11.096357444  7.77214357902  5.18300510013  3.29737444305  2.00406155805  1.16372537194  0.642667456315  0.3292353586  0.137050571614  
47.7329652164  44.4853728821  38.7523024434  31.6945978798  24.4501159698  17.8634522137  12.4024948048  8.20504452647  5.18300510013  3.13055081404  1.80810886744  0.994005137036  0.507386588598  0.21069669903  
77.3969595802  71.71674742  61.8694498297  50.0160688701  38.1233478835  27.5363990432  18.9204704617  12.4024948048  7.77214357902  4.66233552398  2.67720431213  1.4646855524  0.744801681262  0.308500079779  
121.914809141  112.00016407  95.3046813997  75.858856949  56.9476563132  40.5660422827  27.5363990432  17.8634522137  11.096357444  6.60761553634  3.77104771679  2.05280285603  1.03980113486  0.429579816279  
187.298187209  169.743074991  141.590834822  110.372250367  81.2815582496  56.9476563132  38.1233478835  24.4501159698  15.0463238434  8.89153463542  5.04305300996  2.73153830916  1.37830191688  0.567995015997  
282.383480063  250.07383411  202.491303337  153.477091645  110.372250367  75.858856949  50.0160688701  31.6945978798  19.3204828974  11.3318541492  6.3888654643  3.44421484365  1.73172265777  0.711985389131  
422.075349873  358.128543472  277.203989813  202.491303337  141.590834822  95.3046813997  61.8694498297  38.7523024434  23.4150188262  13.6404925953  7.65008616719  4.10735222903  2.05886838126  0.844830293205  
636.591421198  494.910245859  358.128543472  250.07383411  169.743074991  112.00016407  71.71674742  44.4853728821  26.68940005  15.4661883675  8.63939159803  4.6244179418  2.31286122595  0.947692504356  
1000.0  636.591421198  422.075349873  282.383480063  187.298187209  121.914809141  77.3969595802  47.7329652164  28.5224107048  16.4800273095  9.18566799782  4.90877562512  2.45214431727  1.00399931822  
