2.24685357952e-07  3.89862356405e-07  4.82189533762e-07  5.22991842312e-07  5.37738554248e-07  5.42217075841e-07  5.43384722988e-07  5.43650568921e-07  5.43704155292e-07  5.43713826011e-07  5.43715403196e-07  5.43715637466e-07  5.43715669365e-07  5.43715673321e-07  
2.55169220586e-08  4.42776359228e-08  5.4762269652e-08  5.93925420244e-08  6.10638440909e-08  6.1570454702e-08  6.17022167422e-08  6.17321276216e-08  6.17381362834e-08  6.17392165499e-08  6.17393919971e-08  6.17394179407e-08  6.17394214564e-08  6.17394218902e-08  
2.71864647335e-09  4.71702426712e-09  5.83309643625e-09  6.32537463789e-09  6.50274008302e-09  6.55637598877e-09  6.57028565285e-09  6.57343267863e-09  6.57406249568e-09  6.57417526024e-09  6.57419349287e-09  6.57419617614e-09  6.57419653793e-09  6.57419658235e-09  
2.72513370465e-10  4.7272961357e-10  5.8442813223e-10  6.33613341921e-10  6.51294420652e-10  6.56626291354e-10  6.58004505927e-10  6.58315170014e-10  6.58377089896e-10  6.58388127256e-10  6.58389903429e-10  6.5839016352e-10  6.58390198405e-10  6.58390202665e-10  
2.57666594853e-11  4.46839210364e-11  5.52226926092e-11  5.98537312622e-11  6.15140867764e-11  6.20131974971e-11  6.21417445397e-11  6.2170604134e-11  6.21763311538e-11  6.21773472274e-11  6.21775099256e-11  6.21775336255e-11  6.21775367869e-11  6.21775371708e-11  
2.30349376925e-12  3.99312764161e-12  4.93280690416e-12  5.34473806824e-12  5.49198623431e-12  5.53609557996e-12  5.54741156441e-12  5.54994116691e-12  5.55044082979e-12  5.5505290423e-12  5.55054309397e-12  5.55054512973e-12  5.55054539975e-12  5.55054543235e-12  
1.95123128945e-13  3.38094132049e-13  4.17449988614e-13  4.52143965745e-13  4.6450495926e-13  4.68193840555e-13  4.69136240764e-13  4.6934594977e-13  4.69387171443e-13  4.69394411462e-13  4.69395558527e-13  4.69395723776e-13  4.69395745566e-13  4.69395748182e-13  
1.56920065784e-14  2.71758857515e-14  3.35360134453e-14  3.63084348591e-14  3.7292713884e-14  3.75852696858e-14  3.76596781434e-14  3.76761569526e-14  3.76793796851e-14  3.76799426889e-14  3.76800313897e-14  3.76800440939e-14  3.76800457591e-14  3.76800459578e-14  
1.20027679044e-15  2.07749357187e-15  2.56216060346e-15  2.77275914889e-15  2.84724457997e-15  2.86928959086e-15  2.87487044044e-15  2.87610023952e-15  2.87633948078e-15  2.87638104451e-15  2.87638755512e-15  2.87638848204e-15  2.87638860279e-15  2.87638861711e-15  
8.74662107226e-17  1.51297185148e-16  1.86473418315e-16  2.01706567102e-16  2.07072800363e-16  2.08653921937e-16  2.0905225214e-16  2.09139574016e-16  2.09156468633e-16  2.09159387016e-16  2.09159841447e-16  2.09159905748e-16  2.09159914072e-16  2.09159915052e-16  
6.08166099824e-18  1.05129893864e-17  1.29483446692e-17  1.39992152331e-17  1.43678598548e-17  1.44759723943e-17  1.45030718366e-17  1.45089807529e-17  1.45101175469e-17  1.45103127648e-17  1.45103429779e-17  1.45103472262e-17  1.45103477725e-17  1.45103478365e-17  
4.04058353459e-19  6.97982397536e-19  8.59050383298e-19  9.28292044595e-19  9.52475958005e-19  9.59534080587e-19  9.61294044904e-19  9.61675677845e-19  9.61748673699e-19  9.61761133548e-19  9.61763049899e-19  9.61763317628e-19  9.61763351834e-19  9.61763355812e-19  
2.56846323426e-20  4.43357800059e-20  5.4525577885e-20  5.88889842496e-20  6.04060783055e-20  6.08466301081e-20  6.095589259e-20  6.09794506146e-20  6.09839298453e-20  6.09846897009e-20  6.09848058237e-20  6.09848219406e-20  6.0984823986e-20  6.09848242222e-20  
1.55894565884e-21  2.68893471055e-21  3.30435763019e-21  3.56682936675e-21  3.65766215151e-21  3.68390406232e-21  3.6903766438e-21  3.69176410941e-21  3.69202632145e-21  3.6920705242e-21  3.69207723569e-21  3.692078161e-21  3.69207827763e-21  3.69207829101e-21  
