0.00995983596233  0.0189994011381  0.0264572101492  0.0320658375471  0.0359245990618  0.0383631180696  0.0397843964792  0.0405515097669  0.040936400616  0.0411165675683  0.0411955040397  0.0412279413496  0.0412403657068  0.0412444473205  
0.00322953350758  0.00616402854606  0.00859022955131  0.0104201218826  0.0116833344111  0.0124844853304  0.0129531290415  0.0132069648704  0.0133347481369  0.0133947469377  0.0134211072463  0.0134319662225  0.0134361343081  0.0134375057729  
0.000999118077671  0.00190780535363  0.00266040713286  0.00322937987421  0.00362324430926  0.00387378602566  0.00402078843509  0.00410064644036  0.00414096034764  0.00415993820215  0.00416829564453  0.00417174562104  0.00417307221348  0.00417350929719  
0.000295307364963  0.000564090382045  0.000787022815594  0.000955890084401  0.00107305501958  0.00114777011899  0.00119171941999  0.00121565378201  0.00122776474947  0.0012334784197  0.0012359995556  0.00123704210335  0.00123744358139  0.00123757600596  
8.3501149531e-05  0.000159549657653  0.00022269956923  0.000270611485921  0.000303917454661  0.000325200270353  0.00033774581732  0.000344592157913  0.000348063269682  0.000349703833792  0.000350428913543  0.000350729183669  0.000350844956699  0.000350883177944  
2.26170513342e-05  4.32260544825e-05  6.03561604463e-05  7.33700869498e-05  8.24309969244e-05  8.82309350395e-05  9.16558242783e-05  9.35280717569e-05  9.4478855969e-05  9.49289042609e-05  9.51280803867e-05  9.52106603938e-05  9.52425314947e-05  9.5253060937e-05  
5.87558127088e-06  1.12317631724e-05  1.56873572172e-05  1.90760406083e-05  2.1438482383e-05  2.29528422449e-05  2.38483791976e-05  2.43386297773e-05  2.45879285637e-05  2.47060778874e-05  2.475842396e-05  2.47801475038e-05  2.47885380094e-05  2.4791311558e-05  
1.46575902216e-06  2.80240993659e-06  3.91504861597e-06  4.76202743197e-06  5.35313914565e-06  5.73249350362e-06  5.95709783462e-06  6.08019791785e-06  6.14286430543e-06  6.17259298278e-06  6.18577570742e-06  6.19125052506e-06  6.19336635387e-06  6.19406603991e-06  
3.51540606743e-07  6.72207888556e-07  9.39277900919e-07  1.14273158862e-06  1.28484815563e-06  1.3761405407e-06  1.43024451075e-06  1.45992543863e-06  1.4750482542e-06  1.48222804509e-06  1.48541393883e-06  1.48673776971e-06  1.4872495969e-06  1.48741889935e-06  
8.11469853989e-08  1.55184579717e-07  2.16874392875e-07  2.63897957383e-07  2.96768301778e-07  3.17899695935e-07  3.30432841219e-07  3.37313522486e-07  3.40821701057e-07  3.4248824989e-07  3.43228111043e-07  3.43535660958e-07  3.43654598909e-07  3.43693947149e-07  
1.80473770235e-08  3.45166793362e-08  4.82441265897e-08  5.87130435729e-08  6.60351747437e-08  7.07452286335e-08  7.35404856457e-08  7.50759562624e-08  7.5859228804e-08  7.62314787132e-08  7.63967930778e-08  7.64655276235e-08  7.64921124884e-08  7.65009079188e-08  
3.87099564904e-09  7.40403291041e-09  1.03497035166e-08  1.25970049741e-08  1.41695022067e-08  1.51815058551e-08  1.57823717639e-08  1.6112573966e-08  1.62810767228e-08  1.63611799596e-08  1.63967601476e-08  1.64115550907e-08  1.64172774296e-08  1.64191705196e-08  
8.00583988007e-10  1.53135660694e-09  2.14076957025e-09  2.60583596715e-09  2.93136428769e-09  3.14093539893e-09  3.2654068426e-09  3.33382896218e-09  3.36875272757e-09  3.38535733128e-09  3.39273321252e-09  3.39580016707e-09  3.39698626507e-09  3.3973785983e-09  
1.54591692944e-10  2.9571455119e-10  4.13419183788e-10  5.0326251004e-10  5.66163878596e-10  6.06668401405e-10  6.30730455519e-10  6.43959601033e-10  6.50712702394e-10  6.53923606605e-10  6.55349857331e-10  6.55942834422e-10  6.56172116297e-10  6.5624794178e-10  
