3.61521982475  7.1174412436  10.4052000805  13.397876417  16.0412436783  18.3087692809  20.199164817  21.7313113218  22.93787699  23.8587899146  24.5353855521  25.0056665656  25.3007923913  25.4427052329  
2.4215927938  4.77013427807  6.97966207581  8.9971140554  10.7859446018  12.3271961948  13.6182399057  14.6697924563  15.5019780096  16.1401569077  16.611067937  16.9396097855  17.1463867405  17.2460009681  
1.59475773531  3.14284445571  4.60192841076  5.9376173676  7.12577350988  8.15330786227  9.01754103695  9.72445844669  10.2863046221  10.718957462  11.0394354784  11.2637659293  11.4053196095  11.4736253682  
1.03224180796  2.03505294162  2.98164118494  3.85006274683  4.62467977278  5.29671349193  5.86392489784  6.32960009295  6.70109593574  6.98821110783  7.20160499123  7.35141701214  7.44616645061  7.49195441809  
0.656539238691  1.29477759898  1.89800449578  2.4524418041  2.948146977  3.37938174244  3.74445569757  4.04514026842  4.28579900725  4.47239155199  4.61148838223  4.70939522319  4.77144354591  4.80146790797  
0.410258691765  0.80930401398  1.18687118508  1.53444952828  1.84583328193  2.11735918743  2.34783171666  2.53818725132  2.69097995123  2.80978148818  2.8985776227  2.9612238634  3.00099811649  3.02026685417  
0.251834902249  0.496903783874  0.728999835721  0.942952723996  1.13495924111  1.30273215117  1.44546551672  1.56364397407  1.65874247168  1.73286980201  1.78840526176  1.82766668286  1.85263432761  1.86474259298  
0.151838221738  0.29965810997  0.439766794007  0.569075794386  0.685296357743  0.787030418874  0.873755145042  0.94571568722  1.00375205358  1.04909056915  1.08312876665  1.10723669192  1.12258995  1.13004258668  
0.0898999860943  0.177452232264  0.260495820411  0.337217322241  0.406264326914  0.466799774078  0.518495426634  0.561472218581  0.596201772717  0.623386262646  0.64383320865  0.658338736706  0.667588625248  0.672082367712  
0.052236396504  0.103124546729  0.15142184375  0.196082436391  0.236322095687  0.271649961674  0.301865999599  0.327028223959  0.347397486737  0.363369377466  0.375402617282  0.383951751272  0.389409666861  0.39206318473  
0.0297195440552  0.0586798678964  0.0861804414794  0.111630171038  0.13458375289  0.154759795915  0.172039957203  0.186451197544  0.198135350327  0.207311225573  0.214234456617  0.219159494516  0.222306941985  0.223838171505  
0.0164203765533  0.0324249637047  0.0476297459094  0.0617100104332  0.074420170989  0.0856037986305  0.0951934046307  0.103201049372  0.10970198436  0.114814115021  0.118676099114  0.121426495492  0.123185745766  0.124042106817  
0.00853668084857  0.0168587264981  0.0247677533371  0.0320957321082  0.0387151843137  0.0445444012844  0.0495474348367  0.0537293822636  0.0571280688767  0.0598035375162  0.0618267822837  0.0632689731375  0.064192104998  0.064641669785  
0.00361748464328  0.00714444707312  0.0104971770168  0.0136046935676  0.016413034862  0.0188874702505  0.0210125247441  0.0227900275059  0.0242356396419  0.0253744473955  0.0262362223638  0.0268508743833  0.0272444944986  0.0274362463016  
