1.04395997054  2.04307936941  2.95860028514  3.76245769422  4.43948945424  4.9871178326  5.41306402811  5.73200991884  5.96211386962  6.12203786995  6.22880925103  6.29654524321  6.33587483226  6.35380832721  
0.593483213642  1.16212205293  1.68432683547  2.14426577948  2.5331260508  2.84903586898  3.09590787237  3.28166584542  3.41633746462  3.51038223411  3.57345277454  3.61362613158  3.63702860026  3.647723014  
0.328777279162  0.644087518493  0.934177415157  1.19034054262  1.40761466401  1.58478138846  1.72378825361  1.82882392036  1.90529791906  1.9589257096  1.99503407999  2.01811612764  2.0316017297  2.03777644208  
0.177476824017  0.347817571206  0.504772395359  0.643673330191  0.761808914993  0.858441627737  0.934523194472  0.992221385118  1.03438659567  1.0640642855  1.08411717858  1.09697679264  1.10450967418  1.10796484753  
0.0933555102682  0.183016560048  0.265738145208  0.339080082889  0.401602848637  0.452883928795  0.493379731316  0.52418818537  0.546776165061  0.56272629239  0.573537327677  0.580490000725  0.58457226981  0.586447666511  
0.0478559240799  0.0938438019237  0.136318894666  0.174037373714  0.206256028479  0.232743545332  0.253714630442  0.269713304928  0.281476777688  0.289807247404  0.295469345429  0.2991199284  0.301267864786  0.302256019087  
0.0239105319036  0.0468987642055  0.0681510041549  0.0870489647296  0.103219238035  0.116540084793  0.127110554144  0.135194294753  0.141153118189  0.14538369208  0.148266257388  0.150128972908  0.151227017083  0.151732808799  
0.0116460134789  0.0228474423274  0.0332113805941  0.0424380702093  0.050344835326  0.0568698431732  0.0620578923766  0.0660339286967  0.0689713601399  0.0710615577033  0.0724888817785  0.0734130869637  0.073958808554  0.0742104691422  
0.00553077486029  0.0108523222106  0.0157794636612  0.0201704337629  0.0239381735579  0.0270522926843  0.0295326522217  0.03143714781  0.0328469436125  0.0338521339478  0.034539893055  0.0349860302628  0.0352498610058  0.0353716509389  
0.00256145430214  0.00502677971952  0.00731078919356  0.00934807305024  0.0110981978195  0.0125466821917  0.0137021556998  0.0145908450234  0.015249850115  0.0157205652965  0.016043197977  0.0162528238309  0.0163769573004  0.0164343123769  
0.00115665445904  0.00227020459167  0.00330241073169  0.00422383577035  0.00501617961996  0.00567274516186  0.00619720558195  0.00660117103456  0.00690119799437  0.00711584368187  0.00726319465334  0.00735907287616  0.00741591761853  0.00744220391709  
0.000508068273686  0.000997318674055  0.00145104139587  0.00185634473789  0.00220517530356  0.00249453189144  0.00272594288024  0.00290441874862  0.00303715592549  0.00313225284384  0.00319762611574  0.00324021798236  0.00326549725611  0.0032771954927  
0.000213679095661  0.000419484832733  0.000610420401634  0.000781077814303  0.000928065066661  0.00105009922592  0.00114779316369  0.00122322250253  0.00127938669458  0.00131967261084  0.00134739943328  0.00136548379969  0.0013762271572  0.00138120184768  
7.70996551405e-05  0.00015136909481  0.000220291783675  0.000281920073138  0.000335028822881  0.000379149781243  0.000414496312662  0.000441809082156  0.000462163220964  0.00047677572639  0.000486841455294  0.000493411917662  0.000497317839152  0.000499127289483  
