2.283756766  4.48638916893  6.53604523084  8.37747180793  9.97609098975  11.3184901535  12.4098747025  13.2695610075  13.9256984597  14.4102044503  14.7545364597  14.9865559427  15.1284507264  15.1955126998  
1.43884434713  2.82814770983  4.12379093403  5.2914258853  6.30900595789  7.16725969468  7.86835883475  8.42335316606  8.84904582151  9.16489959994  9.39037683953  9.5429036238  9.63647224261  9.68078307109  
0.88818918898  1.74659866334  2.54859115873  3.27322236424  3.90677611513  4.44312915777  4.88305941025  5.23280064499  5.50222048059  5.70296810339  5.846841407  5.94450458735  6.0045821079  6.03308370422  
0.53706339651  1.05652511657  1.54258450045  1.9827172688  2.36858727969  2.69629874902  2.96603985625  3.18127729325  3.34771007227  3.47218171748  3.56170092798  3.62265558191  3.66024414421  3.67810522892  
0.318059990659  0.625898546772  0.914313029459  1.17596039767  1.4058877609  1.60169551157  1.76335536851  1.89276686025  1.99316598519  2.06849838552  2.12284485012  2.15995172689  2.18288447776  2.19379711117  
0.184466819678  0.363105539134  0.530656061495  0.682897897113  0.816952780475  0.931385223571  1.02611055466  1.10215384044  1.16132100337  1.20584438488  1.23805290361  1.26009822681  1.27374938425  1.28025365714  
0.104769950212  0.206278536751  0.301576158481  0.388285114652  0.46476882671  0.530191491768  0.584472116517  0.628155277994  0.662231223242  0.687939203463  0.706582043942  0.719370147136  0.727302837371  0.731086806571  
0.0582721922395  0.114753872876  0.167822847065  0.216166261504  0.258873383136  0.295469856276  0.32589499837  0.350433523274  0.369618796603  0.38412575971  0.394668825768  0.401914998114  0.406416991659  0.408566693872  
0.0317382187247  0.0625123162012  0.0914474915484  0.117833360472  0.141173827381  0.161206196077  0.177890096118  0.191371962932  0.20193391147  0.209936538809  0.215763847687  0.219775917893  0.222272098779  0.22346512519  
0.0169242291668  0.0333395055003  0.0487834311325  0.0628794186415  0.0753629681579  0.0860920454501  0.0950417528286  0.10228614735  0.107971704283  0.112287350137  0.115435361318  0.117606142666  0.118958438532  0.11960529091  
0.00882560126784  0.0173881425027  0.0254483602397  0.0328109026891  0.0393378848387  0.044954376706  0.0496458762005  0.0534491660521  0.056438804655  0.058711745617  0.0603722913851  0.0615189563784  0.062234080839  0.0625764040109  
0.00447670154423  0.00882099328434  0.0129123290662  0.016652075511  0.0199703218954  0.0228286940718  0.0252191787967  0.0271596310169  0.0286870644819  0.0298499592349  0.0307006886738  0.0312888658915  0.0316560489662  0.031831930101  
0.00215446481816  0.00424560822026  0.00621573800616  0.0080175673634  0.00961746597993  0.010996825065  0.0121515320457  0.0130898644576  0.0138293168681  0.0143929419936  0.0148057302191  0.015091412319  0.0152699018152  0.0153554444392  
0.000862669396481  0.00170009511253  0.00248926551659  0.00321129697607  0.00385272833946  0.0044060702844  0.00486960591039  0.005246562706  0.0055438573642  0.00577064271204  0.00593686483128  0.00605198437131  0.00612394999952  0.00615845300466  
