4.50175602966  8.8718388228  12.9912505568  16.7639941512  20.123403779  23.0339175609  25.4887561836  27.5046418038  29.1149215785  30.3623336319  31.2923262231  31.9474622195  32.3631137429  32.564427202  
3.10559814798  6.12373741664  8.97492820701  11.5942447554  13.9355442359  15.9729025137  17.6994537494  19.1242482931  20.2679332696  21.1580361056  21.8244678228  22.2956446253  22.5954203524  22.7408688476  
2.10998665743  4.1624505243  6.1048710948  7.89392029159  9.49823138857  10.8994677262  12.0917581229  13.0798322398  13.87632782  14.498754336  14.9665190058  15.2982979483  15.5099091044  15.6127427058  
1.41135891165  2.78530276087  4.08754272798  5.289560189  6.37039826128  7.31741676062  8.12602783103  8.798593136  9.34275831845  9.76952199722  10.0913006066  10.3201821084  10.4664859923  10.5376826954  
0.929187555331  1.83433257622  2.69333355883  3.48768425315  4.20361697165  4.83261640649  5.37130274812  5.82078227362  6.185625804  6.47265547038  6.68970490396  6.84448073169  6.94360873127  6.99190799089  
0.601986406131  1.18872220991  1.74615199242  2.26244043651  2.72869201449  3.13929061467  3.4918525676  3.78684628093  4.02697136171  4.21640565219  4.36002282857  4.46266321243  4.5285146206  4.56063567401  
0.383716471028  0.757890111915  1.11370689467  1.44370974729  1.74224534966  2.00568315958  2.2323998647  2.422558031  2.57773243549  2.70044858739  2.7936963011  2.86047059992  2.90337745526  2.92432723706  
0.240596726539  0.475306444816  0.698681724345  0.906095173233  1.09401292764  1.26013284114  1.40338190314  1.52378838716  1.62225933525  1.7003013605  1.75972271509  1.80234905215  1.82977696349  1.84318074379  
0.14834400245  0.293109926912  0.430981642299  0.559132474631  0.675390187632  0.77832240949  0.867238584427  0.942116760664  1.00347259699  1.0521927112  1.08935495176  1.11605534019  1.13325677304  1.14166955503  
0.0898532603594  0.177566453388  0.261153494636  0.338916412768  0.409543327416  0.472160206746  0.526333782095  0.572030048483  0.609538133746  0.639372268039  0.662165091501  0.678564105743  0.689140506606  0.694316761898  
0.053305312527  0.105354978404  0.154982346367  0.201187471077  0.243194224183  0.280480962099  0.312783084776  0.340069824138  0.362500700629  0.380368865402  0.394038952503  0.403886354459  0.410243438762  0.413356604228  
0.0306654669014  0.0606153436428  0.0891841138398  0.115800146548  0.140018054621  0.161536301748  0.180199053197  0.195983484247  0.208975504978  0.219337894109  0.227275116052  0.23299875059  0.236696722185  0.23850862716  
0.0165190534579  0.03265548784  0.0480531885091  0.062405770775  0.075473799277  0.0870942520166  0.0971816699571  0.105721593277  0.112757808493  0.118375490938  0.122682497428  0.125790904383  0.12780051196  0.12878557398  
0.0071794587315  0.0141934396148  0.0208878513525  0.0271299770228  0.0328158973189  0.0378745968266  0.0422685056859  0.0459907233382  0.0490595674308  0.051511335165  0.0533922434766  0.0547504523399  0.0556289197228  0.0560596415895  
