0.244651591632  0.475286372532  0.68037505708  0.852596345939  0.989372840474  1.09228452248  1.16577593482  1.21567731098  1.24794928487  1.26785393634  1.27956387395  1.28610442764  1.28948649439  1.29090344358  
0.115660337519  0.224819469351  0.322101394489  0.404044874789  0.469368071205  0.518724961192  0.554129686258  0.57827995016  0.593969334148  0.603688902699  0.609430849922  0.612650276358  0.614320432209  0.615021761443  
0.0528318978439  0.102741297101  0.147301160701  0.184931516831  0.215023894823  0.237842117826  0.25427264186  0.265524385801  0.272862999126  0.277426804032  0.280132849648  0.281655234185  0.282447294342  0.282780574039  
0.0233262770356  0.0453795398404  0.0650989079195  0.0817875257041  0.0951686043563  0.105345851137  0.112698079709  0.117750061689  0.121056368474  0.123119467897  0.124346720961  0.125039229524  0.125400452156  0.125552722355  
0.00995914482736  0.0193809850732  0.0278164673257  0.0349684347161  0.0407158887714  0.0450985496043  0.0482735776549  0.0504616778303  0.0518979762363  0.0527968634124  0.0533331024854  0.0536364931446  0.0537951078913  0.0538620787971  
0.00411373266408  0.00800769457636  0.0114977736887  0.0144613844733  0.0168475893665  0.0186712108705  0.0199955490597  0.0209105624965  0.0215127570647  0.021890611079  0.0221165912575  0.0222447460346  0.0223118822247  0.0223402695413  
0.00164479427595  0.00320245566333  0.00459984287086  0.00578800533694  0.00674625923402  0.00747999452502  0.00801396507648  0.00838371783622  0.00862761739811  0.00878100433542  0.00887294320636  0.00892519092643  0.0089526111372  0.00896422011568  
0.000636916079257  0.00124033618932  0.00178209551587  0.00224326222444  0.00261572414564  0.00290139147816  0.0031096642273  0.00325416464571  0.00334967189276  0.0034098563854  0.00344600125852  0.00346657981352  0.00347739693233  0.00348198181482  
0.000238994149467  0.000465498325247  0.000668995327822  0.000842389484196  0.000982604357698  0.00109029988218  0.00116894307121  0.00122359862357  0.00125978645997  0.00128263073699  0.00129637403597  0.00130421134638  0.00130833686231  0.00131008724335  
8.6949450911e-05  0.000169379664929  0.000243480531248  0.000306673321823  0.000357828782834  0.000397169229955  0.000425937007288  0.000445959778691  0.000459237413659  0.000467632213481  0.000472690309948  0.000475578921213  0.000477101375999  0.00047774790285  
3.06857775814e-05  5.97842236424e-05  8.59556653165e-05  0.00010829092887  0.000126388477507  0.000140321358395  0.000150522183075  0.000157631336418  0.000162351979296  0.00016534069524  0.000167143904699  0.000168175005044  0.000168719052991  0.000168950271345  
1.050402181e-05  2.04669312708e-05  2.94316263877e-05  3.70871674848e-05  4.32952265309e-05  4.80792095137e-05  5.15854692001e-05  5.40318292959e-05  5.56581927171e-05  5.66891061798e-05  5.73118330844e-05  5.7668315943e-05  5.78565933588e-05  5.79366662106e-05  
3.46562736444e-06  6.75335534625e-06  9.71278848765e-06  1.22414187106e-05  1.42933629185e-05  1.5875895153e-05  1.70368130348e-05  1.78475906655e-05  1.83871521378e-05  1.87295209658e-05  1.89365410543e-05  1.9055165122e-05  1.91178694467e-05  1.91445530789e-05  
1.02222570412e-06  1.99212034901e-06  2.86541749103e-06  3.61190002367e-06  4.21797970053e-06  4.68570124199e-06  5.02905265716e-06  5.26902684468e-06  5.42885129823e-06  5.53034554115e-06  5.59176418659e-06  5.62698367345e-06  5.6456126264e-06  5.65354377423e-06  
