4.3520797221  8.57552414676  12.5541962772  16.1946245849  19.432210681  22.2329261345  24.5909677784  26.523505055  28.0638771337  29.2544665391  30.1401462709  30.7628178627  31.1572313059  31.3480550238  
2.98870713749  5.89232823154  8.63360815684  11.1495937068  13.3957567361  15.3473706477  16.9983317934  18.3580395981  19.4471346404  20.2928662922  20.9246959717  21.3705230885  21.6537153588  21.7909731512  
2.02080867909  3.98590510849  5.84447372898  7.55469152353  9.08642370971  10.42224723  11.5568722788  12.4952946402  13.2501468146  13.8387258624  14.28009571  14.5925379467  14.7914994287  14.8880853065  
1.34485830452  2.65365188901  3.89336350592  5.03659699494  6.06331420363  6.96155621262  7.72716861397  8.36271137038  8.87582601948  9.27735256343  9.57945121984  9.79391554354  9.93078813613  9.99732672852  
0.880692608398  1.7383275679  2.55173079632  3.30321468956  3.97968158277  4.57311296322  5.080445042  5.50292858875  5.84513128094  6.1137594116  6.31645959844  6.46072361903  6.55297520443  6.59787823738  
0.567388279117  1.12022873063  1.64512769742  2.13083398977  2.56893013477  2.95415444494  3.28434866163  3.56008419291  3.78405829118  3.9603660298  4.09374753562  4.1888897322  4.24983619262  4.27953474024  
0.359559582244  0.710067108839  1.04317067886  1.35182112033  1.63069892325  1.87642100333  2.08752139656  2.26423452258  2.4081334329  2.52168575489  2.60778796462  2.66932789611  2.70881073788  2.72806944988  
0.224086773792  0.44262201971  0.650474200397  0.843294740466  1.01777793578  1.17179076007  1.30436771604  1.41558614093  1.50635183973  1.57813180154  1.63267042126  1.67172003375  1.69680830154  1.7090565785  
0.137300657568  0.271247679416  0.398736269314  0.517126277384  0.62439809367  0.719232466254  0.801010736063  0.869743738948  0.925946266469  0.97047838762  1.00437519229  1.02868361876  1.04432042335  1.05196047493  
0.0826317412147  0.163270211906  0.240067549386  0.311447772692  0.376198815947  0.433520617307  0.483026911278  0.52470511319  0.558843757335  0.585939683269  0.606597540261  0.621432705689  0.630986180458  0.635657243913  
0.0487062110265  0.0962502824238  0.141553606454  0.183693939745  0.221958727122  0.255873432353  0.285203382364  0.309931438009  0.330216725053  0.346341300549  0.358651953365  0.367503600047  0.373209363821  0.376000865538  
0.0278468412377  0.0550354097653  0.0809541568921  0.105079078841  0.127003753232  0.146455513468  0.163296861677  0.177513318428  0.189190542306  0.198484502062  0.205588714545  0.210702200548  0.21400108217  0.215615892996  
0.0149198915182  0.0294896882949  0.0433838988621  0.0563231631376  0.0680901540825  0.0785382287417  0.0875923295062  0.0952427277306  0.101533062608  0.106544640596  0.110379102101  0.113141393317  0.114924614294  0.115797874241  
0.00645975060083  0.0127686625798  0.0187864280351  0.0243924935145  0.0294928900868  0.0340239736753  0.0379528549714  0.0412747615934  0.0440079434502  0.0461869549312  0.0478552136306  0.0490576690496  0.0498342625198  0.0502146737823  
