0.533899611537  1.04138152251  1.50011229494  1.89481683775  2.21848499468  2.47179941469  2.66129610773  2.79698902347  2.89011504427  2.95141033304  2.99005474027  3.01321290264  3.02599155942  3.03160974041  
0.278433734912  0.543393320329  0.7834269174  0.990599044755  1.16113240002  1.2951728856  1.3959073409  1.46838351383  1.5183606636  1.55140813424  1.5723349791  1.58492572587  1.59189639072  1.5949680366  
0.140908517954  0.275124618425  0.396935956813  0.502342513854  0.589384995872  0.65805057113  0.709857856596  0.747284961427  0.773200301038  0.790406602966  0.801344589818  0.807948839847  0.811616031549  0.81323528119  
0.0692092022363  0.135183153517  0.195150757179  0.247154964464  0.290215000652  0.324289522902  0.350085389576  0.368787256668  0.381783598623  0.39044327727  0.395967120557  0.399312885326  0.401175636129  0.401999632457  
0.0329983394876  0.0644749352847  0.0931226192924  0.118011716738  0.138667590864  0.155056651766  0.16750012772  0.176549410105  0.18285781717  0.18707444126  0.1897723263  0.191411007296  0.192325498791  0.192730687311  
0.0152769715044  0.029857601445  0.0431423057675  0.0547021524131  0.0643147826344  0.0719592637428  0.0777780709779  0.082021066478  0.0849871209826  0.0869751730447  0.0882505996805  0.0890272216862  0.0894615427712  0.0896542600706  
0.00686963534042  0.0134292827532  0.0194114908761  0.0246239874959  0.0289658227405  0.0324255411168  0.0350648020783  0.0369938406188  0.0383456122768  0.0392538828556  0.0398379739633  0.0401944248534  0.0403941436809  0.040482878575  
0.0030014418919  0.00586862409728  0.00848551275309  0.0107683426664  0.0126726613598  0.0141927052927  0.0153545074664  0.0162054210531  0.0168029766352  0.0172053518729  0.0174646614288  0.0176232229234  0.0177122143086  0.017751799201  
0.00127463076164  0.00249267760406  0.00360516683692  0.00457661847451  0.00538803259912  0.00603668615133  0.00653330115262  0.00689768573133  0.00715405997604  0.00732702625213  0.00743870452873  0.00750711381999  0.00754556579216  0.00756268773226  
0.000526326102887  0.00102944238735  0.00148923556763  0.00189108969277  0.0022271169671  0.00249609518444  0.00270233202475  0.00285389739845  0.00296071457169  0.00303290313002  0.00307959116078  0.00310823535052  0.00312435754169  0.00313154315178  
0.000211367812196  0.00041346901527  0.000598264661522  0.000759897623581  0.000895185917645  0.0010036048109  0.00108684232221  0.00114810062481  0.00119133700325  0.0012206010089  0.00123955587229  0.00125120148391  0.00125776401739  0.00126069135913  
8.24741974497e-05  0.000161351044104  0.000233506877699  0.000296660652545  0.000349566060646  0.000392006937403  0.000424627704899  0.000448664606922  0.000465652133114  0.000477165321017  0.000484632526947  0.000489226006583  0.000491817288508  0.000492974036531  
3.09421004776e-05  6.05404358436e-05  8.76272709394e-05  0.000111348239531  0.000131234293949  0.000147200723759  0.000159484765986  0.000168545987305  0.000174956978813  0.00017930698819  0.000182131533366  0.000183870934164  0.000184853072748  0.00018529178034  
1.01750602119e-05  1.99096700515e-05  2.88208550559e-05  3.66280172943e-05  4.31765618451e-05  4.84377526402e-05  5.24884931906e-05  5.54788653433e-05  5.75963916291e-05  5.90344248348e-05  5.99689692539e-05  6.05449431268e-05  6.08703877891e-05  6.10158295204e-05  
