0.0247789325084  0.0475300376375  0.0667322890145  0.0816623117386  0.092385926963  0.099523710071  0.103940943041  0.10649078067  0.10786800916  0.108566081842  0.108898966122  0.109048433453  0.109110983333  0.109133128054  
0.00890897983504  0.0170983056963  0.0240252220057  0.0294269825041  0.0333204646225  0.0359219073334  0.0375381294938  0.038474706226  0.0389824570849  0.0392407200701  0.039364273608  0.0394199121397  0.0394432550372  0.0394515348139  
0.00306491853509  0.00588490561486  0.00827442642327  0.010142386241  0.0114927000787  0.0123977965469  0.0129619720168  0.0132899778219  0.0134683657172  0.013559373145  0.0136030322163  0.0136227422874  0.0136310296534  0.0136339740006  
0.00101002653014  0.00194005549084  0.00272927396579  0.00334748171314  0.0037954597892  0.00409653775402  0.00428473270962  0.00439445247529  0.00445428568556  0.00448488882452  0.00449960506651  0.00450626315774  0.00450906790522  0.00451006577723  
0.000319189769954  0.000613286603175  0.000863159955359  0.00105922088635  0.00120158386223  0.00129747914137  0.00135756176699  0.00139267351482  0.00141186502833  0.00142170247083  0.00142644266667  0.0014285912486  0.00142949780037  0.00142982071862  
9.68373167408e-05  0.000186109284183  0.000262034417396  0.000321692669362  0.000365085541187  0.000394370368906  0.000412755176723  0.000423520652474  0.000429416404188  0.000432444152269  0.000433905606099  0.000434569078501  0.000434849398497  0.000434949350758  
2.82345490263e-05  5.42748491513e-05  7.64407318463e-05  9.38782427508e-05  0.000106579769448  0.00011516545137  0.000120564556327  0.00012373144391  0.000125468676006  0.000126362232974  0.00012679417241  0.000126990524591  0.00012707357901  0.000127103218301  
7.91987873207e-06  1.52269754129e-05  2.14513039123e-05  2.6352741979e-05  2.99272725126e-05  3.23467559968e-05  3.3870406915e-05  3.47653959877e-05  3.52570382973e-05  3.55102531304e-05  3.56328057551e-05  3.56885776647e-05  3.57121908001e-05  3.57206233827e-05  
2.13942771571e-06  4.11393514174e-06  5.79686023235e-06  7.12320829117e-06  8.09146993813e-06  8.74759623039e-06  9.16127903006e-06  9.40456729419e-06  9.53836863323e-06  9.60735775405e-06  9.64078159432e-06  9.6560061489e-06  9.66245701553e-06  9.66476200415e-06  
5.57115572031e-07  1.07141860117e-06  1.50999071317e-06  1.85587924452e-06  2.10859897168e-06  2.28001223308e-06  2.38819457167e-06  2.45188065029e-06  2.48694011197e-06  2.50503357326e-06  2.51380679782e-06  2.51780594379e-06  2.51950148378e-06  2.52010759206e-06  
1.39981874186e-07  2.69234497144e-07  3.79500356903e-07  4.66514123372e-07  5.30134591839e-07  5.73320607476e-07  6.00598629241e-07  6.16670238877e-07  6.25524769875e-07  6.30097798119e-07  6.32316667523e-07  6.33328693975e-07  6.33757972147e-07  6.33911478106e-07  
3.39652673117e-08  6.53327901524e-08  9.21016986746e-08  1.13235890259e-07  1.28697222584e-07  1.39199262748e-07  1.45837249072e-07  1.49750829895e-07  1.51908369451e-07  1.53023313075e-07  1.53564574508e-07  1.53811552691e-07  1.53916351555e-07  1.5395383544e-07  
7.95044232906e-09  1.52938886029e-08  2.15625065557e-08  2.65135454013e-08  3.01373319599e-08  3.26000579731e-08  3.41575072397e-08  3.50762278289e-08  3.55829686487e-08  3.58449536259e-08  3.59721864673e-08  3.60302612116e-08  3.60549094877e-08  3.60637268282e-08  
1.72356209114e-09  3.31571213648e-09  4.67511578534e-09  5.7491097226e-09  6.53547299984e-09  7.07009539745e-09  7.40833157363e-09  7.60793121198e-09  7.71806467304e-09  7.77502170455e-09  7.80269005932e-09  7.81532161612e-09  7.82068344056e-09  7.82260163714e-09  
