0.00213490524647  0.00403188911912  0.00553335144029  0.00659659117975  0.00727390553124  0.0076643469383  0.00786922124713  0.00796762932567  0.00801112689399  0.00802890495877  0.00803565314318  0.00803804057462  0.00803882666412  0.0080390528589  
0.000585231376189  0.00110582910471  0.00151873237679  0.00181191517558  0.0019992506835  0.00210758110317  0.00216459896623  0.00219206498632  0.00220423675364  0.00220922288288  0.00221111922988  0.00221179123986  0.00221201280071  0.00221207661516  
0.000152455149003  0.000288195314532  0.000396033716824  0.000472771753433  0.000521926398977  0.000550423783791  0.000565460331306  0.000572720450377  0.000575944587297  0.000577267775636  0.000577771803943  0.000577950647021  0.000578009671126  0.000578026683409  
3.78076969968e-05  7.1494569911e-05  9.82926877679e-05  0.000117395882528  0.000129656930556  0.000136780002327  0.000140546056855  0.00014236784273  0.000143178238612  0.000143511309995  0.000143638337696  0.000143683454523  0.000143698355499  0.000143702652427  
8.94061640389e-06  1.69113825595e-05  2.32589697202e-05  2.77903007116e-05  3.07033389838e-05  3.23984929749e-05  3.32961910516e-05  3.37310908178e-05  3.39248055799e-05  3.40045114019e-05  3.40349375162e-05  3.40457515801e-05  3.40493249355e-05  3.4050355661e-05  
2.01927195104e-06  3.82033582967e-06  5.25585792623e-06  6.28179182538e-06  6.94217780405e-06  7.32697849964e-06  7.53101631416e-06  7.629979672e-06  7.67410481365e-06  7.69227562729e-06  7.69921642766e-06  7.70168444099e-06  7.70250017723e-06  7.70273549907e-06  
4.36232900695e-07  8.25468840261e-07  1.13591697691e-06  1.35798621369e-06  1.50107532271e-06  1.58453830593e-06  1.62883747558e-06  1.6503425314e-06  1.65993813998e-06  1.66389190638e-06  1.66540275858e-06  1.66594011258e-06  1.66611773255e-06  1.66616896912e-06  
9.02734597862e-08  1.70844749405e-07  2.35141291125e-07  2.81165945133e-07  3.10844865682e-07  3.28170028148e-07  3.37372333649e-07  3.41842416251e-07  3.43837975819e-07  3.44660513753e-07  3.44974891284e-07  3.45086707794e-07  3.45123664156e-07  3.45134322515e-07  
1.79187787135e-08  3.39152930713e-08  4.66858456302e-08  5.58320936768e-08  6.17334823491e-08  6.51804157031e-08  6.70122037405e-08  6.79023766777e-08  6.82998886351e-08  6.84637618732e-08  6.85263954295e-08  6.85486696101e-08  6.85560294396e-08  6.85581513393e-08  
3.41601802516e-09  6.46608416955e-09  8.90178832445e-09  1.06469094197e-08  1.17733718709e-08  1.24315823294e-08  1.27814852808e-08  1.29515620087e-08  1.30275189485e-08  1.30588312803e-08  1.30707971843e-08  1.30750513312e-08  1.30764564038e-08  1.30768613156e-08  
6.26212571941e-10  1.18540594989e-09  1.63205736927e-09  1.95215578268e-09  2.1588320741e-09  2.27962411899e-09  2.3438469326e-09  2.37506545195e-09  2.38900699297e-09  2.39475319198e-09  2.39694840647e-09  2.39772851513e-09  2.39798603169e-09  2.39806020106e-09  
1.10511018706e-10  2.0920231175e-10  2.88041617055e-10  3.44551514875e-10  3.81043030763e-10  4.02372400787e-10  4.13712933488e-10  4.19225044499e-10  4.2168614456e-10  4.22700196238e-10  4.23087422026e-10  4.23224952316e-10  4.23270321504e-10  4.23283380075e-10  
1.87847262087e-11  3.55609976942e-11  4.89635332623e-11  5.85706888134e-11  6.47747163402e-11  6.84008568165e-11  7.03285964111e-11  7.12653766558e-11  7.16835015283e-11  7.18557056685e-11  7.19214266098e-11  7.19447528428e-11  7.19524419183e-11  7.19546534134e-11  
3.00917530783e-12  5.69663688427e-12  7.84366005833e-12  9.3826552228e-12  1.03764310403e-11  1.09571980646e-11  1.12658800446e-11  1.1415836098e-11  1.14827398201e-11  1.15102795092e-11  1.15207832376e-11  1.15245085566e-11  1.15257355342e-11  1.15260881552e-11  
