3.95634682313  7.7923083327  11.3994999837  14.6912620131  17.6085250813  20.1212990551  22.2262694596  23.9416318162  25.3005017221  26.3440951313  27.1155364123  27.6547704221  27.9947310141  28.1587015443  
2.68234703598  5.28599553892  7.7396926287  9.98575892469  11.983946847  13.7126560264  15.1677091539  16.3592994889  17.3078938685  18.0398378166  18.5832382944  18.9644792588  19.2055218938  19.3219939152  
1.78923147661  3.52757958441  5.1687663465  6.67495557433  8.01924832158  9.1865845981  10.1731304719  10.9844813755  11.6331379494  12.1357134471  12.5102473717  12.7738752449  12.9409802849  13.0218565123  
1.17384054499  2.31518290028  3.39436116721  4.38692369628  5.27522209839  6.04904252429  6.70530552692  7.24701358477  7.6817104465  8.01973067024  8.27247748604  8.45089766858  8.5642479877  8.61918691876  
0.757244160877  1.49400549388  2.19152936454  2.834253858  3.41080644569  3.91442826015  4.34283132498  4.69758559595  4.98318785016  5.2059791805  5.37305942795  5.49130880777  5.5665835409  5.60311475569  
0.480248120739  0.947766184443  1.39086859566  1.79980480499  2.16737515455  2.48920709967  2.76368990858  2.99162011867  3.17564470472  3.31960069493  3.42784199849  3.50462361298  3.55358832321  3.57737834248  
0.299387354422  0.590978043084  0.867599774322  1.12323971161  1.35341932432  1.55536948719  1.72800223949  1.87170732906  1.98802292388  2.07923828068  2.14798299846  2.19684648787  2.22805704566  2.24323650324  
0.183431299197  0.362159402219  0.531849885153  0.688854451462  0.830435641902  0.954875242932  1.06146310239  1.15038141512  1.22251230081  1.27920210265  1.32201476978  1.35250088846  1.37200094168  1.38149356528  
0.110425462189  0.218058161433  0.320320305039  0.415034713036  0.500557436558  0.575843427878  0.640442786737  0.694435603394  0.738320933171  0.772879004222  0.799025534824  0.817674017306  0.82961740728  0.835436183505  
0.0652665059103  0.128902201748  0.189399793298  0.245482479091  0.296180940221  0.340872285735  0.37927926861  0.411434012071  0.437614830506  0.458266916845  0.473917731032  0.48509637221  0.492263804777  0.495758287764  
0.0377772282566  0.0746204700147  0.109665487991  0.142178351921  0.171599291814  0.197565272945  0.219910219125  0.238645103319  0.25392258678  0.265992186016  0.275152073711  0.281702833244  0.285907188907  0.287958338605  
0.0212231362714  0.0419262961834  0.0616278714432  0.0799180011213  0.0964828667341  0.11111737759  0.123725601608  0.134310082747  0.14295254304  0.149789208713  0.154984111114  0.158703322496  0.161092404226  0.162258591985  
0.0111974198968  0.0221224761938  0.0325227112775  0.0421829183996  0.0509378159491  0.0586787373569  0.0653539805502  0.0709633769515  0.0755483444929  0.0791790845131  0.0819406567988  0.0839194816064  0.0851914766126  0.0858126524959  
0.00479536976132  0.00947465881024  0.0139302165129  0.0180701753046  0.0218238375053  0.025144538697  0.0280098309571  0.0304192142249  0.0323899424779  0.033951601733  0.035140193014  0.0359923797407  0.0365404183996  0.0368081305204  
