1.90928849951  3.74754203731  5.45218704728  6.97573720635  8.28936955672  9.38316861317  10.2635985377  10.9492514807  11.4660015416  11.8424735982  12.10637675  12.2818946609  12.388055547  12.4378535873  
1.17474042957  2.30705672131  3.35937442747  4.30282372652  5.11941702149  5.8023490908  6.3546788985  6.78694467448  7.11434394459  7.35401647728  7.52278015711  7.6354665455  7.70383904099  7.73597717852  
0.707258094189  1.38961278816  2.02491105147  2.59596202876  3.09183040649  3.5080823325  3.84610314474  4.11177559529  4.31386669421  4.46243353031  4.56746176519  4.63783767505  4.6806584113  4.70082308239  
0.416577714027  0.818801503892  1.19385728307  1.53172055257  1.82590708239  2.07364598622  2.27552965978  2.4347906489  2.5563945964  2.64612436455  2.70978144385  2.7525694267  2.77866946307  2.7909804176  
0.240019836702  0.47192219984  0.688439185016  0.883847080092  1.05439256091  1.19840455714  1.31611641621  1.40927573996  1.48064320774  1.53347715111  1.57107615876  1.59641927576  1.61191286855  1.61923169173  
0.135272525434  0.266043457351  0.38827249229  0.498760043328  0.595384056067  0.677168243151  0.744192732828  0.797386645945  0.838256076219  0.868599902942  0.890253787089  0.90488556188  0.913848672221  0.918088220009  
0.0745733096877  0.146699643826  0.214178262157  0.275258197549  0.32876707662  0.374150933935  0.411429855747  0.441089413206  0.463935682976  0.480941718527  0.493107456325  0.501346215421  0.506402154086  0.508796433877  
0.0402145876781  0.0791257589452  0.115559213913  0.148576935201  0.177545799899  0.202159972061  0.222419166022  0.238572740681  0.251043848191  0.260348164071  0.267018902357  0.271545351851  0.274327594652  0.275646542828  
0.0212141325383  0.041748080589  0.0609881249114  0.0784423674082  0.0937765146079  0.106826073133  0.117585842903  0.126181612476  0.132831215863  0.137802381188  0.141373464166  0.14380093622  0.145295165224  0.146004191921  
0.0109462542656  0.0215448715505  0.0314817822579  0.0405045224013  0.0484405055802  0.0552034727709  0.0607884869255  0.06525785274  0.0687215042172  0.0713155878215  0.0731823444181  0.0744533058722  0.075236657347  0.0756086829068  
0.00551999442908  0.0108661485822  0.0158812341483  0.0204385447929  0.0244510233679  0.0278745778136  0.0307057339742  0.0329747622892  0.0347359995014  0.0360571981117  0.0370094489988  0.0376587004239  0.038059326675  0.0382497356397  
0.00270829137969  0.00533191247681  0.00779421155046  0.0100332837328  0.0120064114034  0.0136917158852  0.0150870785481  0.0162068632729  0.017077257567  0.0177311114709  0.0182030237161  0.0185251793465  0.0187241709369  0.0188188110625  
0.00126399315246  0.00248870808293  0.0036385589046  0.00468475551094  0.00560736121833  0.00639607252258  0.00704974275518  0.00757488828638  0.00798354846459  0.00829090188652  0.00851298526105  0.00866475083342  0.00875857430585  0.00880322172232  
0.000494531406781  0.000973760343963  0.00142381543435  0.00183346063518  0.0021948962196  0.00250406615495  0.00276047900617  0.00296663317131  0.0031271889169  0.00324804262459  0.00333543773577  0.00339520485367  0.00343217574858  0.00344977590058  
