0.469659023969  0.915484048755  1.31741397629  1.66188582068  1.94289988087  2.16142990641  2.32367585499  2.43885466956  2.51714069075  2.56812624914  2.5999121461  2.61874608565  2.62903218377  2.63352063242  
0.240973538205  0.469980311439  0.67689411825  0.854778114297  1.00044413228  1.11420743752  1.19905834443  1.25957924322  1.3009092767  1.32795042352  1.34488231899  1.35495474953  1.36047404799  1.36288794966  
0.119890177039  0.233934157051  0.337163731845  0.426139359255  0.499232250138  0.556524373887  0.599423748839  0.630147024667  0.651214372242  0.665053853984  0.673752919225  0.678946078405  0.681800162473  0.683050964706  
0.057849545089  0.112921444232  0.162846971922  0.205972085481  0.241494607697  0.26942430517  0.290408075112  0.305489064664  0.315867362122  0.322709214544  0.327024453028  0.329608640324  0.331032627755  0.331657830137  
0.0270785091603  0.0528738821481  0.0762887414482  0.0965513648384  0.113280172276  0.126468139594  0.136405146765  0.143568733213  0.148513950772  0.151784237918  0.153853069621  0.15509544732  0.155781660699  0.156083434984  
0.0122995320329  0.0240228038327  0.0346758017016  0.0439090622415  0.051547022511  0.0575820755129  0.0621408770377  0.0654360885661  0.0677171082855  0.0692297009083  0.0701891459531  0.0707667421652  0.0710864424247  0.0712272413756  
0.00542300979435  0.0105944103412  0.0152980699988  0.0193803397949  0.022763002136  0.0254410580162  0.0274684545024  0.0289373241061  0.0299565612588  0.0306340795179  0.0310648508812  0.0313247522506  0.031468878187  0.0315324353828  
0.00232189591171  0.00453697251178  0.00655331622671  0.00830531095445  0.00975918064511  0.0109121859758  0.0117867243687  0.0124216318642  0.0128631247306  0.0131572284072  0.0133446150382  0.0134578950054  0.0135208186912  0.0135485993679  
0.000965756327084  0.00188740927083  0.00272695464969  0.00345716458807  0.00406389101252  0.00454578140578  0.00491189937143  0.00517817541098  0.00536368144952  0.005487492457  0.00556652538411  0.00561438645905  0.00564101166723  0.00565277889246  
0.000390379620699  0.000763046171351  0.00110271718052  0.00139840999813  0.00164437187956  0.00183998201197  0.00198881547116  0.00209723263538  0.00217288842352  0.00222346789276  0.00225580818127  0.0022754235091  0.00228635013519  0.00229118374357  
0.000153398994344  0.000299876820839  0.000433455630478  0.000549828114959  0.000646722513907  0.000723869736982  0.000782644249236  0.000825518022985  0.000855480029492  0.000875540964651  0.000888386779358  0.00089618897362  0.000900540330635  0.00090246684009  
5.85511099836e-05  0.000114473463858  0.000165494489719  0.00020997296236  0.000247038136827  0.000276579017013  0.000299110139555  0.0003155658857  0.000327080687886  0.000334800547483  0.000339750343131  0.000342760419726  0.000344440944696  0.000345185526115  
2.1499944254e-05  4.20386666828e-05  6.07845370838e-05  7.71358053136e-05  9.07716248184e-05  0.000101648667079  0.000109952719801  0.000116024011126  0.000120277064772  0.000123131674168  0.000124964046636  0.000126079537609  0.000126702885498  0.0001269792454  
6.94482266255e-06  1.35801360676e-05  1.96380029571e-05  2.49242715655e-05  2.93350396033e-05  3.28556926422e-05  3.55454812577e-05  3.75136056095e-05  3.88934647649e-05  3.98204067051e-05  4.04159167874e-05  4.07787363382e-05  4.09816238713e-05  4.10716170638e-05  
