4.05475624784  7.98704486635  11.6865268829  15.0648297438  18.0615004399  20.6455470409  22.8130493401  24.5819698415  25.9855082419  27.0652023334  27.8646431279  28.4242910337  28.7775553019  28.9480805165  
2.75815570269  5.43600853014  7.9607998117  10.2735305824  12.3328872963  14.1164978816  15.6197185188  16.8525631469  17.8355636217  18.5953136506  19.1602799272  19.5572437933  19.8085328426  19.9300531948  
1.84623528096  3.64038061846  5.33502559362  6.89134164287  8.28162821807  9.4902450692  10.5130075617  11.355376434  12.0299014027  12.5533825472  12.9441300748  13.2195785049  13.3943867278  13.4790582162  
1.2157046016  2.39802474006  3.51646270807  4.54583795302  5.46791333946  6.27204888359  6.9549076465  7.51939329841  7.9730857735  8.32645699585  8.59110916203  8.77820877774  8.89721518716  8.95494077223  
0.787287632537  1.55345629179  2.27915430016  2.94829657864  3.54908805592  4.07446406162  4.52195188243  4.89305064948  5.19228321641  5.42608937608  5.60171187645  5.72618873032  5.80552162398  5.84405219873  
0.501325750559  0.98947505703  1.45234338164  1.87981308573  2.26438804363  2.60148117538  2.88935218023  3.12874796907  3.32233389068  3.47401630646  3.58824947306  3.66939917421  3.72121031447  3.74640268594  
0.313848965399  0.619594932194  0.909778114415  1.17813377372  1.41997995227  1.63240033475  1.81421808815  1.96578895532  2.0886637677  2.18517941541  2.25803441  2.30989423103  2.34305728757  2.3591986718  
0.193137340538  0.381365844054  0.560158095284  0.725696705361  0.875107671057  1.0065739945  1.11932589456  1.21352277421  1.29005529196  1.35030180449  1.3958725561  1.42836922721  1.44917938992  1.45931744951  
0.116797496675  0.230667197838  0.338904586603  0.439221455874  0.529884207299  0.609782943495  0.67842863018  0.735886415627  0.782660987703  0.819553621225  0.847510457012  0.86747855777  0.880281815267  0.886524206506  
0.0693548352304  0.136992203884  0.201323488518  0.261000640536  0.314996816184  0.362647518236  0.40365039926  0.438028009308  0.466062294156  0.488211969815  0.505024034889  0.517049145066  0.524768127954  0.52853432934  
0.0403322410224  0.0796763275522  0.117117188966  0.151876361718  0.183358122215  0.21117343477  0.235140541709  0.255264441717  0.271700076388  0.284705425599  0.29459088484  0.301670520264  0.306219478692  0.308440392859  
0.0227613570135  0.044970119635  0.0661140700521  0.085756532402  0.103562040806  0.119309851511  0.132894594452  0.144315221681  0.153654834303  0.161054760727  0.166686397803  0.170723941208  0.173320436284  0.174588802461  
0.0120569535495  0.0238233138328  0.0350295163358  0.0454453685782  0.0548934918247  0.0632564730918  0.0704773379017  0.076553912902  0.0815283896087  0.0854738236863  0.0884793939487  0.0906360628902  0.0920239325664  0.0927021913747  
0.00517815807755  0.010232115971  0.0150466037281  0.0195230793672  0.0235854575462  0.0271831787666  0.030291447501  0.0329088715933  0.0350530504534  0.0367548422778  0.0380520834951  0.0389834613106  0.0395830964573  0.0398762261777  
