4.55788787107e-07  7.97522009699e-07  9.95118361361e-07  1.0863068533e-06  1.1209412553e-06  1.13204395945e-06  1.13510942711e-06  1.13585037075e-06  1.13600923985e-06  1.13603978793e-06  1.13604510353e-06  1.13604594698e-06  1.13604606979e-06  1.13604608606e-06  
5.51413794399e-08  9.64962500984e-08  1.2041229773e-07  1.31446510919e-07  1.35634128179e-07  1.36974740736e-07  1.37344189394e-07  1.37433275759e-07  1.37452323364e-07  1.37455974142e-07  1.37456607134e-07  1.37456707182e-07  1.37456721689e-07  1.37456723603e-07  
6.26302392605e-09  1.09600311826e-08  1.36755054955e-08  1.49273684895e-08  1.54018420678e-08  1.55534597277e-08  1.55951455104e-08  1.5605169414e-08  1.56073058075e-08  1.56077138287e-08  1.56077842996e-08  1.56077953915e-08  1.56077969926e-08  1.56077972029e-08  
6.6973938869e-10  1.171872336e-09  1.46196151516e-09  1.59553106819e-09  1.6460668092e-09  1.66217899816e-09  1.66659684616e-09  1.66765584815e-09  1.66788076167e-09  1.66792355198e-09  1.66793091183e-09  1.66793206513e-09  1.66793223084e-09  1.6679322525e-09  
6.76011948755e-11  1.1825935683e-10  1.47494473113e-10  1.60933893713e-10  1.6600778811e-10  1.67621242339e-10  1.68062287307e-10  1.68167645796e-10  1.68189937205e-10  1.68194160787e-10  1.68194884049e-10  1.68194996859e-10  1.6819501299e-10  1.68195015087e-10  
6.45569151396e-12  1.1290073386e-11  1.4076288975e-11  1.53546345439e-11  1.58360661947e-11  1.59887068311e-11  1.60302917378e-11  1.60401886946e-11  1.60422741778e-11  1.60426676009e-11  1.60427346619e-11  1.60427450711e-11  1.60427465519e-11  1.60427467435e-11  
5.84517051298e-13  1.02186865396e-12  1.27352948684e-12  1.3887377281e-12  1.43200594184e-12  1.44568014336e-12  1.4493919946e-12  1.4502718817e-12  1.45045649698e-12  1.45049116559e-12  1.45049704663e-12  1.45049795489e-12  1.45049808342e-12  1.45049809997e-12  
5.0276688643e-14  8.78584102686e-14  1.09444752064e-13  1.19302387921e-13  1.22993398597e-13  1.24155827203e-13  1.24470148261e-13  1.2454434451e-13  1.24559842171e-13  1.24562738608e-13  1.24563227496e-13  1.24563302606e-13  1.24563313178e-13  1.24563314531e-13  
4.11558603896e-15  7.18861284547e-15  8.95019718548e-15  9.75247824425e-15  1.00519019285e-14  1.01458518996e-14  1.01711523325e-14  1.01770982509e-14  1.01783343754e-14  1.01785642601e-14  1.01786028618e-14  1.01786087605e-14  1.01786095862e-14  1.01786096913e-14  
3.21152665773e-16  5.60663262354e-16  6.9766391855e-16  7.59877992715e-16  7.8301702314e-16  7.90248981334e-16  7.92188192786e-16  7.92641838225e-16  7.92735689685e-16  7.92753054292e-16  7.92755954594e-16  7.92756395345e-16  7.92756456686e-16  7.92756464451e-16  
2.39260349559e-17  4.17465791407e-17  5.19163943708e-17  5.6520483176e-17  5.82266250203e-17  5.8757686231e-17  5.88994524249e-17  5.89324581004e-17  5.89392520458e-17  5.89405024583e-17  5.89407101639e-17  5.89407415497e-17  5.89407458924e-17  5.89407464389e-17  
1.70421596211e-18  2.97179234182e-18  3.69339772497e-18  4.01902711173e-18  4.13923552147e-18  4.17649252663e-18  4.18639221936e-18  4.18868568252e-18  4.18915532424e-18  4.18924129302e-18  4.1892554931e-18  4.18925762639e-18  4.1892579198e-18  4.18925795651e-18  
1.16208569124e-19  2.0251682159e-19  2.51523564206e-19  2.73563342215e-19  2.81667148667e-19  2.84167703302e-19  2.84828956547e-19  2.84981371027e-19  2.85012415146e-19  2.8501806628e-19  2.85018994353e-19  2.85019132953e-19  2.850191519e-19  2.85019154255e-19  
7.56687698416e-21  1.31782443168e-20  1.63559067372e-20  1.77799975123e-20  1.8301479635e-20  1.84616606782e-20  1.85038121326e-20  1.85134774065e-20  1.85154353629e-20  1.85157897693e-20  1.85158476331e-20  1.85158562226e-20  1.85158573896e-20  1.85158575338e-20  
