7.94646026699e-06  1.43349890232e-05  1.85184814653e-05  2.07925118742e-05  2.18386361114e-05  2.2253132668e-05  2.23967431704e-05  2.24408144891e-05  2.24529244618e-05  2.24559315236e-05  2.24566116041e-05  2.24567526358e-05  2.24567795935e-05  2.24567842546e-05  
1.24910408396e-06  2.2541122232e-06  2.91302172623e-06  3.27161675048e-06  3.43673846076e-06  3.50220045261e-06  3.52488417291e-06  3.5318432914e-06  3.53375415578e-06  3.53422812342e-06  3.53433515986e-06  3.53435731696e-06  3.53436154344e-06  3.5343622726e-06  
1.84923592647e-07  3.3378671503e-07  4.31457695195e-07  4.84648527777e-07  5.09151369558e-07  5.18865988356e-07  5.22231136314e-07  5.2326277218e-07  5.2354572968e-07  5.23615811824e-07  5.23631610417e-07  5.23634874047e-07  5.23635495139e-07  5.23635602031e-07  
2.58513870046e-08  4.66677989423e-08  6.03308243965e-08  6.7773382573e-08  7.12017452891e-08  7.256047086e-08  7.30307840184e-08  7.31748063294e-08  7.32142517263e-08  7.32240042328e-08  7.3226198221e-08  7.32266503978e-08  7.32267362304e-08  7.32267509636e-08  
3.42065556216e-09  6.17538859641e-09  7.98360795888e-09  8.96846435402e-09  9.42194381526e-09  9.6015318178e-09  9.66362697669e-09  9.6826150114e-09  9.687806468e-09  9.68908739669e-09  9.68937489971e-09  9.68943400271e-09  9.68944519073e-09  9.68944710574e-09  
4.29359652013e-10  7.75118973317e-10  1.00203520025e-09  1.12557316692e-09  1.18241456931e-09  1.20490100117e-09  1.21266515304e-09  1.21503528582e-09  1.2156819974e-09  1.21584120265e-09  1.21587684596e-09  1.21588415314e-09  1.21588553229e-09  1.21588576765e-09  
5.12267271828e-11  9.24722240097e-11  1.19530154008e-10  1.34250859053e-10  1.41017161724e-10  1.43690308348e-10  1.44611762512e-10  1.44892499779e-10  1.44968930085e-10  1.44987698593e-10  1.44991889104e-10  1.44992745675e-10  1.4499290684e-10  1.44992934258e-10  
5.82029309433e-12  1.05052435872e-11  1.35768751065e-11  1.52464423936e-11  1.60128853608e-11  1.63152014492e-11  1.64192144763e-11  1.64508347187e-11  1.64594222411e-11  1.64615253665e-11  1.64619935766e-11  1.64620889857e-11  1.64621068782e-11  1.64621099122e-11  
6.30832941697e-13  1.13842429362e-12  1.47097269703e-12  1.65152569751e-12  1.73428966442e-12  1.76687630392e-12  1.77806426542e-12  1.78145733858e-12  1.78237641525e-12  1.78260085822e-12  1.78265067193e-12  1.78266078966e-12  1.78266268061e-12  1.78266300016e-12  
6.53278825206e-14  1.17869428949e-13  1.52261571605e-13  1.70910278165e-13  1.79444505736e-13  1.82797991339e-13  1.83946704675e-13  1.84294193658e-13  1.84388053927e-13  1.84410905905e-13  1.84415961459e-13  1.84416984817e-13  1.84417175399e-13  1.84417207491e-13  
6.4735325712e-15  1.16773134467e-14  1.50801213619e-14  1.69225882661e-14  1.77642183317e-14  1.80942177099e-14  1.82069787648e-14  1.82409964908e-14  1.82501578794e-14  1.82523813307e-14  1.82528715778e-14  1.82529704654e-14  1.82529888139e-14  1.82529918925e-14  
6.14669186664e-16  1.10848496127e-15  1.43103540912e-15  1.60540587246e-15  1.68490000455e-15  1.7159970821e-15  1.72659523463e-15  1.72978331318e-15  1.7306392447e-15  1.73084629289e-15  1.73089178604e-15  1.73090092904e-15  1.7309026191e-15  1.7309029016e-15  
5.59934647186e-17  1.00948889424e-16  1.30277146418e-16  1.46104957206e-16  1.5330548968e-16  1.56115326378e-16  1.5707031036e-16  1.5735672102e-16  1.57433368351e-16  1.57451845798e-16  1.57455891117e-16  1.57456701076e-16  1.57456850213e-16  1.57456875046e-16  
4.86675601395e-18  8.77145645319e-18  1.1315548072e-17  1.26860800244e-17  1.33082004689e-17  1.35503496698e-17  1.36324158838e-17  1.36569525915e-17  1.36634972883e-17  1.36650695238e-17  1.36654124797e-17  1.36654808854e-17  1.36654934313e-17  1.36654955123e-17  
