3.51882298655  6.92678499674  10.1244204778  13.0328464575  15.5992182452  17.7979754247  19.628379951  21.1094702021  22.2737418908  23.160708612  23.8111502909  24.2624757329  24.5453063997  24.6811798884  
2.34850212324  4.62557387612  6.76676853441  8.72034113548  10.4507939202  11.9399064624  13.1854670064  14.1983113694  14.9984326742  15.6108766954  16.0619607211  16.3761329099  16.5735894397  16.6686255513  
1.5407111607  3.03595012389  4.44450607186  5.73296087922  6.87795162017  7.86693433727  8.69753802043  9.37583598564  9.91397566345  10.3276021249  10.6334219888  10.847129175  10.9817925451  11.0467138831  
0.993244078579  1.95792266695  2.86805251119  3.70239279595  4.44586483913  5.09008311436  5.63303105224  6.07805805988  6.43245077811  6.70583972129  6.90865905625  7.0508075377  7.14058646306  7.18393301891  
0.629066427795  1.2404415994  1.81798492765  2.34841358884  2.82217898997  3.23381987586  3.58180248862  3.86794276003  4.09655466192  4.27347923842  4.40512818859  4.49763758128  4.55618523591  4.58449016741  
0.391354359341  0.771914926004  1.13180921684  1.46286743073  1.75915491339  2.01719901511  2.23591195678  2.41626067975  2.56076514492  2.67291532873  2.75658764485  2.81552078041  2.8528868483  2.87097276985  
0.239123647655  0.471763460392  0.691976463939  0.894821566556  1.07667786938  1.23538629526  1.37021332895  1.48166410932  1.571190532  1.64084639472  1.6929374076  1.72970279645  1.75305164341  1.76436482419  
0.143483832548  0.283134839038  0.415433589251  0.537442297205  0.646992041964  0.742768985369  0.824297874509  0.891837304377  0.946212092559  0.988612376266  1.02038728174  1.0428551536  1.05714478363  1.06407501976  
0.0845325634908  0.166836597879  0.244862639259  0.316894091982  0.38165554106  0.438364036317  0.486721896417  0.526858672025  0.559236200454  0.584533377396  0.603526595545  0.616978739484  0.625545491361  0.629703716972  
0.0488677007465  0.0964619923411  0.141610234222  0.183327360104  0.220877469832  0.253803662112  0.28192507141  0.305305106947  0.324198462468  0.338986099625  0.35010718536  0.357995385762  0.363024686266  0.365467696943  
0.0276600271693  0.0546065983423  0.0801819682928  0.103832211925  0.125141575209  0.143849427152  0.159849139326  0.173170962589  0.183952955176  0.192404972936  0.198770683412  0.203291763067  0.206177250583  0.207579824966  
0.0152061120458  0.0300234229316  0.0440931478581  0.0571124920067  0.0688532928211  0.0791713606024  0.0880061105231  0.0953715381839  0.101340663568  0.106026106568  0.109559463898  0.112071757146  0.113676605452  0.114457137014  
0.00787029319922  0.0155407653058  0.0228268818826  0.0295726439957  0.0356601360592  0.0410143659844  0.045603173107  0.0494327145953  0.0525395883703  0.0549809335905  0.0568238663246  0.0581354174547  0.0589738356056  0.0593817965943  
0.00332442345022  0.00656484049116  0.00964363217108  0.0124951087795  0.0150695142306  0.0173350715688  0.0192779710521  0.0209005072812  0.0222178007422  0.0232536597889  0.0240361496474  0.0245933590771  0.0249497309364  0.025123189905  
