2.90568393e-11  4.41347200941e-11  4.9103565342e-11  5.02762637453e-11  5.04892779383e-11  5.05204772193e-11  5.05242821616e-11  5.052467766e-11  5.05247133194e-11  5.05247161468e-11  5.05247163461e-11  5.05247163587e-11  5.05247163594e-11  5.05247163594e-11  
1.52495014624e-12  2.311792257e-12  2.56894854173e-12  2.62904213189e-12  2.63983775733e-12  2.64140010884e-12  2.64158822879e-12  2.64160752097e-12  2.64160923606e-12  2.64160937006e-12  2.64160937937e-12  2.64160937995e-12  2.64160937998e-12  2.64160937998e-12  
7.43015506953e-14  1.12400326341e-13  1.24740150147e-13  1.27593387943e-13  1.28099991898e-13  1.28172389601e-13  1.28180991195e-13  1.28181861024e-13  1.28181937228e-13  1.28181943092e-13  1.28181943493e-13  1.28181943518e-13  1.28181943519e-13  1.28181943519e-13  
3.37110195181e-15  5.08795911595e-15  5.63869680938e-15  5.76461739665e-15  5.78670122386e-15  5.78981583914e-15  5.79018077499e-15  5.79021714539e-15  5.79022028384e-15  5.79022052159e-15  5.79022053757e-15  5.79022053853e-15  5.79022053859e-15  5.79022053859e-15  
1.42800487832e-16  2.14999096032e-16  2.37923568349e-16  2.43103449464e-16  2.44000253754e-16  2.44125010514e-16  2.44139418556e-16  2.44140833018e-16  2.44140953178e-16  2.44140962135e-16  2.44140962727e-16  2.44140962762e-16  2.44140962764e-16  2.44140962764e-16  
5.6610678087e-18  8.50118760408e-18  9.39332457694e-18  9.59242939605e-18  9.62644093981e-18  9.63110540726e-18  9.63163610913e-18  9.63168740417e-18  9.63169169195e-18  9.63169200625e-18  9.63169202668e-18  9.63169202787e-18  9.63169202793e-18  9.63169202793e-18  
2.10472968403e-19  3.15206746348e-19  3.47736700448e-19  3.54903687192e-19  3.56111011902e-19  3.56274162927e-19  3.56292441012e-19  3.56294179539e-19  3.56294322467e-19  3.56294332766e-19  3.56294333423e-19  3.56294333461e-19  3.56294333463e-19  3.56294333463e-19  
7.35270144931e-21  1.09802239901e-20  1.2093737894e-20  1.2335803793e-20  1.23759965142e-20  1.23813457194e-20  1.23819355278e-20  1.23819907073e-20  1.23819951668e-20  1.23819954825e-20  1.23819955023e-20  1.23819955034e-20  1.23819955034e-20  1.23819955034e-20  
2.4176290496e-22  3.59972148047e-22  3.95816419292e-22  4.03501186745e-22  4.04758256043e-22  4.04922945913e-22  4.0494080915e-22  4.04942452135e-22  4.04942582601e-22  4.04942591671e-22  4.04942592229e-22  4.0494259226e-22  4.04942592261e-22  4.04942592262e-22  
7.49358465569e-24  1.11233548166e-23  1.22101029839e-23  1.24397735454e-23  1.24767682925e-23  1.24815370495e-23  1.2482045632e-23  1.24820915976e-23  1.24820951822e-23  1.24820954268e-23  1.24820954416e-23  1.24820954424e-23  1.24820954424e-23  1.24820954424e-23  
2.19252948639e-25  3.24423361594e-25  3.5549945689e-25  3.6197033578e-25  3.62996217785e-25  3.63126268347e-25  3.6313989918e-25  3.63141109165e-25  3.63141201789e-25  3.6314120799e-25  3.63141208357e-25  3.63141208376e-25  3.63141208377e-25  3.63141208377e-25  
6.06311901354e-27  8.94206930564e-27  9.78124543312e-27  9.9533317774e-27  9.9801712148e-27  9.98351570154e-27  9.98386003796e-27  9.98389004432e-27  9.98389229792e-27  9.98389244584e-27  9.98389245442e-27  9.98389245487e-27  9.98389245489e-27  9.98389245489e-27  
1.58645016211e-28  2.3318427084e-28  2.54607908821e-28  2.58932438086e-28  2.59595648373e-28  2.59676845077e-28  2.59685052786e-28  2.59685754577e-28  2.59685806263e-28  2.59685809587e-28  2.59685809776e-28  2.59685809786e-28  2.59685809786e-28  2.59685809786e-28  
3.92957183336e-30  5.75581440774e-30  6.27314077351e-30  6.37588662616e-30  6.39137336934e-30  6.39323534e-30  6.39342004431e-30  6.39343553267e-30  6.39343665066e-30  6.39343672111e-30  6.39343672502e-30  6.39343672522e-30  6.39343672523e-30  6.39343672523e-30  
