1.34273851012  2.63103976962  3.81747253352  4.86699657781  5.7596835326  6.49058663784  7.06732666412  7.50636950834  7.82899778682  8.05773733796  8.21365064166  8.31458484861  8.37423516865  8.40177269173  
0.788799518065  1.5464801114  2.24578135555  2.86631118031  3.39614093287  3.8318505108  4.17728756107  4.44154293932  4.6366875473  4.77570750529  4.87089386568  4.93276238884  4.96944405314  4.98641435357  
0.452315183584  0.887193967219  1.28929573237  1.6470293377  1.95346174608  2.20639548205  2.40773741458  2.56241493007  2.67713046832  2.75919808068  2.81561376005  2.85241336487  2.87429489984  2.8844375145  
0.253142904524  0.49671808176  0.722278120734  0.923387980253  1.09612907325  1.23916434392  1.35342088991  1.44151929811  1.5071022248  1.55419457692  1.58668170567  1.6079402316  1.6206135239  1.62649797956  
0.138269251528  0.271400391871  0.394843767723  0.505110170419  0.600043535862  0.678865572052  0.742018241812  0.790868474958  0.827353638332  0.853637931768  0.871827280312  0.883763513118  0.890895757648  0.894212486753  
0.0737111691632  0.144723068699  0.210639786496  0.269613530194  0.320488593424  0.362828908563  0.396840970163  0.423223784046  0.442985539195  0.457263347039  0.467171455038  0.473689788707  0.477592733566  0.479410230858  
0.0383551003598  0.0753234254405  0.109671546958  0.14044371651  0.167036071466  0.189212514302  0.207067566736  0.220951538446  0.231377707286  0.23892991575  0.244183778885  0.247647981605  0.249726061151  0.250694962044  
0.0194825485534  0.0382684693955  0.0557370964855  0.0714055656653  0.0849661706643  0.0962950543819  0.105434592946  0.112556790248  0.117917272038  0.121808994944  0.124522344793  0.126315036805  0.127392207029  0.127894992155  
0.00966182272569  0.0189815237301  0.0276538368783  0.0354404583523  0.042188417462  0.047834637273  0.0523977201787  0.0559603916656  0.0586471808392  0.060601754126  0.0619671937195  0.0628709603939  0.0634148125074  0.0636689161388  
0.00467835699283  0.0091924698317  0.0133956016636  0.0171728658186  0.0204500523322  0.0231959351861  0.0254185085731  0.0271567350442  0.0284699488245  0.029427007638  0.0300967768448  0.0305408061784  0.0308083629752  0.0309334851352  
0.00221092643948  0.00434481760846  0.00633277417847  0.00812071459535  0.00967351676725  0.0109761468751  0.0120319665961  0.012858935041  0.0134846882557  0.0139414665605  0.0142616332945  0.0144741982032  0.014602435864  0.014662453938  
0.00101661222903  0.00199803573158  0.00291276852694  0.00373602954674  0.00445165083497  0.00505261110755  0.00554029084605  0.00592276601354  0.00621258048675  0.00642443565453  0.00657313686283  0.00667198912845  0.00673168870933  0.00675964931727  
0.000446521400361  0.000877672265365  0.00127968173386  0.00164169739521  0.0019566118163  0.00222130196163  0.00243631399845  0.00260512838553  0.00273319426701  0.0028269229067  0.00289278847169  0.00293662148653  0.00296311721321  0.00297553409861  
0.000166717947624  0.000327719627891  0.000477880868098  0.000613158303091  0.000730896740223  0.0008299198523  0.000910415629846  0.000973665819639  0.00102168879766  0.00105686595806  0.00108160674269  0.00109808436681  0.00110805101798  0.0011127237845  
