0.0809354930848  0.156300862122  0.221703664549  0.274678936371  0.31480961756  0.343306980326  0.36232243596  0.374274146828  0.381366364689  0.385348163214  0.387466326974  0.388532426874  0.389031530967  0.38922511614  
0.0334347482308  0.0646043591225  0.0917129890229  0.113737323609  0.130482570876  0.142421739824  0.150422174608  0.155472136879  0.158481349031  0.160177585479  0.161083314002  0.161540750715  0.161755542159  0.161839033069  
0.0132761433366  0.02566455607  0.0364583893034  0.0452499089906  0.0519545772264  0.0567512223992  0.0599770227352  0.0620206255822  0.0632427743701  0.0639340715974  0.0643044118531  0.0644920172896  0.0645803395123  0.0646147367079  
0.005070811347  0.00980625769465  0.0139383706016  0.0173110369415  0.0198897330678  0.0217399014644  0.0229879774975  0.0237811351487  0.0242569483202  0.024526899876  0.0246719322622  0.02474559685  0.0247803571981  0.0247939174787  
0.00186444105934  0.00360671163057  0.00512891209452  0.00637354259985  0.00732723461568  0.00801316859405  0.00847709492953  0.00877271660668  0.00895053613144  0.00905168598665  0.0091061648956  0.00913389986962  0.00914701373946  0.00915213713413  
0.000660433827569  0.00127793012225  0.00181799940005  0.00226024807187  0.0025997426686  0.00284443124636  0.00301029626123  0.00311623345423  0.0031801039468  0.00321651831863  0.00323617364617  0.00324620034522  0.00325094963949  0.00325280752318  
0.000225562732138  0.000436558367135  0.000621262608273  0.000772703894149  0.000889140860247  0.000973212027523  0.00103031054416  0.00106685201382  0.00108892750292  0.00110153820082  0.00110835794524  0.00111184301372  0.00111349631683  0.00111414380651  
7.43379846259e-05  0.000143902449455  0.000204845008668  0.00025486651591  0.000293377479249  0.000321226182366  0.000340171503959  0.000352316888408  0.000359666934988  0.000363872854972  0.000366151114862  0.00036731715061  0.000367871056082  0.000368088197556  
2.36594509347e-05  4.58070390108e-05  6.52221866361e-05  8.11727805586e-05  9.34670191516e-05  0.000102369113947  0.00010843379338  0.000112327489777  0.000114687384767  0.000116039786272  0.000116773396825  0.000117149364502  0.000117328169126  0.000117398323552  
7.2776041988e-06  1.40921034984e-05  2.00691701078e-05  2.49835224861e-05  2.87750734988e-05  3.15235791613e-05  3.33983326451e-05  3.46035179707e-05  3.53349035895e-05  3.57545788578e-05  3.59825113723e-05  3.60994581364e-05  3.61551319403e-05  3.61769916661e-05  
2.1651510351e-06  4.19301750661e-06  5.97251935808e-06  7.43661414205e-06  8.56715045032e-06  9.38747132959e-06  9.94760028799e-06  1.03080752032e-05  1.05270785857e-05  1.06528824579e-05  1.07212806546e-05  1.07564085951e-05  1.0773145957e-05  1.0779721805e-05  
6.23338297303e-07  1.2072740758e-06  1.71989827195e-06  2.14190535591e-06  2.46800239557e-06  2.70481511864e-06  2.86666047956e-06  2.97091525216e-06  3.03431465892e-06  3.07076783815e-06  3.09060486073e-06  3.10080126196e-06  3.10566305173e-06  3.10757417972e-06  
1.7315424073e-07  3.35391465773e-07  4.77864373515e-07  5.95209240675e-07  6.85940050391e-07  7.51875113782e-07  7.96971541861e-07  8.26044086764e-07  8.4373788575e-07  8.53919435467e-07  8.59464192225e-07  8.62316232331e-07  8.63676945658e-07  8.64212063634e-07  
4.38894191256e-08  8.5017295181e-08  1.21144367321e-07  1.50910917806e-07  1.73937198338e-07  1.90679721254e-07  2.02137563933e-07  2.09528697437e-07  2.14029796503e-07  2.16621439962e-07  2.18033636434e-07  2.18760410191e-07  2.1910731378e-07  2.19243782933e-07  
