1.78982076302  3.5119603127  5.10691760365  6.52975612254  7.75351032632  8.76935048668  9.5840687612  10.2159226416  10.6899427759  11.0335872077  11.2732655234  11.431904152  11.527461802  11.5721601469  
1.09188629721  2.1436750045  3.11992307535  3.99352938216  4.74779458726  5.3766663211  5.88343066915  6.27839327838  6.57616617176  6.79307935297  6.94504899119  7.04603434923  7.10705682548  7.13566003244  
0.651495420105  1.27965370662  1.86375668135  2.38780409423  2.84172772369  3.22160029731  3.5289597608  3.76953198668  3.95168954118  4.08494414525  4.17867425451  4.24117880527  4.27905537679  4.29684227034  
0.380131453923  0.746932996625  1.08852861025  1.39567213172  1.6624461033  1.88641066407  2.0682577821  2.21111722995  2.31969657791  2.39942197871  2.45569782825  2.49334365532  2.51621396165  2.52697170793  
0.216871077026  0.426275284098  0.621540698336  0.797438072844  0.950574097043  1.07948790207  1.18447596456  1.2672204525  1.33031795468  1.37680006727  1.4097130144  1.43179178415  1.44523518694  1.45156808922  
0.120976004748  0.237852355828  0.346956932988  0.44539559658  0.531268653139  0.603729603058  0.662897489422  0.709660920084  0.745424534008  0.771847069451  0.790608231714  0.803225048947  0.810922725439  0.814553758285  
0.0659830995309  0.129760815178  0.189353701346  0.243194364959  0.290244052271  0.33002676259  0.362585918738  0.388382685866  0.40816210966  0.422812969297  0.433241433165  0.440270159468  0.444566217257  0.4465951038  
0.0351903507237  0.0692186367179  0.10104003  0.129823907892  0.155015305997  0.176353976482  0.193853254998  0.207748187485  0.218426187406  0.226353598116  0.232008753978  0.235827889026  0.238165976557  0.239271358586  
0.0183525008458  0.0361053554614  0.0527186115667  0.0677615546727  0.0809444118878  0.0921286482684  0.101316805629  0.108626497781  0.11425517797  0.118442451808  0.121435395903  0.123460246412  0.124701666517  0.125289138453  
0.00935879975828  0.0184146567849  0.0268944365969  0.034579624767  0.0413223345174  0.0470507029599  0.051764078455  0.05552021799  0.058417735209  0.0605771619418  0.0621233750892  0.0631711241408  0.0638143279127  0.0641189709733  
0.00466308670896  0.00917646822232  0.0134050205696  0.0172403681604  0.0206087880057  0.0234739568921  0.0258347088202  0.0277188523205  0.0291746055235  0.0302612844673  0.0310406002426  0.0315694366523  0.0318944631852  0.0320485256555  
0.00226063530188  0.00444921340093  0.00650063395664  0.0083625707017  0.00999927256849  0.0113929182667  0.0125425923359  0.0134613688996  0.0141722349881  0.0147036294033  0.015085247333  0.0153445357238  0.0155040601269  0.0155797262039  
0.00104340018036  0.00205373964032  0.00300112646653  0.0038614917358  0.00461833199729  0.00526334261216  0.0057959686198  0.00622208919983  0.00655216476726  0.00679919840132  0.00697680892178  0.00709761253384  0.00717199964645  0.00720730329878  
0.000404782352347  0.000796792487  0.0011644761702  0.00149851852374  0.00179251673511  0.00204322786404  0.00225040085649  0.00241627437348  0.00254486573538  0.00264118566949  0.0027104934206  0.0027576687932  0.00278673556681  0.0028005360305  
