3.13888476268  6.17556639296  9.0186568718  11.5962583029  13.8610322751  15.7912240646  17.3881586456  18.6713236311  19.6723211505  20.4287988707  20.9791197914  21.3581493406  21.5942253938  21.7071772077  
2.06314383025  4.061360746  5.93627150586  7.64137789866  9.14531795317  10.4327294661  11.5029497517  12.3671514057  13.0446556327  13.5591059311  13.9350034987  14.1948855221  14.3572324714  14.4350561059  
1.33180595781  2.62290142991  3.83651804851  4.94307912299  5.92224962237  6.76357796113  7.46582686983  8.03531572934  8.48369946916  8.82559592944  9.07638156889  9.25035075736  9.35931586734  9.41163875637  
0.844083619475  1.66300215542  2.43394473322  3.13841365523  3.76349231187  4.30228909389  4.75359670668  5.12093988633  5.41125316988  5.63343312827  5.79696370265  5.91074393007  5.98217762126  6.01653060927  
0.525137006146  1.03495239422  1.51551628229  1.95545736303  2.34673358557  2.6849245579  2.96906022812  3.20107842479  3.38504745607  3.52629662378  3.63057519625  3.70332236639  3.74909036974  3.7711302745  
0.320655385405  0.632129204356  0.926053047371  1.19555759311  1.43573309147  1.64381491972  1.81909864675  1.96263394632  2.07677342902  2.16465869922  2.22971529767  2.27520763458  2.30388208666  2.31770712729  
0.192149259855  0.37888607144  0.555266961959  0.71721502065  0.861790368585  0.987304340801  1.09327804736  1.18027146605  1.2496251374  1.3031612148  1.34288566397  1.37072243529  1.38829761741  1.39678041535  
0.112988980468  0.222840778132  0.326684922349  0.422144707653  0.50749334803  0.581722373652  0.644521774198  0.696185656846  0.737466439936  0.769403763069  0.793152048623  0.809824867847  0.820367216282  0.82546047218  
0.0651879693858  0.128588773779  0.188564688025  0.243755087891  0.293165049079  0.336205324456  0.372683019187  0.402750153588  0.426822566244  0.445483606089  0.459386078515  0.469162901607  0.475353111313  0.478346331249  
0.036882844996  0.0727657757575  0.106731285237  0.138014877135  0.166054440523  0.190513076118  0.211274815499  0.228416952297  0.242165636462  0.252842584889  0.260810348608  0.26642203096  0.269979315592  0.271700738367  
0.0204269288355  0.0403054913853  0.0591319463399  0.076485504807  0.0920553055556  0.105653137657  0.117211525538  0.12676907747  0.134446597432  0.140418156145  0.144881152936  0.148028617302  0.150025931709  0.150993125974  
0.0109938546611  0.0216950663901  0.0318345502946  0.0411870545368  0.049585506003  0.0569278874736  0.0631764073952  0.0683499160353  0.0725113698559  0.0757525323617  0.0781780393829  0.0798905681529  0.0809783027075  0.0815053497057  
0.0055832273192  0.0110188510874  0.0161710466885  0.0209259222481  0.0251987329893  0.0289373836443  0.0321220856087  0.0347616260707  0.0368871316409  0.0385444095361  0.0397859296163  0.0406633262501  0.0412210324906  0.0414913925278  
0.00232616596242  0.00459111985634  0.00673850567046  0.00872101401747  0.0105033678061  0.0120637837869  0.0133938512412  0.014497010919  0.015385992951  0.016079657108  0.0165996734844  0.01696740848  0.0172012730575  0.0173146811858  
