2.72434741049  5.35640717288  7.81400502043  10.0331392343  11.9725919682  13.6147001763  14.9628193095  16.0365805557  16.8661843598  17.4867853818  17.9336679894  18.2385338253  18.4269198402  18.5165780092  
1.75715409799  3.45670128065  5.0470641888  6.48757368173  7.7513858771  8.82615870535  9.71272783585  10.4223711691  10.9733744371  11.3875400593  11.687095914  11.8922431196  12.0193940761  12.0800268093  
1.11186255882  2.18827688863  3.19736435664  4.1137385691  4.92031222598  5.60880449644  6.17905478786  6.63745766112  6.9949231309  7.26474501991  7.46066510662  7.59529805799  7.67896929574  7.71893794141  
0.690037418086  1.35859589359  1.98628970672  2.5575562969  3.06175385019  3.49351106086  3.85237448438  4.14192113482  4.36856335862  4.54026991033  4.66537935069  4.75161386255  4.80533549001  4.83103750087  
0.419947413332  0.827090632868  1.20983893396  1.5588254618  1.86756158057  2.13266497767  2.35368018909  2.53258047115  2.67307722821  2.77986585905  2.85791318168  2.91185448966  2.94553042442  2.96166435515  
0.250590931051  0.493677348909  0.722449120032  0.931372190851  1.11657156465  1.27597402457  1.40921777372  1.51737589572  1.6025630467  1.66749835968  1.71508597052  1.74805462756  1.7686765708  1.77856867569  
0.146606021361  0.288889882284  0.422921164804  0.545491006879  0.654332178398  0.748205417257  0.826854470203  0.890854404767  0.941390931766  0.980011425945  1.00838277284  1.0280805954  1.04042267634  1.04634960133  
0.0840877634282  0.16573034083  0.2427002304  0.313171645655  0.375844681668  0.429996038558  0.475456934615  0.512530969127  0.541872205378  0.564345803527  0.580890906187  0.592399949885  0.599622211662  0.603093941882  
0.0472793017208  0.0932003069953  0.136523768276  0.176230480547  0.211590053339  0.242189935149  0.267924708983  0.288952223412  0.305627306017  0.318425120235  0.32786500701  0.334442800418  0.338576213768  0.340564910904  
0.0260505051157  0.0513605485298  0.0752536866423  0.0971719617936  0.116713280752  0.133647615043  0.147911887161  0.159586882885  0.168861808319  0.175992899831  0.181261939421  0.184939077302  0.187252585047  0.188366565656  
0.0140447798724  0.0276940829783  0.0405862191911  0.0524221024336  0.0629851560458  0.0721501310066  0.0798807010685  0.0862175123347  0.0912595784492  0.0951423652358  0.0980156606227  0.100023599  0.101288293558  0.10189769218  
0.00736214851223  0.0145186690756  0.0212813221551  0.0274941182538  0.0330436394047  0.0378636942495  0.0419342095029  0.0452751842422  0.0479371621766  0.0499899250873  0.0515110026181  0.0525752370424  0.053246181223  0.0535696795997  
0.00365094069542  0.00720058187314  0.0105561193225  0.0136405168565  0.0163975790341  0.0187942711385  0.0208202284773  0.0224848444099  0.0238126350478  0.0248377054673  0.0255980971505  0.0261306291388  0.0264666249177  0.0266287091336  
0.0014948050944  0.00294832239346  0.00432270707559  0.00558650802097  0.00671673188964  0.00769979588308  0.00853134288866  0.00921507290398  0.00976087001742  0.0101825571787  0.0104955947934  0.0107149733345  0.0108534620903  0.01092029232  
