0.258903752288  0.503123079414  0.720554762891  0.903469055148  1.04908078139  1.15895794298  1.23769148947  1.29136092732  1.32622104414  1.34782459687  1.36059881116  1.36777111296  1.37149800568  1.37306519025  
0.123262654903  0.239667736475  0.343532917896  0.431179023832  0.501213443416  0.554283916994  0.592482878171  0.618641183617  0.635709460116  0.646333900132  0.652642532503  0.656198236518  0.658051890428  0.65883315034  
0.0567189325673  0.110333023009  0.158258514557  0.198803970572  0.231304314749  0.256020262975  0.273878406363  0.286155843832  0.294198595797  0.299224341352  0.302219590935  0.30391353763  0.304799187378  0.30517322533  
0.0252337769417  0.0491049891966  0.0704757994811  0.0885946351746  0.103156945233  0.114264953721  0.122317223229  0.127872034247  0.131523436623  0.133812861905  0.135181762918  0.135958272309  0.136365304629  0.136537520462  
0.0108586720131  0.0211377764992  0.0303519453012  0.0381782099147  0.0444824878049  0.0493038199628  0.0528087058797  0.0552336770316  0.0568324948856  0.0578379342555  0.0584408373945  0.0587837479898  0.0589639080716  0.0590402576839  
0.00452183242514  0.00880470457586  0.0126480178535  0.0159174724753  0.0185561985579  0.0205787200043  0.0220525859983  0.0230749468631  0.0237507715894  0.0241768837781  0.0244330460322  0.0245790870945  0.0246559713002  0.0246886009224  
0.00182311088624  0.00355069715387  0.00510240879572  0.00642417500283  0.00749272152023  0.00831331211297  0.00891256272477  0.00932916787039  0.00960519388757  0.00977962985669  0.0098847286991  0.00994477235631  0.00997643993114  0.00998989689414  
0.000712032909952  0.00138703177  0.00199379288691  0.00251122672818  0.00293013061311  0.00325236342652  0.00348811194087  0.00365232657162  0.00376134751521  0.00383038304035  0.00387205959817  0.00389591389078  0.00390851507856  0.00391387599518  
0.000269531171391  0.000525132787583  0.000755051360782  0.000951313737338  0.00111040045877  0.00123295136783  0.00132275430099  0.00138541481971  0.00142708813701  0.00145352396027  0.00146951104759  0.00147867657215  0.00148352522161  0.0014855900699  
9.89405664892e-05  0.000192796105099  0.000277270684334  0.000349440884425  0.000408003608993  0.000453173593316  0.000486319553961  0.00050948191009  0.000524910270128  0.000534712722183  0.000540649900412  0.000544058683071  0.000545864238879  0.000546633844641  
3.52375283598e-05  6.86727597173e-05  9.87814669809e-05  0.000124523584529  0.000145431632946  0.000161575901507  0.000173437124131  0.000181736590129  0.000187272366145  0.000190794392182  0.00019293052481  0.000194158544772  0.000194809726282  0.000195087508693  
1.2174177351e-05  2.37282935629e-05  3.41374769953e-05  4.30427421395e-05  5.02815823813e-05  5.58764362257e-05  5.99913703337e-05  6.28739477674e-05  6.47989343204e-05  6.60251528533e-05  6.67697523255e-05  6.71982922442e-05  6.74257576232e-05  6.75228583133e-05  
4.05351456165e-06  7.90131511687e-06  1.13691336693e-05  1.43375439499e-05  1.67521581668e-05  1.86199251879e-05  1.99948973857e-05  2.09590354277e-05  2.16035486051e-05  2.20145327899e-05  2.22643530106e-05  2.24082726467e-05  2.24847288818e-05  2.25173863527e-05  
1.20506980354e-06  2.34915107643e-06  3.38054783463e-06  4.26377944072e-06  4.98261412717e-06  5.53899953686e-06  5.94887417951e-06  6.23649733769e-06  6.42892102347e-06  6.55172141555e-06  6.62642579802e-06  6.66949474282e-06  6.69238973179e-06  6.70217362687e-06  
