0.0470449466208  0.0905758982274  0.127882810131  0.157548716434  0.179487794248  0.194617312105  0.204373611325  0.210272916695  0.213626670662  0.215423687201  0.216333023041  0.216767459595  0.216960756249  0.21703272644  
0.0182233685947  0.0351050047008  0.0496045303658  0.0611690535062  0.0697522143006  0.0756946612552  0.0795423776328  0.0818784971989  0.0832118662485  0.0839290169324  0.0842931934057  0.0844677391692  0.0845456177596  0.0845746740156  
0.00677024179534  0.0130479293606  0.0184494767994  0.0227683672877  0.0259834412985  0.0282167397547  0.0296678137993  0.0305519036326  0.0310582323866  0.0313314496896  0.0314706169316  0.0315375053029  0.0315674222867  0.0315786043369  
0.00241452275335  0.00465512614833  0.00658588981902  0.00813286289519  0.00928735381906  0.0100915449504  0.0106156038481  0.0109358478832  0.0111197934859  0.0112193310438  0.0112701664516  0.0112946591948  0.0113056372879  0.0113097470123  
0.00082739416082  0.00159568803601  0.00225856055263  0.00279059197057  0.00318848100894  0.00346629722961  0.00364779284958  0.00375898498607  0.00382301381058  0.0038577455965  0.00387552437534  0.0038841083839  0.00388796299432  0.00388940796427  
0.000272680220864  0.000526020258406  0.000744825669283  0.000920698811689  0.00105246350856  0.00114464978879  0.00120500324095  0.00124205915442  0.00126344359407  0.00127506764261  0.0012810296376  0.00128391348695  0.00128521053324  0.00128569732816  
8.65086162486e-05  0.000166918104048  0.000236427223022  0.000292366750396  0.000334340217922  0.000363756188017  0.000383049649199  0.00039491761906  0.000401779171582  0.0004055156501  0.000407435363224  0.000408365399312  0.000408784268697  0.000408941634165  
2.64441128018e-05  5.10332720436e-05  7.23048309374e-05  8.94416270109e-05  0.000102316496611  0.000111352613137  0.000117288474635  0.000120945629589  0.000123063401793  0.000124218418941  0.000124812706118  0.000125101005976  0.000125231002824  0.000125279883742  
7.79568331659e-06  1.50468816155e-05  2.13236648563e-05  2.63848427771e-05  3.01914486653e-05  3.28663850605e-05  3.4625890609e-05  3.57114207226e-05  3.63408788943e-05  3.6684632533e-05  3.68617233278e-05  3.69477318622e-05  3.6986552465e-05  3.70011603231e-05  
2.21828266609e-06  4.28219699764e-06  6.06970922963e-06  7.51212041312e-06  8.5979880203e-06  9.36183842065e-06  9.86484616097e-06  1.01755375191e-05  1.03559036923e-05  1.04545136039e-05  1.05053678561e-05  1.05300903705e-05  1.05412583981e-05  1.05454634015e-05  
6.09796373536e-07  1.17728920421e-06  1.66900287483e-06  2.06603708135e-06  2.36516419405e-06  2.57577153776e-06  2.71459227777e-06  2.80042146042e-06  2.85029662229e-06  2.87759008635e-06  2.89167810171e-06  2.89853244006e-06  2.90163093159e-06  2.90279816806e-06  
1.62051127723e-07  3.12889757155e-07  4.43635810923e-07  5.49263248463e-07  6.28895960646e-07  6.85005283664e-07  7.22019202462e-07  7.44922814805e-07  7.58242938365e-07  7.65537912341e-07  7.69306109667e-07  7.71140692694e-07  7.71970480501e-07  7.72283197719e-07  
4.15527024249e-08  8.02366461266e-08  1.13778244562e-07  1.40888021993e-07  1.61337394396e-07  1.75755056365e-07  1.85272385108e-07  1.91165579315e-07  1.94595211789e-07  1.96474712028e-07  1.97446140509e-07  1.97919341227e-07  1.98133466797e-07  1.98214188537e-07  
9.79587990246e-09  1.89166155144e-08  2.682684235e-08  3.322244149e-08  3.80488058923e-08  4.14532338072e-08  4.37017053844e-08  4.50947023031e-08  4.590579307e-08  4.635050098e-08  4.65804523524e-08  4.66925096121e-08  4.67432323291e-08  4.67623582132e-08  
