4.41554369603e-05  8.09256121597e-05  0.000106629299753  0.000121902325885  0.000129723791343  0.000133222116607  0.00013460525134  0.000135093784613  0.000135249360641  0.000135294387606  0.000135306313497  0.000135309221541  0.000135309877073  0.000135310009878  
8.17123744536e-06  1.49823187898e-05  1.97510857216e-05  2.2589854395e-05  2.40461877599e-05  2.46985563819e-05  2.49567868723e-05  2.50480678023e-05  2.50771483114e-05  2.50855650155e-05  2.50877935385e-05  2.50883365924e-05  2.50884588923e-05  2.50884836416e-05  
1.42728397009e-06  2.61782297284e-06  3.45233960695e-06  3.94976236411e-06  4.20525969634e-06  4.31982349747e-06  4.36520255581e-06  4.38124877202e-06  4.38636074596e-06  4.38783977728e-06  4.38823112647e-06  4.3883264008e-06  4.38834783128e-06  4.38835216226e-06  
2.3588442226e-07  4.32740204835e-07  5.70838423657e-07  6.53225507341e-07  6.95575418681e-07  7.14575178155e-07  7.2210294312e-07  7.24764635957e-07  7.25612278652e-07  7.25857359564e-07  7.25922145567e-07  7.25937898559e-07  7.25941436806e-07  7.25942150758e-07  
3.69678030275e-08  6.78292081932e-08  8.94902249883e-08  1.02419548678e-07  1.09068244859e-07  1.12051580532e-07  1.13233458947e-07  1.13651186155e-07  1.13784124879e-07  1.13822525002e-07  1.13832663565e-07  1.13835125215e-07  1.13835677199e-07  1.13835788387e-07  
5.50529694917e-09  1.0102103312e-08  1.33293975925e-08  1.52561767746e-08  1.62470542453e-08  1.66915985451e-08  1.68676351512e-08  1.69298112636e-08  1.69495794979e-08  1.69552827756e-08  1.69567864038e-08  1.69571508778e-08  1.69572324533e-08  1.6957248854e-08  
7.80552196134e-10  1.43234714908e-09  1.88998842253e-09  2.163203879e-09  2.30367951402e-09  2.36667427471e-09  2.39160253526e-09  2.40039886766e-09  2.4031922301e-09  2.40399698352e-09  2.40420880097e-09  2.40426004956e-09  2.40427149655e-09  2.40427379324e-09  
1.05550074599e-10  1.93687249026e-10  2.5556449198e-10  2.92496583121e-10  3.11476935951e-10  3.19982651461e-10  3.23345405332e-10  3.24530616085e-10  3.24906462303e-10  3.25014565478e-10  3.25042966914e-10  3.25049824646e-10  3.2505135305e-10  3.25051659032e-10  
1.36353765265e-11  2.50201233668e-11  3.30109041635e-11  3.77782211056e-11  4.02266610713e-11  4.13229048346e-11  4.17558146189e-11  4.1908185396e-11  4.1956427123e-11  4.19702776586e-11  4.19739092689e-11  4.1974784237e-11  4.19749787889e-11  4.19750176475e-11  
1.68536718116e-12  3.09230701738e-12  4.07945051622e-12  4.66803179281e-12  4.97006761366e-12  5.10515230015e-12  5.15842712861e-12  5.17714913926e-12  5.18306620444e-12  5.18476169701e-12  5.18520529956e-12  5.18531192939e-12  5.18533558045e-12  5.18534029288e-12  
1.99600768589e-13  3.66187751501e-13  4.83012981042e-13  5.52618270755e-13  5.88301288888e-13  6.04240516257e-13  6.10517300307e-13  6.127193349e-13  6.13413949842e-13  6.13612566828e-13  6.13664413462e-13  6.13676845462e-13  6.13679595821e-13  6.13680142432e-13  
2.26803588326e-14  4.16039272744e-14  5.48670892346e-14  6.276254829e-14  6.68055368013e-14  6.86089777883e-14  6.93180027003e-14  6.9566282952e-14  6.9644439965e-14  6.96667379453e-14  6.96725445381e-14  6.96739332952e-14  6.96742397051e-14  6.96743004408e-14  
2.47547861906e-15  4.54022037345e-15  5.98639513157e-15  6.84645211663e-15  7.28630082439e-15  7.48220289004e-15  7.55908591263e-15  7.58595471327e-15  7.59439437975e-15  7.59679650723e-15  7.59742046337e-15  7.59756929547e-15  7.59760204137e-15  7.59760851444e-15  
2.57350720357e-16  4.71921407458e-16  6.22100617029e-16  7.11319886178e-16  7.5688671102e-16  7.77148760898e-16  7.85086023985e-16  7.87854191414e-16  7.88721732904e-16  7.88968057161e-16  7.89031875229e-16  7.89047056333e-16  7.89050386991e-16  7.89051043561e-16  
