2.74649897139e-14  3.69546915082e-14  3.88113861521e-14  3.90581890896e-14  3.90826154039e-14  3.90845157084e-14  3.90846361152e-14  3.90846424846e-14  3.9084642771e-14  3.90846427821e-14  3.90846427824e-14  3.90846427825e-14  3.90846427825e-14  3.90846427825e-14  
7.92487705284e-16  1.06150662009e-15  1.11299033841e-15  1.11966808685e-15  1.12031180078e-15  1.12036049933e-15  1.12036349535e-15  1.120363649e-15  1.12036365569e-15  1.12036365594e-15  1.12036365595e-15  1.12036365595e-15  1.12036365595e-15  1.12036365595e-15  
2.09449741567e-17  2.79217328163e-17  2.92259964438e-17  2.93908495219e-17  2.94063068283e-17  2.94074424314e-17  2.94075101729e-17  2.94075135364e-17  2.94075136779e-17  2.9407513683e-17  2.94075136832e-17  2.94075136832e-17  2.94075136832e-17  2.94075136832e-17  
5.08311360365e-19  6.74256276752e-19  7.04520808379e-19  7.08243527308e-19  7.08582593523e-19  7.08606750737e-19  7.08608145998e-19  7.08608212968e-19  7.08608215688e-19  7.08608215783e-19  7.08608215786e-19  7.08608215786e-19  7.08608215786e-19  7.08608215786e-19  
1.1351666283e-20  1.49793715406e-20  1.56239763984e-20  1.57010368473e-20  1.57078452423e-20  1.57083149831e-20  1.57083412134e-20  1.57083424286e-20  1.57083424762e-20  1.57083424778e-20  1.57083424778e-20  1.57083424778e-20  1.57083424778e-20  1.57083424778e-20  
2.33687280145e-22  3.06703203389e-22  3.19327176511e-22  3.20791880142e-22  3.20917233098e-22  3.20925595982e-22  3.20926046762e-22  3.20926066886e-22  3.20926067643e-22  3.20926067667e-22  3.20926067668e-22  3.20926067668e-22  3.20926067668e-22  3.20926067668e-22  
4.44105898894e-24  5.79605670926e-24  6.02369468443e-24  6.04929225724e-24  6.05141116863e-24  6.05154764832e-24  6.05155473799e-24  6.05155504244e-24  6.05155505344e-24  6.05155505378e-24  6.05155505379e-24  6.05155505379e-24  6.05155505379e-24  6.05155505379e-24  
7.8004772673e-26  1.01215234296e-25  1.04998855349e-25  1.05410593471e-25  1.0544350821e-25  1.05445551676e-25  1.05445653797e-25  1.05445658008e-25  1.05445658154e-25  1.05445658158e-25  1.05445658158e-25  1.05445658158e-25  1.05445658158e-25  1.05445658158e-25  
1.26745453775e-27  1.63475608735e-27  1.6927693934e-27  1.69886936108e-27  1.69933951529e-27  1.69936760077e-27  1.69936894854e-27  1.69936900179e-27  1.69936900355e-27  1.6993690036e-27  1.6993690036e-27  1.6993690036e-27  1.6993690036e-27  1.6993690036e-27  
1.90636874387e-29  2.44366378691e-29  2.52576113857e-29  2.53408843859e-29  2.53470617538e-29  2.53474161588e-29  2.53474324573e-29  2.5347433073e-29  2.53474330924e-29  2.5347433093e-29  2.5347433093e-29  2.5347433093e-29  2.5347433093e-29  2.5347433093e-29  
2.65539859134e-31  3.38218011973e-31  3.48943643705e-31  3.49991293938e-31  3.50065954651e-31  3.50070060209e-31  3.50070240755e-31  3.50070247261e-31  3.50070247456e-31  3.50070247461e-31  3.50070247461e-31  3.50070247461e-31  3.50070247461e-31  3.50070247461e-31  
3.42599855098e-33  4.3351600888e-33  4.46452241567e-33  4.47666775434e-33  4.47749758673e-33  4.47754122937e-33  4.4775430603e-33  4.47754312307e-33  4.47754312486e-33  4.4775431249e-33  4.4775431249e-33  4.4775431249e-33  4.4775431249e-33  4.4775431249e-33  
4.09419312362e-35  5.14582935042e-35  5.28983227655e-35  5.30280136747e-35  5.30364908617e-35  5.30369162509e-35  5.30369332319e-35  5.30369337843e-35  5.30369337991e-35  5.30369337995e-35  5.30369337995e-35  5.30369337995e-35  5.30369337995e-35  5.30369337995e-35  
4.53025304834e-37  5.65453261464e-37  5.80239275373e-37  5.81513907716e-37  5.81593425568e-37  5.81597223019e-37  5.81597366851e-37  5.81597371275e-37  5.81597371388e-37  5.8159737139e-37  5.8159737139e-37  5.8159737139e-37  5.8159737139e-37  5.8159737139e-37  
