2.76963612521  5.44587533355  7.94551464156  10.2036746586  12.1784629639  13.8517732548  15.2267516981  16.3230331348  17.1709946289  17.8060880466  18.2639577998  18.576671792  18.7700891991  18.8622000252  
1.79029248751  3.52216621503  5.1432909466  6.61235523532  7.90202156454  8.99962355443  9.90584382535  10.6319630828  11.1963964534  11.6211639933  11.9287571893  12.1396452947  12.2704765933  12.3329033527  
1.13546225347  2.23489798488  3.26589228294  4.20260125559  5.02758602914  5.73233483383  6.3165781476  6.78671262848  7.15374055997  7.43111088222  7.63275322291  7.77147330602  7.85776461948  7.89901042694  
0.706405316396  1.39093050983  2.0338178346  2.61918737019  3.13615344258  3.57918459007  3.94775186624  4.24543381226  4.47870685637  4.65564742878  4.78472446263  4.8737927261  4.92933088661  4.95591835231  
0.431009568845  0.84894373949  1.24196029721  1.60047786182  1.91784297095  2.19056508206  2.41813773733  2.6025352766  2.74751247547  2.85783756979  2.93856555059  2.99442137165  3.02932453518  3.04605665604  
0.257879994668  0.508076727069  0.743614311909  0.958817313705  1.14970211803  1.3141242006  1.45168818697  1.56346791009  1.65160664686  1.71887156875  1.76822495286  1.80245466287  1.82388493024  1.83417102898  
0.151290822871  0.298144568631  0.436524261039  0.563130151437  0.6756251924  0.772724296244  0.85414964443  0.920476809788  0.972909926687  1.01302727491  1.04253313666  1.06304115377  1.0759025438  1.08208258479  
0.0870258874795  0.171534497068  0.251231480285  0.324234038324  0.389198475072  0.445372753826  0.492574578097  0.531107879492  0.561638294388  0.585050384851  0.602306765657  0.614323733191  0.621871545944  0.625501948811  
0.0490778106362  0.0967531823101  0.141745937665  0.183001965372  0.219764066288  0.251602100306  0.278402384062  0.300322979294  0.317725809542  0.331097927014  0.340973052282  0.347861634777  0.352194238997  0.354280018762  
0.0271247732783  0.0534827100812  0.0783729122312  0.101216567596  0.121595568102  0.139269380654  0.154169994082  0.166378327462  0.176087832574  0.183561854613  0.189090771818  0.192953470456  0.19538590306  0.196557844351  
0.0146697184437  0.0289286123277  0.0424007614872  0.0547749454067  0.0658252700239  0.0754203761471  0.0835210697465  0.0901680779721  0.0954628885367  0.0995451071327  0.102569526597  0.104685366989  0.106019212593  0.106662312639  
0.00771340071142  0.0152125445598  0.0223011917272  0.0288165309908  0.0346399068998  0.0397016942172  0.0439802090499  0.0474954979366  0.0502994974548  0.0524643186438  0.0540703064782  0.0551951636422  0.0559049575497  0.0562473892331  
0.00383579357857  0.00756574532524  0.0110928397247  0.0143364498516  0.0172376236845  0.01976151955  0.0218969257292  0.023653261449  0.0250557769141  0.0261398041386  0.0269448672864  0.0275092916584  0.0278657247838  0.0280377688601  
0.00157371521999  0.00310420325339  0.00455182124436  0.00588358504764  0.00707532451293  0.00811268554355  0.00899094962704  0.00971382807627  0.0102915186782  0.0107383684831  0.0110704711502  0.0113034604267  0.0114506710287  0.0115217516618  
