0.180791809171  0.35066565509  0.500740533528  0.625551348384  0.723424519946  0.795926750787  0.846762414548  0.880566216956  0.901923571686  0.914764324614  0.922115089236  0.926107145841  0.928117483598  0.928942928264  
0.0823343985287  0.15978567002  0.22836049458  0.285566527137  0.330593356182  0.364087453994  0.387675981825  0.403432084007  0.413431195216  0.419468900882  0.42293931463  0.424831074262  0.425786780665  0.426180085115  
0.0361739865611  0.0702347413778  0.100446693623  0.125714281323  0.145664550887  0.160557274955  0.17108510678  0.17814443756  0.182641707209  0.185367480644  0.186939842125  0.1877997851  0.188235456367  0.188415111843  
0.0153400948298  0.0297953912692  0.0426366800426  0.0533993973976  0.0619196045124  0.0682989181883  0.0728230542403  0.0758667812958  0.0778123358619  0.0789954019474  0.0796800024758  0.080055511383  0.0802462334781  0.0803250218689  
0.00628211422402  0.0122057794051  0.0174747306749  0.0218987898631  0.0254088877323  0.0280437112616  0.029917468769  0.0311817193732  0.0319921843055  0.0324864338747  0.0327732314055  0.0329309476267  0.0330112307513  0.0330444490691  
0.00248586086808  0.00483118363583  0.0069195338788  0.00867569880833  0.0100717171193  0.0111219217289  0.0118705572883  0.0123769337736  0.012702377165  0.0129013432583  0.0130170781942  0.0130808681694  0.0131134035975  0.0131268846437  
0.000951042203326  0.00184874044149  0.00264881144228  0.00332249869654  0.00385890426777  0.0042631953744  0.0045519875393  0.00474775007252  0.0048738434231  0.00495110300914  0.00499613975166  0.00502101262138  0.00503372091442  0.00503899318572  
0.000351998390015  0.000684386975506  0.000980859299532  0.00123077920693  0.00143005100613  0.00158048748237  0.00168813894636  0.00176125001639  0.00180843296042  0.00183739865287  0.00185431535762  0.00186367464377  0.00186846395435  0.00187045308857  
0.000126115648614  0.000245246526182  0.000351576154205  0.000441296311677  0.000512920793269  0.000567068534494  0.000605876491604  0.000632276116107  0.000649342181863  0.000659836825875  0.000665976114444  0.00066937801483  0.000671121193815  0.000671845892172  
4.37676987261e-05  8.51236599006e-05  0.000122057084855  0.000153247203756  0.00017817271019  0.00019703929629  0.000210579329217  0.000219803328447  0.000225775009693  0.000229452703614  0.000231607255759  0.000232802772768  0.000233416104966  0.000233671307349  
1.47212836588e-05  2.86349453165e-05  4.10669205668e-05  5.15732368266e-05  5.99769685918e-05  6.63446632469e-05  7.09199537551e-05  7.40407206046e-05  7.60637380986e-05  7.73112456314e-05  7.80430215199e-05  7.84495578712e-05  7.86583411875e-05  7.87452798538e-05  
4.79949613905e-06  9.33669188077e-06  1.33924669796e-05  1.68221564202e-05  1.95676373153e-05  2.16498649505e-05  2.31475067749e-05  2.41701483769e-05  2.48338164021e-05  2.52435365568e-05  2.54841422476e-05  2.5617950837e-05  2.56867335644e-05  2.57153940423e-05  
1.50892334192e-06  2.93565039831e-06  4.21146376369e-06  5.29090467383e-06  6.15558276624e-06  6.81188817257e-06  7.28434835476e-06  7.60726165904e-06  7.81702662447e-06  7.94665273255e-06  8.02284770677e-06  8.06526047421e-06  8.08707945182e-06  8.0961761634e-06  
4.26820466343e-07  8.30449053161e-07  1.19148563748e-06  1.49707669053e-06  1.74199494696e-06  1.92800490104e-06  2.06199978387e-06  2.15364752865e-06  2.21322647755e-06  2.25007152709e-06  2.27174525682e-06  2.28381801751e-06  2.29003254868e-06  2.29262462569e-06  
