3.66360777101  7.21315276863  10.5461749256  13.5811875742  16.2632727376  18.5654089645  20.4860277608  22.0439249485  23.2718474429  24.2099228014  24.8997568603  25.3796427709  25.6810038537  25.8259811033  
2.45838274793  4.84290479389  7.08684645142  9.13648650412  10.954753618  12.5223185947  13.836339615  14.9074687145  15.755890038  16.4071157245  16.8880902737  17.2239333611  17.4354500106  17.537393603  
1.62204099536  3.1968106238  4.68141542279  6.04097431879  7.25095959542  8.29800665355  9.17927827588  9.90071198463  10.4745968941  10.9169235861  11.2448632386  11.4746070914  11.6196748849  11.6897076642  
1.0519885099  2.07411174689  3.03917087434  3.92486824419  4.7152837831  5.40143924142  5.98098141856  6.45716181665  6.83736963967  7.13148521022  7.35027848846  7.50400766034  7.60129986857  7.64833747085  
0.670494894877  1.32238170356  1.93866241493  2.50530878383  3.01217879326  3.45339319908  3.82718092142  4.13528897853  4.3821038397  4.57364290417  4.71655486287  4.81722942829  4.88107434683  4.91198162718  
0.419893949549  0.828362382239  1.21494203321  1.57094951071  1.8900413231  2.16845688641  2.40494499162  2.6004252016  2.75746754  2.87968360353  2.97111319618  3.03566985326  3.07668417565  3.0965623237  
0.258336285387  0.509763372227  0.747940497664  0.967580769531  1.16478803862  1.33720940202  1.48400136572  1.60563724063  1.70360270845  1.78003353289  1.83734550794  1.87789564731  1.90369979192  1.91621913439  
0.156126708902  0.308140618597  0.45226048027  0.585320916364  0.704971860972  0.809771935332  0.899173543072  0.973414380432  1.03334155547  1.08019920602  1.11540896101  1.14036673097  1.15627160529  1.16399531588  
0.0926655047969  0.18292233709  0.268552573922  0.347693189001  0.418952229008  0.481464703412  0.534886412215  0.579333492595  0.615282159137  0.643446086955  0.664648349588  0.679701765321  0.689307267381  0.69397576177  
0.0539787138365  0.106570783687  0.156497680746  0.20268230078  0.24431550002  0.280888823016  0.312192182298  0.338280577061  0.359417760722  0.376006578289  0.388515558913  0.397409772371  0.403091660549  0.405855238916  
0.0307888038064  0.0607948170418  0.0892954595151  0.115680454041  0.139489205217  0.160429524153  0.178376901128  0.193356450591  0.205511791775  0.215066193119  0.222281312793  0.227418065938  0.230702922956  0.23230167465  
0.0170530904273  0.0336764409343  0.0494729854629  0.0641066579263  0.0773228226059  0.0889586615064  0.098943038243  0.107286923002  0.114066626983  0.119402697034  0.123437359186  0.126313000156  0.12815353597  0.129049839593  
0.00888500698909  0.0175476971091  0.0257825007701  0.0334151374651  0.0403131463331  0.0463913015152  0.0516116473764  0.0559786821434  0.0595308159265  0.0623295472817  0.0644478362634  0.0659589615395  0.0669268318974  0.0673983802559  
0.00377100783423  0.00744810732051  0.0109444205918  0.0141862112465  0.0171173213416  0.0197014700897  0.0219222979376  0.0237813703569  0.0252946066358  0.0264877350941  0.0273913942831  0.0280364238658  0.0284497587567  0.0286511979006  
