0.111171105315  0.215065529516  0.305872778093  0.380205686592  0.437297784658  0.478528721425  0.506588821502  0.524624778747  0.535597083911  0.541926863883  0.545393462475  0.547191812758  0.548058679132  0.548402746435  
0.0477131301342  0.0923545938907  0.131458474002  0.163565877575  0.188317253055  0.206265574507  0.218533173709  0.226452747156  0.231291367577  0.234094234381  0.23563524269  0.236437518123  0.236825432105  0.236979740459  
0.0197107155554  0.0381699436041  0.0543686713885  0.0677028330941  0.0780137561709  0.0855165159381  0.0906634309072  0.0939985525837  0.0960437700261  0.0972327598136  0.0978886912029  0.0982312534942  0.0983973386088  0.0984635355254  
0.00784255751838  0.0151929283037  0.0216528980165  0.0269817652991  0.0311131233224  0.0341281218347  0.0362028959059  0.037551642883  0.0383813981283  0.0388652863423  0.0391330299553  0.0392732463201  0.039341390774  0.039368598476  
0.00300743962361  0.0058279841306  0.00830998720005  0.0103610598829  0.0119547074591  0.0131206273673  0.0139251081754  0.0144495262324  0.014773047924  0.0149622300939  0.0150671811221  0.0151222770229  0.0151491099487  0.015159839833  
0.00111231062261  0.00215607285485  0.0030755339999  0.0038365044608  0.00442887020459  0.0048631718395  0.00516352898621  0.00535979188047  0.00548116168768  0.00555230226902  0.00559185847779  0.00561266844671  0.00562282220256  0.00562688794579  
0.000397062246794  0.000769828678593  0.00109849928171  0.00137086543875  0.00158322303859  0.00173920080328  0.00184728696376  0.00191806008838  0.0019619181852  0.00198767867874  0.00200203085046  0.0020095954229  0.00201329240831  0.00201477450324  
0.000136902324881  0.000265478777571  0.000378932747714  0.000473054164409  0.000546538786226  0.000600598461937  0.000638123715566  0.000662738695777  0.000678020353914  0.000687012366406  0.000692030899488  0.000694680328035  0.000695977016723  0.000696497390366  
4.56245771442e-05  8.84889694753e-05  0.000126336769167  0.000157764829796  0.000182330872369  0.000200427584121  0.000213007899323  0.000221272863113  0.000226412088608  0.000229440847897  0.000231133798111  0.000232028829328  0.000232467423944  0.000232643595978  
1.47073829134e-05  2.8529012472e-05  4.07399242848e-05  5.08878080338e-05  5.88280094938e-05  6.46840296615e-05  6.87601683994e-05  7.14416929465e-05  7.31113740349e-05  7.40967277008e-05  7.46482274349e-05  7.49401567116e-05  7.50833669472e-05  7.51409361877e-05  
4.58901143484e-06  8.90272284717e-06  1.27155766343e-05  1.58864490888e-05  1.83696523717e-05  2.02028961214e-05  2.14803513487e-05  2.23217140923e-05  2.28462201378e-05  2.31561203959e-05  2.33297695426e-05  2.34217873112e-05  2.34669704435e-05  2.34851460689e-05  
1.38648059246e-06  2.69006287166e-06  3.84276717396e-06  4.80195861811e-06  5.55369127851e-06  6.10914458388e-06  6.4965681314e-06  6.75199060995e-06  6.91138436716e-06  7.00565696021e-06  7.05853379349e-06  7.08657951834e-06  7.10036184459e-06  7.10590925491e-06  
4.04134673703e-07  7.84174755244e-07  1.12034708144e-06  1.40022528065e-06  1.61970937662e-06  1.78200511196e-06  1.89529651402e-06  1.97005159058e-06  2.01674240963e-06  2.0443813907e-06  2.05989691528e-06  2.06813276554e-06  2.07218282236e-06  2.0738137836e-06  
1.06939809851e-07  2.07517953851e-07  2.96510739774e-07  3.70630197612e-07  4.28784267662e-07  4.7181039609e-07  5.01863865404e-07  5.21707703634e-07  5.34110218151e-07  5.41456903198e-07  5.45583738977e-07  5.47775642791e-07  5.4885409765e-07  5.4928855671e-07  
