3.56695691574  7.0219827074  10.2646113875  13.2150909544  15.8198859481  18.0529508159  19.9132739837  21.4198173517  22.6051653887  23.5090415356  24.1725059418  24.6332664818  24.9222152968  25.061093451  
2.38496484319  4.69768850665  6.87296628656  8.8583948211  10.6179530374  12.1330530208  13.4012758748  14.4333995882  15.249484651  15.8747359465  16.3356831824  16.6570011974  16.8590913192  16.9564029925  
1.56764700031  3.08922272712  4.52295632917  5.83494323907  7.00143391776  8.00961294762  8.85695634953  9.54949480258  10.0994256065  10.5225114826  10.8356160797  11.0546008712  11.1926863482  11.2592882644  
1.01265981884  1.99632223935  2.92460025387  3.7759023614  4.53487118108  5.19292552311  5.74793859431  6.20322913091  6.56611979871  6.84632600182  7.05439518108  7.2003469416  7.29259193856  7.33714955229  
0.642729473976  1.26746369061  1.85777788305  2.40014240879  2.88481253529  3.30618932372  3.66266147905  3.9560233958  4.1906144549  4.37233550157  4.50767800916  4.60286314592  4.66314573248  4.69230265579  
0.400745398209  0.790488008839  1.15915998414  1.49842184952  1.80220412596  2.06693953428  2.29148702207  2.4767987606  2.62541221695  2.74085851621  2.82706894819  2.88784073157  2.92639893698  2.94507028562  
0.245430712816  0.484237196989  0.710345243178  0.918699787092  1.10558937267  1.2687913725  1.40753650705  1.52232001874  1.61460558961  1.68647468486  1.74026990101  1.77826980199  1.80241905926  1.81412529415  
0.147624021367  0.291323035427  0.427491445846  0.553116637902  0.665970239934  0.764696699354  0.848797296002  0.918524144292  0.974709818726  1.01856264017  1.05145596977  1.07473399428  1.08954888303  1.09673705155  
0.0871891263911  0.172090560997  0.252599538877  0.326951441733  0.393832704122  0.452433611207  0.502441430287  0.543981564222  0.577520840742  0.603749837499  0.623460511718  0.637432342287  0.646336021866  0.650659695671  
0.0505328479026  0.0997551939964  0.146459726861  0.189631273866  0.228510019559  0.262622287391  0.291777781692  0.316037318523  0.335658728082  0.351030303532  0.362600976793  0.370814823449  0.376055244143  0.378601923515  
0.0286767259978  0.0566173425065  0.0831429302905  0.107681178682  0.129801730086  0.149233711532  0.165864739304  0.179723485034  0.190949927146  0.199758403553  0.206398549582  0.211118402427  0.214132753464  0.215598604048  
0.0158048009374  0.0312074579211  0.045836715006  0.0593789490354  0.0715973972356  0.0823418391972  0.0915483024776  0.0992298550466  0.105460650498  0.110355951174  0.114050871058  0.116680180072  0.11836088711  0.11917866718  
0.00819849949085  0.0161898617563  0.0237827142826  0.0308151210508  0.0371644513721  0.0427524072304  0.0475449715182  0.0515477939652  0.054798095325  0.0573544648723  0.0592859483502  0.0606616328321  0.061541626303  0.061970001508  
0.00346865149605  0.00685008109442  0.010063664499  0.0130411027097  0.0157305675  0.0180988291957  0.0201312624619  0.021829939247  0.0232102541618  0.0242966532678  0.025118050229  0.0257034377927  0.0260780762299  0.0262605043211  
