0.0952356934365  0.184082047143  0.261467937583  0.324490682575  0.372572675454  0.407013492888  0.430228892879  0.444989189205  0.453860640542  0.458911251038  0.461638391596  0.463032477543  0.463695014207  0.463955065434  
0.0401179519954  0.0775875457238  0.110295519  0.137013947122  0.157473151162  0.172187670075  0.182148671753  0.188509218023  0.192348338894  0.194542887673  0.195732401372  0.196342603671  0.196633480278  0.196747902584  
0.0162554018526  0.0314520735495  0.0447415572418  0.055624887509  0.0639842099816  0.0700169868161  0.0741157244703  0.076742637742  0.07833400134  0.0792468867038  0.079743356225  0.0799988234473  0.080120927534  0.0801690529982  
0.00633972858526  0.0122711875362  0.0174660468045  0.0217293277257  0.0250123460254  0.0273885335574  0.0290079478935  0.0300491415451  0.0306818833579  0.0310459716977  0.0312445594772  0.0313470231821  0.0313961124889  0.0314154934545  
0.00238161038651  0.00461130614297  0.00656656615297  0.00817404668549  0.00941462015503  0.0103147454141  0.0109298243628  0.011326367638  0.0115680097451  0.0117074258057  0.0117836631398  0.0118230921232  0.0118420212612  0.0118495059585  
0.000862427126295  0.00167028715763  0.00237946603944  0.00296338054949  0.00341485283628  0.00374312031088  0.00396794461893  0.00411323136077  0.00420197483202  0.00425329472854  0.00428142080286  0.00429599750444  0.00430300822793  0.00430578398492  
0.0003012701408  0.000583609709028  0.000831684024674  0.00103620110387  0.00119458028967  0.00130994676803  0.00138911379608  0.00144037755738  0.00147175462434  0.00148993653173  0.00149992059963  0.00150510437775  0.00150760150149  0.00150859133577  
0.000101602336891  0.000196858017588  0.000280617324997  0.000349745267354  0.000403350802315  0.000442458730871  0.000469340698936  0.0004867784564  0.000497470611338  0.000503677231825  0.000507091196303  0.000508866553908  0.000509722964222  0.000510062780487  
3.31051513801e-05  6.41528189894e-05  9.1471181403e-05  0.000114038478913  0.000131558686642  0.000144357613988  0.000153168112179  0.00015889198399  0.000162407053661  0.000164450607099  0.000165576324153  0.00016616253584  0.000166445658424  0.000166558098014  
1.04293599008e-05  2.02133500193e-05  2.88269401346e-05  3.59481788927e-05  4.14822874588e-05  4.5529726013e-05  4.8319383436e-05  5.01341062627e-05  5.12500274356e-05  5.18996469728e-05  5.22579549714e-05  5.24447650501e-05  5.25350830196e-05  5.2570979332e-05  
3.17908611443e-06  6.16218449982e-06  8.78968914552e-06  1.09634509285e-05  1.26541856572e-05  1.38919463135e-05  1.47459813409e-05  1.53021759241e-05  1.56445886988e-05  1.58441474492e-05  1.59543385815e-05  1.60118478357e-05  1.60396771472e-05  1.60507449828e-05  
9.38041377849e-07  1.8184387999e-06  2.59420791631e-06  3.23638602329e-06  3.73623354665e-06  4.10247433849e-06  4.35540891055e-06  4.52029420956e-06  4.6219038742e-06  4.68118022045e-06  4.71394203462e-06  4.73105566693e-06  4.73934349871e-06  4.74264144627e-06  
2.67049977615e-07  5.17734058653e-07  7.38702911924e-07  9.21710779765e-07  1.06424589114e-06  1.1687571654e-06  1.24099189876e-06  1.2881198257e-06  1.31718652954e-06  1.33415733344e-06  1.34354452608e-06  1.34845171287e-06  1.35082971114e-06  1.35177642162e-06  
6.91949152171e-08  1.34158272753e-07  1.91436502657e-07  2.38892996652e-07  2.75872180059e-07  3.03001618135e-07  3.2176402706e-07  3.34012973765e-07  3.41572563413e-07  3.45989112736e-07  3.48433575801e-07  3.49712155641e-07  3.50332054541e-07  3.50578931676e-07  
