1.86914999846  3.66838399916  5.33615424419  6.82582698596  8.10920217895  9.17673097889  10.0349921044  10.7024713063  11.2047660666  11.570115841  11.8257989186  11.9955811751  12.0981348178  12.1461965776  
1.14682296229  2.25200027703  3.27867115719  4.19855888716  4.99410915582  5.65877169978  6.19568503915  6.615313231  6.93266121592  7.16460050432  7.32764917593  7.43634807729  7.50221289803  7.5331440502  
0.688412018345  1.35244632304  1.97043177974  2.52557799964  3.00724218804  3.41116256961  3.73877810133  3.99592134374  4.19122916448  4.33457742861  4.43574929368  4.50343469154  4.54456348678  4.56391382572  
0.404220871993  0.794432604972  1.15813716722  1.48557269091  1.77044675837  2.01010128422  2.20516376125  2.35883374337  2.47599144977  2.56230082831  2.62343051306  2.66445529487  2.68944659204  2.70122392839  
0.232145416054  0.456393144992  0.6656767483  0.854439913681  1.01905156036  1.15791248393  1.27127835786  1.36087570473  1.42941070559  1.48006585289  1.51605501889  1.54027512691  1.55506258587  1.5620415707  
0.13039258794  0.25641983463  0.37416632743  0.480536244789  0.573483295849  0.652075719241  0.716407453501  0.767394520625  0.806509200647  0.835503334638  0.856160048604  0.870096255711  0.878622026848  0.882651106061  
0.0716306856586  0.140896585421  0.205672292778  0.264269426809  0.315561304167  0.359020802025  0.394676318249  0.42300550301  0.444794018112  0.460986528219  0.472551269379  0.480370838371  0.485163226275  0.487430677829  
0.0384871619486  0.0757191733542  0.110565972552  0.142126291774  0.169793832395  0.193278511928  0.212584914153  0.227957734498  0.239808125621  0.248635082868  0.254953197863  0.259233713849  0.261861344272  0.263105891559  
0.020226515511  0.0398004518549  0.0581333906348  0.0747544499875  0.0893446741634  0.101748574037  0.111963727756  0.120113249628  0.126408104224  0.131106474341  0.134476060999  0.136763012292  0.138168904944  0.13883542518  
0.0103962558012  0.0204602538164  0.0298920192847  0.0384507951709  0.0459725374434  0.0523760001032  0.0576577899804  0.0618787179093  0.0651448871937  0.0675871235196  0.0693417297812  0.0705344853031  0.071268676954  0.0716170483885  
0.005221936509  0.0102783703833  0.0150197143718  0.0193256081499  0.0231136243741  0.0263423869005  0.0290092564218  0.0311436912927  0.0327979494727  0.0340368972281  0.0349284050662  0.0355353018592  0.0359093059841  0.0360869058047  
0.00255198086121  0.00502366563931  0.00734241119799  0.00944964159599  0.0113050674698  0.012888234053  0.0141974595956  0.0152466807925  0.0160609935119  0.0166717327344  0.017111807074  0.0174117646701  0.0175968045338  0.0176847321269  
0.00118669672982  0.00233627906454  0.00341514402637  0.00439614808144  0.00526055544446  0.00599876656399  0.0066098503882  0.00710011145434  0.00748104863059  0.00776709066381  0.0079734379243  0.00811423274741  0.00820116138491  0.00824249165168  
0.000463001166495  0.00091158274748  0.00133268241194  0.00171573589701  0.00205343337209  0.00234200590201  0.00258104987657  0.00277297710661  0.00292222719028  0.00303439044054  0.00311536897385  0.0031706628839  0.00320482260647  0.00322107032513  
