1.99048543749  3.90769566641  5.68700139334  7.27920394901  8.6542238285  9.80139852038  10.7269475924  11.4496604702  11.995950573  12.3952025244  12.6759792965  12.8632955543  12.976889405  13.0302692763  
1.23145640891  2.41892344557  3.52339038564  4.51479111021  5.37426025957  6.0944709109  6.67831141215  7.13645811623  7.4844856321  7.74006477423  7.92061017925  8.04153412212  8.11509604962  8.14973482006  
0.745717399822  1.46546970522  2.13612968916  2.7396951218  3.26463542862  3.70616305854  4.06554782054  4.34876636163  4.56484165699  4.72419115978  4.83720542198  4.91316468961  4.9595026217  4.98136207177  
0.441913614592  0.868773681286  1.26712416594  1.62640594772  1.93974262314  2.20413034647  2.42008552133  2.59090271018  2.72171636075  2.818546913  2.88746274721  2.93392712039  2.96234295784  2.97576975639  
0.256245040012  0.503924424413  0.735359026318  0.944482685288  1.12729090609  1.28196346214  1.40868511238  1.50924328237  1.58650687685  1.64388649347  1.68485174486  1.71254805221  1.72952387041  1.7375568635  
0.145379469521  0.285978074405  0.417499278087  0.536530128616  0.64079209894  0.729216010518  0.801851775122  0.859653390624  0.904194445403  0.937368745961  0.961118556179  0.977215403479  0.987101282629  0.991785425465  
0.0807005194445  0.158784701211  0.231896419074  0.298155325507  0.356294178656  0.405702711995  0.446382724985  0.478834914386  0.503906324624  0.522627606864  0.536063367905  0.545189825249  0.55080484502  0.55346848309  
0.0438314706627  0.0862595155418  0.126018081386  0.162092759117  0.193794419684  0.220784000675  0.243050441081  0.260852055479  0.274636209788  0.284952609483  0.29237267008  0.297422830718  0.300534892801  0.302012737635  
0.023293878066  0.0458500443325  0.0670020030457  0.0862139190134  0.103119291439  0.117534526124  0.12944823853  0.138991382893  0.146395734537  0.151948607043  0.155950338215  0.158678774046  0.160362530621  0.16116286215  
0.0121112868495  0.0238426990351  0.0348505926001  0.044857884493  0.053673944557  0.0612018165984  0.067433105765  0.0724330197085  0.0763193125209  0.0792391123416  0.081346983075  0.0827864375249  0.0836758884755  0.0840990253173  
0.00615513771073  0.0121188534124  0.0177177901474  0.0228118164313  0.0273040371433  0.0311445299392  0.0343279392222  0.0368861231586  0.0388776875614  0.0403763775235  0.0414600071369  0.0422010603858  0.042659490319  0.0428777438806  
0.003043345234  0.00599274193365  0.00876302722581  0.0112852123144  0.0135113892755  0.0154166045991  0.0169977490475  0.0182700267231  0.0192618801721  0.0200093236286  0.0205505050992  0.0209210594843  0.021150523822  0.0212598423644  
0.00143056825152  0.00281724395447  0.00412020853811  0.00530714923047  0.0063555487024  0.00725357512399  0.00799959019505  0.0086005292096  0.00906955398311  0.0094234175533  0.00967992236322  0.00985573673407  0.00996470092464  0.0100166412011  
0.000562749624197  0.00110830658148  0.00162106567254  0.00208834795214  0.00250129675836  0.00285523026456  0.00314945595572  0.00338664415713  0.00357191523434  0.0037118107605  0.00381329766302  0.00388290962426  0.00392607840952  0.00394666382929  
