0.273657985751  0.531948447714  0.762179810606  0.956201583741  1.11101165068  1.22816075017  1.31238513904  1.37001639824  1.40760934035  1.43101514766  1.4449240009  1.45277321203  1.45687128831  1.45860074135  
0.131189432952  0.255154040014  0.365895212893  0.459507662776  0.534482283225  0.59145769327  0.632604591624  0.660889453349  0.679424238795  0.691015551556  0.697932716015  0.701851353726  0.703903968348  0.704772189535  
0.0608022240561  0.118310287867  0.169777411001  0.213395643756  0.248439930721  0.275166371367  0.294541979532  0.307913816758  0.316711087679  0.322234146597  0.325542300543  0.327422808326  0.328410702109  0.328829419329  
0.0272531481635  0.0530500351892  0.0761721505976  0.0958102823466  0.111630232886  0.12373198547  0.132534148102  0.138629653261  0.142653728622  0.145188714454  0.146712070637  0.14758064035  0.14803811111  0.148232363096  
0.0118185950311  0.0230130487677  0.03305961956  0.0416079305163  0.0485098142323  0.05380326728  0.0576643447047  0.060346075768  0.0621218155055  0.0632437958315  0.0639199780696  0.0643065509053  0.0645106255837  0.0645974209562  
0.00496093157394  0.00966249716946  0.0138865332041  0.0174861981668  0.0203981830056  0.0226365436741  0.0242732130177  0.0254129000849  0.0261695457124  0.0266488788894  0.0269384943532  0.0271044611844  0.0271922556704  0.0272296497421  
0.0020166011871  0.00392867856022  0.00564813673709  0.0071153764316  0.00830428763022  0.00921993233916  0.00989086390678  0.0103591131085  0.0106707038818  0.010868551793  0.0109883616115  0.0110571645002  0.0110936266127  0.0111091768228  
0.000794250849652  0.00154764050011  0.00222567177606  0.00280490514455  0.00327493368801  0.00363753249872  0.00390371409016  0.00408984891263  0.00421396062418  0.00429292693648  0.00434084131717  0.00436840840354  0.00438304118961  0.00438928886579  
0.000303252362396  0.000591004140126  0.000850150071827  0.00107175281396  0.00125179930679  0.0013908958408  0.00149316997435  0.00156481069056  0.0016126644176  0.00164316599311  0.00166170596953  0.00167239042949  0.00167806994147  0.00168049735731  
0.000112302270791  0.000218896462693  0.00031495062342  0.000397159140106  0.000464023457084  0.000515745344978  0.000553828556748  0.000580545092688  0.000598418753283  0.000609829271835  0.000616775780338  0.000620784874609  0.000622918689123  0.000623831502249  
4.03564418029e-05  7.86716807657e-05  0.000113215984971  0.000142802814059  0.000166889856683  0.000185542564324  0.000199293569672  0.000208953039882  0.00021542420422  0.000219561136533  0.00022208307909  0.000223540476012  0.000224317039764  0.000224649507689  
1.40700041699e-05  2.74313868684e-05  3.94831087355e-05  4.98119155957e-05  5.82276047793e-05  6.47508714873e-05  6.95650656633e-05  7.29507262529e-05  7.52216112343e-05  7.66751347258e-05  7.75622971048e-05  7.80755624605e-05  7.83493239884e-05  7.84666114497e-05  
4.72695398584e-06  9.21670758196e-06  1.32679163135e-05  1.67418692972e-05  1.95743469537e-05  2.1771695769e-05  2.33948396318e-05  2.45374736251e-05  2.53046733814e-05  2.5796251755e-05  2.60966006274e-05  2.62705380786e-05  2.63633910664e-05  2.64031962598e-05  
1.41614563575e-06  2.76142660879e-06  3.97565505979e-06  5.01730408084e-06  5.86706204799e-06  6.52669227602e-06  7.01429275467e-06  7.35780615137e-06  7.58863469174e-06  7.73665611371e-06  7.82716781962e-06  7.87962446672e-06  7.9076458166e-06  7.91966392205e-06  
