3.90728861601  7.69523789256  11.2564444228  14.5051071219  17.3828486315  19.8601775527  21.9340779492  23.6228557838  24.959577405  25.9852902074  26.7428778309  27.2720207703  27.6054098751  27.7661441868  
2.64465139918  5.21140810737  7.62977124967  9.84272132102  11.8105424865  13.5120175859  14.9431986464  16.114363695  17.0459416064  17.7641482523  18.2969054885  18.6703940193  18.9063882094  19.0203740807  
1.76096255259  3.47164466148  5.08633388679  6.56768896055  7.88920973431  9.0361235871  10.0047685273  10.8008034821  11.4367005272  11.9289755809  12.2955292257  12.5533444633  12.7166643333  12.7956765412  
1.15313831417  2.27422005959  3.33399356714  4.30836968201  5.17999208951  5.93885738308  6.58201199842  7.11250485539  7.5378587102  7.86833675764  8.11524041032  8.28940467401  8.39998360099  8.4535577664  
0.742431438383  1.46469609448  2.14833577231  2.77804796326  3.34266913855  3.83559100006  4.25461561614  4.60134612868  4.88026423899  5.09765991723  5.26056009155  5.37576494964  5.44905717145  5.48461211478  
0.469888219222  0.927267465046  1.36065950657  1.76049524783  2.11972121588  2.43407016922  2.70199433366  2.92431342499  3.10366383357  3.24384678789  3.34916515779  3.42381792967  3.47139642124  3.49450381703  
0.292302318816  0.576959200071  0.846940193659  1.09635657633  1.32082980057  1.51766275421  1.68581051902  1.8256786717  1.93879811275  2.02743358387  2.09417974685  2.14158767798  2.17185045257  2.18656319399  
0.178692095964  0.352782174486  0.518030708654  0.670872434925  0.808636779089  0.929653695512  1.03324181386  1.11959390125  1.1895871961  1.24455162118  1.2860277339  1.31554045851  1.33440670184  1.34358722315  
0.107324951009  0.211923347497  0.311279493516  0.403270540383  0.486296301226  0.559343239753  0.621980279168  0.674294415804  0.716781497972  0.750210996191  0.775483310332  0.793495130416  0.805023976894  0.810638625397  
0.0632842301507  0.124979989358  0.18361969247  0.237961279908  0.28706341413  0.330323349819  0.367475870364  0.398557507406  0.423844516149  0.443775201988  0.4588672215  0.469638922652  0.476541394355  0.479905408313  
0.0365427558043  0.072177897938  0.106065923248  0.137494540763  0.165921407671  0.190996034527  0.212559834572  0.230626521853  0.245347469785  0.256967899577  0.265779872786  0.272077271976  0.276116666965  0.278086589749  
0.0204824126865  0.0404606769362  0.0594680286443  0.0771075932138  0.0930760099649  0.107175715488  0.119315270137  0.129498860174  0.137807431772  0.144374630391  0.149360817075  0.152928040257  0.155218165882  0.156335628142  
0.0107847013027  0.0213058596688  0.0313192898066  0.0406170217146  0.0490396011385  0.0564825554413  0.0628966849579  0.0682827350051  0.0726816897282  0.0761623108568  0.0788076115009  0.0807017684245  0.0819186390606  0.08251267229  
0.00461193409143  0.00911170837483  0.013395349338  0.0173742061428  0.0209801712568  0.0241684442406  0.0269176891674  0.0292278118023  0.0311158728621  0.0326108180094  0.0337477381001  0.0345622989574  0.0350858410023  0.0353414913479  
