0.119774515761  0.231803071202  0.329882548876  0.410365641406  0.472380285965  0.517342452884  0.548083006394  0.567945525565  0.580099576682  0.587155813366  0.59104668079  0.593079440204  0.594065974406  0.594459624501  
0.0518718065349  0.100444903421  0.143063450861  0.178142777716  0.205272365723  0.225022889381  0.238584775493  0.247386024245  0.252794851911  0.255948096565  0.257693642528  0.258608873059  0.259054426342  0.259232608791  
0.0216303549024  0.0419043212066  0.0597251520337  0.0744307074602  0.0858388243002  0.0941728171645  0.0999165144704  0.103658023945  0.105965961308  0.107316315817  0.108066402201  0.108460936293  0.108653529817  0.108730702659  
0.00869006674718  0.016841588769  0.024017587494  0.0299517153658  0.0345672108174  0.0379488925869  0.040286842439  0.041814737506  0.0427602603988  0.0433152222151  0.0436244167938  0.0437875019963  0.0438673053222  0.0438993387016  
0.00336583728732  0.00652515592688  0.0093099037254  0.0116168434204  0.0134151085296  0.0147359617245  0.0156516047505  0.0162516643479  0.0166240459717  0.0168432110529  0.0169656398326  0.01703037344  0.0170621174419  0.0170748792998  
0.00125768181703  0.00243884753859  0.00348108455191  0.00434580180319  0.0050211149681  0.00551820523625  0.00586359708913  0.00609049252659  0.0062316405979  0.00631491237522  0.00636153656082  0.00638624196578  0.00639837973207  0.00640326605476  
0.000453692119624  0.000879981335455  0.00125647106183  0.00156923759101  0.00181388837143  0.00199430394227  0.00211991190679  0.00220259863257  0.00225414548892  0.00228461967539  0.00230171675148  0.00231079333687  0.00231526002507  0.00231706034258  
0.000158115070068  0.000306739155938  0.000438102174957  0.000547351422273  0.000632925230464  0.000696130647656  0.000740211049632  0.000769281273981  0.000787436944406  0.000798190034829  0.000804233544619  0.000807447265941  0.000809031063641  0.00080967009124  
5.3274082734e-05  0.000103367374378  0.000147672117857  0.00018455335931  0.000213476157074  0.000234867849281  0.00024980897082  0.000259677809784  0.000265851195035  0.000269513325396  0.0002715747086  0.000272672464403  0.000273214149594  0.000273432908748  
1.73658330018e-05  3.36995768115e-05  4.81540534221e-05  6.0196368045e-05  6.9649722607e-05  7.66497741861e-05  8.15452950789e-05  8.47832548705e-05  8.68115505666e-05  8.80164247793e-05  8.86955495876e-05  8.90576626616e-05  8.92365439006e-05  8.93088428852e-05  
5.4802960904e-06  1.06361758259e-05  1.52010707473e-05  1.90068319088e-05  2.19970150791e-05  2.42134442194e-05  2.57652437026e-05  2.67928318358e-05  2.7437300276e-05  2.78205953231e-05  2.80368908944e-05  2.81523472969e-05  2.82094366169e-05  2.82325266377e-05  
1.67490415955e-06  3.25099769353e-06  4.64701754736e-06  5.81158071395e-06  6.7272671259e-06  7.40660035869e-06  7.88268318006e-06  8.1982617635e-06  8.39638807916e-06  8.51434528475e-06  8.58097637518e-06  8.61657706382e-06  8.63419497559e-06  8.64132488723e-06  
4.93825058381e-07  9.58601740101e-07  1.37042244609e-06  1.71413961018e-06  1.98457497471e-06  2.18535620067e-06  2.32618087441e-06  2.41960951982e-06  2.47831788147e-06  2.5133016215e-06  2.53308003236e-06  2.5436560477e-06  2.54889353007e-06  2.551014197e-06  
1.32008303604e-07  2.56268991187e-07  3.66401879864e-07  4.58358226943e-07  5.30745099734e-07  5.84518835351e-07  6.22258830219e-07  6.47313851982e-07  6.63068660413e-07  6.72463221643e-07  6.77778053957e-07  6.80621790647e-07  6.82030832642e-07  6.82601578372e-07  
