1.30789949865  2.56244617  3.71719215553  4.73789429838  5.6051778029  6.31438343404  6.87316529691  7.29780861869  7.60925999013  7.82961999086  7.97950051235  8.07632766327  8.13344760215  8.1597839078  
0.765696111709  1.50099268033  2.17928161404  2.78069953551  3.29368491302  3.7150082386  4.04853911238  4.30324838313  4.49098391209  4.62444962285  4.71563761009  4.7747843127  4.80978916751  4.82596349495  
0.437482103219  0.857989839181  1.24660154304  1.59206559097  1.88768466182  2.13138359545  2.32508325238  2.4736338385  2.58359445592  2.66209785075  2.71594797416  2.75100127867  2.77180706583  2.7814390545  
0.243915485962  0.478550777189  0.695719175973  0.889196902076  1.05521201212  1.19250350672  1.30200712028  1.38629534064  1.44892156546  1.49379783225  1.52468995985  1.54486291568  1.55686753287  1.56243460501  
0.13270326313  0.260441923946  0.378823647654  0.484486691532  0.575363452498  0.650721494478  0.711007947702  0.757560674247  0.792263143071  0.817211419239  0.834439284003  0.845721187339  0.852450419833  0.855575871841  
0.0704534454656  0.138309216479  0.20126351215  0.257543164962  0.306044247264  0.346357517467  0.378692468803  0.403731060918  0.422449902152  0.435946193721  0.44529193258  0.451427589619  0.455094857984  0.456800505275  
0.036503814006  0.0716786115736  0.104343329111  0.1335846376  0.158828100936  0.179852858499  0.196755120898  0.209875491377  0.219709280825  0.226817633142  0.23175213848  0.234999049932  0.236943319651  0.2378487194  
0.0184604804569  0.0362562351378  0.0527955192528  0.067618894542  0.080434901782  0.0911280915467  0.0997417637031  0.106442552226  0.111476151897  0.115122977181  0.117660141587  0.119332969952  0.120336333901  0.120804095512  
0.00911333542288  0.0179016769428  0.0260752852059  0.0334084315246  0.0397568647011  0.0450620172983  0.0493429826265  0.0526795982707  0.0551910574784  0.0570142901286  0.0582852511832  0.059124748812  0.0596290308896  0.0598643584403  
0.00439214101671  0.00862897984423  0.0125718853401  0.0161125348976  0.0191812689482  0.0217492133479  0.0238246158877  0.0254449288258  0.0266666985264  0.0275552642533  0.0281757696534  0.0285862911406  0.0288332193845  0.0289485538924  
0.00206574625  0.00405899511804  0.00591496057499  0.0075828916602  0.00902997459013  0.0102423678341  0.0112235603723  0.0119907435263  0.0125701374387  0.0129921961031  0.0132873937531  0.0134829773962  0.0136007618601  0.0136558205286  
0.000945303013435  0.00185764726774  0.00270755200159  0.00347187256605  0.00413557487445  0.00469222293658  0.00514325911066  0.00549638140359  0.00576343735805  0.00595825016632  0.00609469665175  0.00618521555941  0.0062397858638  0.00626531310591  
0.000413320788042  0.000812309742084  0.00118413742574  0.00151871354284  0.00180945860935  0.00205352195129  0.00225147826272  0.00240663166945  0.00252410673342  0.00260990549874  0.00267006954946  0.00271002588908  0.00273413569786  0.00274542075732  
0.000153775505512  0.00030223979233  0.00044063578982  0.000565217289734  0.000673534917721  0.000764518477305  0.000838366995475  0.000896293372293  0.000940189340728  0.000972276668598  0.000994796083953  0.00100976344085  0.0010188006564  0.00102303254056  
