2.98203833157e-05  5.44636663982e-05  7.14447992681e-05  8.13375257981e-05  8.62835745688e-05  8.84362298634e-05  8.92622559213e-05  8.95448331548e-05  8.96318429263e-05  8.96561580496e-05  8.96623691187e-05  8.96638283357e-05  8.96641450424e-05  8.96642069253e-05  
5.31356948671e-06  9.70872915617e-06  1.2741914967e-05  1.45119690169e-05  1.53983526292e-05  1.57846387451e-05  1.59330067381e-05  1.59837902177e-05  1.59994295941e-05  1.60037990673e-05  1.60049145595e-05  1.60051763939e-05  1.60052331543e-05  1.60052442299e-05  
8.9319956861e-07  1.63250903697e-06  2.14326851259e-06  2.44167924185e-06  2.59127033429e-06  2.65651349878e-06  2.68158405508e-06  2.69016607264e-06  2.69280833332e-06  2.69354611436e-06  2.69373429273e-06  2.69377840994e-06  2.6937879597e-06  2.6937898202e-06  
1.41993271821e-07  2.59576160816e-07  3.40867785097e-07  3.88397747445e-07  4.12238405031e-07  4.22639920179e-07  4.26636988101e-07  4.28004850109e-07  4.28425736329e-07  4.28543150316e-07  4.28573062016e-07  4.28580064368e-07  4.2858157755e-07  4.28581871825e-07  
2.13958932171e-08  3.91186576251e-08  5.1376609612e-08  5.85464269638e-08  6.21435325799e-08  6.37128726667e-08  6.43157405681e-08  6.45219237065e-08  6.4585307503e-08  6.46029684784e-08  6.46074611414e-08  6.46085110943e-08  6.46087375524e-08  6.46087815059e-08  
3.06230080534e-09  5.59925485289e-09  7.3542600516e-09  8.38087308163e-09  8.89587182589e-09  9.12047481088e-09  9.20670240279e-09  9.23616568639e-09  9.24521242095e-09  9.24772952882e-09  9.24836876299e-09  9.24851787015e-09  9.24854996269e-09  9.24855617827e-09  
4.17122107045e-10  7.6269583689e-10  1.00175046562e-09  1.14156525234e-09  1.21167637566e-09  1.24223409109e-09  1.25395497088e-09  1.25795523142e-09  1.25918177005e-09  1.25952246759e-09  1.25960882663e-09  1.25962892853e-09  1.25963324527e-09  1.25963407941e-09  
5.41698548191e-11  9.90448964979e-11  1.30081661411e-10  1.48227004257e-10  1.57320479557e-10  1.61280371e-10  1.62797521383e-10  1.63314594762e-10  1.63472878248e-10  1.635167632e-10  1.63527864034e-10  1.6353044215e-10  1.63530994438e-10  1.635311009e-10  
6.71824963987e-12  1.22828782418e-11  1.61301958223e-11  1.83782022772e-11  1.9503851298e-11  1.99934988769e-11  2.0180844895e-11  2.0244594389e-11  2.02640734791e-11  2.02694631729e-11  2.02708234692e-11  2.02711386292e-11  2.02712059697e-11  2.02712189175e-11  
7.96952450704e-13  1.45690620581e-12  1.91297393871e-12  2.17925979788e-12  2.31246314504e-12  2.37033155484e-12  2.39243894615e-12  2.39994827277e-12  2.40223823211e-12  2.40287045353e-12  2.40302963885e-12  2.40306642549e-12  2.4030742645e-12  2.40307576771e-12  
9.05553005231e-14  1.65521982114e-13  2.17298024778e-13  2.47501986902e-13  2.62593144332e-13  2.69139842981e-13  2.71636630061e-13  2.72483090312e-13  2.72740664105e-13  2.72811609814e-13  2.72829428059e-13  2.72833534692e-13  2.72834407323e-13  2.72834574193e-13  
9.86927822398e-15  1.80367703776e-14  2.36738027986e-14  2.69588840331e-14  2.85980918131e-14  2.93080657265e-14  2.95783371321e-14  2.96697745115e-14  2.96975349806e-14  2.97051623859e-14  2.97070729704e-14  2.97075120767e-14  2.97076051102e-14  2.97076228495e-14  
1.03290187492e-15  1.88735796168e-15  2.47662783538e-15  2.81964882875e-15  2.99056461629e-15  3.06446403884e-15  3.09254028907e-15  3.10201802272e-15  3.10488854332e-15  3.1056751977e-15  3.10587170302e-15  3.10591673418e-15  3.105926246e-15  3.10592805429e-15  
1.03016711863e-16  1.88199173025e-16  2.46895376881e-16  2.81021971024e-16  2.98000128226e-16  3.0532773563e-16  3.08105941582e-16  3.09041644407e-16  3.09324338473e-16  3.09401604031e-16  3.09420850595e-16  3.09425248102e-16  3.09426174119e-16  3.09426349635e-16  
