0.0171830725058  0.0328880707367  0.0460246333434  0.0561047667128  0.0632224035719  0.0678632696266  0.0706675249267  0.0722434396682  0.07306990021  0.0734756613824  0.0736626870721  0.0737437291421  0.0737764642499  0.0737877150645  
0.00592474114023  0.011346074636  0.0158905913523  0.01938800407  0.0218660818878  0.0234878773118  0.0244715857304  0.0250264709496  0.0253185090481  0.0254623662707  0.0255288761236  0.0255577753129  0.025569476179  0.0255735048284  
0.00195233601535  0.00374046143231  0.00524203377815  0.00640042231137  0.00722354406155  0.00776391930675  0.00809273564082  0.00827879878851  0.00837702113021  0.00842554251367  0.00844803403414  0.00845782978144  0.0084618039942  0.00846317441028  
0.000615574454077  0.00117980622692  0.00165430702034  0.00202109293968  0.00228234258181  0.00245429841716  0.00255921449687  0.0026187405086  0.0026502448634  0.00266584540919  0.00267309291489  0.00267625573856  0.00267754113729  0.00267798494943  
0.000185938228665  0.000356476094208  0.000500065504273  0.000611243526001  0.000690589359999  0.000742929184467  0.000774935780266  0.000793136203669  0.000802789767944  0.000807579852386  0.000809809353442  0.000810783956693  0.000811180620525  0.000811317725871  
5.38680615541e-05  0.00010330043653  0.000144963063689  0.000177266114427  0.000200358522158  0.000215619109559  0.000224968947914  0.000230295783359  0.000233126327989  0.000234533257889  0.000235189136218  0.000235476253058  0.00023559325162  0.000235633728086  
1.49854029179e-05  2.87428525544e-05  4.03475504516e-05  4.93556114932e-05  5.58041187311e-05  6.00721360644e-05  6.26912330595e-05  6.41857734779e-05  6.49811538464e-05  6.53770694746e-05  6.55618796302e-05  6.56428770694e-05  6.56759160587e-05  6.56873545092e-05  
4.00741831766e-06  7.6877894776e-06  1.07944066476e-05  1.32082130458e-05  1.49381604512e-05  1.60846111686e-05  1.67890762682e-05  1.71916008017e-05  1.74060945691e-05  1.75129904993e-05  1.75629428735e-05  1.75848566997e-05  1.75938025925e-05  1.75969015667e-05  
1.0313077084e-06  1.97873512617e-06  2.77892221427e-06  3.40115539914e-06  3.84753231989e-06  4.14366492121e-06  4.32583245754e-06  4.43003581225e-06  4.48562135907e-06  4.51335030268e-06  4.52631943744e-06  4.53201329299e-06  4.53433917165e-06  4.53514524966e-06  
2.55675946e-07  4.90615318635e-07  6.89137007127e-07  8.43611513643e-07  9.54516552543e-07  1.02815715983e-06  1.0734988764e-06  1.09945861385e-06  1.11331828827e-06  1.12023765978e-06  1.12347618988e-06  1.12489885399e-06  1.12548027523e-06  1.12568184452e-06  
6.11225275839e-08  1.17299245857e-07  1.64786659459e-07  2.01757855348e-07  2.28318692214e-07  2.45967682776e-07  2.56842512551e-07  2.63073271308e-07  2.66402097184e-07  2.68065025559e-07  2.68843757468e-07  2.69186000638e-07  2.69325917714e-07  2.69374435435e-07  
1.4102924521e-08  2.70668635212e-08  3.80290631668e-08  4.6567428883e-08  5.27048087861e-08  5.67853014346e-08  5.9301080946e-08  6.07433316024e-08  6.1514273804e-08  6.18995817035e-08  6.20800880537e-08  6.21594426107e-08  6.21918915625e-08  6.22031449639e-08  
3.13857156589e-09  6.02405276985e-09  8.46461592212e-09  1.03662216497e-08  1.17336713061e-08  1.26432470815e-08  1.32042936561e-08  1.35260726273e-08  1.36981446743e-08  1.37841730436e-08  1.38244855633e-08  1.3842211052e-08  1.38494599319e-08  1.38519739543e-08  
6.49190325559e-10  1.24609106648e-09  1.75105119433e-09  2.14460288126e-09  2.42769488505e-09  2.61605965681e-09  2.73228564488e-09  2.79896558445e-09  2.83463229696e-09  2.85246781608e-09  2.86082667877e-09  2.86450236338e-09  2.86600555584e-09  2.8665268678e-09  
