1.71179251071  3.35813325368  4.88156025784  6.23882269452  7.40417361021  8.36948294295  9.14173515004  9.73893896921  10.1855405506  10.5082031889  10.7324592622  10.8803915786  10.9692442633  11.0107243924  
1.03816993575  2.03777752538  2.9647838335  3.7932484248  4.50731092503  5.10140051953  5.57893542509  5.95004969635  6.22895259326  6.4314266284  6.57278376223  6.66640224007  6.72281134847  6.74920032961  
0.615623483054  1.20893538533  1.76015545656  2.25405872196  2.681137264  3.03778531599  3.32562888395  3.55027900811  3.71983901993  3.84345476502  3.9301009823  3.9876884271  4.02248592049  4.03879503696  
0.356876479505  0.701088103391  1.02136706734  1.30896991185  1.55834244022  1.76725316341  1.93645101639  2.06899116362  2.16940645392  2.24288567497  2.29457134963  2.32903123813  2.34990663103  2.35970697189  
0.202226382445  0.39740485009  0.57924661498  0.742839077453  0.885017707293  1.00445282173  1.10147669257  1.1777243952  1.23568236833  1.27823261279  1.30825633926  1.32832990729  1.34051780313  1.34624818214  
0.11201171431  0.220180314476  0.32106827808  0.411975337282  0.491141851242  0.557801599486  0.612095485306  0.654883221074  0.687501944215  0.711518748942  0.728512268793  0.739902382371  0.746832036213  0.750094506786  
0.0606464216247  0.119240239297  0.173941715317  0.22329890212  0.266356430321  0.302686077688  0.332344249653  0.35577486631  0.373682740529  0.386902047667  0.396278745911  0.402577626845  0.406416767439  0.408226395805  
0.0320988188871  0.0631241114189  0.0921120096295  0.118298785411  0.141177783239  0.160516424994  0.176335548321  0.188860183428  0.198454408526  0.20555290762  0.210599111671  0.213995714094  0.216069294016  0.217047753947  
0.0166090198292  0.0326683442635  0.0476836946706  0.0612620919636  0.0731410097818  0.0831975127816  0.091438362596  0.0979755096672  0.102993230689  0.10671326091  0.109362979243  0.111149695698  0.112242052835  0.112758001235  
0.00840141641021  0.0165273300594  0.0241296958515  0.0310107263056  0.0370374977476  0.0421467106368  0.0463400243427  0.0496720775321  0.0522342389844  0.0541372185247  0.0554950688478  0.0564121406038  0.0569735510432  0.0572389497922  
0.0041516078393  0.00816817610439  0.0119279896291  0.0153337491744  0.0183197265205  0.020854171909  0.0229371506291  0.0245948006755  0.0258714645657  0.0268212060803  0.0274999492954  0.0279590191703  0.028240380658  0.0283734937097  
0.00199614788688  0.00392782523021  0.00573686792061  0.00737667886559  0.0088156415175  0.0100382987752  0.0110443701651  0.0118460636293  0.0124643595176  0.0129249781783  0.0132546201613  0.0134778562334  0.0136148180273  0.0136796596286  
0.000914277248868  0.00179919893715  0.00262826053786  0.00338019080985  0.00404050495529  0.00460205219469  0.00506458680145  0.00543356403912  0.00571846350428  0.00593096001189  0.00608320943648  0.00618642307934  0.00624980257878  0.00627982552569  
0.000352611840703  0.00069394889394  0.00101382589315  0.00130405853837  0.00155905968219  0.00177605248439  0.00195491060167  0.00209770110157  0.00220804466838  0.00229041502497  0.00234948004154  0.00238955166221  0.00241417319884  0.0024258412085  
