2.07287208834  4.07022668167  5.92537429318  7.5873952437  9.02493996596  10.2265811571  11.1982734232  11.9589827135  12.5356428323  12.9583826955  13.2566079773  13.4561573432  13.5774751338  13.6345825337  
1.28932385067  2.53308295668  3.69081919027  4.73125739174  5.63464005627  6.39310317059  7.00934920189  7.49417881017  7.86353248057  8.13560417156  8.32840074746  8.45791351529  8.53689816596  8.57415383756  
0.785187815753  1.54333570269  2.25032893446  2.88734045431  3.44223112166  3.90984711  4.29133160419  4.59274626846  4.82336389738  4.99395903187  5.11532640509  5.19714140035  5.24717629591  5.27081977602  
0.468075791277  0.920385393947  1.34281805595  1.72426782484  2.05745488737  2.33913266471  2.56973374306  2.75260919649  2.89305924241  2.99734119014  3.07179148515  3.1221354249  3.15300047862  3.16760914962  
0.273107341069  0.537189568004  0.784145451626  1.00755630701  1.20315760653  1.36897270543  1.50513241593  1.61346069466  1.6969334125  1.75911395836  1.80364482989  1.83384042981  1.85239400355  1.86118831979  
0.155953817854  0.306838552847  0.4480928915  0.576082764585  0.68836656384  0.783777040888  0.862330327285  0.925003399942  0.973437005883  1.00962084671  1.03560567375  1.05326904068  1.06414378305  1.06930507132  
0.0871558317904  0.171519319337  0.250572649704  0.322300458908  0.38533593961  0.439008969386  0.48330075752  0.518726073449  0.546173010756  0.566730812163  0.581530357899  0.591612627951  0.597830970987  0.600785713786  
0.0476695908069  0.0938310721085  0.137122227012  0.176448350786  0.211061110147  0.240585862132  0.264999322958  0.284568201902  0.299764302739  0.311172198743  0.319402737314  0.325020885896  0.328491450672  0.330142267458  
0.0255173183184  0.0502362596029  0.0734346021509  0.094529983637  0.113121602508  0.129005257286  0.142162494385  0.152729147608  0.160951167997  0.167136086843  0.171607101666  0.174664391606  0.176555702519  0.177456171981  
0.0133663654697  0.0263185997525  0.0384815925438  0.0495519906766  0.0593198000279  0.0676764348131  0.074609516634  0.0801870170975  0.0845347030214  0.0878111257561  0.0901837626149  0.0918087407642  0.092815277048  0.0932949013956  
0.00684469364605  0.0134791373784  0.0197126804448  0.0253907545154  0.0304058245433  0.0347015802606  0.0382704812298  0.0411459094945  0.043390879219  0.0450854175687  0.0463144387975  0.0471573617428  0.0476800785482  0.0479293459141  
0.00340988430073  0.00671580831574  0.00982341349129  0.0126560350691  0.0151601088015  0.01730728642  0.0190932992865  0.020534164315  0.021660670511  0.0225121745371  0.023130601354  0.0235552744174  0.023818889414  0.0239446825596  
0.00161405963365  0.00317921313917  0.00465103716877  0.00599337544399  0.00718087878551  0.00820001629001  0.00904857014895  0.00973388381565  0.0102702951905  0.010676231973  0.010971388641  0.0111742810581  0.0113003314779  0.0113605140239  
0.000638279961725  0.00125730302374  0.00183956811172  0.00237081391558  0.00284101802199  0.00324479932628  0.0035812270423  0.00385313988848  0.00406614277631  0.00422746705025  0.00434485883962  0.00442561264156  0.00447581164622  0.00449978830335  
