0.0194866273823  0.0373252111678  0.0522929462959  0.0638306754797  0.0720257157267  0.0774072678241  0.0806859750865  0.0825456273114  0.0835308397616  0.0840198771014  0.0842479368023  0.0843479755516  0.0843888797443  0.0844030830816  
0.00681596369881  0.0130626669029  0.0183154070972  0.0223763720532  0.02527082727  0.0271787196424  0.0283455764541  0.0290099137661  0.0293631432985  0.029539072644  0.0296213717283  0.0296575736723  0.0296724120008  0.0296775737412  
0.00227935720635  0.00437030484171  0.00613165940086  0.00749669311478  0.00847242549292  0.00911760399166  0.00951346882674  0.00973957235529  0.00986016232389  0.00992039709094  0.00994864983993  0.00996110767128  0.00996622449578  0.0099680072392  
0.000729626020439  0.00139945716318  0.00196452712986  0.00240333164047  0.00271774384185  0.00292618800613  0.00305443253987  0.00312787971907  0.00316715448771  0.00318682061743  0.00319606589305  0.00320015091219  0.00320183174578  0.00320241814074  
0.000223819596697  0.000429427223323  0.000603087573476  0.000738168804497  0.000835151238035  0.000899589122592  0.000939325357498  0.000962134948762  0.000974359087183  0.000980492916916  0.000983382078461  0.000984660881992  0.000985187855723  0.000985371908377  
6.58727301589e-05  0.000126417389491  0.000177606016379  0.000217478470799  0.000246153184756  0.000265240807128  0.000277034141961  0.000283816913227  0.000287458758683  0.000289289399023  0.000290153077356  0.000290535921941  0.000290693885508  0.000290749108178  
1.86213708489e-05  3.57440775871e-05  5.02329168543e-05  6.15318807614e-05  6.96690716015e-05  7.50941077576e-05  7.84514323281e-05  8.03854962196e-05  8.14255841215e-05  8.1949181255e-05  8.21965475275e-05  8.23063326947e-05  8.23516781158e-05  8.2367542722e-05  
5.0616356122e-06  9.71760828053e-06  1.36601364257e-05  1.67376653045e-05  1.89566188348e-05  2.04379159271e-05  2.1355877705e-05  2.18854124834e-05  2.2170558108e-05  2.23142831419e-05  2.23822611867e-05  2.24124614367e-05  2.24249459521e-05  2.24293165247e-05  
1.32434960639e-06  2.54293058626e-06  3.57538625362e-06  4.3819727116e-06  4.96410642211e-06  5.35314167657e-06  5.59450145441e-06  5.73389026199e-06  5.80903099461e-06  5.8469437508e-06  5.864892122e-06  5.87287247043e-06  5.87617372624e-06  5.87732999431e-06  
3.33879501018e-07  6.41171543709e-07  9.01653847285e-07  1.10528787888e-06  1.25237539572e-06  1.35076151609e-06  1.41185829215e-06  1.44717562756e-06  1.46623133546e-06  1.47585401572e-06  1.48041291112e-06  1.48244123168e-06  1.48328073533e-06  1.48357488091e-06  
8.11851868514e-08  1.5592106392e-07  2.19297748672e-07  2.68870534125e-07  3.04701655343e-07  3.28686707552e-07  3.43592659263e-07  3.52215696892e-07  3.56871682676e-07  3.59224401184e-07  3.60339688016e-07  3.60836139396e-07  3.61041695639e-07  3.61113737274e-07  
1.90564071448e-08  3.66019916637e-08  5.1485674662e-08  6.31328861128e-08  7.15560830226e-08  7.71978992217e-08  8.07062892201e-08  8.27371155188e-08  8.38342797349e-08  8.43889716053e-08  8.46520336085e-08  8.4769172559e-08  8.48176867152e-08  8.48346923091e-08  
4.31468187185e-09  8.28783959974e-09  1.16591065164e-08  1.42982549289e-08  1.62077096006e-08  1.7487266041e-08  1.82833535087e-08  1.87443850939e-08  1.89935675008e-08  1.91195936501e-08  1.91793796985e-08  1.92060079137e-08  1.92170378542e-08  1.92209044476e-08  
9.06913331013e-10  1.74212839286e-09  2.45095855259e-09  3.00600886842e-09  3.40772571468e-09  3.67701798775e-09  3.84462028058e-09  3.94171511204e-09  3.99420948865e-09  4.02076554828e-09  4.03336592493e-09  4.03897869149e-09  4.04130373088e-09  4.04211878472e-09  
