0.780753093914  1.52577804787  2.20448386129  2.79524511585  3.28711815893  3.67937436112  3.97939557716  4.19976895393  4.35537719294  4.46102831413  4.52985802285  4.57247987826  4.59670291883  4.60758166434  
0.427480324446  0.835864422107  1.20871421719  1.53425977334  1.80634883409  2.02427544938  2.19173756979  2.31533705347  2.4030348645  2.46285919022  2.50200776858  2.52634762692  2.54022640685  2.54647339562  
0.227655093212  0.445345319071  0.644456026605  0.818755372886  0.964901838522  1.08238696172  1.17302707611  1.2402050728  1.28807103199  1.32085894399  1.34239988923  1.35584053622  1.36352719551  1.36699396991  
0.117925741492  0.23077823421  0.334156300609  0.424849430209  0.501100607778  0.562590238123  0.610192519618  0.645600391256  0.670922252643  0.688330869916  0.699807961115  0.706992020777  0.711111429235  0.712972661687  
0.0594230179371  0.116327216449  0.168521155225  0.214395216313  0.253053723656  0.284312210185  0.30858275325  0.326692536492  0.339685461019  0.348646734297  0.354573008293  0.358293080212  0.360431247703  0.36139886581  
0.0291331053496  0.0570469767199  0.0826783017499  0.105241586925  0.124293699535  0.139734620535  0.15175450722  0.160747886663  0.167218482354  0.171693950467  0.174661814443  0.176529532819  0.177605300782  0.178092834539  
0.0138994157939  0.0272235261948  0.039469586139  0.0502644125449  0.0593950498138  0.0668099335059  0.0725949373502  0.0769337168558  0.0800631816279  0.0822331535981  0.0836756698562  0.0845855153539  0.0851105585963  0.0853488125425  
0.00645492968387  0.0126452416489  0.0183392974047  0.0233644500144  0.0276212234143  0.0310841574448  0.0337911925703  0.0358257642242  0.037296484226  0.0383185539723  0.0389994672515  0.0394298091632  0.0396785661889  0.0397915773811  
0.00291869994896  0.00571874940496  0.00829613347532  0.0105730558761  0.0125043225954  0.0140778374946  0.0153099971  0.0162377934438  0.0169097703997  0.0173776817173  0.0176900141075  0.0178877662012  0.0180022491038  0.0180543129399  
0.00128529270558  0.00251871928788  0.0036547542294  0.00465924518619  0.00551221236331  0.00620810834219  0.00675386316172  0.00716548263138  0.00746412170907  0.00767243633966  0.00781172793225  0.00790006212472  0.00795127014724  0.00797457985249  
0.000551240552548  0.00108038009472  0.00156799841519  0.00199948908626  0.00236625530726  0.0026658362883  0.00290109565342  0.00307879080007  0.00320791000833  0.00329811776239  0.00335852927708  0.00339689554402  0.00341916383044  0.00342930871387  
0.000229876034502  0.000450587668378  0.000654074592114  0.000834260899  0.000987551934083  0.00111289223046  0.0012114366354  0.00128596392441  0.00134019110516  0.0013781288503  0.00140357031456  0.00141974842953  0.00142914858208  0.00143343423437  
9.19810353747e-05  0.000180312672902  0.000261782666239  0.00033396507519  0.000395418421605  0.000445710585246  0.000485290397696  0.000515256443541  0.000537085328865  0.000552375077821  0.000562640584694  0.000569175548097  0.000572976159587  0.000574710011256  
3.18875180313e-05  6.25143445931e-05  9.07701698326e-05  0.000115815327173  0.000137149318657  0.000154619870914  0.000168379220446  0.000178804831377  0.000186405866032  0.000191734566672  0.000195315349803  0.00019759670916  0.000198924417325  0.0001995304078  
