4.10410043067  8.08469695594  11.8304773862  15.2522151385  18.2887656096  20.9086339062  23.1075927259  24.9034820815  26.3295365844  27.427447343  28.2410312959  28.8110000326  29.170995178  29.3448382092  
2.79626272672  5.51142216817  8.07196795931  10.4182415173  12.5083951637  14.3196684136  15.8471803402  17.1008503769  18.1012374589  18.8750538245  19.4509407727  19.8558737428  20.1123598802  20.2364419818  
1.87496553499  3.69723756873  5.41883886652  7.000443494  8.41394817305  9.64341982309  10.6844950889  11.5425635297  12.2301953707  12.7642801592  13.1632598468  13.4447153838  13.6234411081  13.7100435923  
1.23686323538  2.4398974349  3.57818738802  4.62618620174  5.56536012488  6.38485352239  7.08119786836  7.65724446831  8.12058843227  8.48176765341  8.75248143263  8.94400418865  9.06589507676  9.12504245003  
0.802516475856  1.58359394034  2.32358016889  3.00612637452  3.61922398135  4.1556531096  4.61284636191  4.99226522237  5.29844352172  5.53786859421  5.71785313874  5.84551289311  5.92692142735  5.96647509453  
0.512042600537  1.01068349644  1.48360661156  1.92050870405  2.31374338851  2.65861436444  2.95331471848  3.19856489966  3.39703802156  3.55267394595  3.66997619987  3.75336530427  3.80663678297  3.83254895331  
0.321225397059  0.634192717203  0.931296545355  1.20614437311  1.45395080978  1.67172436581  1.85824237188  2.01384237943  2.14008059312  2.23931699337  2.31428403661  2.36768490718  2.40185287935  2.41848957911  
0.198104495496  0.391195705404  0.574648131756  0.744558334388  0.897982654157  1.03305347398  1.14897015668  1.24587987109  1.324676914  1.38675521299  1.43374789253  1.46728204309  1.488768731  1.49924024067  
0.120069571882  0.237142528856  0.348449730103  0.451646273885  0.544952672406  0.627225684452  0.697955955878  0.757200586408  0.805466674228  0.843565766507  0.87245909137  0.89311046398  0.906359264047  0.912821254303  
0.0714615090414  0.141161233586  0.207468940764  0.269000074125  0.324698242002  0.373877480057  0.416222362375  0.451750264029  0.480744691575  0.503670984648  0.52108586551  0.533550784698  0.541556548892  0.545464097167  
0.0416533587856  0.0822907648249  0.12097104482  0.156892837076  0.189441886492  0.218215695611  0.243024307686  0.26386948045  0.280907139849  0.294399425695  0.304662837483  0.312018216566  0.316746972367  0.319056502713  
0.0235593224788  0.0465492567672  0.0684418158641  0.0887864911414  0.107236622576  0.12356333568  0.137656309559  0.149512541184  0.159215729399  0.166909718784  0.172769596598  0.17697365401  0.179678721664  0.181000599003  
0.0125040929689  0.0247081806283  0.0363338607841  0.0471431887648  0.0569525127383  0.0656398638042  0.0731454939992  0.0794661356319  0.0846443166893  0.0887545044707  0.0918879474062  0.0941379044443  0.0955865999972  0.0962948371717  
0.00537767559457  0.0106269507589  0.0156286116498  0.0202806568777  0.0245042018463  0.0282466542085  0.0314819811026  0.034208302437  0.0364433682303  0.0382186670884  0.0395729594462  0.040545957685  0.0411727299438  0.0414792342389  
