2.32673367503  4.57122252363  6.66058108986  8.53868523984  10.1703031488  11.5416132171  12.6576564996  13.537803901  14.2104329729  14.7078057845  15.0617799124  15.30061406  15.4468400968  15.516001467  
1.46955160785  2.88876145553  4.21277179638  5.40661205911  6.44776837523  7.32667710879  8.04539267375  8.61500397315  9.05247733707  9.37752201737  9.60988638716  9.76728050359  9.86394258053  9.90975279959  
0.909515203036  1.78869441235  2.61038729345  3.35321717667  4.0031433589  4.55383969758  5.0060027046  5.3658934276  5.64349295306  5.85062175829  5.99927650646  6.10031871188  6.16254370677  6.19208615154  
0.551469085699  1.08496062637  1.58432729769  2.03675270587  2.43368146462  2.77108075826  3.04908383002  3.27117587425  3.44313264171  3.57191345611  3.66466137023  3.72789762162  3.76693615072  3.78549999375  
0.327530607617  0.644592605572  0.941755390536  1.21148383994  1.44868091396  1.65085693097  1.81794753036  1.95186445835  2.05589422565  2.13405866746  2.1905269583  2.22913316844  2.253018713  2.26439312594  
0.190529759396  0.375073133633  0.548224046824  0.705639015662  0.844347483699  0.962856307949  1.06105774382  1.1399847155  1.20147552452  1.24781133251  1.28137768034  1.30438242639  1.31864324926  1.32544299304  
0.108551493804  0.213742868613  0.312533448258  0.402468802129  0.481854782754  0.549819632862  0.606267984256  0.651749338113  0.687274163945  0.714112190499  0.733601584517  0.746987816897  0.755300570968  0.759268730367  
0.0605711503867  0.119291732329  0.174484166403  0.224788941351  0.269260321965  0.307402098091  0.339144858159  0.364776324314  0.384842173389  0.400035892741  0.41109339708  0.418703022664  0.42343595102  0.425697567564  
0.0331009579267  0.0652021832264  0.0953960350814  0.122944465518  0.147330628731  0.168278876251  0.185743669568  0.199873236315  0.210956999579  0.219366560515  0.225498676978  0.229726082316  0.232359078407  0.233618405277  
0.0177118105117  0.0348940799198  0.0510654249373  0.0658332663233  0.0789211105256  0.0901794390246  0.0995803709639  0.107199004527  0.11318604487  0.117736784529  0.121060877406  0.123356046182  0.124787368775  0.125472516117  
0.00926876249375  0.0182628762113  0.0267323914874  0.0344729559487  0.0413399351585  0.0472541885958  0.0521995376713  0.0562133539839  0.0593725795721  0.0617777537241  0.063537333406  0.064753953444  0.0655135199782  0.0658773782698  
0.00471784194303  0.00929696608763  0.0136110097331  0.017556440777  0.0210596754896  0.0240800490225  0.0266086369982  0.0286636164071  0.0302832999128  0.0315181205769  0.032422714181  0.0330489373503  0.0334402896085  0.0336278819214  
0.00227775370885  0.00448895990786  0.00657295172418  0.00847993721516  0.0101744079736  0.0116365842204  0.0128618880531  0.013858762403  0.0146453668044  0.0152457533819  0.0156860700252  0.0159911952422  0.0161820356747  0.0162735627671  
0.000914209456292  0.00180182628783  0.00263859507132  0.0034045847577  0.00408554901571  0.0046735090567  0.00516655360814  0.00556797952763  0.0058849817568  0.00612713118664  0.00630485803154  0.00642810294782  0.0065052299249  0.0065422337331  
