0.000175121031699  0.000324669791897  0.000434313617429  0.000503936553341  0.000542619123947  0.00056161814636  0.000569947015668  0.000573234582706  0.00057441213221  0.000574797514884  0.000574913460568  0.0005749456981  0.000574954004769  0.000574955914163  
3.71037719829e-05  6.88225628469e-05  9.21198735521e-05  0.000106946322781  0.000115202948246  0.000119267053836  0.000121052112992  0.000121757829634  0.000122010915929  0.000122093816829  0.000122118771329  0.000122125711053  0.000122127499042  0.000122127909906  
7.43535563366e-06  1.37966901524e-05  1.84755627057e-05  2.14582573785e-05  2.31221854962e-05  2.39425450914e-05  2.43033716876e-05  2.44461811298e-05  2.44974365077e-05  2.45142337082e-05  2.45192907956e-05  2.452069698e-05  2.45210591397e-05  2.45211423152e-05  
1.41238448601e-06  2.62148645018e-06  3.51173602202e-06  4.07997462324e-06  4.39738209265e-06  4.55405520402e-06  4.62303221887e-06  4.65035126001e-06  4.66016035554e-06  4.66337538405e-06  4.66434318915e-06  4.66461219202e-06  4.66468142939e-06  4.66469731873e-06  
2.54842113763e-07  4.73103286609e-07  6.33930893341e-07  7.36680131832e-07  7.94126061968e-07  8.22503684546e-07  8.35004520087e-07  8.39957309814e-07  8.41735805885e-07  8.42318629939e-07  8.4249400255e-07  8.42542716157e-07  8.42555243602e-07  8.42558115807e-07  
4.37618416929e-08  8.12539890568e-08  1.08895397248e-07  1.2656595744e-07  1.36451151452e-07  1.4133653262e-07  1.43489191607e-07  1.44342102522e-07  1.4464831499e-07  1.44748619904e-07  1.44778782112e-07  1.44787153075e-07  1.44789303523e-07  1.44789796011e-07  
7.16487588612e-09  1.33045668122e-08  1.78326979982e-08  2.07285373625e-08  2.23490211209e-08  2.31500202891e-08  2.35029614092e-08  2.36427697977e-08  2.36929416909e-08  2.37093655073e-08  2.37142999566e-08  2.3715667966e-08  2.37160189649e-08  2.37160992471e-08  
1.1203161363e-09  2.08045197487e-09  2.7887038184e-09  3.24172417154e-09  3.49524955552e-09  3.62055713329e-09  3.67575678179e-09  3.69761270079e-09  3.7054507699e-09  3.70801435507e-09  3.70878375675e-09  3.70899679858e-09  3.70905138366e-09  3.70906385099e-09  
1.67561065064e-10  3.1117166966e-10  4.17112742187e-10  4.84875499297e-10  5.22793062998e-10  5.41528895524e-10  5.4977842512e-10  5.53042611832e-10  5.54212227822e-10  5.54594372246e-10  5.54708923372e-10  5.54740597399e-10  5.54748700306e-10  5.54750548174e-10  
2.4007306656e-11  4.45827853844e-11  5.9760251969e-11  6.9466589779e-11  7.48962658511e-11  7.75779202356e-11  7.87579027124e-11  7.9224407164e-11  7.93913920362e-11  7.94458844081e-11  7.94621964036e-11  7.94666998044e-11  7.94678499385e-11  7.94681117924e-11  
3.29949743614e-12  6.12713054542e-12  8.21257854494e-12  9.54587359013e-12  1.02913724022e-11  1.06593330175e-11  1.08211109187e-11  1.08850054691e-11  1.09078493977e-11  1.09152939681e-11  1.09175190708e-11  1.09181323473e-11  1.09182886914e-11  1.09183242239e-11  
4.35555750293e-13  8.0877716547e-13  1.08396608035e-12  1.25983016578e-12  1.35810468576e-12  1.40657301247e-12  1.42786211341e-12  1.43626064986e-12  1.43925936757e-12  1.44023515848e-12  1.44052633161e-12  1.44060644008e-12  1.44062682328e-12  1.44063144718e-12  
5.52815782304e-14  1.02643817325e-13  1.37553875819e-13  1.5985212919e-13  1.72303739443e-13  1.78439235312e-13  1.81131227112e-13  1.82191861426e-13  1.82570015082e-13  1.82692869204e-13  1.82729463961e-13  1.82739512895e-13  1.82742064648e-13  1.82742642382e-13  
6.6669739929e-15  1.23777597294e-14  1.65854460968e-14  1.92714422674e-14  2.07701425256e-14  2.15078917582e-14  2.18312034121e-14  2.19584145071e-14  2.20037008622e-14  2.20183888256e-14  2.20227560087e-14  2.20239529042e-14  2.20242562115e-14  2.20243247463e-14  
