0.0310692252758  0.0596749561635  0.0839508121004  0.102977560925  0.116786574725  0.126094600425  0.131939711926  0.135369776408  0.137256334288  0.138231541457  0.138706437514  0.138924398432  0.139017617063  0.139051219492  
0.0114661899322  0.0220353935023  0.0310243287403  0.0380906332266  0.0432373009684  0.0467198406311  0.0489154724639  0.0502090246153  0.0509232014084  0.0512937057958  0.0514747321334  0.0515580686925  0.0515938041768  0.0516067108835  
0.00405226675652  0.00779104614655  0.0109764945354  0.0134867796788  0.0153205044179  0.0165653282348  0.017352791598  0.0178182837855  0.0180761226858  0.0182102995575  0.0182760463978  0.0183063927424  0.0183194352113  0.0183241537979  
0.00137282345517  0.00264042587542  0.00372201956469  0.00457611091059  0.00520154726753  0.0056272806241  0.00589736210968  0.00605747163048  0.00614640453014  0.0061928072528  0.00621560102546  0.00622614561493  0.00623068647293  0.00623233170187  
0.000446294900031  0.000858648085262  0.00121092400032  0.00148957746908  0.001694052038  0.00183355706338  0.00192227133301  0.0019749908859  0.00200434373895  0.00201969409457  0.00202725049275  0.00203075294709  0.00203226377715  0.00203281186557  
0.000139370587408  0.000268210724781  0.000378392484205  0.000465672072579  0.000529828722366  0.000573685212186  0.000601631567019  0.000618273433009  0.000627558014768  0.000632422919215  0.000634822089114  0.000635935975358  0.000636417160173  0.000636591908543  
4.18511773416e-05  8.05575422994e-05  0.00011368696815  0.000139961760058  0.000159303881053  0.000172547542157  0.0001810013457  0.000186044390201  0.000188862797309  0.000190342023302  0.000191072647713  0.000191412341836  0.000191559265449  0.00019161267107  
1.20967221603e-05  2.32886707928e-05  3.28749608144e-05  4.04855037037e-05  4.6094908999e-05  4.99410262577e-05  5.2399718506e-05  5.38686193335e-05  5.4690748603e-05  5.51228446565e-05  5.53365470565e-05  5.54360237134e-05  5.54790934238e-05  5.54947608195e-05  
3.36880552501e-06  6.48662575713e-06  9.15876637723e-06  1.12819839131e-05  1.28485467493e-05  1.39239253864e-05  1.46122314525e-05  1.50239657094e-05  1.52546946184e-05  1.53761048912e-05  1.5436217064e-05  1.54642266436e-05  1.5476364115e-05  1.54807821026e-05  
9.04782543029e-07  1.74237825049e-06  2.46060882384e-06  3.03170619144e-06  3.45344521507e-06  3.74323608598e-06  3.92891298493e-06  4.04009970196e-06  4.10247150431e-06  4.13532413749e-06  4.15160486617e-06  4.15919717822e-06  4.16248946814e-06  4.16368845234e-06  
2.34567852204e-07  4.51765503282e-07  6.38089968607e-07  7.86333860775e-07  8.95888065163e-07  9.71228430105e-07  1.01954315882e-06  1.04850043745e-06  1.06475843292e-06  1.073328858e-06  1.07757926385e-06  1.07956270063e-06  1.08042326477e-06  1.08073678863e-06  
5.8747095322e-08  1.13153924873e-07  1.5984379644e-07  1.97009881052e-07  2.24492889831e-07  2.43405880242e-07  2.5554328092e-07  2.6282308741e-07  2.66913200563e-07  2.69070733901e-07  2.70141378604e-07  2.70641251736e-07  2.70858226923e-07  2.70937299666e-07  
1.41950397801e-08  2.7343349023e-08  3.86300356514e-08  4.76181655235e-08  5.42679045472e-08  5.8846621828e-08  6.17867400841e-08  6.35512109874e-08  6.45431278352e-08  6.50666367176e-08  6.53265408944e-08  6.54479352662e-08  6.55006441598e-08  6.55198569893e-08  
3.16897976762e-09  6.10462588355e-09  8.62519144509e-09  1.06330718857e-08  1.21191427531e-08  1.31428217911e-08  1.38004461012e-08  1.41952840994e-08  1.44173393521e-08  1.45345789602e-08  1.45928034891e-08  1.46200059151e-08  1.46318194583e-08  1.46361261372e-08  
