4.91287117577e-18  5.77749991194e-18  5.85431630353e-18  5.85866091654e-18  5.85883400438e-18  5.85883913335e-18  5.85883925005e-18  5.85883925213e-18  5.85883925216e-18  5.85883925216e-18  5.85883925216e-18  5.85883925216e-18  5.85883925216e-18  5.85883925216e-18  
6.33591719293e-20  7.39252627729e-20  7.48070312279e-20  7.48535656252e-20  7.48552837876e-20  7.4855330618e-20  7.48553315896e-20  7.48553316052e-20  7.48553316054e-20  7.48553316054e-20  7.48553316054e-20  7.48553316054e-20  7.48553316054e-20  7.48553316054e-20  
7.2146768821e-22  8.34916597763e-22  8.43760429435e-22  8.44193178465e-22  8.44207878882e-22  8.44208244278e-22  8.4420825112e-22  8.44208251218e-22  8.44208251219e-22  8.44208251219e-22  8.44208251219e-22  8.44208251219e-22  8.44208251219e-22  8.44208251219e-22  
7.24590072397e-24  8.31438298421e-24  8.39169815258e-24  8.39518044943e-24  8.39528835261e-24  8.39529077346e-24  8.39529081385e-24  8.39529081436e-24  8.39529081436e-24  8.39529081436e-24  8.39529081436e-24  8.39529081436e-24  8.39529081436e-24  8.39529081436e-24  
6.40513694053e-26  7.28532741051e-26  7.3440172515e-26  7.34642960521e-26  7.34649709089e-26  7.34649844034e-26  7.34649846009e-26  7.3464984603e-26  7.3464984603e-26  7.3464984603e-26  7.3464984603e-26  7.3464984603e-26  7.3464984603e-26  7.3464984603e-26  
4.96740267034e-28  5.59894630639e-28  5.63741888214e-28  5.63884722769e-28  5.63888284958e-28  5.63888347439e-28  5.63888348224e-28  5.63888348231e-28  5.63888348231e-28  5.63888348231e-28  5.63888348231e-28  5.63888348231e-28  5.63888348231e-28  5.63888348231e-28  
3.36463003993e-30  3.75702874863e-30  3.77864420676e-30  3.77935995534e-30  3.7793756169e-30  3.7793758529e-30  3.77937585538e-30  3.7793758554e-30  3.7793758554e-30  3.7793758554e-30  3.7793758554e-30  3.7793758554e-30  3.7793758554e-30  3.7793758554e-30  
1.97842202043e-32  2.18791426318e-32  2.19821820645e-32  2.19851770191e-32  2.19852333344e-32  2.19852340432e-32  2.19852340491e-32  2.19852340492e-32  2.19852340492e-32  2.19852340492e-32  2.19852340492e-32  2.19852340492e-32  2.19852340492e-32  2.19852340492e-32  
1.00183275479e-34  1.0969426234e-34  1.10105350899e-34  1.1011562357e-34  1.10115784925e-34  1.10115786553e-34  1.10115786563e-34  1.10115786563e-34  1.10115786563e-34  1.10115786563e-34  1.10115786563e-34  1.10115786563e-34  1.10115786563e-34  1.10115786563e-34  
4.32297418376e-37  4.68511792138e-37  4.69858998085e-37  4.69887132757e-37  4.69887487094e-37  4.6988748978e-37  4.69887489791e-37  4.69887489791e-37  4.69887489791e-37  4.69887489791e-37  4.69887489791e-37  4.69887489791e-37  4.69887489791e-37  4.69887489791e-37  
1.56742900015e-39  1.68091240678e-39  1.68444444308e-39  1.68450361339e-39  1.68450417349e-39  1.68450417633e-39  1.68450417634e-39  1.68450417634e-39  1.68450417634e-39  1.68450417634e-39  1.68450417634e-39  1.68450417634e-39  1.68450417634e-39  1.68450417634e-39  
4.68537567628e-42  4.97037206159e-42  4.97749534721e-42  4.97758507902e-42  4.97758564644e-42  4.97758564788e-42  4.97758564788e-42  4.97758564788e-42  4.97758564788e-42  4.97758564788e-42  4.97758564788e-42  4.97758564788e-42  4.97758564788e-42  4.97758564788e-42  
1.1242290304e-44  1.17937514627e-44  1.18041271737e-44  1.18042145249e-44  1.18042148017e-44  1.18042148017e-44  1.18042148017e-44  1.18042148017e-44  1.18042148017e-44  1.18042148017e-44  1.18042148017e-44  1.18042148017e-44  1.18042148017e-44  1.18042148017e-44  
2.08152156464e-47  2.15870522012e-47  2.15967681403e-47  2.15968091358e-47  2.15968091358e-47  2.15968091358e-47  2.15968091358e-47  2.15968091358e-47  2.15968091358e-47  2.15968091358e-47  2.15968091358e-47  2.15968091358e-47  2.15968091358e-47  2.15968091358e-47  
