4.25264967433  8.37870650255  12.263955033  15.8166165295  18.9734731099  21.7015133152  23.9955722124  25.8730989234  27.3674046599  28.5206103201  29.3771811469  29.978555881  30.3590518845  30.5430063297  
2.91135910856  5.73922125831  8.40782632277  10.8555380861  13.0389023862  14.9339837258  16.53517485  17.8520925828  18.9053555374  19.7220093203  20.3311979059  20.7604604671  21.0328279877  21.1647430213  
1.96204214859  3.86957957004  5.67293271919  7.33127930173  8.81530056731  10.108174497  11.2049883494  12.1109029471  12.8385339277  13.4050233421  13.8291937369  14.1290528255  14.3197914777  14.4123188597  
1.30122632849  2.56728462451  3.76600121596  4.87072303276  5.86201783863  6.72837295247  7.46591386082  8.07732295602  8.57022911923  8.95535711128  9.24468778045  9.4498111983  9.58057979025  9.64410569401  
0.849019753098  1.67563288293  2.45927776342  3.18280627558  3.83356062714  4.40384622576  4.89080241335  5.29576875208  5.62330362801  5.88002956306  6.07346285194  6.21094745468  6.29876896342  6.34148551095  
0.544899701025  1.07571390323  1.57948388178  2.04534154717  2.4651817719  2.8339728547  3.14970073016  3.4129997918  3.62656061759  3.79441871472  3.92122159018  4.01155113346  4.06935276976  4.09749919067  
0.343936014716  0.679141229259  0.99756595682  1.29242721515  1.55862250848  1.79292852726  1.99397945798  2.16205343513  2.29871881734  2.40640178673  2.48793441024  2.54613149354  2.58342999106  2.60161063255  
0.213464123008  0.421595186064  0.619467167592  0.802912504003  0.968773054047  1.11502442114  1.24076918356  1.34611437033  1.43196255623  1.49975250703  1.55118478063  1.58796201836  1.61156545609  1.62308091202  
0.130233128658  0.257258003166  0.378106587556  0.490259181837  0.591794361949  0.681465148046  0.758698161244  0.823523971209  0.876455193291  0.918333088489  0.950163550293  0.972960426711  0.987609562207  0.99476216659  
0.078035141112  0.154171584648  0.226650431137  0.293974050052  0.35499423952  0.408957940822  0.455508329794  0.494645642477  0.526656979894  0.552026929174  0.57134113059  0.585193421728  0.594104683783  0.598458797886  
0.0457945296943  0.0904868383682  0.13305468183  0.172625454659  0.208527059351  0.240314732563  0.267772445503  0.290891171521  0.309829117249  0.324860565952  0.336320252739  0.344549438358  0.349848491826  0.352439273361  
0.0260713970586  0.0515210646885  0.0757718287918  0.098329957417  0.118813699904  0.136968543648  0.152668356487  0.165903600723  0.176759368023  0.185386879715  0.191972295401  0.196706302379  0.199757240186  0.201249686825  
0.013916922188  0.0275043967137  0.0404563536212  0.0525105358059  0.0634635545441  0.0731790220396  0.0815882998932  0.0886844486986  0.0945107842771  0.099145927729  0.102687359761  0.105235315672  0.106878496414  0.107682644946  
0.00600970089961  0.0118778289157  0.0174727918124  0.0226817111797  0.0274168727492  0.0316192340362  0.0352587857048  0.0383320062092  0.0408569993924  0.0428671136001  0.0444038988124  0.0455101896783  0.0462239527621  0.0465733567319  
