8.77369571244e-07  1.54668807183e-06  1.94559464111e-06  2.13703232798e-06  2.21310525345e-06  2.23872977314e-06  2.24618749333e-06  2.24809222386e-06  2.24852460579e-06  2.2486127681e-06  2.2486290576e-06  2.24863180536e-06  2.2486322311e-06  2.24863229107e-06  
1.12599749475e-07  1.9853602842e-07  2.49775947251e-07  2.74369461209e-07  2.84138973687e-07  2.8742689109e-07  2.88382477225e-07  2.88626082291e-07  2.88681254171e-07  2.88692473261e-07  2.88694539835e-07  2.88694887252e-07  2.88694940884e-07  2.8869494841e-07  
1.35764603088e-08  2.39393676709e-08  3.01181242613e-08  3.30825354826e-08  3.42590881434e-08  3.46545152697e-08  3.47692293477e-08  3.47984065461e-08  3.48049969417e-08  3.48063330157e-08  3.48065782953e-08  3.48066193791e-08  3.48066256966e-08  3.48066265795e-08  
1.54218049023e-09  2.71918431838e-09  3.42066384239e-09  3.75693130869e-09  3.89021740026e-09  3.93493340986e-09  3.94787669039e-09  3.95116010715e-09  3.95189952308e-09  3.95204892576e-09  3.95207625388e-09  3.95208081342e-09  3.95208151163e-09  3.95208160881e-09  
1.6545537034e-10  2.91690835697e-10  3.66869377913e-10  4.02863631767e-10  4.17106411131e-10  4.21874422363e-10  4.23251001977e-10  4.23599179732e-10  4.23677330516e-10  4.23693064499e-10  4.23695931348e-10  4.23696407694e-10  4.23696480321e-10  4.23696490385e-10  
1.68045002273e-11  2.96192004466e-11  3.72430733009e-11  4.08876298811e-11  4.2326842199e-11  4.280745272e-11  4.29458124494e-11  4.29806948438e-11  4.29884966692e-11  4.299006138e-11  4.29903453158e-11  4.29903922895e-11  4.2990399419e-11  4.29904004024e-11  
1.61914895018e-12  2.85307052691e-12  3.5862422527e-12  3.9360936372e-12  4.07392801078e-12  4.11982984357e-12  4.13300279958e-12  4.13631234651e-12  4.13704976747e-12  4.13719706399e-12  4.13722367807e-12  4.13722806118e-12  4.13722872331e-12  4.1372288142e-12  
1.48288205948e-13  2.61207870776e-13  3.28203813992e-13  3.60106656027e-13  3.72643466271e-13  3.76805978375e-13  3.77996513471e-13  3.7829451527e-13  3.78360650321e-13  3.78373804467e-13  3.78376170578e-13  3.78376558433e-13  3.78376616738e-13  3.78376624703e-13  
1.29318328246e-14  2.27705058923e-14  2.85982027456e-14  3.13669748572e-14  3.24519773967e-14  3.28110633348e-14  3.29133986456e-14  3.29389142201e-14  3.29445532052e-14  3.29456698316e-14  3.29458697535e-14  3.29459023662e-14  3.29459072442e-14  3.29459079072e-14  
1.07562852464e-15  1.89316868761e-15  2.37653969132e-15  2.60562472633e-15  2.69512787337e-15  2.72464797223e-15  2.73302906971e-15  2.73511021962e-15  2.73556815637e-15  2.73565842073e-15  2.73567450425e-15  2.73567711483e-15  2.73567750329e-15  2.73567755582e-15  
8.54623133694e-17  1.50348637051e-16  1.88637508502e-16  2.06735873429e-16  2.1378441915e-16  2.16100808065e-16  2.16755856397e-16  2.16917822627e-16  2.16953300919e-16  2.16960260941e-16  2.16961494966e-16  2.16961694239e-16  2.16961723734e-16  2.16961727702e-16  
6.49546235264e-18  1.14213606425e-17  1.43220120476e-17  1.56892517341e-17  1.62199540624e-17  1.6393703211e-17  1.64426351367e-17  1.64546806049e-17  1.6457306834e-17  1.64578195244e-17  1.64579099637e-17  1.64579244913e-17  1.645792663e-17  1.64579269161e-17  
4.72857220572e-19  8.31011747562e-19  1.04144728433e-18  1.140345421e-18  1.17859918593e-18  1.19107413213e-18  1.19457237871e-18  1.19542961106e-18  1.19561561287e-18  1.19565174187e-18  1.1956580819e-18  1.19565909485e-18  1.19565924314e-18  1.19565926287e-18  
3.28707274814e-20  5.77358504571e-20  7.23118651374e-20  7.91412564705e-20  8.17733433561e-20  8.26282342418e-20  8.28669162832e-20  8.29251322935e-20  8.2937702178e-20  8.29401313013e-20  8.29405553191e-20  8.29406226953e-20  8.29406325039e-20  8.29406338016e-20  
