3.04548141861  5.99094877815  8.74705169938  11.2436452655  13.4347596766  15.2995683895  16.839875415  18.0752341611  19.0369717694  19.7622176037  20.2886826206  20.650555775  20.8755726045  20.9831140437  
1.99368955131  3.92408029204  5.73430843272  7.37917945637  8.82834916103  10.0671454925  11.0952618237  11.9239194396  12.5722347743  13.0634656077  13.4216279817  13.6687557967  13.8228814175  13.8966830888  
1.28149506922  2.52345925377  3.69022214887  4.75315156953  5.69264978912  6.49876511641  7.17051808663  7.71426316896  8.14150674024  8.46658699831  8.7045287377  8.86926155892  8.97227307797  9.02168345233  
0.80855977605  1.59278755076  2.33064786156  3.00431001993  3.60137806048  4.11531331891  4.54509044744  4.89425882323  5.1696479271  5.37995670156  5.53442061185  5.64168098629  5.70891221017  5.7412093732  
0.50067388235  0.986599971192  1.44438247602  1.86310949516  2.23509754531  2.55616926918  2.82547984884  3.04498398469  3.21867751973  3.35175353342  3.44979006061  3.51804871752  3.56092366217  3.58154832287  
0.304217259765  0.599638629685  0.878254664488  1.13350479682  1.36072024  1.55729966771  1.72262275705  1.85775045079  1.96498658241  2.04738113134  2.10824449063  2.15072167089  2.17745276739  2.19032716312  
0.181366469101  0.357573542219  0.523913267288  0.676511301373  0.812585843508  0.930555336785  1.02999603341  1.11147525666  1.17630149389  1.22623673476  1.26321135339  1.28907092659  1.30537178513  1.31323122529  
0.106081762942  0.209188484652  0.306600599599  0.396071187286  0.475974732953  0.545371372337  0.603986398222  0.652118592188  0.690499801977  0.720131086927  0.742118407848  0.757525097101  0.767251437445  0.771945536637  
0.0608664127978  0.120047132848  0.175998873092  0.227442226141  0.273445635338  0.313462773629  0.347322821098  0.375180702632  0.397439362066  0.414657983985  0.427459028045  0.436443957668  0.442123816173  0.444867399019  
0.0342430807715  0.0675482471726  0.0990556928239  0.12805054153  0.154009393665  0.176621564871  0.195784562915  0.211577443135  0.224218463524  0.234014564069  0.241309743663  0.246437878057  0.249683540907  0.251252537854  
0.018856295811  0.0372011247418  0.0545650854279  0.0705569183518  0.0848887975278  0.097388108315  0.107995388565  0.116750287268  0.12376890358  0.129216506284  0.133279446898  0.136139306369  0.137951280278  0.138827819529  
0.0100916360067  0.0199118308017  0.0292112301612  0.0377815480772  0.0454689449056  0.0521803616657  0.0578826073146  0.0625951258018  0.0663781659126  0.0693184296182  0.0715142013141  0.0730615772374  0.0740428861114  0.0745178785208  
0.00509921331753  0.0100621998244  0.0147637220818  0.0190989914296  0.0229903630894  0.0263905472806  0.029282222195  0.0316744915649  0.0335970270167  0.0350929178418  0.0362112240725  0.0370000473961  0.0375006779382  0.0377431217959  
0.00211669582977  0.00417710399336  0.00612945105815  0.00793036777262  0.00954764995487  0.010961593953  0.0121648562385  0.0131610139549  0.0139621668127  0.0145859975395  0.0150526997758  0.0153821103911  0.0155912796316  0.0156926092283  
