3.4229580924  6.73720389773  9.84527925654  12.6700423638  15.1600287924  17.2906424804  19.0616823217  20.4923263288  21.6148775248  22.4684142122  23.0931411659  23.5258563073  23.7966296946  23.9265851059  
2.27608540673  4.48236386125  6.55590528089  8.44628016073  10.1190334729  11.556673237  12.7573931717  13.7321343627  14.5007441085  15.0879390728  15.5196017889  15.8197186977  16.00806924  16.0986359137  
1.48737366636  2.93047106629  4.28919863638  5.53110726764  6.63360210133  7.58467568173  8.38225554293  9.03249236989  9.54742598132  9.94245882112  10.2339770745  10.4373343923  10.5652925354  10.6269228301  
0.954917435667  1.88212891031  2.75645414034  3.55734871707  4.2702859113  4.88726569133  5.40648593487  5.83135151902  6.16907160153  6.42910218203  6.62164700677  6.75636017435  6.84132218875  6.882304553  
0.602183709858  1.18727917219  1.73970911971  2.24667927089  2.69902821084  3.09156506079  3.42290642144  3.69490703989  3.91182642525  4.07938308972  4.20382698984  4.29112248012  4.34629242445  4.37293956378  
0.372940108941  0.735499566946  1.07819183361  1.39318180552  1.6748000627  1.91975914934  2.12707423887  2.2977387947  2.43423538907  2.53996997606  2.6187080901  2.67407071787  2.70912376665  2.72607446764  
0.226800522849  0.447393754944  0.656095055249  0.848187354825  1.02022727026  1.1701796524  1.29737985513  1.40235072041  1.48651906517  1.55188239533  1.60067215729  1.63504875491  1.65685015148  1.66740386193  
0.135424317405  0.267196715565  0.391966754793  0.506943188962  0.610073205986  0.700124013897  0.776665381953  0.839967452042  0.890838600819  0.930432107246  0.960048486231  0.98095449436  0.994232380553  1.00066607302  
0.0793808288905  0.15664879452  0.229862477812  0.297398969871  0.358057081072  0.41110566382  0.456275802718  0.493704408759  0.523842784238  0.547346236568  0.564960058008  0.577414132894  0.585334372841  0.589175308745  
0.045651109882  0.0901010468943  0.132244645876  0.1711553465  0.206143597357  0.236784839192  0.262916158939  0.284605548258  0.302101106687  0.315769050152  0.326029109849  0.333294331812  0.337920101001  0.34016507343  
0.0257036799249  0.050737849259  0.0744858110384  0.0964292303147  0.116180545422  0.133498794766  0.14828826375  0.160581982303  0.170513988016  0.178285157417  0.184127326446  0.188269620804  0.190909758581  0.192191926494  
0.0140583803551  0.0277537471651  0.0407514027063  0.0527694355189  0.0635962242597  0.0730991180186  0.0812239320138  0.0879862877599  0.0934568408258  0.0977429370847  0.100969226002  0.103259360649  0.104720314391  0.105430230245  
0.00724312420708  0.0143005216742  0.0210008226569  0.0271994415076  0.0327875022066  0.0376963176265  0.041897223037  0.0453972619434  0.0482317375816  0.0504549042593  0.052130078929  0.0533202634623  0.0540800729047  0.0544494575327  
0.00304944230809  0.00602105874919  0.00884300317861  0.0114545905572  0.0138100284123  0.0158803040889  0.0176531402238  0.0191312193734  0.0203290935483  0.0212693053492  0.0219782534081  0.0224822591886  0.0228041717808  0.0229607204159  
