3.37523526743  6.64283668203  9.70635293075  12.4895142272  14.9415455147  17.0383298305  18.7799293734  20.1855852353  21.2874964632  22.1245159099  22.7365534542  23.1600952553  23.4249307085  23.5519732914  
2.24013798585  4.41128150444  6.45125901285  8.31029794703  9.95446258875  11.3666218239  12.5451676387  13.5010885238  14.2541533203  14.8289087219  15.2510149847  15.5442235835  15.7281024443  15.8164755824  
1.46097676745  2.87827400843  4.21235526991  5.43125391671  6.51275645901  7.44512041934  8.22641887038  8.86283722249  9.36635757493  9.7522574439  10.0367596789  10.23504529  10.3597206372  10.419740614  
0.936009549685  1.84474066606  2.7014121944  3.48582537032  4.18372665847  4.78730581904  5.29486493789  5.70983370139  6.03937984303  6.29286979059  6.48039020902  6.61147145978  6.69408267349  6.73391191064  
0.58896560082  1.16114189414  1.7012306905  2.19667937936  2.63851754636  3.02168698505  3.34487711652  3.6099599844  3.82116608007  3.98415123403  4.10508349123  4.18984064842  4.24336766592  4.26920892056  
0.36391737839  0.717658209326  1.05192649131  1.3590521138  1.63349604615  1.87206139001  2.07381300535  2.23975612861  2.3723534824  2.47496818843  2.55130982336  2.60494024952  2.63887216494  2.65527293904  
0.220784234032  0.435497303872  0.638581645741  0.825430225679  0.99268661103  1.13837603207  1.26186695873  1.36369005976  1.44525888734  1.50854235537  1.55573456709  1.58895647504  1.6100105408  1.62019768431  
0.131504369163  0.259445534714  0.380555873397  0.492115845854  0.59212929877  0.679402778301  0.753527620828  0.814779052016  0.863956786029  0.902195451124  0.930771210079  0.950925096096  0.963716211735  0.969911146645  
0.076884882477  0.151713403731  0.222596888502  0.287958094146  0.346631910953  0.397912237463  0.441543884228  0.477666988837  0.506727324941  0.529368310414  0.546319718024  0.55829504101  0.565905443151  0.569594408513  
0.0440989001385  0.0870317746043  0.127726266937  0.165284221662  0.199038527483  0.228580200122  0.253754858457  0.274632494134  0.291457760218  0.304589469668  0.314437693478  0.321405276388  0.325838425525  0.327988922605  
0.0247633694987  0.0488785256358  0.0717486512624  0.0928726220104  0.111876471561  0.128528672837  0.142738677297  0.154540722429  0.164066752981  0.171513155422  0.177105908346  0.181067952901  0.183591443552  0.184816400005  
0.0135088268417  0.0266670901195  0.0391517132622  0.0506908451554  0.061080810877  0.0701944730643  0.0779806647773  0.0844557110284  0.0896890414471  0.0937853747031  0.0968659340308  0.0990507553664  0.100443558351  0.101120049159  
0.00694381954973  0.0137086944755  0.0201295855344  0.0260673871332  0.0314175514996  0.0361143941981  0.0401308934493  0.0434744748411  0.0461797725937  0.0482996087131  0.0498954327055  0.0510282751785  0.0517509780851  0.0521021638173  
0.00291851885414  0.00576217895874  0.00846190367504  0.010959405345  0.0132107848951  0.0151883430729  0.0168805209793  0.0182901679751  0.0194315430163  0.0203265617343  0.0210008054584  0.0214797329843  0.0217854174956  0.0219340071569  
