0.000237198952485  0.000440818258066  0.00059159777429  0.000688692409347  0.000743583580459  0.000771091418391  0.000783423186332  0.000788410089433  0.000790242906522  0.000790859182323  0.000791049883991  0.000791104469458  0.000791118957038  0.000791122380508  
5.18068465007e-05  9.63266905638e-05  0.000129354683698  0.00015067187666  0.000162752396235  0.000168820370188  0.000171546282123  0.000172650561332  0.000173056982954  0.000173193783693  0.000173236145454  0.000173248275479  0.000173251495188  0.000173252255907  
1.07072996259e-05  1.99160716159e-05  2.67575894649e-05  3.11811129921e-05  3.36925899114e-05  3.49563087328e-05  3.55248857808e-05  3.57555110429e-05  3.58404726234e-05  3.5869089143e-05  3.58779536206e-05  3.58804920593e-05  3.58811657081e-05  3.58813248099e-05  
2.09861963629e-06  3.90465949106e-06  5.24789856769e-06  6.11756498293e-06  6.61201061742e-06  6.86112684221e-06  6.9733335709e-06  7.01888552547e-06  7.03567647566e-06  7.04133367821e-06  7.04308615669e-06  7.04358788551e-06  7.04372097306e-06  7.04375238686e-06  
3.90868308538e-07  7.27401997373e-07  9.77903384744e-07  1.14024921381e-06  1.23264354053e-06  1.27923667003e-06  1.30023829679e-06  1.30876845719e-06  1.31191356047e-06  1.31297321016e-06  1.31330138714e-06  1.31339529855e-06  1.31342019227e-06  1.31342606353e-06  
6.93097631517e-08  1.2900530419e-07  1.73466430433e-07  2.02301213629e-07  2.18722951327e-07  2.27008958618e-07  2.30745331509e-07  2.32263210774e-07  2.32822839229e-07  2.3301133992e-07  2.33069690849e-07  2.33086376954e-07  2.33090796131e-07  2.3309183741e-07  
1.17218365736e-08  2.18201045006e-08  2.93443022864e-08  3.42262757928e-08  3.70077645466e-08  3.84116458797e-08  3.90447689249e-08  3.93019517339e-08  3.93967455958e-08  3.94286593256e-08  3.94385313786e-08  3.94413518724e-08  3.94420980591e-08  3.94422736856e-08  
1.89388563955e-09  3.52569900273e-09  4.74185493444e-09  5.53113892938e-09  5.98091160652e-09  6.20793325271e-09  6.31030325556e-09  6.35187439337e-09  6.36718914038e-09  6.37234144298e-09  6.37393380808e-09  6.37438826554e-09  6.37450834818e-09  6.3745365761e-09  
2.92780004252e-10  5.4506491544e-10  7.33107655952e-10  8.55156094212e-10  9.24703719217e-10  9.59801994613e-10  9.75623473963e-10  9.82045062065e-10  9.844091027e-10  9.85203724585e-10  9.8544904756e-10  9.85518975694e-10  9.85537427511e-10  9.85541759011e-10  
4.3369870886e-11  8.07416217464e-11  1.08596717454e-10  1.26674505282e-10  1.36973849952e-10  1.42169765302e-10  1.44510749329e-10  1.45460240708e-10  1.45809479445e-10  1.45926744969e-10  1.45962904023e-10  1.45973196759e-10  1.45975908572e-10  1.45976544209e-10  
6.16429605422e-12  1.14758351555e-11  1.54343629497e-11  1.80028732956e-11  1.94657014231e-11  2.02033069328e-11  2.05354032982e-11  2.06699842792e-11  2.07194342769e-11  2.07360183853e-11  2.07411251634e-11  2.07425766185e-11  2.07429584053e-11  2.0743047751e-11  
8.41742254936e-13  1.56697405678e-12  2.1073599914e-12  2.45787597946e-12  2.65740628912e-12  2.75795015525e-12  2.8031810871e-12  2.82149239208e-12  2.82821274791e-12  2.83046355289e-12  2.83115561596e-12  2.83135199406e-12  2.83140355847e-12  2.83141560506e-12  
1.10537178346e-13  2.05761694403e-13  2.76696011603e-13  3.226868928e-13  3.48851255416e-13  3.62025247106e-13  3.67946052961e-13  3.70340321111e-13  3.71217891067e-13  3.71511382144e-13  3.71601478245e-13  3.71626999215e-13  3.71633688038e-13  3.71635247902e-13  
1.37831669285e-14  2.56550229099e-14  3.44956295794e-14  4.02246027779e-14  4.34815924328e-14  4.51200933495e-14  4.58557192557e-14  4.61528330447e-14  4.62615848307e-14  4.62979000955e-14  4.63090296901e-14  4.63121766677e-14  4.63129999043e-14  4.63131915377e-14  
