3.09209748485  6.08308524382  8.88259326807  11.4195999216  13.6474516022  15.544858936  17.1133883312  18.3725626768  19.3538492073  20.0946390145  20.6329714233  21.0033755952  21.2338897437  21.3441199725  
2.02831730603  3.99252174555  5.83499197969  7.50988214387  8.98634004929  10.2493498592  11.2984285257  12.1447747836  12.8076092807  13.3103843741  13.6773601799  13.9308234479  14.0890314859  14.1648298741  
1.30655118086  2.57298231397  3.76307473702  4.84772488698  5.80696743606  6.63060195371  7.31752137854  7.8740639552  8.31181158106  8.64524336822  8.8895608364  9.05887664653  9.16484126135  9.21569597582  
0.826231248483  1.62771488051  2.38202868172  3.07100945787  3.68200196129  4.20829211007  4.64876460929  5.00695746179  5.28975349533  5.5059511257  5.66491054479  5.77540226515  5.84471558439  5.87803106916  
0.512828493756  1.01062326311  1.47972244892  1.90898540983  2.29055030974  2.62011914626  2.89678526646  3.12249559674  3.30128273329  3.4384082391  3.53953599968  3.61001654028  3.65432310032  3.67564792998  
0.312374320436  0.615760813603  0.901971433412  1.16429207605  1.39793424965  1.60021566815  1.77047453279  1.90976660379  2.02042042252  2.10553197373  2.16846930936  2.21243714609  2.2401286819  2.25347279665  
0.186710160675  0.368135155181  0.53945000277  0.696679760076  0.836964199668  0.958668732112  1.06134245388  1.14554931678  1.21261402336  1.26432873237  1.30266162015  1.32949740321  1.34642722076  1.35459425781  
0.109500138937  0.215944759849  0.316539415494  0.408972818573  0.491569279631  0.563355012149  0.624037947325  0.67391472571  0.713727587209  0.744496911015  0.767352859977  0.783383821656  0.793512359701  0.798403152503  
0.0630021274444  0.124268268589  0.1822083405  0.235502713043  0.283188478436  0.324698117671  0.359849970228  0.388797633462  0.411950556405  0.429880007482  0.443223579966  0.45259840237  0.458529447467  0.461395869768  
0.0355457652166  0.070122930835  0.102843139921  0.132966977323  0.159951918686  0.183474354705  0.203425184935  0.21988266131  0.23306901745  0.243298572204  0.250924563242  0.256290428292  0.259689242883  0.261333135014  
0.0196302517652  0.0387308007181  0.0568152785728  0.0734778436494  0.0884193062936  0.101459373522  0.112534659505  0.121684339688  0.129026879878  0.134731937768  0.138991358622  0.141992408574  0.143895337691  0.14481635543  
0.0105355953915  0.0207892861884  0.0305019831329  0.0394570338972  0.0474940796993  0.0545156574558  0.0604863267422  0.0654252619609  0.0693940720262  0.0724819792285  0.0747904219425  0.0764187598746  0.077452222958  0.0779527190349  
0.00533709074791  0.0105323469821  0.0154553140122  0.0199967196528  0.024075425798  0.0276417830863  0.0306772650989  0.0331908321255  0.0352128857678  0.0367878670151  0.0379665270702  0.0387987173055  0.0393272832047  0.0395833873372  
0.0022195533491  0.00438039386878  0.00642849185332  0.00831853914926  0.0100168209731  0.0115026134512  0.0127680523784  0.0138166531761  0.0146608315651  0.0153188551394  0.015811649178  0.0161598074442  0.0163810529818  0.0164882877603  
