3.80948316823  7.50172840087  10.9713022232  14.1341252526  16.9332041429  19.3400403777  21.3522061974  22.9882161032  24.2810233951  25.271322983  26.0015022177  26.5106997316  26.8311098172  26.9854555477  
2.56969273864  5.06310157641  7.41123763169  9.55840108134  11.4659368771  13.1133887864  14.4972595037  15.6279866914  16.5259123409  17.2169819106  17.7287366315  18.086941681  18.3129906635  18.4220813185  
1.70490229201  3.36072902914  4.92289724766  6.35505277239  7.63148885549  8.73800194155  9.67126699474  10.4370621803  11.0477944042  11.5197771359  11.8706260849  12.1170132977  12.2728968945  12.3482488708  
1.11220139159  2.19322622073  3.21464773394  4.15309767882  4.9917991499  5.7211642754  6.33848547678  6.84689862964  7.25387875395  7.56954104743  7.8049787381  7.97079961609  8.07594955781  8.12685153611  
0.713228688816  1.4069184758  2.06319972948  2.66728427655  3.20842194816  3.68030086117  4.08089850808  4.41187997492  4.67769279963  4.88452125541  5.03924363882  5.14849794152  5.21791824984  5.25156743165  
0.449528318852  0.886985504151  1.30130374212  1.68327257978  2.02612675898  2.3258056883  2.58088385963  2.79222411257  2.96243893861  3.09525578645  3.19487381295  3.26537884296  3.31025853093  3.33203758856  
0.278424028816  0.549501134726  0.806480681107  1.04371845067  1.25703237398  1.44386619593  1.60325831371  1.73564365441  1.84253677077  1.92615204949  1.98901339385  2.03359468703  2.06201829615  2.07582582122  
0.169440432103  0.334477887982  0.491059409303  0.635782753189  0.766108335074  0.880460004782  0.978211913673  1.05957636365  1.12541965568  1.17703810078  1.21592504334  1.24355390916  1.26119443701  1.26977168342  
0.101293484991  0.199990205829  0.293696121634  0.380394679794  0.458571097816  0.527273050361  0.586105644468  0.635168590964  0.674950581083  0.706199143363  0.729783868741  0.746567847318  0.757297827581  0.762519294236  
0.0594418537647  0.11737793892  0.172418187433  0.22338826755  0.269401254155  0.309893394988  0.344622516351  0.373633236156  0.397197232876  0.41573881458  0.429755991896  0.439745690641  0.446139382312  0.449252991182  
0.0341584030927  0.0674605242891  0.0991149729757  0.128451493114  0.15496151021  0.178318730568  0.198378861442  0.215160626358  0.228812547996  0.239571149853  0.247716290646  0.253528549012  0.257252312714  0.25906689423  
0.0190565507797  0.0376396565072  0.0553113304274  0.0716998391605  0.0865220175513  0.0995947708429  0.110835204448  0.12025049557  0.127919879551  0.133971793851  0.138559295456  0.141836470926  0.143937896329  0.144962489064  
0.00999254135595  0.0197386006679  0.029009983064  0.0376126880506  0.0453984821752  0.0522709308025  0.0581855802313  0.0631448351643  0.0671887263627  0.0703831189646  0.0728069650111  0.0745400150404  0.0756520741338  0.0761945245792  
0.00426056445199  0.00841653757961  0.0123710394025  0.0160416159733  0.0193651371124  0.0223003676201  0.024828076259  0.0269489041252  0.0286794881561  0.0300474882148  0.0310861928493  0.0318293037009  0.0323063630083  0.0325391371598  
