1.20579123224  2.3614581338  3.42347572254  4.35996086483  5.1531648611  5.79925529503  6.305952953  6.68897392097  6.96823861322  7.16456388627  7.29721118241  7.38235142604  7.43229449115  7.45523135632  
0.698464275138  1.36865548487  1.98589064706  2.53186065001  2.99607469241  3.37584744409  3.67509196525  3.90240379487  4.06895453369  4.18660232589  4.26644966091  4.31790622282  4.34818893766  4.36212665738  
0.394639075343  0.77365934697  1.12336630178  1.43349898851  1.69804243432  1.91526809841  2.08712423751  2.21822151459  2.31468769538  2.38311620473  2.42974381793  2.45989994603  2.47769884293  2.48590671262  
0.217471229322  0.426499276748  0.619655137941  0.791326658282  0.938163085323  1.05911726587  1.15514165134  1.22866062989  1.28296110836  1.32162200707  1.34805888203  1.36521126423  1.37536138087  1.3800501743  
0.116881505724  0.2292993926  0.333314815097  0.425932061422  0.505335542635  0.570920705802  0.623144562625  0.663256213228  0.692979524689  0.71421111336  0.728775083011  0.738251093558  0.743871677932  0.746472111224  
0.0612711072969  0.1202354085  0.174852384999  0.223561354806  0.265404657424  0.300047232076  0.327704234123  0.349006016851  0.364836466  0.376176944385  0.383977692016  0.389066083254  0.392090484118  0.393491708573  
0.031331189973  0.0614972846479  0.0894655886833  0.114442503361  0.135935992827  0.153766962232  0.168034769327  0.179050892362  0.187258353491  0.193152991923  0.197217769504  0.199875201499  0.201457649499  0.202191722905  
0.0156304337744  0.0306858649322  0.044655755181  0.0571461913649  0.0679107996699  0.0768569691084  0.084029697377  0.0895796530741  0.0937238911203  0.0967070680749  0.0987687270271  0.100119304797  0.100924889929  0.101299007067  
0.00760866071248  0.014940052551  0.0217476290274  0.027840509736  0.0330984158221  0.0374749157186  0.0409899922557  0.0437149778474  0.0457538212059  0.0472244249454  0.048242756331  0.0489110656963  0.049310292255  0.0494958812415  
0.00361440790744  0.00709819287463  0.0103350582882  0.0132346991546  0.0157398474224  0.0178278980777  0.0195075516848  0.0208118554864  0.0217894670788  0.0224958826977  0.0229859082588  0.0233080234657  0.023500703463  0.023590355825  
0.00167505430232  0.00329001452386  0.00479131897489  0.00613727050574  0.00730128055332  0.00827265500436  0.00905510670303  0.00966360957697  0.0101204161581  0.0104510315991  0.010680733664  0.0108319461422  0.0109225060823  0.0109646770172  
0.000755244437588  0.0014835666971  0.00216094853977  0.00276865100944  0.00329466856373  0.00373409542217  0.00408848110613  0.00436444272943  0.00457189544066  0.00472225293931  0.0048268625214  0.00489581546552  0.00493715499389  0.0049564193815  
0.000325620899812  0.000639696661758  0.000931919424986  0.0011942324049  0.00142145367539  0.00161143826747  0.00176480957595  0.00188437201516  0.00197435748851  0.00203965533318  0.00208513922253  0.00211515246809  0.00213316272556  0.00214156071308  
0.00011982097469  0.000235410004444  0.000342986578281  0.000439591965102  0.000523317902452  0.000593367304252  0.000649957830692  0.000694108628378  0.000727365530617  0.00075151924037  0.000768358102565  0.000779478256978  0.000786155588723  0.000789270534031  
