0.0681931762783  0.131567843843  0.186350423037  0.230468311562  0.263638556409  0.286977926554  0.302385448594  0.311952408777  0.317553419026  0.320652098864  0.322274716803  0.323078113022  0.323448280284  0.323590041444  
0.0276007988356  0.0532809185531  0.0755280749233  0.0934986254416  0.107059033837  0.116638792327  0.122989431132  0.12694935437  0.129277257052  0.130570206429  0.131249755791  0.131587352991  0.131743356857  0.13180322864  
0.0107301428686  0.0207230331828  0.0293956692627  0.0364187424959  0.0417343825932  0.0455023141291  0.0480090546428  0.0495777616838  0.0505032214876  0.0510189880227  0.0512909368561  0.0514264394009  0.0514892161239  0.0515133541822  
0.00400989627189  0.00774719709687  0.0109955833769  0.0136316280017  0.0156318916895  0.0170538080079  0.0180026513442  0.0185982674494  0.0189507257743  0.0191477344287  0.0192519023307  0.019303939713  0.0193281023292  0.0193374083698  
0.00144165203178  0.00278617492801  0.00395626936908  0.00490746385707  0.00563079564493  0.00614623370228  0.00649107472164  0.00670811519043  0.0068368884911  0.00690905146631  0.00694730044185  0.0069664509332  0.00697536063522  0.00697879710192  
0.000499058172669  0.000964747419837  0.00137044802632  0.00170074021782  0.00195236768084  0.00213204491371  0.00225251953388  0.00232851816737  0.00237371189214  0.00239909409135  0.00241257604556  0.00241933944729  0.00242249150269  0.00242370878333  
0.000166483604638  0.000321907078153  0.000457429756652  0.000567901341246  0.000652192780392  0.000712488088069  0.000752993110385  0.000778594841456  0.000793849191286  0.000802432955794  0.00080700065786  0.00080929601519  0.000810367353893  0.000810781544107  
5.35655980821e-05  0.000103592144828  0.000147246056626  0.000182868677615  0.000210085199724  0.000229583057728  0.000242702582187  0.000251008926933  0.000255966499232  0.000258760798108  0.00026025009679  0.00026099960274  0.000261349880269  0.000261485429534  
1.66362253679e-05  3.21784519088e-05  4.57495234466e-05  5.68339232607e-05  6.53122256408e-05  7.13938990334e-05  7.54917840586e-05  7.80900305076e-05  7.96430326495e-05  8.05196219932e-05  8.09874639976e-05  8.12232102412e-05  8.13335075105e-05  8.13762248085e-05  
4.9915023679e-06  9.65607776574e-06  1.37312876109e-05  1.70623683087e-05  1.9612721992e-05  2.14441664001e-05  2.26796852615e-05  2.34640345595e-05  2.39334361431e-05  2.41987143329e-05  2.4340461559e-05  2.44119660944e-05  2.44454523485e-05  2.44584303505e-05  
1.44795584975e-06  2.80140003118e-06  3.98438728591e-06  4.95200260373e-06  5.69344142202e-06  6.22638123494e-06  6.58627784007e-06  6.81499547912e-06  6.95202042553e-06  7.02954015183e-06  7.07100313427e-06  7.09193859703e-06  7.10175078597e-06  7.10555585667e-06  
4.06324257687e-07  7.86204210603e-07  1.11837222184e-06  1.39021962493e-06  1.59866973134e-06  1.74862230639e-06  1.84997419716e-06  1.9144426338e-06  1.9531009331e-06  1.97499075437e-06  1.98670890322e-06  1.99263025361e-06  1.9954073948e-06  1.99648487207e-06  
1.10021201138e-07  2.12899694405e-07  3.02886869739e-07  3.76567631651e-07  4.33098726149e-07  4.73792978126e-07  5.01318108731e-07  5.18839769334e-07  5.29354607872e-07  5.35312949572e-07  5.38504845475e-07  5.40118800217e-07  5.40876173214e-07  5.41170137092e-07  
2.72519932755e-08  5.27381523004e-08  7.50364986012e-08  9.33009280673e-08  1.07320613858e-07  1.17418065099e-07  1.24251743984e-07  1.28604414914e-07  1.3121801221e-07  1.32699879856e-07  1.334941467e-07  1.33895957541e-07  1.34084592061e-07  1.34157829788e-07  
