6.60126456009e-09  1.09296027976e-08  1.29365057191e-08  1.36406114255e-08  1.3837067711e-08  1.38822590862e-08  1.38910609145e-08  1.38925420798e-08  1.38927608537e-08  1.38927895753e-08  1.38927929613e-08  1.38927933228e-08  1.3892793358e-08  1.38927933611e-08  
5.50537156271e-10  9.11051763963e-10  1.0778002849e-09  1.13610041354e-09  1.15229689808e-09  1.15600383328e-09  1.15672173053e-09  1.15684178646e-09  1.15685940036e-09  1.1568616963e-09  1.15686196493e-09  1.15686199339e-09  1.15686199613e-09  1.15686199638e-09  
4.29146421854e-11  7.09695813869e-11  8.39069320214e-11  8.84120222245e-11  8.96575238893e-11  8.99410071648e-11  8.99955713301e-11  9.00046357383e-11  9.00059562007e-11  9.00061270337e-11  9.00061468651e-11  9.00061489485e-11  9.0006149148e-11  9.00061491654e-11  
3.13601554357e-12  5.18199838283e-12  6.12222474054e-12  6.44815845815e-12  6.53778893959e-12  6.55806751142e-12  6.56194521264e-12  6.5625848807e-12  6.56267737312e-12  6.5626892459e-12  6.56269061295e-12  6.56269075536e-12  6.56269076887e-12  6.56269077004e-12  
2.15411920554e-13  3.55624248063e-13  4.19809504959e-13  4.41949894347e-13  4.48003538534e-13  4.49364440849e-13  4.49622882318e-13  4.49665202082e-13  4.49671273942e-13  4.49672047049e-13  4.49672135317e-13  4.49672144432e-13  4.49672145289e-13  4.49672145363e-13  
1.39422394154e-14  2.29939382248e-14  2.71200683816e-14  2.85358007819e-14  2.89205311124e-14  2.90064406217e-14  2.90226374569e-14  2.90252693978e-14  2.9025643986e-14  2.90256912818e-14  2.90256966349e-14  2.90256971827e-14  2.90256972337e-14  2.9025697238e-14  
8.52159437992e-16  1.40385573887e-15  1.65420031804e-15  1.73961184746e-15  1.76267342346e-15  1.7677868051e-15  1.76874359744e-15  1.76889783945e-15  1.76891960955e-15  1.76892233455e-15  1.76892264022e-15  1.76892267122e-15  1.76892267408e-15  1.76892267432e-15  
4.9283638288e-17  8.10943733231e-17  9.545957553e-17  1.00331440531e-16  1.01638005159e-16  1.0192558278e-16  1.01978972969e-16  1.01987509226e-16  1.01988703745e-16  1.01988851938e-16  1.01988868409e-16  1.01988870063e-16  1.01988870214e-16  1.01988870227e-16  
2.70190655377e-18  4.4403099378e-18  5.22135054233e-18  5.48458227722e-18  5.55468147457e-18  5.56999311367e-18  5.57281285336e-18  5.57325987131e-18  5.57332187404e-18  5.57332949612e-18  5.57333033532e-18  5.57333041879e-18  5.57333042635e-18  5.57333042697e-18  
1.40652780252e-19  2.30843390745e-19  2.71148759894e-19  2.8464439653e-19  2.88212122746e-19  2.88985286401e-19  2.89126484942e-19  2.89148674586e-19  2.89151724549e-19  2.89152095986e-19  2.89152136489e-19  2.89152140478e-19  2.89152140835e-19  2.89152140864e-19  
6.96308401798e-21  1.14122189416e-20  1.3389443366e-20  1.40470166055e-20  1.42195433969e-20  1.42566285935e-20  1.42633432929e-20  1.42643890954e-20  1.42645315098e-20  1.4264548688e-20  1.42645505427e-20  1.42645507236e-20  1.42645507396e-20  1.42645507409e-20  
3.28277890218e-22  5.37259646147e-22  6.29596132027e-22  6.60090305849e-22  6.68028834242e-22  6.69721012035e-22  6.70024708174e-22  6.70071575256e-22  6.70077897005e-22  6.70078652095e-22  6.70078732806e-22  6.70078740594e-22  6.70078741278e-22  6.70078741332e-22  
1.47581031282e-23  2.41170045155e-23  2.82274095595e-23  2.95750870136e-23  2.9923120318e-23  2.99966716702e-23  3.00097530908e-23  3.00117529282e-23  3.00120200667e-23  3.00120516564e-23  3.00120549985e-23  3.00120553176e-23  3.00120553453e-23  3.00120553475e-23  
6.32400287948e-25  1.03184515203e-24  1.20619997799e-24  1.26294266357e-24  1.27747623921e-24  1.28052079078e-24  1.2810573002e-24  1.28113853625e-24  1.28114928072e-24  1.28115053839e-24  1.28115067006e-24  1.2811506825e-24  1.28115068356e-24  1.28115068365e-24  
