0.0131981181615  0.0252205106311  0.0352105253233  0.0428025002331  0.0480967403795  0.0514971407272  0.0535164464236  0.0546293584212  0.0552006732385  0.0554747773393  0.0555980575329  0.0556501239518  0.0556706222773  0.0556775161074  
0.00441685899639  0.00844487778488  0.0117991691594  0.0143557187374  0.0161446074707  0.0172977956604  0.0179851612414  0.0183653720031  0.0185612277642  0.0186554961785  0.0186980179016  0.0187160235438  0.0187231282454  0.018725521678  
0.00141146843329  0.00269988001332  0.00377467680295  0.00459581960984  0.00517201804958  0.00554459270096  0.00576736159856  0.00589096212339  0.00595481771856  0.00598563599166  0.00599957173545  0.00600548588198  0.00600782396168  0.006008612743  
0.000431262728978  0.000825227394097  0.00115434818175  0.00140629291295  0.00158349746352  0.00169837133503  0.00176723617052  0.00180554352051  0.00182538299323  0.00183498002471  0.00183932883074  0.0018411778722  0.00184191004453  0.00184215734951  
0.000126146759932  0.000241456123755  0.000337901068174  0.000411851363841  0.00046396542217  0.000497820543423  0.000518160587896  0.000529499636202  0.000535384338248  0.000538236477521  0.000539531179165  0.000540082531018  0.000540301145344  0.000540375060097  
3.53681137548e-05  6.77145143753e-05  9.47957595119e-05  0.000115588838508  0.000130265850269  0.000139817487074  0.000145566604693  0.000148777405192  0.000150446629947  0.0001512569619  0.000151625345324  0.000151782426716  0.000151844779226  0.000151865878105  
9.51638439258e-06  1.82234675994e-05  2.55192159066e-05  3.11272373976e-05  3.50910587826e-05  3.76744868554e-05  3.92318266149e-05  4.01028940566e-05  4.05563970962e-05  4.07768470799e-05  4.08771867977e-05  4.09200179022e-05  4.09370346008e-05  4.09427964505e-05  
2.46014836265e-06  4.71187906638e-06  6.59990151292e-06  8.05252454633e-06  9.08040647143e-06  9.75115308707e-06  1.01560046544e-05  1.03827337734e-05  1.05009160636e-05  1.05584280836e-05  1.05846308897e-05  1.05958253631e-05  1.06002760162e-05  1.06017837585e-05  
6.11738696489e-07  1.17181680766e-06  1.64169116237e-06  2.00348640681e-06  2.25973083193e-06  2.42711303908e-06  2.52824755393e-06  2.58494398162e-06  2.61452554518e-06  2.62893378635e-06  2.63550338071e-06  2.63831192738e-06  2.63942912909e-06  2.6398077405e-06  
1.46471316361e-07  2.80605665233e-07  3.93188539426e-07  4.79930403319e-07  5.41412578145e-07  5.81606774175e-07  6.05913233467e-07  6.19550808531e-07  6.26671765152e-07  6.30142567661e-07  6.31726066383e-07  6.32403356182e-07  6.32672874141e-07  6.32764234186e-07  
3.38039523038e-08  6.47667609936e-08  9.07644633325e-08  1.10805273451e-07  1.25018816241e-07  1.34317172067e-07  1.3994394183e-07  1.4310300771e-07  1.44753528801e-07  1.45558428462e-07  1.45925812339e-07  1.46083002288e-07  1.46145568691e-07  1.46166780077e-07  
7.526886485e-09  1.44222491331e-08  2.02136324033e-08  2.46798732411e-08  2.78490159941e-08  2.99233310412e-08  3.11792391264e-08  3.18847039734e-08  3.2253454791e-08  3.24333494002e-08  3.25154837289e-08  3.25506331423e-08  3.25646252653e-08  3.25693690826e-08  
1.61626871936e-09  3.09711420772e-09  4.34116418441e-09  5.30087046706e-09  5.98211519842e-09  6.42819415779e-09  6.69838336094e-09  6.85020889804e-09  6.9295939843e-09  6.96833142498e-09  6.98602069866e-09  6.99359145234e-09  6.99660518909e-09  6.99762689964e-09  
3.23317496619e-10  6.1957240775e-10  8.68497825724e-10  1.06057348431e-09  1.19695518136e-09  1.28628343131e-09  1.34040420226e-09  1.37082323628e-09  1.38673149198e-09  1.39449522489e-09  1.39804070398e-09  1.39955809291e-09  1.40016207842e-09  1.40036681679e-09  
