0.89311790419  1.74652996959  2.52608937976  3.20738405022  3.77766923652  4.23546107608  4.58834492129  4.84987193126  5.0363911068  5.16441216656  5.2487723608  5.30160497412  5.33193416669  5.34565295002  
0.497563365738  0.973548612474  1.40929910914  1.79130644519  2.11229501752  2.37108821972  2.5715115799  2.72076898732  2.82773668717  2.90150483286  2.95033284798  2.98103586331  2.99871950279  3.00673604982  
0.269846778656  0.528233923471  0.765210681248  0.973498351282  1.14907914019  1.29116148604  1.40163894021  1.48425731536  1.5437181773  1.58489522399  1.61225895805  1.62952697763  1.63950197911  1.64403293438  
0.142465836896  0.278988649941  0.404389849377  0.514849882866  0.608218396481  0.68401128429  0.743147907979  0.787532587972  0.819594768283  0.841879520031  0.856740629386  0.866148752588  0.871597756763  0.874077263124  
0.0732248120947  0.143441411637  0.208020957643  0.265011205713  0.313295261902  0.352596223033  0.383351713991  0.406507975276  0.423289634104  0.434991423285  0.442819345432  0.447789064001  0.450674213068  0.451989156682  
0.0366450983851  0.0718044757269  0.104176656801  0.132789613616  0.157079811442  0.17689696998  0.192445234383  0.204184028739  0.212715534585  0.218681523569  0.222683516085  0.225230707141  0.226712584504  0.22738893218  
0.0178591443243  0.0350024459274  0.0508015668353  0.0647849699952  0.0766762343339  0.086397328689  0.0940415453062  0.0998268012328  0.10404195608  0.106997025685  0.108984165787  0.11025180482  0.110990668953  0.11132832694  
0.00847784968187  0.0166192498577  0.02412837241  0.0307823093601  0.0364491623321  0.0410899642809  0.0447464694332  0.0475196444401  0.0495446677112  0.0509675138305  0.0519264045833  0.05253933854  0.0528972005019  0.0530609294541  
0.00392097700681  0.00768769585942  0.0111643241948  0.0142481559203  0.0168779333143  0.019034875385  0.0207372803848  0.0220308406005  0.0229772762159  0.0236435989452  0.0240935276331  0.0243816474945  0.0245501211512  0.0246272804782  
0.00176717723433  0.0034653597451  0.00503371757573  0.0064261183316  0.00761485908591  0.00859118200357  0.0093629374528  0.00995032125423  0.010380830113  0.0106844612993  0.0108898434306  0.0110215765447  0.0110987100336  0.0111340690572  
0.000776099670904  0.00152210151609  0.00221144060106  0.0028239185667  0.00334733487584  0.00377773239177  0.00411840704418  0.004378074734  0.00456868615071  0.00470333401459  0.00479455438005  0.00485314835133  0.00488749852627  0.00490325814743  
0.00033148447778  0.000650189084465  0.000944823485808  0.00120678412357  0.00143084793129  0.00161528405628  0.00176144399117  0.00187299302826  0.00195498826586  0.00201299069013  0.00205234005955  0.0020776480315  0.00209250064451  0.00209931994167  
0.000135724929953  0.000266243172979  0.000386951299478  0.000494334855513  0.000586251321155  0.00066197813089  0.000722049305142  0.000767945706306  0.000801721460718  0.00082564250494  0.000841889898313  0.00085235108536  0.000858496178835  0.000861319363728  
4.79341090552e-05  9.40360405313e-05  0.000136684979205  0.000174641864897  0.000207149039959  0.000233947779038  0.000255221722114  0.000271488743925  0.000283470030225  0.000291962972878  0.00029773645346  0.000301456823145  0.000303643724806  0.000304648899826  
