0.00314492341795  0.0059549029487  0.00820317383258  0.00982030579631  0.0108711465419  0.0114913809209  0.0118256910792  0.0119911068717  0.0120666085445  0.0120985419456  0.0121111085771  0.0121157248484  0.0121173038616  0.0121177738827  
0.000898640132144  0.00170248347038  0.00234698307103  0.00281183653343  0.0031148545683  0.0032942888983  0.00339131631107  0.00343947113401  0.00346151190411  0.0034708572264  0.00347454285161  0.00347589925808  0.00347636393391  0.00347650240901  
0.000244242013319  0.000462918215609  0.000638541997762  0.000765496206344  0.000848463888305  0.000897725324442  0.00092443333813  0.000937721667834  0.000943817724941  0.000946407724246  0.000947430978222  0.000947808125263  0.000947937484735  0.000947976068154  
6.32459798136e-05  0.000119913355587  0.000165486183666  0.000198489517673  0.000220102952275  0.000232963821793  0.000239951637501  0.000243435451715  0.000245036632624  0.00024571803643  0.000245987624783  0.000246087105267  0.000246121258324  0.000246131451636  
1.56284313247e-05  2.96395657875e-05  4.09199704862e-05  4.91011503588e-05  5.44679666265e-05  5.76671149502e-05  5.94083836601e-05  6.02779339213e-05  6.06781805917e-05  6.08487330735e-05  6.09162841494e-05  6.09412332918e-05  6.09498044969e-05  6.095236381e-05  
3.69087887098e-06  7.00139485018e-06  9.66907401302e-06  1.16061282688e-05  1.28785658132e-05  1.36381503877e-05  1.40521673961e-05  1.42591897391e-05  1.43545923365e-05  1.43952861246e-05  1.44114171207e-05  1.44173787126e-05  1.44194277286e-05  1.44200397186e-05  
8.34271113121e-07  1.58285453603e-06  2.18650933445e-06  2.62525395216e-06  2.91377804217e-06  3.08620987675e-06  3.18029959838e-06  3.22739583249e-06  3.24911881434e-06  3.25839164571e-06  3.26206954168e-06  3.26342936187e-06  3.26389685377e-06  3.26403649711e-06  
1.8073725731e-07  3.42960780359e-07  4.73851664902e-07  5.6905711886e-07  6.31719592047e-07  6.69202288426e-07  6.89672776642e-07  6.99927138712e-07  7.04660042556e-07  7.0668141609e-07  7.07483453934e-07  7.07780054338e-07  7.07882029785e-07  7.07912489477e-07  
3.75768948493e-08  7.1312746234e-08  9.85448338503e-08  1.18364212677e-07  1.31417674833e-07  1.39231151524e-07  1.43501065253e-07  1.45641201523e-07  1.46629423584e-07  1.47051617487e-07  1.47219165389e-07  1.47281128572e-07  1.47302430483e-07  1.47308792212e-07  
7.50701137486e-09  1.42479188974e-08  1.96911390955e-08  2.36544638914e-08  2.62660952642e-08  2.78301275043e-08  2.86852237165e-08  2.91139660247e-08  2.93119922546e-08  2.93966060365e-08  2.94301854703e-08  2.94426024774e-08  2.94468702321e-08  2.94481444126e-08  
1.44277356542e-09  2.73848821596e-09  3.78502926892e-09  4.54728607751e-09  5.04975189612e-09  5.35076531971e-09  5.51538322784e-09  5.59793844541e-09  5.63607246624e-09  5.65236628671e-09  5.65883167507e-09  5.6612218239e-09  5.66204302198e-09  5.6622881018e-09  
2.67049574088e-10  5.06902619536e-10  7.00664311995e-10  8.41823122008e-10  9.34893370046e-10  9.90660041125e-10  1.02116173918e-09  1.03645897752e-09  1.04352474231e-09  1.04654330197e-09  1.04774073661e-09  1.04818323627e-09  1.04833519463e-09  1.04838052296e-09  
4.76234764821e-11  9.03995799013e-11  1.24959324233e-10  1.50139880963e-10  1.66744064617e-10  1.76693819433e-10  1.82135882379e-10  1.84864968121e-10  1.86125300401e-10  1.86663571631e-10  1.86877014212e-10  1.86955849955e-10  1.86982906808e-10  1.86990973024e-10  
7.98823751089e-12  1.51636129026e-11  2.09610436927e-11  2.51853070385e-11  2.79708648513e-11  2.96400109562e-11  3.05528681014e-11  3.10105644077e-11  3.12218771713e-11  3.13120922928e-11  3.13478486205e-11  3.13610477722e-11  3.13655748429e-11  3.13669236138e-11  
