0.372863565924  0.725948920575  1.04274149492  1.31231279975  1.53016467857  1.69762523408  1.82026691976  1.90597833821  1.96322464199  1.99980047939  2.02214331247  2.03511171899  2.04206155785  2.04505219622  
0.185810651312  0.361966961213  0.52036466215  0.655568633257  0.76524627115  0.849914217873  0.912204378694  0.955941304409  0.985289393771  1.00412567932  1.01568165403  1.02241542735  1.02603602579  1.02759760353  
0.0896705484135  0.17476231333  0.251415209465  0.317012575003  0.370394232583  0.411752146968  0.442297533343  0.463831403262  0.478339542177  0.487688256799  0.493445454719  0.496811931067  0.498627346818  0.499411946784  
0.0419172233674  0.0817253375324  0.117640088987  0.148441380616  0.173574047338  0.193105669596  0.207579135656  0.217818200871  0.224740999226  0.229217465602  0.231983451027  0.233605848076  0.234483045597  0.234862853315  
0.0189860299866  0.0370286683622  0.0533275391178  0.067331390374  0.0787840810991  0.0877078588642  0.094339642504  0.0990453992956  0.102236854397  0.104306864886  0.10558970753  0.106344231676  0.106753142864  0.106930481987  
0.00833553048287  0.0162613093501  0.0234288719957  0.029596778551  0.034650897909  0.0385979141072  0.0415384737552  0.0436305168731  0.0450531771634  0.0459784204792  0.0465533236872  0.04689228788  0.0470763712698  0.0471563221381  
0.00354866674782  0.00692449968191  0.00998022116908  0.0126132742401  0.014774482487  0.0164655812061  0.0177281867012  0.0186285232192  0.0192422331795  0.0196423163208  0.0198914868224  0.0200387170982  0.0201188229447  0.0201536597001  
0.00146560823154  0.00286040578968  0.00412395004821  0.00521397270606  0.00610996211433  0.00681224464848  0.00733756917506  0.00771291980545  0.00796930856143  0.00813680185758  0.00824133083985  0.00830321423249  0.00833693982834  0.00835162358274  
0.000587472234687  0.00114675791075  0.00165376272551  0.00209157619096  0.00245190872659  0.0027347572387  0.00294668303052  0.00309837358563  0.0032021780541  0.00327011719159  0.00331259392736  0.00333778418935  0.00335153278258  0.0033575249683  
0.000228649802609  0.000446395568687  0.000643904804559  0.00081460720935  0.000955254158579  0.00106579961331  0.0011487457973  0.00120820837968  0.00124896544951  0.00127568440808  0.00129241660931  0.00130235454844  0.00130778570085  0.00131015499909  
8.64424784904e-05  0.000168784445588  0.000243512628678  0.000308146991066  0.000361452232847  0.000403396311882  0.000434908250249  0.000457529382633  0.000473056566578  0.000483250452222  0.000489643328641  0.000493445463972  0.000495525785683  0.000496434055938  
3.17278870352e-05  6.19576799616e-05  8.94046471283e-05  0.000113159802328  0.000132767511625  0.000148211373627  0.000159826959518  0.000168175295676  0.000173912801227  0.000177684406252  0.000180052687438  0.000181462901142  0.000182235292286  0.00018257276464  
1.12124753171e-05  2.18976260698e-05  3.16028784188e-05  4.00073992236e-05  4.69495107736e-05  5.24220271073e-05  5.65419047168e-05  5.95059803251e-05  6.15452805405e-05  6.28873141716e-05  6.37309316202e-05  6.42337913392e-05  6.45094602467e-05  6.46299811259e-05  
3.50705453047e-06  6.84966605121e-06  9.88661950981e-06  1.25176600235e-05  1.46920643214e-05  1.64072579203e-05  1.76994368815e-05  1.86298293032e-05  1.92704693865e-05  1.96924191254e-05  1.99578824274e-05  2.01162434254e-05  2.02031165037e-05  2.02411151537e-05  
