0.102994399911  0.199164323091  0.283076587754  0.351592193396  0.404042752166  0.441769032204  0.467322911009  0.483659938543  0.493539481905  0.499201799356  0.502281252057  0.503867213914  0.504626379291  0.504926050896  
0.043797692497  0.0847404581714  0.120543190974  0.149865860823  0.172395808672  0.188667248741  0.199736059628  0.206843279118  0.211159594776  0.21364357415  0.214999705135  0.215700605353  0.216037135879  0.216170270717  
0.0179208617887  0.0346894085142  0.0493793446187  0.0614409533239  0.070736962534  0.0774738048199  0.0820733465772  0.0850376785968  0.0868445934765  0.0878881554764  0.0884598145632  0.0887561900997  0.0888988758271  0.0889554340732  
0.00706024316652  0.013671688978  0.0194723059776  0.0242451539405  0.0279331638006  0.0306136774041  0.0324494860877  0.0336364193915  0.0343622225997  0.0347827018462  0.0350137195432  0.0351338180051  0.0351917751703  0.0352147880931  
0.00268001050235  0.00519130447704  0.00739739187303  0.00921583131862  0.0106240294017  0.0116500767407  0.0123546625435  0.0128114636825  0.0130915659033  0.0132542755481  0.0133439017498  0.0133906073667  0.013413193752  0.0134221757273  
0.000980899745109  0.00190055451673  0.00270929952968  0.00337693863364  0.0038949206987  0.0042731360642  0.0045334511287  0.00470262114107  0.00480660130078  0.00486714472502  0.00490056950051  0.00491802434908  0.00492648086334  0.0049298482844  
0.000346422285867  0.000671366168912  0.000957379648719  0.00119379342676  0.00137750453726  0.00151188899067  0.00160456437139  0.00166491465782  0.00170208587683  0.00172377346151  0.00173577034339  0.001742046815  0.00174509253649  0.0017463067802  
0.000118141964766  0.00022900294603  0.000326656948285  0.00040746432351  0.000470343105652  0.000516410716864  0.000548234245684  0.000568994561071  0.000581804372481  0.000589291577798  0.000593440384764  0.000595614431894  0.000596670896822  0.000597092512274  
3.89352425014e-05  7.54832861697e-05  0.000107698431244  0.000134380982799  0.000155167761888  0.000170417493037  0.000180967459964  0.000187860385233  0.000192120193965  0.000194613862215  0.000195997721241  0.000196723904575  0.00019707722231  0.000197218351014  
1.24091257582e-05  2.40607894558e-05  3.43368729808e-05  4.28549858302e-05  4.9497595452e-05  5.43764315872e-05  5.77559466706e-05  5.99669209542e-05  6.13351458362e-05  6.21371723912e-05  6.25828348787e-05  6.28169821948e-05  6.29310258505e-05  6.29766146426e-05  
3.82740668145e-06  7.42207560633e-06  1.05938886653e-05  1.32248990985e-05  1.52783882519e-05  1.67881303453e-05  1.78350534356e-05  1.85207665017e-05  1.89456052329e-05  1.9194926649e-05  1.93336230219e-05  1.94065696825e-05  1.94421317607e-05  1.94563571726e-05  
1.14290848039e-06  2.21654642429e-06  3.16427871141e-06  3.9508849269e-06  4.5652816134e-06  5.01737837354e-06  5.33117715592e-06  5.53691213139e-06  5.66450528977e-06  5.73945969987e-06  5.7811968564e-06  5.80316817163e-06  5.81388782163e-06  5.81817831437e-06  
3.29271271342e-07  6.38641340706e-07  9.1182705929e-07  1.13868158903e-06  1.3159829137e-06  1.44654305903e-06  1.53723673889e-06  1.59674792673e-06  1.63368730016e-06  1.65540569924e-06  1.66750915241e-06  1.67388553517e-06  1.67699859644e-06  1.67824518524e-06  
8.62288585807e-08  1.67257322249e-07  2.38827988784e-07  2.9828367855e-07  3.44774771368e-07  3.79028956978e-07  4.02838378685e-07  4.18471769505e-07  4.28182052594e-07  4.33894931716e-07  4.37080676e-07  4.38759986961e-07  4.39580273455e-07  4.39908868229e-07  
