0.0220143604381  0.0421975696843  0.0591834063327  0.0723343771727  0.0817285243754  0.0879400501606  0.0917546372524  0.0939376529617  0.0951055938042  0.0956915243763  0.0959678817418  0.0960905511781  0.0961413038839  0.0961591018539  
0.00780824580387  0.0149752512693  0.0210199582229  0.0257138095102  0.0290784879862  0.0313116851997  0.0326884536781  0.0334793721278  0.0339040779077  0.0341178775492  0.0342190372741  0.0342640687131  0.0342827460704  0.0342893079998  
0.00264893763582  0.00508261835192  0.00713884711612  0.00873944758335  0.00989012724454  0.0106562728934  0.0111301475452  0.0114032602229  0.0115503744871  0.0116246509846  0.0116598907707  0.0116756165073  0.0116821529015  0.011684453007  
0.000860505161767  0.00165169419121  0.00232115217355  0.00284332148968  0.0032196187931  0.00347083052252  0.00362663799383  0.00371668302616  0.00376531559802  0.003789931459  0.00380163743791  0.00380687225814  0.00380905209336  0.00380982020889  
0.00026797350318  0.00051451813704  0.000723383003829  0.000886569138237  0.00100440566741  0.00108324753983  0.00113226097317  0.00116065307725  0.0011760221004  0.00118381794633  0.00118753259333  0.00118919674288  0.00118989079224  0.00119013564047  
8.00892704583e-05  0.000153813135317  0.000216332785684  0.000265248009246  0.000300629481688  0.00032434690416  0.000339120222763  0.000347694866007  0.000352345332648  0.00035470853961  0.000355836481143  0.000356342564632  0.000356553908948  0.00035662854018  
2.29973903153e-05  4.41763212596e-05  6.21517240299e-05  7.62321662906e-05  8.64313408368e-05  9.32789958653e-05  9.75513869097e-05  0.000100035270291  0.000101384587731  0.000102071315405  0.000102399550153  0.000102547010244  0.00010260865824  0.00010263044539  
6.35140023353e-06  1.22027355319e-05  1.71724973827e-05  2.10692274489e-05  2.38951898828e-05  2.5795037662e-05  2.69820412593e-05  2.76731072008e-05  2.80490246354e-05  2.82405914536e-05  2.83322628109e-05  2.83734899701e-05  2.83907411821e-05  2.83968419974e-05  
1.68887551536e-06  3.24525933363e-06  4.56793357204e-06  5.60587951135e-06  6.35936301617e-06  6.86647992415e-06  7.18369001509e-06  7.36858370141e-06  7.46927385046e-06  7.52064005148e-06  7.54524452592e-06  7.55631941614e-06  7.56095700086e-06  7.56259792615e-06  
4.32810704068e-07  8.31769760845e-07  1.17098669134e-06  1.43736388561e-06  1.63089774787e-06  1.76127227856e-06  1.84290272986e-06  1.8905291758e-06  1.91649003074e-06  1.92974529838e-06  1.93609960889e-06  1.93896177058e-06  1.94016098005e-06  1.94058547094e-06  
1.07001025728e-07  2.05654095995e-07  2.89568501629e-07  3.55501512903e-07  4.03437515559e-07  4.35754401323e-07  4.56004886822e-07  4.67829213313e-07  4.74279476491e-07  4.77575209127e-07  4.7915610755e-07  4.79868571306e-07  4.80167213508e-07  4.80272957001e-07  
2.55408398563e-08  4.90931733375e-08  6.91335291674e-08  8.48869505261e-08  9.63468065195e-08  1.04077495724e-07  1.08924862476e-07  1.11757070162e-07  1.13302998558e-07  1.14093318858e-07  1.14472602013e-07  1.14643601582e-07  1.14715301061e-07  1.14740693529e-07  
5.88101048061e-09  1.1304922075e-08  1.59213100424e-08  1.95515578319e-08  2.21935926533e-08  2.39767730665e-08  2.50954560661e-08  2.57494065859e-08  2.61065251727e-08  2.62891695697e-08  2.63768530833e-08  2.64163959018e-08  2.64329792291e-08  2.64388528859e-08  
1.25564045504e-09  2.41381221855e-09  3.39975640721e-09  4.17530792186e-09  4.73993509877e-09  5.12115968111e-09  5.3604129496e-09  5.50032473344e-09  5.5767550708e-09  5.61585560035e-09  5.63463110328e-09  5.64309967259e-09  5.64665151676e-09  5.6479095911e-09  
