3.7607432587  7.40530393569  10.8292372679  13.9493268047  16.7092711288  19.0810657673  21.0625724993  22.6724038391  23.9434492281  24.9162196215  25.6328468077  26.1321919377  26.446195781  26.5973897848  
2.53243588397  4.98939471645  7.30264350503  9.41714213499  11.2947645064  12.9154320214  14.2758686389  15.3865868443  16.2678796906  16.9455518833  17.4469491646  17.7976244815  18.0187775448  18.1254595443  
1.67711563179  3.30575757458  4.8419067089  6.2497009437  7.50382805684  8.59036612806  9.50615509643  10.2570288537  10.8553577085  11.3173500462  11.6604756707  11.9012482468  12.0534812072  12.1270371932  
1.09196986047  2.15320146035  3.15567865307  4.07639152341  4.89885044327  5.6136725924  6.21827047482  6.71582048133  7.11377090963  7.42216036234  7.65197575052  7.81370947187  7.91620199465  7.96579662816  
0.698840488508  1.37845384655  2.02126250957  2.6127331825  3.14232001814  3.60385695559  3.99540686041  4.31866358773  4.57805561478  4.77971267999  4.93043740806  5.03678567058  5.10431654474  5.13703621173  
0.439529100571  0.867203780569  1.27215923923  1.64536218059  1.98018935388  2.2726815041  2.52147243438  2.72744494542  2.89319824132  3.02242182608  3.11926222292  3.1877481461  3.23131508881  3.25244834471  
0.271630822739  0.536061983164  0.786680793483  1.01796341131  1.22582425182  1.40777590227  1.5628970405  1.69163613179  1.79549867272  1.87667323938  1.93764794543  1.98085784596  2.00838984781  2.02175875505  
0.164927573993  0.325550021535  0.477906045075  0.618673382266  0.745376551023  0.856485132446  0.95140002756  1.03034251618  1.09417286307  1.14417021071  1.18180410585  1.20852216034  1.22557053991  1.23385648873  
0.098361917379  0.194190648697  0.285151708758  0.369280509384  0.445103913215  0.511699300735  0.568689149248  0.6161789911  0.654653582962  0.684849285858  0.707620217046  0.72381268455  0.734158112988  0.739190408549  
0.0575810914805  0.113696778879  0.166994804233  0.216333825029  0.26085335224  0.300008487981  0.333568079885  0.361580434134  0.384314723112  0.402188156931  0.415688915073  0.425303262661  0.431452937657  0.434446510178  
0.033007920092  0.0651845209158  0.0957617942947  0.12408988449  0.149676563643  0.172207194905  0.191544297307  0.207708870557  0.2208478825  0.231193462166  0.239019383963  0.244599629889  0.248172565308  0.24991295271  
0.0183709304601  0.0362832954234  0.0533130455323  0.0691006067829  0.0833725565473  0.0959527465562  0.106762340189  0.11580986873  0.123173637892  0.128979462946  0.133376771669  0.136515716421  0.138527281838  0.139507672084  
0.00961276924864  0.0189872999656  0.0279031187022  0.0361729611206  0.0436539906807  0.0502536203291  0.055929643421  0.060685213555  0.0645598451095  0.0676179491664  0.0699364659278  0.071592965307  0.0726552618919  0.0731732342653  
0.00409246327274  0.00808398459083  0.0118811021803  0.0154043440597  0.0185929690544  0.0214074450009  0.0238295350777  0.0258602115171  0.0275158822378  0.0288235629903  0.0298156513188  0.0305248831978  0.0309799194407  0.0312018605882  
