2.50113171239  4.91554402726  7.16621847147  9.19353655505  10.959626774  12.4489946104  13.6659769931  14.6301114598  15.3706373129  15.9211496876  16.3150691949  16.5822156633  16.7464783066  16.8243956094  
1.59493789309  3.13631625285  4.57630523662  5.87742155486  7.01525336059  7.97903437408  8.7703131291  9.40029886715  9.8865781178  10.2498192089  10.5108948811  10.6886380927  10.7982633282  10.850366427  
0.997169465479  1.9617529542  2.86452197728  3.68234299869  4.3998483863  5.00987135514  5.51275503705  5.91484499984  6.22655635967  6.4603805357  6.62910064836  6.74436357509  6.81564741801  6.84958732473  
0.611090205278  1.20267208737  1.75718447787  2.2606157808  2.70350797965  3.08125653383  3.39375451396  3.64454488594  3.83969895304  3.98663274442  4.09302456483  4.16593011017  4.2111279341  4.23268163224  
0.367011947411  0.722541338998  1.05622110024  1.35972449679  1.62735671305  1.85624951573  2.04617963361  2.19909726514  2.31848486723  2.40866694357  2.47416733326  2.51917421142  2.54713680278  2.560490255  
0.215997210147  0.425353814581  0.622059519562  0.801260115321  0.959599415973  1.0953401252  1.2082720824  1.29945314712  1.370848171  1.42493371112  1.46432423203  1.49145613163  1.508345736  1.51642148459  
0.124561701393  0.245351891628  0.358949954716  0.462580326495  0.554306409903  0.63310298042  0.698810344088  0.751993763956  0.793743367086  0.825451822298  0.848601306275  0.864581043261  0.87454565903  0.879315607558  
0.0703844769646  0.138666153544  0.202934508251  0.26163315329  0.313667731842  0.358447980388  0.39586509657  0.426216518426  0.45009681266  0.468274887852  0.481574989578  0.490773618087  0.496518576726  0.499271404429  
0.0389674409493  0.0767843183052  0.112403698976  0.144969815756  0.173876966975  0.198793286457  0.219649710524  0.236600308884  0.249963771152  0.260156826689  0.267629075979  0.272805989303  0.276043697955  0.277596527152  
0.0211319370081  0.0416463725411  0.0609806941542  0.0786736780612  0.0943970230385  0.107968440824  0.11934634926  0.128609272667  0.135925002218  0.141515164349  0.145620242489  0.148468723675  0.150252418638  0.151108587958  
0.011210268821  0.0220959409581  0.0323609423753  0.0417619446397  0.0501249006221  0.0573520701663  0.0634195047381  0.0683665324736  0.0722798083016  0.0752748345071  0.0774775820302  0.0790081606387  0.0799676602428  0.0804285521226  
0.00578343638498  0.0114007328704  0.0167002044981  0.0215569226054  0.0258811587296  0.0296220411225  0.0327663851003  0.0353334477185  0.0373668798648  0.0389253345288  0.0400730669559  0.0408715307197  0.0413725634027  0.0416133854456  
0.0028267967271  0.00557291303044  0.00816463165713  0.0105411340682  0.0126585926153  0.0144919691484  0.0160344926081  0.0172951652929  0.018294900605  0.0190619894085  0.0196275391756  0.0200213758922  0.0202687044032  0.0203876454014  
0.00114503044186  0.00225752553877  0.00330774243371  0.00427111378609  0.00512989558106  0.00587389859036  0.00650029011988  0.00701260306465  0.00741919113828  0.00773140827866  0.00796177071389  0.00812229987145  0.00822316735807  0.00827169232434  
