0.128812934543  0.24939356923  0.355130818048  0.442105135257  0.509331158058  0.558258372344  0.591860034409  0.613682171079  0.627111295705  0.634956272288  0.639310876561  0.641601623649  0.642720723172  0.643169573714  
0.0562811177719  0.109026059387  0.155379818773  0.193624881405  0.223295530117  0.244978935225  0.259935153894  0.269691088061  0.275720876307  0.279258081789  0.281229278328  0.282269987528  0.282779990063  0.282985000681  
0.0236851684707  0.0459031833784  0.0654644141631  0.0816447971026  0.094236480975  0.103470538111  0.109863325917  0.114049109329  0.116645907421  0.118174799333  0.119029763509  0.119482590539  0.119705111818  0.119794738479  
0.00960621757934  0.0186244584314  0.02657629955  0.0331677766998  0.0383106915799  0.0420933542049  0.0447203864628  0.046446075933  0.0475201511982  0.048154533514  0.0485103602256  0.0486993520016  0.0487924498297  0.0488300135379  
0.00375720068488  0.00728674566325  0.0104028644762  0.0129905191823  0.0150139649743  0.0165059702234  0.0175449641826  0.0182293916267  0.0186565840816  0.0189095965474  0.0190518894835  0.0191276532283  0.0191650549451  0.019180169499  
0.00141808003871  0.00275097240558  0.00392899688612  0.00490872458788  0.00567627488776  0.00624345209751  0.00663933983876  0.00690075986206  0.00706432797793  0.0071614384841  0.00721618027585  0.00724539093289  0.00725983848534  0.00726568495618  
0.000516842837799  0.00100286517223  0.00143280671063  0.00179083847046  0.00207178316931  0.00227976910707  0.0024252342059  0.00252149228021  0.00258184851238  0.00261775771717  0.00263804129637  0.00264888546719  0.0026542579308  0.00265643462676  
0.000182028334868  0.000353270190885  0.000504870171342  0.000631253885986  0.000730562993344  0.00080419930255  0.000855789832894  0.000889990845115  0.000911475533958  0.000924281504963  0.000931527981774  0.000935408647626  0.000937334041084  0.000938114958342  
6.19932594727e-05  0.000120332865306  0.000172014996485  0.000215141480752  0.000249069383078  0.000274260943671  0.000291936976997  0.000303673514724  0.000311058181541  0.000315466898134  0.000317965543775  0.000319305593986  0.000319971314195  0.000320241574054  
2.0430300923e-05  3.96621386791e-05  5.670901167e-05  7.09454851432e-05  8.21568695966e-05  9.0491214547e-05  9.63467374138e-05  0.000100240025936  0.000102693136796  0.000104159719794  0.000104992040951  0.000105438995941  0.000105661286738  0.000105751602685  
6.51950889066e-06  1.26581190254e-05  1.81019729885e-05  2.26515302108e-05  2.62375190501e-05  2.89060093236e-05  3.07829420617e-05  3.20323851189e-05  3.28206039637e-05  3.32924120285e-05  3.35604922765e-05  3.3704611578e-05  3.37763585739e-05  3.38055297439e-05  
2.01510770918e-06  3.91289372392e-06  5.5966002539e-06  7.00456450331e-06  8.11517452357e-06  8.94235823515e-06  9.52473985798e-06  9.91282116875e-06  1.01579034718e-05  1.03047585595e-05  1.03882870981e-05  1.04332352468e-05  1.04556307137e-05  1.04647419162e-05  
6.00835912886e-07  1.16679437177e-06  1.66908958007e-06  2.08933946995e-06  2.42104953832e-06  2.66829367468e-06  2.84251129958e-06  2.95870667311e-06  3.03215293514e-06  3.07620212821e-06  3.10127848627e-06  3.11478361249e-06  3.12151738864e-06  3.12425832842e-06  
1.62219126363e-07  3.15043410217e-07  4.50714407737e-07  5.64269980547e-07  6.53946170676e-07  7.20826402444e-07  7.6798306934e-07  7.99455883334e-07  8.19363522507e-07  8.31311400072e-07  8.38117705153e-07  8.41785636252e-07  8.43615509927e-07  8.44360644874e-07  
