2.81512861441  5.53575272903  8.07764168271  10.3750382913  12.3853739963  14.0900962275  15.4921376625  16.6111318264  17.4776271832  18.1273678177  18.5963538088  18.9170157831  19.1155325333  19.2101304035  
1.8236542464  3.58807731563  5.24018517922  6.73802256292  8.05375606791  9.17439207212  10.1004567194  10.8432298811  11.421252537  11.8567592072  12.1725023633  12.3892173971  12.5237870892  12.5880370994  
1.15927698871  2.28194739293  3.33505810705  4.29230557783  5.1358969251  5.85708680252  6.45549405426  6.93751484132  7.31424140441  7.59927590043  7.80673437567  7.94961263559  8.03857164052  8.0811184821  
0.722963274462  1.42364302243  2.08190721941  2.68155629527  3.21145842025  3.6659197456  4.04433375498  4.35027871604  4.59029368962  4.77256172641  4.90568146001  4.99763989416  5.05503219579  5.08252390862  
0.442229220509  0.871109628546  1.27454534032  1.64273834215  1.96886836162  2.24933483329  2.48357877149  2.67357438185  2.82311894157  2.93705299738  3.02051948696  3.07833302019  3.11449208105  3.13183667825  
0.265292873635  0.522721791541  0.765143227855  0.986738589123  1.18341403824  1.35295236537  1.49492351375  1.61040126297  1.70155701355  1.77120575803  1.82236792287  1.85789064486  1.88015036797  1.890840967  
0.156068645622  0.307583720028  0.450400170644  0.58112596099  0.697352994787  0.797749341137  0.882014843201  0.950725063101  1.00510229035  1.04675565694  1.07742695269  1.09876804744  1.11216383066  1.11860447294  
0.0900311224642  0.177471671898  0.259959302561  0.335553155017  0.402864839067  0.461112856915  0.510100871471  0.550132823074  0.581885786302  0.606263748819  0.62425293621  0.6367937063  0.644677509745  0.648471757361  
0.0509229620939  0.100398470395  0.14710458749  0.189951546493  0.228154704123  0.261265833766  0.28916263784  0.31200319326  0.330156458225  0.34412142432  0.354446320488  0.36165637961  0.366195185748  0.368381516717  
0.0282303163691  0.055666817051  0.0815835760092  0.105380413056  0.126622774872  0.145059292855  0.160616798471  0.173376225916  0.18353524914  0.191364374601  0.19716268065  0.201217917509  0.20377384344  0.205006002839  
0.0153148584304  0.030203143827  0.0442743269804  0.0572047153179  0.0687588171011  0.0787989507941  0.0872829151072  0.0942514495555  0.0998085099778  0.104097885523  0.107279450249  0.10950760047  0.110913478397  0.111591702119  
0.00807710397416  0.0159310701537  0.0233574205442  0.0301863112055  0.0362936753419  0.0416063238335  0.0461008786852  0.0497973953421  0.0527492041449  0.0550307770491  0.0567253259428  0.0579134736831  0.0586638588324  0.0590260827202  
0.00402771156268  0.00794489381585  0.0116501831169  0.0150592408404  0.0181102592535  0.0207665162864  0.0230159068727  0.0248678558431  0.0263483499502  0.0274939681577  0.0283457485227  0.0289435581964  0.0293214021813  0.0295038859197  
0.00165579866759  0.00326636493986  0.00479019594876  0.00619271983953  0.00744854499027  0.00854251311404  0.00946952379466  0.010233291019  0.0108443279307  0.0113175152531  0.0116695944723  0.0119168590744  0.0120732245937  0.0121487689777  
