0.0569257183174  0.109717861755  0.155163121081  0.191537578456  0.218667974995  0.237572411261  0.249911086193  0.257474472936  0.261839743096  0.264217528613  0.265442106686  0.266037995343  0.266307942998  0.266409927134  
0.0225519918511  0.0434905302973  0.0615545820165  0.0760567690204  0.0869125656842  0.0945070157101  0.0994843918793  0.102548129142  0.104323556168  0.105294375486  0.105796161031  0.106041139603  0.106152436641  0.106194572159  
0.00857523599721  0.0165444871005  0.0234320777691  0.0289754056343  0.0331374561861  0.0360588783818  0.037980304108  0.039167205422  0.0398574075738  0.0402360770778  0.0404324141543  0.0405285450483  0.040572328148  0.0405889344111  
0.00313225909845  0.00604544296241  0.00856698069619  0.0106006171235  0.0121313806299  0.0132088920128  0.0139196929674  0.0143601025429  0.014616975516  0.014758312409  0.0148317944687  0.0148678633553  0.0148843270574  0.0148905815752  
0.00110001443777  0.00212375684874  0.00301097257092  0.00372776898725  0.00426846900793  0.00464998282613  0.00490229722234  0.00505903732297  0.00515069339378  0.00520125047853  0.00522759771894  0.00524055863531  0.00524648597287  0.00524874092554  
0.000371751460428  0.000717915014164  0.00101822805724  0.00126121352397  0.00144483542386  0.00157466176083  0.00166070940603  0.00171428239949  0.00174567961181  0.0017630355538  0.00177209895638  0.0017765659528  0.00177861220843  0.00177939162366  
0.000121005633633  0.000233734007661  0.000331617478041  0.000410914432453  0.000470930281921  0.000513437036203  0.000541662550252  0.000559269341039  0.000569607784462  0.000575333372214  0.000578328616902  0.000579807279984  0.000580485603226  0.000580744248803  
3.79698462719e-05  7.33561060519e-05  0.00010410540165  0.000129042236088  0.000147940274454  0.000161344809095  0.000170259920541  0.000175830217131  0.00017910638798  0.000180923689065  0.000181875831136  0.000182346540198  0.000182562740576  0.00018264525307  
1.14955068624e-05  2.22123390498e-05  3.15307555373e-05  3.90945257978e-05  4.48329904235e-05  4.89084777252e-05  5.16227015403e-05  5.33209772583e-05  5.43212264475e-05  5.48768304204e-05  5.51683103877e-05  5.53125835619e-05  5.53789194116e-05  5.54042560276e-05  
3.36078648053e-06  6.49479456652e-06  9.22131953367e-06  1.14361340875e-05  1.31180536022e-05  1.43138497172e-05  1.51111612133e-05  1.56106351143e-05  1.59051693869e-05  1.60689652451e-05  1.61549915678e-05  1.6197615746e-05  1.6217231636e-05  1.62247287372e-05  
9.49578794007e-07  1.8352912963e-06  2.60619574238e-06  3.23282447435e-06  3.70906603251e-06  4.0479708238e-06  4.27416348754e-06  4.41600653166e-06  4.49973558128e-06  4.54634529568e-06  4.57084810055e-06  4.58299927566e-06  4.5885955261e-06  4.5907355602e-06  
2.59459106634e-07  5.01516068024e-07  7.12278635182e-07  8.83691013967e-07  1.01405428778e-06  1.10689610641e-06  1.16891284411e-06  1.20783663097e-06  1.23083300546e-06  1.2436452328e-06  1.25038598937e-06  1.25373122037e-06  1.25527283406e-06  1.25586262076e-06  
6.8406146489e-08  1.32234944321e-07  1.87829670162e-07  2.33065516565e-07  2.67488149562e-07  2.92019173247e-07  3.08416987418e-07  3.187162618e-07  3.2480551413e-07  3.28200449655e-07  3.29987756527e-07  3.30875267193e-07  3.3128447282e-07  3.31441082182e-07  
1.65399190296e-08  3.19750903771e-08  4.54224730288e-08  5.63681411587e-08  6.47010375434e-08  7.06424083692e-08  7.46160840373e-08  7.71132944167e-08  7.85905388381e-08  7.94145823904e-08  7.98486246457e-08  8.00642493906e-08  8.01637047103e-08  8.02017778329e-08  
