0.217639840728  0.422550814554  0.604307618115  0.756368742064  0.876545086531  0.966425414329  1.03015910086  1.07308725231  1.10060068722  1.11740397487  1.12718577579  1.13259058935  1.13535711451  1.1365072805  
0.101409066749  0.196996920849  0.281970360072  0.353279677538  0.409847779126  0.452332977292  0.482593308875  0.503068064207  0.516249935101  0.524335710636  0.529062231176  0.531683722617  0.533029906617  0.533590852449  
0.0456278468316  0.0886771856613  0.127015765953  0.159271707755  0.184939976355  0.204286429475  0.21811841419  0.227514035605  0.233586707581  0.237325924349  0.239519640135  0.240740436866  0.241369140354  0.241631650087  
0.0198324451722  0.0385588321352  0.0552613370744  0.0693440561597  0.0805803332862  0.0890747835703  0.0951677549125  0.0993204836206  0.102013641702  0.10367748257  0.104656752156  0.105203332109  0.105485536284  0.105603581698  
0.00833145520724  0.0162034475924  0.0232336139163  0.029171843121  0.0339204769879  0.0375196205855  0.0401084662709  0.0418780746712  0.0430291113563  0.0437423068793  0.044163250521  0.0443988179408  0.0445207190728  0.0445717922148  
0.00338445026498  0.00658403478231  0.00944454199478  0.0118644719974  0.0138033376719  0.0152761164511  0.0163380357737  0.0170657515103  0.0175403145431  0.0178351140563  0.0180095441202  0.0181073851065  0.0181581174698  0.0181794033262  
0.00133019600733  0.00258832896099  0.00371416497469  0.00466785244891  0.00543321252058  0.0060156942035  0.00643655919931  0.00672560678933  0.00691452792355  0.00703215054877  0.00710189933776  0.00714110309839  0.00716146717683  0.00717002221992  
0.000506115399078  0.000985005745988  0.00141387654194  0.00177758032239  0.00206987660114  0.00229269680875  0.00245398484017  0.00256496934351  0.00263765194174  0.00268299382104  0.00270993296805  0.0027251021803  0.00273299413381  0.00273631331448  
0.000186526680735  0.00036308099609  0.000521301473725  0.000655610975344  0.00076368328914  0.000846185502289  0.000905998833879  0.000947226250291  0.000974272371809  0.000991174011823  0.00100123295263  0.00100690614747  0.00100986180983  0.00101110613584  
6.6625628148e-05  0.000129708105216  0.000186272979578  0.00023432995179  0.000273040155474  0.000302628137574  0.00032410865155  0.00033893619298  0.000348678150012  0.000354775392982  0.000358409586391  0.000360462156493  0.00036153283796  0.000361983989527  
2.30770733076e-05  4.49325653645e-05  6.45398868095e-05  8.12102353282e-05  9.4650703395e-05  0.000104934967536  0.000112410177132  0.000117576772129  0.000120975829381  0.000123106069665  0.00012437745194  0.000125096416757  0.000125471857934  0.000125630180133  
7.75095672124e-06  1.50932615545e-05  2.16831817668e-05  2.72895438484e-05  3.18132942943e-05  3.52779912932e-05  3.77989701518e-05  3.95433301034e-05  4.06922632676e-05  4.14131638468e-05  4.18439140396e-05  4.20877693915e-05  4.22152314714e-05  4.22690184904e-05  
2.50974927686e-06  4.88763129664e-06  7.02264230281e-06  8.83997929151e-06  1.03073849006e-05  1.14321602196e-05  1.22513011596e-05  1.2818639992e-05  1.3192694394e-05  1.342763306e-05  1.35681527546e-05  1.36477784632e-05  1.36894326718e-05  1.37070204369e-05  
7.28363773298e-07  1.41855874518e-06  2.03843618279e-06  2.5662988194e-06  2.99274454104e-06  3.31981962747e-06  3.55818290796e-06  3.72339586399e-06  3.83240684361e-06  3.90092856255e-06  3.94194370775e-06  3.96520188547e-06  3.97737652398e-06  3.98251937962e-06  
